time_s,Nmech,Wf,DOB_request,DOB_sensed,DOB_PI,DOB_command,DOB_disturbance,DOB_acceleration,DOB_SM,DOB_iterations,PTO_hp,PTO_turbine_hp,PTO_compressor_hp,VF_command,VF_setpoint,VF_feedback,VF_error,VF_acceleration,VF_integral,VF_unsaturated,VF_outside,inlet_temperature_K,inlet_pressure_kPa,max_flow_error,valid,compressor_NcMap,compressor_Nc_outside,VR_integrator_error,VR_proportional_term,VR_speed_slope,VR_accel_slope,VR_fallback
0,10000,3,10000,10000,3,3,0,0.00415864642929939,17.832553753545,14,0,27896.538949239,-27896.5140739687,3,1.43256938701881,1.43256938701881,0,0,3,4.43256938701881,1,288.150008033341,99.298846116789,2.39771419059588e-10,1,0.999999986060488,0,0,0,0,0,0
0.015,10000.0000623797,3,10000,10000,3,3,0,0.00407402517510584,17.8325542651488,3,0,27896.5394128019,-27896.5150437001,3,1.43256994084476,1.43256994084476,0,0,1.56743061298119,3.00000055382594,1,288.150008033341,99.298846116789,6.51289202724692e-11,1,0.999999992298457,0,0,0,0,0,0
0.03,10000.0001234901,2.99999958946949,10000,10000.0000161665,2.99999958946949,2.99999958946949,0,0.00376187420706708,17.8325594075877,3,0,27896.5380885995,-27896.5155866531,2.99999958946949,1.43256994084476,1.43256992002503,2.08197330486826e-08,0.000238400811014536,1.56743005915524,3.00000004163947,1,288.150008033341,99.298846116789,1.86420670625053e-10,1,0.999999998409495,0,2.24418275074356e-08,4.16394660973651e-08,0,0,0
0.045,10000.0001799182,2.99999887103129,10000,10000.0000439807,2.99999887103129,2.99999887103129,0,0.00328430480871893,17.832567501929,3,0,27896.535089676,-27896.5154443484,2.99999887103129,1.43256994084476,1.4325698838461,5.69986577936277e-08,0.000595832769084081,1.56742960698526,2.99999966182733,1,288.150008033341,99.298846116789,2.33336509490611e-10,1,1.00000000405231,0,6.10527244315762e-08,1.13997315587255e-07,0,0,0
0.06,10000.0002291828,2.99999794342008,10000,10000.0000792106,2.99999794342008,2.99999794342008,0,0.00269246859289603,17.8325777260086,3,0,27896.5310284073,-27896.5149231945,2.99999794342008,1.43256994084476,1.43256983757915,1.03265611839376e-07,0.000983556663351568,1.56742881618922,2.9999989635652,1,288.150008033341,99.298846116789,2.80705027272097e-10,1,1.00000000897876,0,1.09957750682455e-07,2.06531223678752e-07,0,0,0
0.075,10000.0002695698,2.99999689702204,10000,10000.0001180778,2.99999689702204,2.99999689702204,0,0.00203617804315239,17.8325892420071,3,0,27896.5264008007,-27896.5142212414,2.99999689702204,1.43256994084476,1.4325697860445,1.54800256613186e-07,0.00133915363808078,1.5674277960441,2.99999804648937,1,288.150008033341,99.298846116789,3.10477328816749e-10,1,1.00000001301747,0,1.63911860751043e-07,3.09600513226371e-07,0,0,0
0.09,10000.0003001125,2.99999581147109,10000,10000.0001573388,2.99999581147109,2.99999581147109,0,0.00136382196610703,17.8326011762555,3,0,27896.5215655292,-27896.5134077207,2.99999581147109,1.43256994084476,1.43256973346744,2.07377318650614e-07,0.00162190145638246,1.56742664657677,2.99999700217617,1,288.150008033341,99.298846116789,3.17513360254e-10,1,1.00000001607173,0,2.18412704366955e-07,4.14754637301229e-07,0,0,0
0.105,10000.0003205698,2.9999947538514,10000,10000.0001943404,2.9999947538514,2.9999947538514,0,0.000715717275173033,17.8326127930346,3,0,27896.5168263952,-27896.5125452759,2.9999947538514,1.43256994084476,1.43256968337471,2.5747005105714e-07,0.001808786032212,1.5674254558717,2.99999591165656,1,288.150008033341,99.298846116789,3.05596107244242e-10,1,1.00000001811747,0,2.69776970984736e-07,5.14940102114281e-07,0,0,0
0.12,10000.0003313055,2.99999377736072,10000,10000.0002270543,2.99999377736072,2.99999377736072,0,0.000123420550441869,17.8326235095386,3,0,27896.5124260014,-27896.5116877517,2.99999377736072,1.43256994084476,1.43256963852251,3.02322251899412e-07,0.00189110363218781,1.56742429806654,2.9999948435558,1,288.150008033341,99.298846116789,2.7885375506563e-10,1,1.00000001919104,0,3.15189238930813e-07,6.04644503798824e-07,0,0,0
0.135,10000.0003331569,2.99999292097638,10000,10000.0002540723,2.99999292097638,2.99999292097638,0,-0.00039037364222826,17.8326328993909,3,0,27896.5085438347,-27896.5108788854,2.99999292097638,1.43256994084476,1.43256960088181,3.39962946460659e-07,0.00187121713772066,1.56742323187146,2.99999385264211,1,288.150008033341,99.298846116789,2.41499340257543e-10,1,1.00000001937617,0,3.52694614180749e-07,6.79925892921318e-07,0,0,0
0.15,10000.0003273012,2.99999220995451,10000,10000.0002745681,2.99999220995451,2.99999220995451,0,-0.000811434617644007,17.8326406870221,3,0,27896.5052981284,-27896.5101517884,2.99999220995451,1.43256994084476,1.43256957167062,3.69174136150008e-07,0.00175954819565913,1.56742230020573,2.99999297939876,1,288.150008033341,99.298846116789,1.97507902041527e-10,1,1.00000001879061,0,3.81146011640965e-07,7.38348272300016e-07,0,0,0
0.165,10000.0003151297,2.99999165698318,10000,10000.0002882345,2.99999165698318,2.99999165698318,0,-0.00113321095019253,17.8326467348875,3,0,27896.5027507099,-27896.5095291004,2.99999165698318,1.43256994084476,1.43256955142243,3.89422326385613e-07,0.00157187156041886,1.56742153076148,2.9999922504509,1,288.150008033341,99.298846116789,1.50509693950649e-10,1,1.00000001757346,0,4.00117263099631e-07,7.78844652771227e-07,0,0,0
0.18,10000.0002981316,2.99999126380581,10000,10000.0002952048,2.99999126380581,2.99999126380581,0,-0.00135577294580832,17.8326510255389,3,0,27896.5009140207,-27896.5090236833,2.99999126380581,1.43256994084476,1.4325695400803,4.00764462282766e-07,0.00132696203049779,1.56742093729377,2.99999167966745,1,288.150008033341,99.298846116789,1.03641452698843e-10,1,1.00000001587364,0,4.09793050826224e-07,8.01528924565531e-07,0,0,0
0.195,10000.000277795,2.99999102314047,10000,10000.0002959633,2.99999102314047,2.99999102314047,0,-0.00148458969008507,17.8326536404735,3,0,27896.4997595301,-27896.5086397202,2.99999102314047,1.43256994084476,1.43256953710635,4.03738406706822e-07,0.00104462464953801,1.56742052143213,2.9999912697537,1,288.150008033341,99.298846116789,5.94225015401071e-11,1,1.00000001383998,0,4.10845995002518e-07,8.07476813413643e-07,0,0,0
0.21,10000.0002555261,2.99999092073646,10000,10000.0002912547,2.99999092073646,2.99999092073646,0,-0.00152990900164992,17.8326547061022,2,0,27896.4992242124,-27896.5083754836,2.99999092073646,1.43256994084476,1.43256954159794,3.99246813387322e-07,0.000744119423805268,1.5674202748189,2.99999101415728,1,288.150008033341,99.298846116789,4.02602891507197e-10,1,1.0000000116131,0,4.0430978032191e-07,7.98493626774643e-07,0,0,0
0.225,10000.0002325775,2.99999093743094,10000,10000.0002819952,2.99999093743094,2.99999093743094,0,-0.00150156650391149,17.832654546781,2,0,27896.4992352907,-27896.5082170289,2.99999093743094,1.43256994084476,1.43256955240266,3.88442097154496e-07,0.000442974297648743,1.56742018139807,2.99999089912703,1,288.150008033341,99.298846116789,2.85297214591683e-10,1,1.00000000931824,0,3.91456089765541e-07,7.76884194308991e-07,0,0,0
0.24,10000.000210054,2.99999105116033,10000,10000.000269188,2.99999105116033,2.99999105116033,0,-0.00141562513082014,17.8326533172839,2,0,27896.4996876209,-27896.508155294,2.99999105116033,1.43256994084476,1.43256956822943,3.72615325705539e-07,0.000156125558135435,1.56742021970199,2.9999909057774,1,288.150008033341,99.298846116789,8.83733616655479e-10,1,1.00000000706589,0,3.73677603304756e-07,7.45230651411077e-07,0,0,0
0.255,10000.0001888196,2.99999123843946,10000,10000.0002538627,2.99999123843946,2.99999123843946,0,-0.00128936084816779,17.8326511778971,3,0,27896.5004659093,-27896.5081783227,2.99999123843946,1.43256994084476,1.43256958773079,3.53113968287744e-07,-0.000104405831141847,1.56742036508492,2.99999101215761,1,288.150008033341,99.298846116789,6.30135725225864e-11,1,1.00000000494245,0,3.52403590309081e-07,7.06227936575488e-07,0,0,0
0.27,10000.0001694792,2.99999147610104,10000,10000.000237006,2.99999147610104,2.99999147610104,0,-0.00113273723713658,17.8326485500201,3,0,27896.5014858575,-27896.5082614144,2.99999147610104,1.43256994084476,1.43256960959645,3.31248310114773e-07,-0.000329890952376302,1.56742059136677,2.99999119470814,1,288.150008033341,99.298846116789,7.46539221854242e-11,1,1.00000000300841,0,3.29003729149235e-07,6.62496620229547e-07,0,0,0
0.285,10000.0001524881,2.99999174275069,10000,10000.0002195056,2.99999174275069,2.99999174275069,0,-0.000960520722177261,17.8326456070869,3,0,27896.5026445707,-27896.508390001,2.99999174275069,1.43256994084476,1.43256963263042,3.08214336497414e-07,-0.000514991020104608,1.56742087275966,2.99999143003309,1,288.150008033341,99.298846116789,8.18541370614597e-11,1,1.0000000013093,0,3.04710324972035e-07,6.16428672994829e-07,0,0,0
0.3,10000.0001380803,2.99999201917354,10000,10000.0002021372,2.99999201917354,2.99999201917354,0,-0.000783448848439794,17.8326425515896,3,0,27896.503850478,-27896.5085367389,2.99999201917354,1.43256994084476,1.43256965577299,2.85071765526723e-07,-0.000657200484802784,1.56742118547726,2.99999169646555,1,288.150008033341,99.298846116789,8.41780955430527e-11,1,0.999999999868521,0,2.80600148228061e-07,5.70143531053446e-07,0,0,0
0.315,10000.0001263286,2.99999228913865,10000,10000.000185536,2.99999228913865,2.99999228913865,0,-0.000604778797472172,17.832639503717,3,0,27896.5049952099,-27896.5086127418,2.99999228913865,1.43256994084476,1.43256967814149,2.62703269582332e-07,-0.000756638669412223,1.56742150818526,2.99999197443655,1,288.150008033341,99.298846116789,8.62452929591086e-11,1,0.999999998693348,0,2.57555069493876e-07,5.25406539164663e-07,0,0,0
0.33,10000.0001172569,2.99999253963997,10000,10000.0001701917,2.99999253963997,2.99999253963997,0,-0.000441681985777206,17.832636689005,3,0,27896.5060699222,-27896.5087118777,2.99999253963997,1.43256994084476,1.43256969904113,2.41803624234649e-07,-0.000815547931504212,1.56742182288735,2.99999224733936,1,288.150008033341,99.298846116789,7.84062794292416e-11,1,0.99999999778618,0,2.36254595664676e-07,4.83607248469298e-07,0,0,0
0.345,10000.0001106317,2.99999276036814,10000,10000.000156473,2.99999276036814,2.99999276036814,0,-0.000299969427604766,17.8326342190129,3,0,27896.5070262944,-27896.5088205851,2.99999276036814,1.43256994084476,1.43256971793591,2.22908845826097e-07,-0.000837453825725289,1.56742211518796,2.99999250185041,1,288.150008033341,99.298846116789,6.78964520221956e-11,1,0.999999997123657,0,2.1721076604031e-07,4.45817691652195e-07,0,0,0
0.36,10000.0001061321,2.99999294470211,10000,10000.0001445926,2.99999294470211,2.99999294470211,0,-0.000183134127511692,17.8326321639319,3,0,27896.5078320655,-27896.5089274967,2.99999294470211,1.43256994084476,1.43256973449617,2.06348591325067e-07,-0.000827404542941677,1.56742237370569,2.99999272724763,1,288.150008033341,99.298846116789,5.57963879705003e-11,1,0.999999996673702,0,2.00718887510831e-07,4.12697182650135e-07,0,0,0
0.375,10000.0001033851,2.99999308937211,10000,10000.0001346251,2.99999308937211,2.99999308937211,0,-9.09450160980981e-05,17.8326306218564,2,0,27896.5084769005,-27896.5090208952,2.99999308937211,1.43256994084476,1.43256974857791,1.92266849996514e-07,-0.000791370425014406,1.56742259116017,2.99999291653863,1,288.150008033341,99.298846116789,9.06482177331625e-10,1,0.999999996399001,0,1.86882322061876e-07,3.84533699993028e-07,0,0,0
0.39,10000.000102021,2.9999931939985,10000,10000.0001265289,2.9999931939985,2.9999931939985,0,-2.67621989416053e-05,17.8326294479245,2,0,27896.5089407563,-27896.5091008365,2.9999931939985,1.43256994084476,1.43256976019552,1.80649233794128e-07,-0.000735711928990885,1.56742276399366,2.99999306613688,1,288.150008033341,99.298846116789,6.84406728097752e-10,1,0.999999996262584,0,1.75643407596127e-07,3.61298467588256e-07,0,0,0
0.405,10000.0001016195,2.9999932603923,10000,10000.0001201774,2.9999932603923,2.9999932603923,0,1.3062224370605e-05,17.8326286984631,2,0,27896.5092372774,-27896.5091591447,2.9999932603923,1.43256994084476,1.4325697694825,1.71362258161167e-07,-0.000666636656430226,1.56742289185527,2.99999317542455,1,288.150008033341,99.298846116789,4.30112086689397e-10,1,0.999999996222441,0,1.66826427117073e-07,3.42724516322335e-07,0,0,0
0.42,10000.0001018155,2.99999329239122,10000,10000.0001153679,2.99999329239122,2.99999329239122,0,3.14892027506605e-05,17.8326283325545,2,0,27896.5093820009,-27896.5091936458,2.99999329239122,1.43256994084476,1.43256977667963,1.64165123273108e-07,-0.000590100869267944,1.56742297682303,2.99999324599803,1,288.150008033341,99.298846116789,2.04251995809855e-10,1,0.999999996242034,0,1.60150045891427e-07,3.28330246546216e-07,0,0,0
0.435,10000.0001022878,2.99999329505574,10000,10000.0001118556,2.99999329505574,2.99999329505574,0,3.30960985976004e-05,17.832628320376,1,0,27896.5093956403,-27896.5091976734,2.99999329505574,1.43256994084476,1.43256978209098,1.58753779011533e-07,-0.000511365141435068,1.56742302321621,2.99999328156853,1,288.150008033341,99.298846116789,2.26459844250138e-10,1,0.999999996289268,0,1.55274426871799e-07,3.17507558023067e-07,0,0,0
0.45,10000.0001027842,2.99999327413115,10000,10000.000109376,2.99999327413115,2.99999327413115,0,1.85325542402654e-05,17.8326285161435,2,0,27896.5093030815,-27896.5091922276,2.99999327413115,1.43256994084476,1.43256978605393,1.54790828599261e-07,-0.000434817451728062,1.56742303670342,2.99999328712984,1,288.150008033341,99.298846116789,1.16872593135926e-10,1,0.999999996338912,0,1.51832309391864e-07,3.09581657198521e-07,0,0,0
0.465,10000.0001030622,2.99999323548038,10000,10000.0001076676,2.99999323548038,2.99999323548038,0,-5.23294934459692e-06,17.8326289326798,2,0,27896.5091285277,-27896.509159829,2.99999323548038,1.43256994084476,1.43256978890839,1.51936371040051e-07,-0.000363828246406616,1.56742302370474,2.99999326842224,1,288.150008033341,99.298846116789,2.37892135894765e-10,1,0.999999996366711,0,1.49460867238105e-07,3.03872742080102e-07,0,0,0
0.48,10000.0001029837,2.99999318503858,10000,10000.0001064741,2.99999318503858,2.99999318503858,0,-3.5433828530307e-05,17.8326294797171,2,0,27896.5088984205,-27896.5091103708,2.99999318503858,1.43256994084476,1.43256979099306,1.49851697051062e-07,-0.000300950543510091,1.56742299076288,2.99999323131103,1,288.150008033341,99.298846116789,3.05739470883372e-10,1,0.999999996358861,0,1.47804019690057e-07,2.99703394102124e-07,0,0,0
0.495,10000.0001024522,2.99999312815361,10000,10000.0001055695,2.99999312815361,2.99999312815361,0,-6.87615749510993e-05,17.8326300965674,2,0,27896.5086362414,-27896.5090475442,2.99999312815361,1.43256994084476,1.43256979261094,1.4823382032958e-07,-0.000247719874280368,1.56742294449042,2.99999318180282,1,288.150008033341,99.298846116789,3.37719699975084e-10,1,0.999999996305711,0,1.46548322366158e-07,2.96467640659159e-07,0,0,0
0.51,10000.0001014208,2.99999306949187,10000,10000.0001047616,2.99999306949187,2.99999306949187,0,-0.000102367170105409,17.8326307313203,2,0,27896.5083628003,-27896.5089751176,2.99999306949187,1.43256994084476,1.43256979402418,1.4682057480897e-07,-0.000204838014760169,1.56742289084122,2.99999312532712,1,288.150008033341,99.298846116789,3.39688387161709e-10,1,0.999999996202568,0,1.45426845676866e-07,2.9364114961794e-07,0,0,0
0.525,10000.0000998853,2.9999930129072,10000,10000.0001038958,2.9999930129072,2.9999930129072,0,-0.000133949752611621,17.8326313412814,2,0,27896.5080955147,-27896.5088967456,2.9999930129072,1.43256994084476,1.43256979544751,1.4539724957352e-07,-0.000172295904506248,1.56742283500597,2.99999306664522,1,288.150008033341,99.298846116789,3.17506891130797e-10,1,0.999999996049018,0,1.44224942655313e-07,2.9079449914704e-07,0,0,0
0.54,10000.0000978761,2.99999296137918,10000,10000.0001028564,2.99999296137918,2.99999296137918,0,-0.000161782295223515,17.8326318935812,2,0,27896.5078480694,-27896.5088157829,2.99999296137918,1.43256994084476,1.43256979704536,1.4379939972109e-07,-0.000149511462534189,1.56742278126794,2.9999930097115,1,288.150008033341,99.298846116789,2.77317338517845e-10,1,0.999999995848093,0,1.42782120793328e-07,2.87598799442179e-07,0,0,0
0.555,10000.0000954493,2.99999291701359,10000,10000.0001015657,2.99999291701359,2.99999291701359,0,-0.000184698129130499,17.8326323651337,2,0,27896.5076303616,-27896.508735148,2.99999291701359,1.43256994084476,1.43256979893262,1.41912133155842e-07,-0.000135473559979952,1.56742273293562,2.99999295760464,1,288.150008033341,99.298846116789,2.25049382919377e-10,1,0.99999999560542,0,1.40990365160576e-07,2.83824266311683e-07,0,0,0
0.57,10000.0000926788,2.99999288109225,10000,10000.0000999806,2.99999288109225,2.99999288109225,0,-0.000202047998198273,17.832632742048,2,0,27896.507448674,-27896.50865724,2.99999288109225,1.43256994084476,1.43256980117791,1.39666846310504e-07,-0.000128882364901511,1.56742269234457,2.99999291252302,1,288.150008033341,99.298846116789,1.66128951265773e-10,1,0.999999995328372,0,1.38789923109783e-07,2.79333692621009e-07,0,0,0
0.585,10000.0000896481,2.99999285416061,10000,10000.0000980882,2.99999285416061,2.99999285416061,0,-0.000213636206015079,17.832633018627,2,0,27896.5073060182,-27896.5085839,2.99999285416061,1.43256994084476,1.43256980380889,1.37035872871394e-07,-0.000128279190054828,1.5674226609138,2.99999287583031,1,288.150008033341,99.298846116789,1.05391736943485e-10,1,0.9999999950253,0,1.36163055719507e-07,2.74071745742788e-07,0,0,0
0.6,10000.0000864436,2.99999283614011,10000,10000.0000959009,2.99999283614011,2.99999283614011,0,-0.000219643143645613,17.8326331960941,2,0,27896.5072026009,-27896.5085164136,2.99999283614011,1.43256994084476,1.4325698068189,1.34025853526509e-07,-0.000132160091573433,1.5674226392441,2.99999284814057,1,288.150008033341,99.298846116789,4.67311016009277e-11,1,0.999999994704846,0,1.33126627499536e-07,2.68051707053019e-07,0,0,0
0.615,10000.0000831489,2.99999282645441,10000,10000.0000934499,2.99999282645441,2.99999282645441,0,-0.000220541481941661,17.8326332811728,2,0,27896.5071363567,-27896.5084555429,2.99999282645441,1.43256994084476,1.43256981017426,1.30670501530261e-07,-0.000139069999559423,1.56742262724365,2.99999282942941,1,288.150008033341,99.298846116789,6.7573328076081e-12,1,0.999999994375382,0,1.2972426310931e-07,2.61341003060522e-07,0,0,0
0.63,10000.0000798408,2.99999282415924,10000,10000.0000907803,2.99999282415924,2.99999282415924,0,-0.000217011959130127,17.8326332846302,2,0,27896.5071035091,-27896.5084015832,2.99999282415924,1.43256994084476,1.43256981382159,1.27023171758722e-07,-0.00014767573199815,1.56742262426865,2.99999281915975,1,288.150008033341,99.298846116789,5.29278644010306e-11,1,0.999999994044569,0,1.26018381285675e-07,2.54046343517444e-07,0,0,0
0.645,10000.0000765856,2.99999282806834,10000,10000.0000879452,2.99999282806834,2.99999282806834,0,-0.000209863535236472,17.8326332198698,2,0,27896.5070991204,-27896.5083544356,2.99999282806834,1.43256994084476,1.43256981769497,1.23149787034649e-07,-0.000156818083391644,1.56742262926813,2.99999281641247,1,288.150008033341,99.298846116789,9.0464263995645e-11,1,0.999999993719051,0,1.2208278632464e-07,2.46299574069297e-07,0,0,0
0.66,10000.0000734377,2.99999283686837,10000,10000.0000850012,2.99999283686837,2.99999283686837,0,-0.000199962164378542,17.832633101652,2,0,27896.5071175978,-27896.5083136872,2.99999283686837,1.43256994084476,1.43256982172233,1.1912242836587e-07,-0.000165543593176293,1.56742264092401,2.99999282001363,1,288.150008033341,99.298846116789,1.1881479147256e-10,1,0.999999993404256,0,1.17996064030734e-07,2.3824485673174e-07,0,0,0
0.675,10000.0000704383,2.99999284921883,10000,10000.0000820044,2.99999284921883,2.99999284921883,0,-0.000188170002419032,17.8326329449826,2,0,27896.507153141,-27896.5082786947,2.99999284921883,1.43256994084476,1.43256982583089,1.1501386509849e-07,-0.000173118611065094,1.56742265777876,2.99999282865124,1,288.150008033341,99.298846116789,1.38032840996861e-10,1,0.999999993104313,0,1.13835959769659e-07,2.3002773019698e-07,0,0,0
0.69,10000.0000676157,2.99999286383405,10000,10000.0000790069,2.99999286383405,2.99999286383405,0,-0.000175296488797316,17.8326327642072,2,0,27896.5072001139,-27896.5082486636,2.99999286383405,1.43256994084476,1.43256982995172,1.10893034532822e-07,-0.000179027992608723,1.56742267834634,2.99999284097717,1,288.150008033341,99.298846116789,1.48703265302178e-10,1,0.999999992822058,0,1.0967491648195e-07,2.21786069065644e-07,0,0,0
0.705,10000.0000649863,2.99999287954595,10000,10000.0000760547,2.99999287954595,2.99999287954595,0,-0.000162062385853976,17.8326325723184,2,0,27896.5072533336,-27896.5082227225,2.99999287954595,1.43256994084476,1.43256983402306,1.06821701040261e-07,-0.000182961556519611,1.56742270120323,2.99999285569139,1,288.150008033341,99.298846116789,1.51782744966778e-10,1,0.999999992559114,0,1.0557682106338e-07,2.13643402080521e-07,0,0,0
0.72,10000.0000625553,2.99999289534814,10000,10000.0000731862,2.99999289534814,2.99999289534814,0,-0.000149075383147479,17.8326323804741,2,0,27896.5073082789,-27896.5081999851,2.99999289534814,1.43256994084476,1.4325698379926,1.02852153238686e-07,-0.000184791681445875,1.56742272505779,2.99999287160686,1,288.150008033341,99.298846116789,1.48511074017633e-10,1,0.99999999231602,0,1.01594820112183e-07,2.05704306477372e-07,0,0,0
0.735,10000.0000603192,2.99999291042188,10000,10000.0000704311,2.99999291042188,2.99999291042188,0,-0.0001368174479907,17.8326321977162,2,0,27896.5073612186,-27896.508179603,2.99999291042188,1.43256994084476,1.43256984181886,9.90258994804094e-08,-0.000184544619092352,1.56742274879908,2.99999288769563,1,288.150008033341,99.298846116789,1.40193444038265e-10,1,0.999999992092407,0,9.77702454552087e-08,1.98051798960819e-07,0,0,0
0.75,10000.0000582669,2.99999292414639,10000,10000.0000678104,2.99999292414639,2.99999292414639,0,-0.000125641644991242,17.8326320308652,2,0,27896.5074092697,-27896.508160805,2.99999292414639,1.43256994084476,1.43256984547152,9.53732330888357e-08,-0.000182368737655462,1.56742277152532,2.99999290311655,1,288.150008033341,99.298846116789,1.28181404374816e-10,1,0.999999991887181,0,9.41323905490066e-08,1.90746466177671e-07,0,0,0
0.765,10000.0000563823,2.99999293609594,10000,10000.0000653371,2.99999293609594,2.99999293609594,0,-0.000115776275917947,17.8326318845604,2,0,27896.5074504002,-27896.5081429251,2.99999293609594,1.43256994084476,1.43256984893122,9.19135412225103e-08,-0.000178502037668061,1.56742279255517,2.99999291722701,1,288.150008033341,99.298846116789,1.13848441531031e-10,1,0.999999991698718,0,9.06990036408928e-08,1.83827082445021e-07,0,0,0
0.78,10000.0000546457,2.99999294602613,10000,10000.0000630164,2.99999294602613,2.99999294602613,0,-0.000107336891682821,17.8326317614188,2,0,27896.5074833739,-27896.5081254179,2.99999294602613,1.43256994084476,1.43256985218861,8.86561468682601e-08,-0.000173240764280638,1.5674228114241,2.99999292958115,1,288.150008033341,99.298846116789,9.8368952006268e-11,1,0.999999991525054,0,8.74774057635364e-08,1.7731229373652e-07,0,0,0
0.795,10000.0000530356,2.9999929538528,10000,10000.000060847,2.9999929538528,2.9999929538528,0,-0.000100340820087997,17.832631662277,2,0,27896.5075076693,-27896.5081078658,2.9999929538528,1.43256994084476,1.43256985524314,8.56016229011658e-08,-0.000166910965714943,1.56742282786908,2.99999293991708,1,288.150008033341,99.298846116789,8.27506651298577e-11,1,0.999999991364049,0,8.44659497900579e-08,1.71203245802332e-07,0,0,0
0.81,10000.0000515305,2.99999295962552,10000,10000.0000588226,2.99999295962552,2.99999295962552,0,-9.47249655147448e-05,17.8326315864899,2,0,27896.507523371,-27896.5080899758,2.99999295962552,1.43256994084476,1.43256985810145,8.27433042083214e-08,-0.000159843714219733,1.5674228418048,2.99999294813616,1,288.150008033341,99.298846116789,6.78618230543918e-11,1,0.999999991213537,0,8.16557157445885e-08,1.65486608416643e-07,0,0,0
0.825,10000.0000501096,2.9999929634989,10000,10000.0000569327,2.9999929634989,2.9999929634989,0,-9.03656409105983e-05,17.8326315322535,2,0,27896.5075310425,-27896.5080715717,2.9999929634989,1.43256994084476,1.43256986077582,8.00689408109179e-08,-0.000152355057061506,1.56742285329415,2.99999295427679,1,288.150008033341,99.298846116789,5.43452257479425e-11,1,0.99999999107145,0,7.90323044785879e-08,1.60137881621836e-07,0,0,0
0.84,10000.0000487541,2.99999296570339,10000,10000.0000551644,2.99999296570339,2.99999296570339,0,-8.7096735144833e-05,17.8326314969323,2,0,27896.507531603,-27896.508052579,2.99999296570339,1.43256994084476,1.43256986328239,7.75623663074043e-08,-0.000144730643755809,1.56742286251626,2.99999295848575,1,288.150008033341,99.298846116789,4.25938103894666e-11,1,0.999999990935901,0,7.65776129174611e-08,1.55124732614809e-07,0,0,0
0.855,10000.0000474477,2.99999296651731,10000,10000.0000535031,2.99999296651731,2.99999296651731,0,-8.50117287194029e-05,17.832631530617,1,0,27896.5075329346,-27896.508041439,2.99999296651731,1.43256994084476,1.43256986563971,7.5205051519589e-08,-0.000137215068115775,1.5674228697339,2.99999296098876,1,288.150008033341,99.298846116789,8.26398067481845e-10,1,0.999999990805256,0,7.42714312274018e-08,1.50410103039178e-07,0,0,0
0.87,10000.0000461725,2.99999296624183,10000,10000.0000519338,2.99999296624183,2.99999296624183,0,-8.29812729966105e-05,17.8326314720943,2,0,27896.5075164437,-27896.5080128027,2.99999296624183,1.43256994084476,1.43256986786728,7.29774811691897e-08,-0.000130005740569952,1.56742287526245,2.99999296206217,1,288.150008033341,99.298846116789,5.68470270240419e-11,1,0.999999990677739,0,7.20929156372563e-08,1.45954962338379e-07,0,0,0
0.885,10000.0000449278,2.99999296520734,10000,10000.0000504407,2.99999296520734,2.99999296520734,0,-8.24389296388544e-05,17.8326315041874,1,0,27896.5075090741,-27896.5080021891,2.99999296520734,1.43256994084476,1.43256986998581,7.08589436015927e-08,-0.000123266839025566,1.56742287944211,2.99999296200475,1,288.150008033341,99.298846116789,6.16691995126045e-10,1,0.999999990553267,0,7.00202318348886e-08,1.41717887203185e-07,0,0,0
0.9,10000.0000436912,2.99999296365802,10000,10000.0000490119,2.99999296365802,2.99999296365802,0,-8.09540672137842e-05,17.8326314800662,2,0,27896.5074874404,-27896.5079716735,2.99999296365802,1.43256994084476,1.4325698720113,6.88334542697788e-08,-0.000117069304974316,1.56742288264469,2.99999296115636,1,288.150008033341,99.298846116789,3.7105383191327e-11,1,0.999999990429608,0,6.80369065531039e-08,1.37666908539558e-07,0,0,0
0.915,10000.0000424769,2.99999296191567,10000,10000.000047633,2.99999296191567,2.99999296191567,0,-8.10098726144278e-05,17.8326315113753,1,0,27896.5074767522,-27896.5079613191,2.99999296191567,1.43256994084476,1.43256987396334,6.68814175153187e-08,-0.00011150830172143,1.56742288514635,2.99999295975394,1,288.150008033341,99.298846116789,5.1121754864122e-10,1,0.999999990308177,0,6.61227090859029e-08,1.33762835030637e-07,0,0,0
0.93,10000.0000412617,2.9999929601241,10000,10000.0000462967,2.9999929601241,2.9999929601241,0,-7.95483329814072e-05,17.832631499785,2,0,27896.5074545757,-27896.5079304003,2.9999929601241,1.43256994084476,1.43256987585206,6.49926994444883e-08,-0.000106548232627572,1.56742288730807,2.99999295813823,1,288.150008033341,99.298846116789,2.95276835870131e-11,1,0.999999990186662,0,6.42677393525304e-08,1.29985398888977e-07,0,0,0
0.945,10000.0000400685,2.99999295853762,10000,10000.0000449919,2.99999295853762,2.99999295853762,0,-7.95029999955448e-05,17.8326315305503,1,0,27896.5074446724,-27896.5079202259,2.99999295853762,1.43256994084476,1.43256987769288,6.31518732863157e-08,-0.000102222426279223,1.56742288929395,2.99999295644245,1,288.150008033341,99.298846116789,5.08728491563922e-10,1,0.99999999006734,0,6.24563423201607e-08,1.26303746572631e-07,0,0,0
0.96,10000.000038876,2.99999295719498,10000,10000.0000437159,2.99999295719498,2.99999295719498,0,-7.78252319498502e-05,17.8326315139447,2,0,27896.507424841,-27896.5078903587,2.99999295719498,1.43256994084476,1.43256987948994,6.13548161165767e-08,-9.84267697426643e-05,1.56742289138911,2.9999929549435,1,288.150008033341,99.298846116789,3.18599202858576e-11,1,0.999999989948085,0,6.06851162654465e-08,1.22709632233153e-07,0,0,0
0.975,10000.0000377086,2.99999295626042,10000,10000.0000424616,2.99999295626042,2.99999295626042,0,-7.72881551971059e-05,17.8326315440437,1,0,27896.5074180994,-27896.5078804046,2.99999295626042,1.43256994084476,1.43256988125345,5.95913127732217e-08,-9.51519606348367e-05,1.56742289364059,2.99999295366798,1,288.150008033341,99.298846116789,5.6059842112538e-10,1,0.999999989831348,0,5.89438953202404e-08,1.19182625546443e-07,0,0,0
0.99,10000.0000365493,2.99999295569438,10000,10000.0000412298,2.99999295569438,2.99999295569438,0,-7.53236472584217e-05,17.8326315132743,2,0,27896.5074020403,-27896.5078525946,2.99999295569438,1.43256994084476,1.432569882983,5.78617609381382e-08,-9.22692418249662e-05,1.56742289623303,2.99999295280131,1,288.150008033341,99.298846116789,3.91833421481812e-11,1,0.999999989715415,0,5.7233952688307e-08,1.15723521876276e-07,0,0,0
1.005,10000.0000354194,2.99999295557521,10000,10000.0000400168,2.99999295557521,2.99999295557521,0,-7.41772232635998e-05,17.8326315424057,1,0,27896.5073992637,-27896.5078429605,2.99999295557521,1.43256994084476,1.43256988468403,5.61607309546019e-08,-8.97471942010656e-05,1.5674228991261,2.99999295229232,1,288.150008033341,99.298846116789,6.32053523058669e-10,1,0.99999998960243,0,5.55500832000178e-08,1.12321461909204e-07,0,0,0
1.02,10000.0000343068,2.99999295581853,10000,10000.0000388253,2.99999295581853,2.99999295581853,0,-7.19706917803281e-05,17.8326314955096,2,0,27896.5073872033,-27896.5078177016,2.99999295581853,1.43256994084476,1.4325698863535,5.44912568400946e-08,-8.74652115494835e-05,1.56742290240899,2.99999295223626,1,288.150008033341,99.298846116789,4.73914245494807e-11,1,0.999999989491164,0,5.38961368867774e-08,1.08982513680189e-07,0,0,0
1.035,10000.0000332272,2.99999295643682,10000,10000.0000376543,2.99999295643682,2.99999295643682,0,-7.02911218794447e-05,17.8326315233443,1,0,27896.5073880444,-27896.5078084963,2.99999295643682,1.43256994084476,1.43256988799325,5.28515118336514e-08,-8.53868225263064e-05,1.56742290599126,2.99999295253904,1,288.150008033341,99.298846116789,6.89458913462398e-10,1,0.999999989383208,0,5.22705365657572e-08,1.05703023667303e-07,0,0,0
1.05,10000.0000321728,2.99999295733137,10000,10000.0000365069,2.99999295733137,2.99999295733137,0,-6.79484524780314e-05,17.8326314632203,2,0,27896.5073794029,-27896.5077858419,2.99999295733137,1.43256994084476,1.43256988959933,5.12454301215826e-08,-8.34185751768824e-05,1.56742290988904,2.99999295322465,1,288.150008033341,99.298846116789,5.37358147552579e-11,1,0.999999989277771,0,5.06778483622128e-08,1.02490860243165e-07,0,0,0
1.065,10000.0000311536,2.99999295847461,10000,10000.0000353837,2.99999295847461,2.99999295847461,0,-6.59163095425076e-05,17.8326314894994,1,0,27896.5073828675,-27896.5077771511,2.99999295847461,1.43256994084476,1.43256989117142,4.9673340996037e-08,-8.15304195749119e-05,1.56742291399575,2.99999295418719,1,288.150008033341,99.298846116789,7.17726246150964e-10,1,0.999999989175849,0,4.91186000761701e-08,9.93466819920741e-08,0,0,0
1.08,10000.0000301649,2.99999295977573,10000,10000.0000342874,2.99999295977573,2.99999295977573,0,-6.35579561265207e-05,17.832631421451,2,0,27896.5073766747,-27896.5077568516,2.99999295977573,1.43256994084476,1.43256989270595,4.81388073847455e-08,-7.96623917902509e-05,1.56742291828317,2.99999295540554,1,288.150008033341,99.298846116789,5.70047265105966e-11,1,0.999999989076974,0,4.7596775409886e-08,9.6277614769491e-08,0,0,0
1.095,10000.0000292115,2.99999296119136,10000,10000.000033219,2.99999296119136,2.99999296119136,0,-6.13808420136138e-05,17.8326314460321,1,0,27896.507381568,-27896.5077487223,2.99999296119136,1.43256994084476,1.43256989420178,4.66429739276464e-08,-7.77966007738144e-05,1.56742292265336,2.99999295678406,1,288.150008033341,99.298846116789,7.13837161974121e-10,1,0.999999988981637,0,4.61136424600994e-08,9.32859478552928e-08,0,0,0
1.11,10000.0000282908,2.99999296265118,10000,10000.0000321804,2.99999296265118,2.99999296265118,0,-5.91106388043147e-05,17.8326313757347,2,0,27896.5073767994,-27896.5077303744,2.99999296265118,1.43256994084476,1.43256989565641,4.51883477303738e-08,-7.59038501432971e-05,1.56742292706066,2.99999295828211,1,288.150008033341,99.298846116789,5.70040367007938e-11,1,0.999999988889566,0,4.46718917412881e-08,9.03766954607477e-08,0,0,0
1.125,10000.0000274041,2.99999296411412,10000,10000.0000311724,2.99999296411412,2.99999296411412,0,-5.69691107523834e-05,17.8326313985958,1,0,27896.5073820486,-27896.5077228138,2.99999296411412,1.43256994084476,1.43256989706884,4.37759140048399e-08,-7.39792396503675e-05,1.56742293142973,2.99999295982631,1,288.150008033341,99.298846116789,6.83007184470022e-10,1,0.9999999888009,0,4.32725533183742e-08,8.75518280096799e-08,0,0,0
1.14,10000.0000265496,2.99999296553426,10000,10000.0000301958,2.99999296553426,2.99999296553426,0,-5.48571523484245e-05,17.8326313307486,2,0,27896.5073778534,-27896.5077059858,2.99999296553426,1.43256994084476,1.43256989843787,4.24068851145876e-08,-7.20164583517913e-05,1.56742293571754,2.99999296137606,1,288.150008033341,99.298846116789,5.44013798030421e-11,1,0.999999988715447,0,4.19168786347512e-08,8.48137702291751e-08,0,0,0
1.155,10000.0000257267,2.99999296688358,10000,10000.0000292508,2.99999296688358,2.99999296688358,0,-5.28763894988889e-05,17.8326313519647,1,0,27896.5073826851,-27896.5076989694,2.99999296688358,1.43256994084476,1.43256989976321,4.10815499396477e-08,-7.00213745020844e-05,1.56742293987573,2.99999296288359,1,288.150008033341,99.298846116789,6.34500966529452e-10,1,0.999999988633161,0,4.06051174905997e-08,8.21630998792955e-08,0,0,0
1.17,10000.0000249336,2.99999296813807,10000,10000.0000283375,2.99999296813807,2.99999296813807,0,-5.09562476122093e-05,17.8326312896491,2,0,27896.5073784886,-27896.5076832874,2.99999296813807,1.43256994084476,1.43256990104479,3.97999686541084e-08,-6.8000972456649e-05,1.56742294387572,2.99999296432041,1,288.150008033341,99.298846116789,5.01294297357119e-11,1,0.999999988553846,0,3.93372874274434e-08,7.95999373082168e-08,0,0,0
1.185,10000.0000241692,2.9999929692867,10000,10000.0000274553,2.9999929692867,2.9999929692867,0,-4.91999373241592e-05,17.8326313093564,1,0,27896.5073824767,-27896.5076767699,2.9999929692867,1.43256994084476,1.43256990228322,3.85615399611794e-08,-6.59682291628016e-05,1.56742294769337,2.99999296566121,1,288.150008033341,99.298846116789,5.78157114255542e-10,1,0.999999988477412,0,3.81126887827321e-08,7.71230799223588e-08,0,0,0
1.2,10000.0000234312,2.99999297032154,10000,10000.0000266037,2.99999297032154,2.99999297032154,0,-4.74734583931255e-05,17.8326312539663,2,0,27896.5073779947,-27896.5076619609,2.99999297032154,1.43256994084476,1.43256990347927,3.73654895913234e-08,-6.39348336894652e-05,1.56742295131886,2.9999929668946,1,288.150008033341,99.298846116789,4.51950880190053e-11,1,0.999999988403612,0,3.69304731240305e-08,7.47309791826467e-08,0,0,0
1.215,10000.0000227191,2.99999297124723,10000,10000.0000257815,2.99999297124723,2.99999297124723,0,-4.59523631614994e-05,17.8326312723267,1,0,27896.5073810212,-27896.5076558889,2.99999297124723,1.43256994084476,1.43256990463433,3.62104319862055e-08,-6.1916917363757e-05,1.56742295474581,2.99999296801143,1,288.150008033341,99.298846116789,5.22200266387168e-10,1,0.999999988332402,0,3.57891454250137e-08,7.24208639724111e-08,0,0,0
1.23,10000.0000220299,2.99999297206509,10000,10000.0000249879,2.99999297206509,2.99999297206509,0,-4.45424357943933e-05,17.8326312900988,1,0,27896.5073835774,-27896.5076500114,2.99999297206509,1.43256994084476,1.43256990574961,3.5095150341391e-08,-5.99246559456132e-05,1.56742295798161,2.99999296901667,1,288.150008033341,99.298846116789,9.75873144085231e-10,1,0.999999988263473,0,3.46874202694636e-08,7.0190300682782e-08,0,0,0
1.245,10000.0000213617,2.99999297279133,10000,10000.0000242213,2.99999297279133,2.99999297279133,0,-4.29550529043031e-05,17.8326312119573,2,0,27896.50737508,-27896.5076320191,2.99999297279133,1.43256994084476,1.43256990682706,3.40176973256945e-08,-5.79742092730218e-05,1.56742296103003,2.99999296991019,1,288.150008033341,99.298846116789,5.80262529798363e-11,1,0.99999998819666,0,3.36232399700265e-08,6.8035394651389e-08,0,0,0
1.26,10000.0000207174,2.9999929734445,10000,10000.0000234802,2.9999929734445,2.9999929734445,0,-4.17258999014221e-05,17.8326312285703,1,0,27896.5073769383,-27896.507626525,2.9999929734445,1.43256994084476,1.43256990786871,3.2976051889122e-08,-5.60788868867193e-05,1.56742296391118,2.99999297070804,1,288.150008033341,99.298846116789,4.70579386511898e-10,1,0.999999988132227,0,3.25944822243684e-08,6.5952103778244e-08,0,0,0
1.275,10000.0000200915,2.9999929740167,10000,10000.0000227642,2.9999929740167,2.9999929740167,0,-4.05816118461219e-05,17.8326312447078,1,0,27896.507378446,-27896.5076211881,2.9999929740167,1.43256994084476,1.43256990887522,3.19695419026544e-08,-5.4233013554058e-05,1.56742296664764,2.99999297143148,1,288.150008033341,99.298846116789,8.64931305635466e-10,1,0.999999988069638,0,3.16005392964058e-08,6.39390838053089e-08,0,0,0
1.29,10000.0000194828,2.99999297453281,10000,10000.0000220715,2.99999297453281,2.99999297453281,0,-3.91936234555445e-05,17.8326311780675,2,0,27896.5073699605,-27896.5076044002,2.99999297453281,1.43256994084476,1.43256990984886,3.09958969602064e-08,-5.24510266260248e-05,1.56742296923286,2.99999297206941,1,288.150008033341,99.298846116789,5.05147786894842e-11,1,0.999999988008766,0,3.06390182114313e-08,6.19917939204129e-08,0,0,0
1.305,10000.0000188949,2.999992975016,10000,10000.0000214006,2.999992975016,2.999992975016,0,-3.81621198392138e-05,17.8326311932256,1,0,27896.5073711176,-27896.5075993873,2.999992975016,1.43256994084476,1.43256991079181,3.00529479080325e-08,-5.07424263670702e-05,1.56742297169625,2.99999297264691,1,288.150008033341,99.298846116789,4.15303418130964e-10,1,0.999999987949975,0,2.97076947486374e-08,6.0105895816065e-08,0,0,0
1.32,10000.0000183224,2.99999297545616,10000,10000.0000207512,2.99999297545616,2.99999297545616,0,-3.7181930302608e-05,17.8326312079849,1,0,27896.5073720996,-27896.5075945062,2.99999297545616,1.43256994084476,1.43256991170448,2.91402730834278e-08,-4.90945741108104e-05,1.56742297406535,2.99999297319065,1,288.150008033341,99.298846116789,7.67362990074605e-10,1,0.999999987892732,0,2.88062271813772e-08,5.82805461668556e-08,0,0,0
1.335,10000.0000177647,2.99999297587693,10000,10000.0000201218,2.99999297587693,2.99999297587693,0,-3.59014522189583e-05,17.8326311498879,2,0,27896.5073641566,-27896.507578904,2.99999297587693,1.43256994084476,1.43256991258901,2.82557517383708e-08,-4.75171278550372e-05,1.56742297633086,2.99999297368712,1,288.150008033341,99.298846116789,4.46012673154758e-11,1,0.999999987836959,0,2.79324419150129e-08,5.65115034767416e-08,0,0,0
1.35,10000.0000172262,2.99999297629775,10000,10000.0000195109,2.99999297629775,2.99999297629775,0,-3.49740016867623e-05,17.8326311637729,1,0,27896.5073651123,-27896.5075743121,2.99999297629775,1.43256994084476,1.4325699134472,2.73975546694061e-08,-4.60144976794817e-05,1.56742297852066,2.99999297416053,1,288.150008033341,99.298846116789,3.76499768083381e-10,1,0.999999987783107,0,2.70844644489898e-08,5.47951093388122e-08,0,0,0
1.365,10000.0000167016,2.99999297670067,10000,10000.0000189188,2.99999297670067,2.99999297670067,0,-3.40760351101967e-05,17.8326311772991,1,0,27896.5073660102,-27896.5075698387,2.99999297670067,1.43256994084476,1.43256991427901,2.65657515985396e-08,-4.45678006434026e-05,1.56742298065788,2.99999297463414,1,288.150008033341,99.298846116789,6.99106849795001e-10,1,0.999999987730646,0,2.62625101665748e-08,5.31315031970792e-08,0,0,0
1.38,10000.0000161904,2.9999929771034,10000,10000.0000183442,2.9999929771034,2.9999929771034,0,-3.28849144530511e-05,17.8326311242407,2,0,27896.5073588279,-27896.5075555316,2.9999929771034,1.43256994084476,1.43256991508609,2.57586680874056e-08,-4.3183119247733e-05,1.5674229827244,2.9999929750865,1,288.150008033341,99.298846116789,4.07544013064631e-11,1,0.999999987679532,0,2.54648424569126e-08,5.15173361748111e-08,0,0,0
1.395,10000.0000156972,2.99999297751935,10000,10000.000017786,2.99999297751935,2.99999297751935,0,-3.20110135284989e-05,17.8326311369589,1,0,27896.5073598492,-27896.5075513256,2.99999297751935,1.43256994084476,1.43256991586991,2.49748446368159e-08,-4.18621326203222e-05,1.56742298474131,2.99999297553575,1,288.150008033341,99.298846116789,3.47915657960822e-10,1,0.999999987630205,0,2.46900104805547e-08,4.99496892736317e-08,0,0,0
1.41,10000.000015217,2.99999297792683,10000,10000.0000172447,2.99999297792683,2.99999297792683,0,-3.11582734013707e-05,17.8326311493392,1,0,27896.5073608556,-27896.5075472312,2.99999297792683,1.43256994084476,1.43256991663009,2.42146722673198e-08,-4.05853330933489e-05,1.5674229867249,2.999992975999,1,288.150008033341,99.298846116789,6.47190163192202e-10,1,0.999999987582188,0,2.39385289368954e-08,4.84293445346395e-08,0,0,0
1.425,10000.0000147496,2.99999297833768,10000,10000.0000167192,2.99999297833768,2.99999297833768,0,-3.03169135646457e-05,17.8326311613898,1,0,27896.507361903,-27896.507543246,2.99999297833768,1.43256994084476,1.43256991736792,2.34768395834806e-08,-3.93571363766483e-05,1.56742298865273,2.99999297645117,1,288.150008033341,99.298846116789,9.39954576827366e-10,1,0.999999987535451,0,2.32090513474503e-08,4.69536791669611e-08,0,0,0
1.44,10000.0000142949,2.99999297876014,10000,10000.0000162087,2.99999297876014,2.99999297876014,0,-2.91157721145208e-05,17.8326310922391,2,0,27896.5073533718,-27896.5075275301,2.99999297876014,1.43256994084476,1.4325699180845,2.27602556801543e-08,-3.81784868025012e-05,1.56742299053924,2.99999297690451,1,288.150008033341,99.298846116789,4.95529932892006e-11,1,0.999999987489975,0,2.25004872511647e-08,4.55205113603085e-08,0,0,0
1.455,10000.0000138581,2.99999297919899,10000,10000.0000157127,2.99999297919899,2.99999297919899,0,-2.82857248249289e-05,17.8326311034996,1,0,27896.5073546128,-27896.5075238061,2.99999297919899,1.43256994084476,1.43256991878073,2.20640279380291e-08,-3.70477593113083e-05,1.56742299239487,2.99999297736768,1,288.150008033341,99.298846116789,3.28789082203943e-10,1,0.999999987446302,0,2.1811952910511e-08,4.41280558760582e-08,0,0,0
1.47,10000.0000134339,2.99999297961984,10000,10000.0000152321,2.99999297961984,2.99999297961984,0,-2.74837139851924e-05,17.8326311144391,1,0,27896.5073557922,-27896.5075201882,2.99999297961984,1.43256994084476,1.43256991945547,2.13892898948131e-08,-3.594067336877e-05,1.56742299422617,2.99999297784951,1,288.150008033341,99.298846116789,5.99517694839407e-10,1,0.999999987403873,0,2.1144742179402e-08,4.27785797896263e-08,0,0,0
1.485,10000.0000130216,2.99999298003026,10000,10000.0000147661,2.99999298003026,2.99999298003026,0,-2.670326750749e-05,17.8326311250685,1,0,27896.5073569453,-27896.507516673,2.99999298003026,1.43256994084476,1.43256992010974,2.07350157044317e-08,-3.48630777681755e-05,1.5674229959965,2.99999297831129,1,288.150008033341,99.298846116789,8.62707653135005e-10,1,0.999999987362648,0,2.04978021223212e-08,4.14700314088634e-08,0,0,0
1.5,10000.000012621,2.99999298043629,10000,10000.000014314,2.99999298043629,2.99999298043629,0,-2.56856286804749e-05,17.832631060911,2,0,27896.5073493953,-27896.5075030359,2.99999298043629,1.43256994084476,1.43256992074444,2.01003131916622e-08,-3.38183204772232e-05,1.56742299771547,2.99999297876085,1,288.150008033341,99.298846116789,4.56054095332288e-11,1,0.999999987322593,0,1.98702121423366e-08,4.02006263833243e-08,0,0,0
1.515,10000.0000122358,2.99999298084211,10000,10000.0000138752,2.99999298084211,2.99999298084211,0,-2.49384215673857e-05,17.8326310708449,1,0,27896.5073505795,-27896.5074997506,2.99999298084211,1.43256994084476,1.43256992136036,1.94843972067815e-08,-3.28076408750711e-05,1.5674229993909,2.99999297920445,1,288.150008033341,99.298846116789,2.93873964858608e-10,1,0.999999987284064,0,1.9261174877272e-08,3.8968794413563e-08,0,0,0
1.53,10000.0000118617,2.9999929812252,10000,10000.0000134503,2.9999929812252,2.9999929812252,0,-2.42217168749902e-05,17.8326310804899,1,0,27896.5073516768,-27896.5074965609,2.9999929812252,1.43256994084476,1.43256992195692,1.8887836406023e-08,-3.18162317171363e-05,1.56742300102856,2.99999297964899,1,288.150008033341,99.298846116789,5.33785154733229e-10,1,0.999999987246657,0,1.86713593475218e-08,3.7775672812046e-08,0,0,0
1.545,10000.0000114984,2.99999298159257,10000,10000.0000130386,2.99999298159257,2.99999298159257,0,-2.35293453336753e-05,17.8326310898577,1,0,27896.5073527202,-27896.5074934628,2.99999298159257,1.43256994084476,1.43256992253503,1.83097321748704e-08,-3.08499430199106e-05,1.56742300260477,2.99999298006899,1,288.150008033341,99.298846116789,7.66350571646995e-10,1,0.999999987210324,0,1.8099823195783e-08,3.66194643497408e-08,0,0,0
1.56,10000.0000111454,2.99999298195025,10000,10000.0000126394,2.99999298195025,2.99999298195025,0,-2.28561590339027e-05,17.8326310989576,1,0,27896.5073537374,-27896.5074904533,2.99999298195025,1.43256994084476,1.43256992309553,1.77492240904797e-08,-2.99124455909492e-05,1.56742300412835,2.99999298047156,1,288.150008033341,99.298846116789,9.9233801595535e-10,1,0.99999998717503,0,1.75456984496947e-08,3.54984481809595e-08,0,0,0
1.575,10000.0000108026,2.99999298230304,10000,10000.0000122522,2.99999298230304,2.99999298230304,0,-2.19136075424592e-05,17.8326310268772,2,0,27896.5073453728,-27896.5074764508,2.99999298230304,1.43256994084476,1.43256992363919,1.72055643066216e-08,-2.90056325963744e-05,1.56742300560704,2.99999298086293,1,288.150008033341,99.298846116789,4.94600018971651e-11,1,0.999999987140746,0,1.70082112838088e-08,3.44111286132431e-08,0,0,0
1.59,10000.0000104739,2.99999298265434,10000,10000.0000118765,2.99999298265434,2.99999298265434,0,-2.12721326202036e-05,17.8326310353523,1,0,27896.5073464071,-27896.507473648,2.99999298265434,1.43256994084476,1.43256992416668,1.66780755872509e-08,-2.81299054780272e-05,1.56742300704715,2.99999298124806,1,288.150008033341,99.298846116789,2.61793569157709e-10,1,0.999999987107875,0,1.64866793550544e-08,3.33561511745017e-08,0,0,0
1.605,10000.0000101548,2.99999298297817,10000,10000.000011513,2.99999298297817,2.99999298297817,0,-2.06631281474935e-05,17.8326310435793,1,0,27896.5073473291,-27896.5074709272,2.99999298297817,1.43256994084476,1.43256992467718,1.61675817178519e-08,-2.72683022647014e-05,1.56742300845343,2.99999298163335,1,288.150008033341,99.298846116789,4.66151808552037e-10,1,0.999999987075967,0,1.59820467970917e-08,3.23351634357039e-08,0,0,0
1.62,10000.0000098448,2.99999298328215,10000,10000.000011161,2.99999298328215,2.99999298328215,0,-2.00800183950941e-05,17.8326310515708,1,0,27896.5073481742,-27896.5074682844,2.99999298328215,1.43256994084476,1.43256992517154,1.56732171685547e-08,-2.64274358482326e-05,1.56742300979825,2.99999298198944,1,288.150008033341,99.298846116789,6.63564386577275e-10,1,0.999999987044973,0,1.54934050033972e-08,3.13464343371095e-08,0,0,0
1.635,10000.0000095436,2.99999298357336,10000,10000.0000108199,2.99999298357336,2.99999298357336,0,-1.9516712258704e-05,17.8326310593368,1,0,27896.5073489753,-27896.507465716,2.99999298357336,1.43256994084476,1.4325699256506,1.51941617065887e-08,-2.56118394034454e-05,1.56742301109096,2.99999298232404,1,288.150008033341,99.298846116789,8.54961493709536e-10,1,0.999999987014852,0,1.50198931070378e-08,3.03883234131774e-08,0,0,0
1.65,10000.0000092509,2.99999298385776,10000,10000.0000104892,2.99999298385776,2.99999298385776,0,-1.87400924072685e-05,17.8326309975956,2,0,27896.5073416587,-27896.5074537541,2.99999298385776,1.43256994084476,1.43256992611511,1.4729648611933e-08,-2.48241313566382e-05,1.56742301234028,2.99999298264434,1,288.150008033341,99.298846116789,4.24707421856778e-11,1,0.999999986985577,0,1.45607408352788e-08,2.94592972238661e-08,0,0,0
1.665,10000.0000089698,2.9999929841401,10000,10000.0000101682,2.9999929841401,2.9999929841401,0,-1.82059216671182e-05,17.8326310048434,1,0,27896.5073424571,-27896.5074513572,2.9999929841401,1.43256994084476,1.43256992656575,1.42790046453456e-08,-2.40654121025218e-05,1.5674230135537,2.99999298295647,1,288.150008033341,99.298846116789,2.22191351323409e-10,1,0.999999986957467,0,1.4115263846648e-08,2.85580092906912e-08,0,0,0
1.68,10000.0000086967,2.99999298440112,10000,10000.0000098577,2.99999298440112,2.99999298440112,0,-1.76976091701331e-05,17.8326310118845,1,0,27896.507343169,-27896.5074490286,2.99999298440112,1.43256994084476,1.43256992700197,1.38427882490078e-08,-2.3322375591444e-05,1.56742301473733,2.99999298326766,1,288.150008033341,99.298846116789,3.95436085290229e-10,1,0.999999986930158,0,1.36841020736966e-08,2.76855764980155e-08,0,0,0
1.695,10000.0000084312,2.99999298464825,10000,10000.0000095568,2.99999298464825,2.99999298464825,0,-1.72086967245472e-05,17.8326310187291,1,0,27896.5073438298,-27896.507446765,2.99999298464825,1.43256994084476,1.43256992742454,1.34202140511519e-08,-2.26003510637512e-05,1.56742301587079,2.99999298355597,1,288.150008033341,99.298846116789,5.63125752635682e-10,1,0.999999986903612,0,1.32664399465909e-08,2.68404281023038e-08,0,0,0
1.71,10000.0000081731,2.99999298488799,10000,10000.0000092651,2.99999298488799,2.99999298488799,0,-1.67337845548174e-05,17.8326310253845,1,0,27896.5073444696,-27896.507444564,2.99999298488799,1.43256994084476,1.43256992783422,1.30105408668868e-08,-2.19027110418703e-05,1.56742301696306,2.9999929838289,1,288.150008033341,99.298846116789,7.26161156329444e-10,1,0.999999986877799,0,1.28615125216669e-08,2.60210817337736e-08,0,0,0
1.725,10000.0000079221,2.99999298512562,10000,10000.0000089821,2.99999298512562,2.99999298512562,0,-1.6268347757891e-05,17.8326310318563,1,0,27896.5073451132,-27896.5074424236,2.99999298512562,1.43256994084476,1.43256992823164,1.26131221023229e-08,-2.12311163872325e-05,1.56742301802215,2.99999298409316,1,288.150008033341,99.298846116789,8.85131150265596e-10,1,0.999999986852698,0,1.2468665877563e-08,2.52262442046458e-08,0,0,0
1.74,10000.0000076781,2.99999298536496,10000,10000.0000087074,2.99999298536496,2.99999298536496,0,-1.55495719742326e-05,17.8326309691083,2,0,27896.507337655,-27896.507430666,2.99999298536496,1.43256994084476,1.43256992861737,1.22273919878069e-08,-2.05858144465386e-05,1.56742301905462,2.99999298435416,1,288.150008033341,99.298846116789,4.22636499659461e-11,1,0.999999986828296,0,1.20873253628417e-08,2.44547839756137e-08,0,0,0
1.755,10000.0000074448,2.99999298560838,10000,10000.0000084406,2.99999298560838,2.99999298560838,0,-1.50990647518699e-05,17.8326309751221,1,0,27896.5073383609,-27896.5074286771,2.99999298560838,1.43256994084476,1.43256992899188,1.18528733494827e-08,-1.99659785440457e-05,1.56742302006542,2.99999298461593,1,288.150008033341,99.298846116789,1.92351580461287e-10,1,0.999999986804972,0,1.17170217972529e-08,2.37057466989654e-08,0,0,0
1.77,10000.0000072184,2.99999298583131,10000,10000.0000081826,2.99999298583131,2.99999298583131,0,-1.46723110992754e-05,17.8326309809617,1,0,27896.5073389824,-27896.5074267459,2.99999298583131,1.43256994084476,1.43256992935429,1.14904730175169e-08,-1.93551655660616e-05,1.56742302105788,2.99999298488358,1,288.150008033341,99.298846116789,3.36674592698414e-10,1,0.999999986782323,0,1.13587796946035e-08,2.29809460350339e-08,0,0,0
1.785,10000.0000069983,2.99999298603997,10000,10000.0000079327,2.99999298603997,2.99999298603997,0,-1.42640108293033e-05,17.8326309866362,1,0,27896.507339548,-27896.5074248693,2.99999298603997,1.43256994084476,1.43256992970523,1.11395270785408e-08,-1.87587830549331e-05,1.56742302200561,2.99999298512942,1,288.150008033341,99.298846116789,4.76111138585949e-10,1,0.999999986760314,0,1.1011890732604e-08,2.22790541570816e-08,0,0,0
1.8,10000.0000067843,2.99999298623992,10000,10000.0000076905,2.99999298623992,2.99999298623992,0,-1.38693744348452e-05,17.8326309921528,1,0,27896.5073400842,-27896.5074230449,2.99999298623992,1.43256994084476,1.43256993004532,1.07994360121211e-08,-1.81804254583593e-05,1.56742302291616,2.99999298535979,1,288.150008033341,99.298846116789,6.113513416431e-10,1,0.999999986738918,0,1.06757340745389e-08,2.15988720242422e-08,0,0,0
1.815,10000.0000065763,2.99999298643589,10000,10000.0000074557,2.99999298643589,2.99999298643589,0,-1.34844270650428e-05,17.8326309975169,1,0,27896.5073406128,-27896.5074212709,2.99999298643589,1.43256994084476,1.43256993037514,1.04696182834374e-08,-1.76222215366368e-05,1.56742302379629,2.99999298558028,1,288.150008033341,99.298846116789,7.43017582356674e-10,1,0.999999986718114,0,1.03497164172239e-08,2.09392365668748e-08,0,0,0
1.83,10000.000006374,2.99999298663155,10000,10000.0000072277,2.99999298663155,2.99999298663155,0,-1.31060067882812e-05,17.832631002732,1,0,27896.5073411516,-27896.5074195462,2.99999298663155,1.43256994084476,1.43256993069516,1.01495933879647e-08,-1.70850244518883e-05,1.5674230246519,2.99999298579584,1,288.150008033341,99.298846116789,8.71562676678265e-10,1,0.999999986697888,0,1.00333463759483e-08,2.02991867759295e-08,0,0,0
1.845,10000.0000061774,2.99999298682941,10000,10000.0000070065,2.99999298682941,2.99999298682941,0,-1.27321641037826e-05,17.8326310078007,1,0,27896.5073417115,-27896.50741787,2.99999298682941,1.43256994084476,1.43256993100582,9.83893344574938e-09,-1.65686671054441e-05,1.56742302548761,2.99999298601023,1,288.150008033341,99.298846116789,9.97297193988436e-10,1,0.999999986678229,0,9.72619851324907e-09,1.96778668914988e-08,0,0,0
1.86,10000.0000059864,2.99999298703084,10000,10000.0000067916,2.99999298703084,2.99999298703084,0,-1.2083506078869e-05,17.8326309382033,2,0,27896.5073335893,-27896.5074058677,2.99999298703084,1.43256994084476,1.43256993130747,9.53728429564649e-09,-1.60722414666017e-05,1.56742302630678,2.99999298622611,1,288.150008033341,99.298846116789,4.55786435549491e-11,1,0.99999998665913,0,9.42792666158709e-09,1.9074568591293e-08,0,0,0
1.875,10000.0000058052,2.99999298723624,10000,10000.0000065829,2.99999298723624,2.99999298723624,0,-1.17204282053181e-05,17.8326309428766,1,0,27896.5073342155,-27896.5074043221,2.99999298723624,1.43256994084476,1.4325699316004,9.244354837179e-09,-1.55943429380172e-05,1.56742302711152,2.99999298644498,1,288.150008033341,99.298846116789,1.63881019050294e-10,1,0.999999986641005,0,9.13825237702781e-09,1.8488709674358e-08,0,0,0
1.89,10000.0000056294,2.99999298741767,10000,10000.0000063814,2.99999298741767,2.99999298741767,0,-1.13824437128808e-05,17.8326309474095,1,0,27896.507334738,-27896.507402823,2.99999298741767,1.43256994084476,1.43256993188346,8.96129637162346e-09,-1.51173540739458e-05,1.56742302790277,2.99999298667012,1,288.150008033341,99.298846116789,2.76779266568805e-10,1,0.999999986623424,0,8.85843753906101e-09,1.79225927432469e-08,0,0,0
1.905,10000.0000054586,2.99999298758076,10000,10000.0000061865,2.99999298758076,2.99999298758076,0,-1.10647260383009e-05,17.8326309518116,1,0,27896.5073351826,-27896.5074013672,2.99999298758076,1.43256994084476,1.43256993215721,8.6875515670215e-09,-1.46474309300097e-05,1.56742302865032,2.99999298687018,1,288.150008033341,99.298846116789,3.85089337828828e-10,1,0.999999986606351,0,8.58789239721602e-09,1.7375103134043e-08,0,0,0
1.92,10000.0000052927,2.99999298773103,10000,10000.0000059978,2.99999298773103,2.99999298773103,0,-1.07624497763266e-05,17.8326309560909,1,0,27896.5073355755,-27896.507399952,2.99999298773103,1.43256994084476,1.43256993242218,8.42258129907236e-09,-1.41891264317294e-05,1.5674230293609,2.99999298705082,1,288.150008033341,99.298846116789,4.89496941325471e-10,1,0.999999986589754,0,8.32603541667254e-09,1.68451625981447e-08,0,0,0
1.935,10000.0000051312,2.99999298787362,10000,10000.0000058151,2.99999298787362,2.99999298787362,0,-1.04713250988433e-05,17.8326309602533,1,0,27896.5073359404,-27896.5073985754,2.99999298787362,1.43256994084476,1.4325699326789,8.16585798979474e-09,-1.37455840420336e-05,1.56742303004111,2.99999298721758,1,288.150008033341,99.298846116789,5.90685716011071e-10,1,0.99999998657361,0,8.07233213606651e-09,1.63317159795895e-08,0,0,0
1.95,10000.0000049742,2.99999298801296,10000,10000.0000056379,2.99999298801296,2.99999298801296,0,-1.01875479606739e-05,17.8326309643031,1,0,27896.5073362985,-27896.5073972361,2.99999298801296,1.43256994084476,1.43256993292783,7.91692666979316e-09,-1.33186617657331e-05,1.56742303069715,2.99999298737576,1,288.150008033341,99.298846116789,6.89212092944095e-10,1,0.999999986557903,0,7.82630604767576e-09,1.58338533395863e-08,0,0,0
1.965,10000.0000048213,2.99999298815251,10000,10000.0000054658,2.99999298815251,2.99999298815251,0,-9.90830614759895e-06,17.8326309682431,1,0,27896.5073366658,-27896.5073959331,2.99999298815251,1.43256994084476,1.43256993316939,7.67536501022903e-09,-1.29091091961079e-05,1.56742303133434,2.99999298752983,1,288.150008033341,99.298846116789,7.8547783935544e-10,1,0.999999986542622,0,7.58753104790344e-09,1.53507300204581e-08,0,0,0
1.98,10000.0000046727,2.99999298829473,10000,10000.0000052988,2.99999298829473,2.99999298829473,0,-9.63151525130224e-06,17.8326309720752,1,0,27896.5073370541,-27896.5073946658,2.99999298829473,1.43256994084476,1.43256993340393,7.44082639947408e-09,-1.25167858707345e-05,1.56742303195702,2.99999298768343,1,288.150008033341,99.298846116789,8.79783866759721e-10,1,0.999999986527759,0,7.35566230147811e-09,1.48816527989482e-08,0,0,0
1.995,10000.0000045282,2.99999298844111,10000,10000.0000051366,2.99999298844111,2.99999298844111,0,-9.35595762992585e-06,17.8326309758002,1,0,27896.5073374705,-27896.5073934339,2.99999298844111,1.43256994084476,1.43256993363174,7.21302018114045e-09,-1.21409117989814e-05,1.56742303256832,2.99999298783912,1,288.150008033341,99.298846116789,9.72260418380131e-10,1,0.999999986513312,0,7.13041226063638e-09,1.44260403622809e-08,0,0,0
2.01,10000.0000043879,2.9999929885921,10000,10000.0000049789,2.9999929885921,2.9999929885921,0,-8.82782240985515e-06,17.8326309087916,2,0,27896.5073296309,-27896.5073824353,2.9999929885921,1.43256994084476,1.43256993385304,6.99171986973113e-09,-1.17801821012123e-05,1.56742303317031,2.99999298799851,1,288.150008033341,99.298846116789,4.32408880986658e-11,1,0.999999986499278,0,6.91156865073594e-09,1.39834397394623e-08,0,0,0
2.025,10000.0000042555,2.99999298874737,10000,10000.0000048257,2.99999298874737,2.99999298874737,0,-8.55841031899723e-06,17.8326309122058,1,0,27896.5073301134,-27896.5073813062,2.99999298874737,1.43256994084476,1.43256993406802,6.77673339666285e-09,-1.14330708813713e-05,1.5674230337639,2.99999298816212,1,288.150008033341,99.298846116789,1.30214939529556e-10,1,0.999999986486036,0,6.69894428817486e-09,1.35534667933257e-08,0,0,0
2.04,10000.0000041271,2.99999298888097,10000,10000.0000046779,2.99999298888097,2.99999298888097,0,-8.31076929399809e-06,17.8326309155158,1,0,27896.5073305,-27896.5073802115,2.99999298888097,1.43256994084476,1.43256993427555,6.5692051798294e-09,-1.10834488383727e-05,1.56742303434914,2.99999298833231,1,288.150008033341,99.298846116789,2.1277424238129e-10,1,0.999999986473199,0,6.4937919486141e-09,1.31384103596588e-08,0,0,0
2.055,10000.0000040024,2.99999298899769,10000,10000.0000045352,2.99999298899769,2.99999298899769,0,-8.08067319699693e-06,17.83263091873,1,0,27896.5073308135,-27896.5073791486,2.99999298899769,1.43256994084476,1.43256993447608,6.36867447667555e-09,-1.07369947360027e-05,1.5674230348978,2.99999298847991,1,288.150008033341,99.298846116789,2.91601469820012e-10,1,0.999999986460733,0,6.29561958120917e-09,1.27373489533511e-08,0,0,0
2.07,10000.0000038812,2.99999298910235,10000,10000.0000043971,2.99999298910235,2.99999298910235,0,-7.8639838984841e-06,17.8326309218552,1,0,27896.507331076,-27896.5073781151,2.99999298910235,1.43256994084476,1.43256993467005,6.17470941044473e-09,-1.03979970802675e-05,1.56742303541558,2.99999298860976,1,288.150008033341,99.298846116789,3.67316104973435e-10,1,0.999999986448612,0,6.10395867184366e-09,1.23494188208895e-08,0,0,0
2.085,10000.0000037633,2.99999298919966,10000,10000.0000042634,2.99999298919966,2.99999298919966,0,-7.65670165050204e-06,17.8326309248966,1,0,27896.5073313101,-27896.5073771092,2.99999298919966,1.43256994084476,1.43256993485788,5.98687588393432e-09,-1.00695811715196e-05,1.56742303590818,2.99999298872669,1,288.150008033341,99.298846116789,4.40562603451681e-10,1,0.999999986436816,0,5.91836202268325e-09,1.19737517678686e-08,0,0,0
2.1,10000.0000036484,2.99999298929364,10000,10000.0000041338,2.99999298929364,2.99999298929364,0,-7.45552498187906e-06,17.8326309278578,1,0,27896.5073315341,-27896.5073761299,2.99999298929364,1.43256994084476,1.43256993503997,5.80478975997778e-09,-9.75364451741186e-06,1.56742303638115,2.99999298883549,1,288.150008033341,99.298846116789,5.11777224864932e-10,1,0.999999986425331,0,5.73842751094844e-09,1.16095795199556e-08,0,0,0
2.115,10000.0000035366,2.99999298938765,10000,10000.000004008,2.99999298938765,2.99999298938765,0,-7.25762315032151e-06,17.8326309307413,1,0,27896.5073317642,-27896.5073751763,2.99999298938765,1.43256994084476,1.43256993521665,5.62811219850801e-09,-9.45115524361683e-06,1.5674230368393,2.99999298894029,1,288.150008033341,99.298846116789,5.81386295018196e-10,1,0.999999986414147,0,5.56380852501093e-09,1.1256224397016e-08,0,0,0
2.13,10000.0000034277,2.99999298948412,10000,10000.0000038858,2.99999298948412,2.99999298948412,0,-7.06101538892684e-06,17.8326309335482,1,0,27896.5073320121,-27896.5073742481,2.99999298948412,1.43256994084476,1.43256993538821,5.45655143291413e-09,-9.16222355271568e-06,1.56742303728666,2.99999298904452,1,288.150008033341,99.298846116789,6.49662579644962e-10,1,0.999999986403261,0,5.39420907941235e-09,1.09131028658283e-08,0,0,0
2.145,10000.0000033218,2.99999298958465,10000,10000.0000037671,2.99999298958465,2.99999298958465,0,-6.86444294667307e-06,17.8326309362791,1,0,27896.5073322847,-27896.5073733449,2.99999298958465,1.43256994084476,1.4325699355549,5.28986277004151e-09,-8.88634514398517e-06,1.56742303772626,2.99999298915074,1,288.150008033341,99.298846116789,7.16775367341579e-10,1,0.999999986392669,0,5.22940113434345e-09,1.0579725540083e-08,0,0,0
2.16,10000.0000032188,2.99999298968992,10000,10000.0000036517,2.99999298968992,2.99999298968992,0,-6.66729960814164e-06,17.8326309389339,1,0,27896.507332586,-27896.5073724669,2.99999298968992,1.43256994084476,1.4325699357169,5.12786191286807e-09,-8.62253714104735e-06,1.56742303816016,2.99999298926064,1,288.150008033341,99.298846116789,7.82785916573221e-10,1,0.999999986382372,0,5.06919572984543e-09,1.02557238257361e-08,0,0,0
2.175,10000.0000031188,2.99999298979989,10000,10000.0000035395,2.99999298979989,2.99999298979989,0,-6.46967569769289e-06,17.8326309415125,1,0,27896.5073329153,-27896.5073716142,2.99999298979989,1.43256994084476,1.43256993587435,4.97041185987257e-09,-8.36955124817143e-06,1.56742303858944,2.99999298937502,1,288.150008033341,99.298846116789,8.47708990078116e-10,1,0.999999986372371,0,4.91346541231508e-09,9.94082371974514e-09,0,0,0
2.19,10000.0000030218,2.99999298991386,10000,10000.0000034305,2.99999298991386,2.99999298991386,0,-6.27212126752135e-06,17.8326309440146,1,0,27896.5073332694,-27896.5073707866,2.99999298991386,1.43256994084476,1.43256993602735,4.81741002644753e-09,-8.12598610869763e-06,1.56742303901431,2.99999298949389,1,288.150008033341,99.298846116789,9.11467048988169e-10,1,0.999999986362667,0,4.76211758915213e-09,9.63482005289507e-09,0,0,0
2.205,10000.0000029277,2.99999299003075,10000,10000.0000033246,2.99999299003075,2.99999299003075,0,-6.07545618489798e-06,17.8326309464404,1,0,27896.5073336436,-27896.5073699844,2.99999299003075,1.43256994084476,1.43256993617599,4.66876470817112e-09,-7.89050892954298e-06,1.56742303943428,2.99999298961657,1,288.150008033341,99.298846116789,9.73928332415429e-10,1,0.999999986353259,0,4.61507720928012e-09,9.33752941634225e-09,0,0,0
2.22,10000.0000028366,2.99999299014916,10000,10000.0000032217,2.99999299014916,2.99999299014916,0,-5.6406532421897e-06,17.8326308798704,2,0,27896.507325992,-27896.507359732,2.99999299014916,1.43256994084476,1.43256993632032,4.5244379354159e-09,-7.66186713892722e-06,1.56742303984847,2.9999929897421,1,288.150008033341,99.298846116789,4.21967348234967e-11,1,0.999999986344146,0,4.47230652511621e-09,9.04887587083181e-09,0,0,0
2.235,10000.000002752,2.99999299026757,10000,10000.0000031219,2.99999299026757,2.99999299026757,0,-5.45321282436945e-06,17.832630882052,1,0,27896.5073263916,-27896.5073590105,2.99999299026757,1.43256994084476,1.4325699364604,4.38435665550685e-09,-7.4390047611607e-06,1.56742304025553,2.999992989869,1,288.150008033341,99.298846116789,9.97279535624517e-11,1,0.999999986335684,0,4.33374425234945e-09,8.7687133110137e-09,0,0,0
2.25,10000.0000026702,2.99999299036079,10000,10000.000003026,2.99999299036079,2.99999299036079,0,-5.28898345115297e-06,17.832630884161,1,0,27896.5073266766,-27896.507358313,2.99999299036079,1.43256994084476,1.43256993659507,4.24969193169034e-09,-7.20733872266644e-06,1.5674230406541,2.99999298999824,1,288.150008033341,99.298846116789,1.53177068223638e-10,1,0.999999986327505,0,4.20064871775594e-09,8.49938386338067e-09,0,0,0
2.265,10000.0000025908,2.99999299043325,10000,10000.0000029338,2.99999299043325,2.99999299043325,0,-5.14397869163582e-06,17.8326308862066,1,0,27896.5073268674,-27896.5073576366,2.99999299043325,1.43256994084476,1.43256993672468,4.12007428174377e-09,-6.97310821597462e-06,1.56742304101665,2.99999299010155,1,288.150008033341,99.298846116789,2.0315017889204e-10,1,0.999999986319571,0,4.07262734647418e-09,8.24014856348754e-09,0,0,0
2.28,10000.0000025137,2.99999299049008,10000,10000.0000028449,2.99999299049008,2.99999299049008,0,-5.0138259203728e-06,17.832630888196,1,0,27896.507326988,-27896.5073569786,2.99999299049008,1.43256994084476,1.43256993684965,3.99510602377973e-09,-6.74144056846794e-06,1.56742304134835,2.99999299018332,1,288.150008033341,99.298846116789,2.50346791015135e-10,1,0.999999986311855,0,3.94923782565115e-09,7.99021204755945e-09,0,0,0
2.295,10000.0000024385,2.99999299053639,10000,10000.0000027591,2.99999299053639,2.99999299053639,0,-4.89425036330908e-06,17.8326308901351,1,0,27896.5073270621,-27896.5073563374,2.99999299053639,1.43256994084476,1.43256993697036,3.87440146631945e-09,-6.51619482704986e-06,1.56742304165511,2.99999299024867,1,288.150008033341,99.298846116789,2.95425433094059e-10,1,0.999999986304334,0,3.83006315551881e-09,7.74880293263891e-09,0,0,0
2.31,10000.0000023651,2.99999299057706,10000,10000.000002676,2.99999299057706,2.99999299057706,0,-4.78114110404358e-06,17.832630892028,1,0,27896.5073271125,-27896.5073557113,2.99999299057706,1.43256994084476,1.43256993708717,3.75758757442668e-09,-6.30010818111627e-06,1.56742304194283,2.99999299030276,1,288.150008033341,99.298846116789,3.38937155376764e-10,1,0.999999986296993,0,3.71472386184735e-09,7.51517514885336e-09,0,0,0
2.325,10000.0000022933,2.99999299061634,10000,10000.0000025954,2.99999299061634,2.99999299061634,0,-4.67097838753372e-06,17.8326308938771,1,0,27896.50732716,-27896.5073550998,2.99999299061634,1.43256994084476,1.43256993720043,3.64433216937243e-09,-6.09482952507411e-06,1.56742304221712,2.99999299035055,1,288.150008033341,99.298846116789,3.81400309335843e-10,1,0.999999986289821,0,3.60286289691203e-09,7.28866433874487e-09,0,0,0
2.34,10000.0000022233,2.99999299065773,10000,10000.0000025171,2.99999299065773,2.99999299065773,0,-4.56098184468685e-06,17.8326308956836,1,0,27896.5073272205,-27896.5073545023,2.99999299065773,1.43256994084476,1.43256993731042,3.53434015387677e-09,-5.90107971653438e-06,1.56742304248292,2.99999299039636,1,288.150008033341,99.298846116789,4.23210729513443e-10,1,0.999999986282815,0,3.49418827205739e-09,7.06868030775354e-09,0,0,0
2.355,10000.0000021549,2.99999299070373,10000,10000.000002441,2.99999299070373,2.99999299070373,0,-4.44911165036477e-06,17.8326308974475,1,0,27896.5073273063,-27896.507353919,2.99999299070373,1.43256994084476,1.43256993741737,3.42738792902253e-09,-5.71877638551833e-06,1.56742304274429,2.99999299044382,1,288.150008033341,99.298846116789,4.64605447538489e-10,1,0.999999986275973,0,3.38847705450007e-09,6.85477585804506e-09,0,0,0
2.37,10000.0000020881,2.99999299075595,10000,10000.0000023668,2.99999299075595,2.99999299075595,0,-4.33411310656169e-06,17.8326308991682,1,0,27896.5073274251,-27896.50735335,2.99999299075595,1.43256994084476,1.43256993752147,3.32328742302934e-09,-5.54723843170679e-06,1.5674230430042,2.99999299049553,1,288.150008033341,99.298846116789,5.05741748659508e-10,1,0.9999999862693,0,3.2855451692626e-09,6.64657484605868e-09,0,0,0
2.385,10000.0000020231,2.999992990815,10000,10000.0000022946,2.999992990815,2.999992990815,0,-4.21553285446889e-06,17.8326309008445,1,0,27896.5073275801,-27896.5073527956,2.999992990815,1.43256994084476,1.43256993762284,3.22191961998897e-09,-5.38531846312263e-06,1.56742304326462,2.99999299055322,1,288.150008033341,99.298846116789,5.46664610938791e-10,1,0.999999986262799,0,3.18528003973029e-09,6.44383923997793e-09,0,0,0
2.4,10000.0000019599,2.9999929908807,10000,10000.0000022242,2.9999929908807,2.9999929908807,0,-4.09366444825752e-06,17.8326309024749,1,0,27896.5073277699,-27896.5073522565,2.9999929908807,1.43256994084476,1.43256993772155,3.12320569406666e-09,-5.23161323522211e-06,1.56742304352641,2.99999299061757,1,288.150008033341,99.298846116789,5.87309188703687e-10,1,0.999999986256475,0,3.08760972345112e-09,6.24641138813331e-09,0,0,0
2.415,10000.0000018985,2.99999299095232,10000,10000.0000021557,2.99999299095232,2.99999299095232,0,-3.96903188501815e-06,17.8326309040581,1,0,27896.5073279918,-27896.5073517328,2.99999299095232,1.43256994084476,1.43256993781765,3.02710323474287e-09,-5.08470801283042e-06,1.56742304378953,2.99999299068849,1,288.150008033341,99.298846116789,6.27601392323962e-10,1,0.999999986250335,0,2.9925064648495e-09,6.05420646948573e-09,0,0,0
2.43,10000.0000018389,2.99999299102853,10000,10000.000002089,2.99999299102853,2.99999299102853,0,-3.84278853735233e-06,17.8326309055931,1,0,27896.5073282392,-27896.5073512251,2.99999299102853,1.43256994084476,1.43256993791117,2.93359225800316e-09,-4.94312546398933e-06,1.56742304405335,2.99999299076529,1,288.150008033341,99.298846116789,6.67366000513965e-10,1,0.999999986244381,0,2.8999560530707e-09,5.86718451600632e-09,0,0,0
2.445,10000.0000017813,2.99999299110782,10000,10000.0000020242,2.99999299110782,2.99999299110782,0,-3.7161919982774e-06,17.8326309070793,1,0,27896.507328505,-27896.5073507337,2.99999299110782,1.43256994084476,1.43256993800209,2.84267009931227e-09,-4.80560774567115e-06,1.56742304431659,2.99999299084669,1,288.150008033341,99.298846116789,7.06425722445305e-10,1,0.999999986238617,0,2.80997292101404e-09,5.68534019862454e-09,0,0,0
2.46,10000.0000017255,2.99999299118847,10000,10000.0000019613,2.99999299118847,2.99999299118847,0,-3.59062376730506e-06,17.8326309085165,1,0,27896.5073287807,-27896.5073502583,2.99999299118847,1.43256994084476,1.4325699380904,2.75435318997097e-09,-4.67106795299915e-06,1.56742304457772,2.99999299093118,1,288.150008033341,99.298846116789,7.44614304850897e-10,1,0.999999986233043,0,2.72257327793568e-09,5.50870637994194e-09,0,0,0
2.475,10000.0000016717,2.9999929912688,10000,10000.0000019002,2.9999929912688,2.9999929912688,0,-3.46735475450577e-06,17.8326309099052,1,0,27896.5073290589,-27896.5073497991,2.9999929912688,1.43256994084476,1.43256993817611,2.66865307629871e-09,-4.53868642753967e-06,1.567423044835,2.99999299101707,1,288.150008033341,99.298846116789,7.81754180963325e-10,1,0.999999986227657,0,2.63777466535942e-09,5.33730615259742e-09,0,0,0
2.49,10000.0000016197,2.99999299134738,10000,10000.000001841,2.99999299134738,2.99999299134738,0,-3.34748622227318e-06,17.8326309112462,1,0,27896.5073293324,-27896.5073493556,2.99999299134738,1.43256994084476,1.43256993825919,2.58556598353721e-09,-4.40795893833992e-06,1.56742304508674,2.99999299110263,1,288.150008033341,99.298846116789,8.17716073345867e-10,1,0.999999986222456,0,2.55557464079459e-09,5.17113196707442e-09,0,0,0
2.505,10000.0000015695,2.99999299142298,10000,10000.0000017836,2.99999299142298,2.99999299142298,0,-3.23196831339803e-06,17.8326309125409,1,0,27896.5073295952,-27896.5073489275,2.99999299142298,1.43256994084476,1.43256993833968,2.50507414811807e-09,-4.27862690961626e-06,1.56742304533149,2.9999929911864,1,288.150008033341,99.298846116789,8.52425478459755e-10,1,0.999999986217434,0,2.47596054769872e-09,5.01014829623614e-09,0,0,0
2.52,10000.000001521,2.99999299149461,10000,10000.0000017281,2.99999299149461,2.99999299149461,0,-3.1215873130173e-06,17.8326309137909,1,0,27896.507329842,-27896.507348514,2.99999299149461,1.43256994084476,1.4325699384176,2.42715780807146e-09,-4.15062308202312e-06,1.56742304556807,2.99999299126715,1,288.150008033341,99.298846116789,8.85801684137991e-10,1,0.999999986212586,0,2.39891551068183e-09,4.85431561614291e-09,0,0,0
2.535,10000.0000014742,2.99999299156168,10000,10000.0000016744,2.99999299156168,2.99999299156168,0,-3.01662345824905e-06,17.8326309149981,1,0,27896.5073300707,-27896.5073481149,2.99999299156168,1.43256994084476,1.43256993849298,2.35177743945769e-09,-4.02410966541306e-06,1.56742304579554,2.99999299134385,1,288.150008033341,99.298846116789,9.17795159324249e-10,1,0.999999986207904,0,2.32439623104597e-09,4.70355487891538e-09,0,0,0
2.55,10000.0000014289,2.99999299162387,10000,10000.0000016225,2.99999299162387,2.99999299162387,0,-2.91726202983247e-06,17.8326309161648,1,0,27896.5073302792,-27896.507347729,2.99999299162387,1.43256994084476,1.43256993856588,2.27887908543778e-09,-3.89937393255895e-06,1.56742304601336,2.99999299141588,1,288.150008033341,99.298846116789,9.48460677916495e-10,1,0.999999986203379,0,2.25235297079962e-09,4.55775817087556e-09,0,0,0
2.565,10000.0000013852,2.99999299168121,10000,10000.0000015724,2.99999299168121,2.99999299168121,0,-2.82339649134254e-06,17.8326309172931,1,0,27896.5073304675,-27896.5073473559,2.99999299168121,1.43256994084476,1.43256993863637,2.20838747289065e-09,-3.7768005553339e-06,1.56742304622136,2.99999299148289,1,288.150008033341,99.298846116789,9.77806794024744e-10,1,0.999999986199003,0,2.18269269325333e-09,4.4167749457813e-09,0,0,0
2.58,10000.0000013428,2.99999299173391,10000,10000.0000015238,2.99999299173391,2.99999299173391,0,-2.52080293610244e-06,17.8326308510884,2,0,27896.5073228743,-27896.5073379527,2.99999299173391,1.43256994084476,1.43256993870453,2.14022621847221e-09,-3.65679641223572e-06,1.56742304641968,2.99999299154489,1,288.150008033341,99.298846116789,4.11390605337092e-11,1,0.999999986194768,0,2.11534589844575e-09,4.28045243694442e-09,0,0,0
2.595,10000.000001305,2.99999299178245,10000,10000.0000014769,2.99999299178245,2.99999299178245,0,-2.44052542382387e-06,17.8326308520633,1,0,27896.5073230321,-27896.5073376303,2.99999299178245,1.43256994084476,1.43256993877045,2.07430450593904e-09,-3.53978567629887e-06,1.5674230466087,2.99999299160207,1,288.150008033341,99.298846116789,6.63964500418642e-11,1,0.999999986190987,0,2.05021621901835e-09,4.14860901187808e-09,0,0,0
2.61,10000.0000012684,2.99999299180626,10000,10000.0000014324,2.99999299180626,2.99999299180626,0,-2.38129522451655e-06,17.8326308530071,1,0,27896.5073230743,-27896.5073373182,2.99999299180626,1.43256994084476,1.43256993883317,2.01159267021467e-09,-3.41386697925213e-06,1.56742304678908,2.99999299165702,1,288.150008033341,99.298846116789,8.84670196616736e-11,1,0.999999986187326,0,1.98836547227188e-09,4.02318534042934e-09,0,0,0
2.625,10000.0000012327,2.99999299181115,10000,10000.0000013899,2.99999299181115,2.99999299181115,0,-2.33814160334903e-06,17.8326308539281,1,0,27896.5073230279,-27896.5073370136,2.99999299181115,1.43256994084476,1.43256993889303,1.9517256699686e-09,-3.2854098805303e-06,1.56742304693832,2.99999299168652,1,288.150008033341,99.298846116789,1.0810587655606e-10,1,0.999999986183754,0,1.92937044118935e-09,3.90345133993719e-09,0,0,0
2.64,10000.0000011976,2.99999299180335,10000,10000.0000013491,2.99999299180335,2.99999299180335,0,-2.30584890751272e-06,17.8326308548324,1,0,27896.507322922,-27896.5073367146,2.99999299180335,1.43256994084476,1.43256993895044,1.89431359487457e-09,-3.15948229375084e-06,1.56742304706294,2.99999299169633,1,288.150008033341,99.298846116789,1.26071577125845e-10,1,0.999999986180247,0,1.87281612440415e-09,3.78862718974915e-09,0,0,0
2.655,10000.000001163,2.99999299178877,10000,10000.0000013099,2.99999299178877,2.99999299178877,0,-2.27945335020388e-06,17.8326308557241,1,0,27896.5073227848,-27896.5073364196,2.99999299178877,1.43256994084476,1.43256993900578,1.83897808092581e-09,-3.03973605071764e-06,1.56742304716996,2.99999299169268,1,288.150008033341,99.298846116789,1.43099498893102e-10,1,0.999999986176788,0,1.81829573620007e-09,3.67795616185163e-09,0,0,0
2.67,10000.0000011288,2.9999929917728,10000,10000.0000012718,2.9999929917728,2.9999929917728,0,-2.25462283613901e-06,17.8326308566057,1,0,27896.5073226419,-27896.5073361281,2.9999929917728,1.43256994084476,1.43256993905936,1.78539760753438e-09,-2.92855919399667e-06,1.56742304726606,2.99999299168161,1,288.150008033341,99.298846116789,1.59773942759512e-10,1,0.999999986173369,0,1.76546910424236e-09,3.57079521506876e-09,0,0,0
2.685,10000.000001095,2.99999299175996,10000,10000.0000012347,2.99999299175996,2.99999299175996,0,-2.22774786491748e-06,17.8326308574776,1,0,27896.5073225143,-27896.5073358397,2.99999299175996,1.43256994084476,1.43256993911149,1.73326353269943e-09,-2.82722140642855e-06,1.56742304735725,2.99999299166853,1,288.150008033341,99.298846116789,1.76554899092533e-10,1,0.999999986169987,0,1.71402847470858e-09,3.46652706539885e-09,0,0,0
2.7,10000.0000010616,2.99999299175358,10000,10000.0000011985,2.99999299175358,2.99999299175358,0,-2.19610828368686e-06,17.8326308583393,1,0,27896.5073224186,-27896.5073355548,2.99999299175358,1.43256994084476,1.43256993916238,1.68237379583047e-09,-2.73590679994048e-06,1.56742304744868,2.99999299165818,1,288.150008033341,99.298846116789,1.93795293914948e-10,1,0.999999986166645,0,1.6637551336629e-09,3.36474759166094e-09,0,0,0
2.715,10000.0000010286,2.99999299175597,10000,10000.000001163,2.99999299175597,2.99999299175597,0,-2.15799603563262e-06,17.8326308591886,1,0,27896.5073223657,-27896.5073352739,2.99999299175597,1.43256994084476,1.43256993921221,1.63254521012846e-09,-2.65411498659484e-06,1.56742304754407,2.99999299165392,1,288.150008033341,99.298846116789,2.11690078153332e-10,1,0.999999986163351,0,1.61448387991925e-09,3.26509042025691e-09,0,0,0
2.73,10000.0000009963,2.99999299176817,10000,10000.0000011282,2.99999299176817,2.99999299176817,0,-2.11266015475867e-06,17.8326308600233,1,0,27896.5073223608,-27896.5073349978,2.99999299176817,1.43256994084476,1.43256993926107,1.58368895775141e-09,-2.58065154581067e-06,1.56742304764612,2.99999299165825,1,288.150008033341,99.298846116789,2.30275537790475e-10,1,0.999999986160114,0,1.56613499946445e-09,3.16737791550281e-09,0,0,0
2.745,10000.0000009646,2.99999299179032,10000,10000.000001094,2.99999299179032,2.99999299179032,0,-2.06017764837223e-06,17.8326308608403,1,0,27896.5073224045,-27896.5073347277,2.99999299179032,1.43256994084476,1.43256993930898,1.53577550676687e-09,-2.51404978319531e-06,1.56742304775603,2.99999299167234,1,288.150008033341,99.298846116789,2.49534426636828e-10,1,0.999999986156945,0,1.51867030062647e-09,3.07155101353374e-09,0,0,0
2.76,10000.0000009337,2.99999299182163,10000,10000.0000010605,2.99999299182163,2.99999299182163,0,-2.00125721530077e-06,17.8326308616371,1,0,27896.5073224935,-27896.5073344642,2.99999299182163,1.43256994084476,1.43256993935597,1.48879242267697e-09,-2.45260413336288e-06,1.56742304787401,2.99999299169635,1,288.150008033341,99.298846116789,2.69337191316549e-10,1,0.999999986153855,0,1.47210488243843e-09,2.97758484535393e-09,0,0,0
2.775,10000.0000009037,2.99999299186072,10000,10000.0000010276,2.99999299186072,2.99999299186072,0,-1.93707654624285e-06,17.8326308624111,1,0,27896.5073226214,-27896.5073342082,2.99999299186072,1.43256994084476,1.43256993940197,1.44278655689334e-09,-2.39466441342997e-06,1.56742304799928,2.99999299172962,1,288.150008033341,99.298846116789,2.89447214109117e-10,1,0.999999986150853,0,1.42649181356092e-09,2.88557311378668e-09,0,0,0
2.79,10000.0000008746,2.99999299190576,10000,10000.0000009955,2.99999299190576,2.99999299190576,0,-1.86920068444242e-06,17.8326308631603,1,0,27896.5073227796,-27896.5073339604,2.99999299190576,1.43256994084476,1.43256993944695,1.39780564900605e-09,-2.3386772203203e-06,1.56742304813039,2.99999299177076,1,288.150008033341,99.298846116789,3.09653401654538e-10,1,0.999999986147947,0,1.38189704124159e-09,2.79561129801209e-09,0,0,0
2.805,10000.0000008466,2.9999929919547,10000,10000.0000009642,2.9999929919547,2.9999929919547,0,-1.79934984576255e-06,17.8326308638832,1,0,27896.5073229584,-27896.5073337214,2.9999929919547,1.43256994084476,1.43256993949081,1.35394451206139e-09,-2.28335229069533e-06,1.56742304826539,2.99999299181804,1,288.150008033341,99.298846116789,3.29758457544455e-10,1,0.999999986145144,0,1.33840960536702e-09,2.70788902412278e-09,0,0,0
2.82,10000.0000008196,2.99999299200548,10000,10000.0000009337,2.99999299200548,2.99999299200548,0,-1.72915797472208e-06,17.8326308645791,1,0,27896.507323148,-27896.5073334911,2.99999299200548,1.43256994084476,1.4325699395335,1.311258435166e-09,-2.22768476645661e-06,1.56742304840206,2.99999299186933,1,288.150008033341,99.298846116789,3.49430013214017e-10,1,0.999999986142444,0,1.29610078225539e-09,2.62251687033199e-09,0,0,0
2.835,10000.0000007936,2.9999929920562,10000,10000.0000009041,2.9999929920562,2.9999929920562,0,-1.66019648359039e-06,17.8326308652478,1,0,27896.5073233395,-27896.5073332701,2.9999929920562,1.43256994084476,1.43256993957494,1.26981625214739e-09,-2.17102618300744e-06,1.5674230485382,2.99999299192259,1,288.150008033341,99.298846116789,3.68571627971313e-10,1,0.999999986139851,0,1.25504606707239e-09,2.53963250429479e-09,0,0,0
2.85,10000.0000007687,2.99999299210517,10000,10000.0000008755,2.99999299210517,2.99999299210517,0,-1.59380749972208e-06,17.8326308658899,1,0,27896.5073235242,-27896.5073330577,2.99999299210517,1.43256994084476,1.43256993961508,1.22968302207482e-09,-2.11300563528932e-06,1.56742304867181,2.99999299197593,1,288.150008033341,99.298846116789,3.86965034041505e-10,1,0.99999998613736,0,1.21530541186132e-09,2.45936604414965e-09,0,0,0
2.865,10000.0000007448,2.99999299215109,10000,10000.0000008478,2.99999299215109,2.99999299215109,0,-1.53086242159372e-06,17.8326308665063,1,0,27896.5073236969,-27896.5073328538,2.99999299215109,1.43256994084476,1.43256993965389,1.19087206762458e-09,-2.05357567757124e-06,1.56742304880105,2.99999299202755,1,288.150008033341,99.298846116789,4.04502753171374e-10,1,0.99999998613497,0,1.17690190926112e-09,2.38174413524916e-09,0,0,0
2.88,10000.0000007219,2.999992992193,10000,10000.0000008211,2.999992992193,2.999992992193,0,-1.47217243144165e-06,17.8326308670984,1,0,27896.5073238521,-27896.507332658,2.999992992193,1.43256994084476,1.43256993969135,1.15340914597084e-09,-1.99291395056432e-06,1.56742304892459,2.99999299207617,1,288.150008033341,99.298846116789,4.21130287401974e-10,1,0.999999986132673,0,1.13985110239412e-09,2.30681829194168e-09,0,0,0
2.895,10000.0000006998,2.9999929922304,10000,10000.0000007954,2.9999929922304,2.9999929922304,0,-1.41809998471192e-06,17.8326308676678,1,0,27896.5073239873,-27896.5073324698,2.9999929922304,1.43256994084476,1.43256993972747,1.11728626350782e-09,-1.93142704034789e-06,1.56742304904143,2.99999299212076,1,288.150008033341,99.298846116789,4.3681342029326e-10,1,0.999999986130465,0,1.10414144494086e-09,2.23457252701564e-09,0,0,0
2.91,10000.0000006785,2.99999299226312,10000,10000.0000007706,2.99999299226312,2.99999299226312,0,-1.3685970242128e-06,17.8326308682162,1,0,27896.5073241019,-27896.5073322883,2.99999299226312,1.43256994084476,1.4325699397623,1.08246034358217e-09,-1.86961936402706e-06,1.56742304915107,2.99999299216075,1,288.150008033341,99.298846116789,4.5159864757224e-10,1,0.999999986128338,0,1.06974451519193e-09,2.16492068716434e-09,0,0,0
2.925,10000.000000658,2.99999299229133,10000,10000.0000007467,2.99999299229133,2.99999299229133,0,-1.32355006549154e-06,17.8326308687455,1,0,27896.5073241964,-27896.5073321133,2.99999299229133,1.43256994084476,1.43256993979585,1.04891029195642e-09,-1.80807152958639e-06,1.56742304925344,2.99999299219602,1,288.150008033341,99.298846116789,4.65497006800223e-10,1,0.999999986126285,0,1.03660613426371e-09,2.09782058391283e-09,0,0,0
2.94,10000.0000006381,2.9999929923155,10000,10000.0000007237,2.9999929923155,2.9999929923155,0,-1.28241947839521e-06,17.8326308692574,1,0,27896.5073242731,-27896.507331944,2.9999929923155,1.43256994084476,1.4325699398282,1.01655861506345e-09,-1.74739665859156e-06,1.56742304934875,2.99999299222663,1,288.150008033341,99.298846116789,4.78629083334488e-10,1,0.9999999861243,0,1.00466901464813e-09,2.03311723012689e-09,0,0,0
2.955,10000.0000006189,2.99999299233614,10000,10000.0000007015,2.99999299233614,2.99999299233614,0,-1.24483180643384e-06,17.8326308697534,1,0,27896.507324334,-27896.50733178,2.99999299233614,1.43256994084476,1.43256993985941,9.85350911975047e-10,-1.68807225059805e-06,1.56742304943762,2.99999299225308,1,288.150008033341,99.298846116789,4.91065655536913e-10,1,0.999999986122376,0,9.73867431142139e-10,1.97070182395009e-09,0,0,0
2.97,10000.0000006002,2.99999299235397,10000,10000.0000006801,2.99999299235397,2.99999299235397,0,-1.21010787989778e-06,17.8326308702348,1,0,27896.5073243824,-27896.5073316208,2.99999299235397,1.43256994084476,1.43256993988953,9.55228340870917e-10,-1.63057747837538e-06,1.56742304952068,2.99999299227589,1,288.150008033341,99.298846116789,5.02923997496384e-10,1,0.999999986120509,0,9.44131661739789e-10,1.91045668174183e-09,0,0,0
2.985,10000.0000005821,2.99999299236981,10000,10000.0000006594,2.99999299236981,2.99999299236981,0,-1.17750368081869e-06,17.8326308707028,1,0,27896.5073244226,-27896.507331466,2.99999299236981,1.43256994084476,1.43256993991866,9.26097198927778e-10,-1.5753123459871e-06,1.56742304959876,2.99999299229571,1,288.150008033341,99.298846116789,5.14275577422358e-10,1,0.999999986118694,0,9.15380216071071e-10,1.85219439785556e-09,0,0,0
3,10000.0000005644,2.99999299238433,10000,10000.0000006394,2.99999299238433,2.99999299238433,0,-1.14652705723303e-06,17.8326308711582,1,0,27896.5073244574,-27896.5073313154,2.99999299238433,1.43256994084476,1.43256993994685,8.97912633135434e-10,-1.52248108116935e-06,1.56742304967286,2.99999299231344,1,288.150008033341,99.298846116789,5.25248155086962e-10,1,0.999999986116928,0,8.87552031869632e-10,1.79582526627087e-09,0,0,0
3.015,10000.0000005472,2.99999299239817,10000,10000.0000006199,2.99999299239817,2.99999299239817,0,-1.11656426669221e-06,17.8326308716016,1,0,27896.5073244899,-27896.5073311687,2.99999299239817,1.43256994084476,1.43256993997416,8.70596039703742e-10,-1.47221591270755e-06,1.56742304974374,2.99999299232969,1,288.150008033341,99.298846116789,5.3586435749087e-10,1,0.999999986115208,0,8.60578719397154e-10,1.74119207940748e-09,0,0,0
3.03,10000.0000005305,2.9999929924119,10000,10000.0000006011,2.9999929924119,2.9999929924119,0,-1.08723316767161e-06,17.8326308720335,1,0,27896.5073245226,-27896.5073310259,2.9999929924119,1.43256994084476,1.43256994000065,8.44104564023951e-10,-1.42453934867698e-06,1.56742304981222,2.99999299234519,1,288.150008033341,99.298846116789,5.46254289887985e-10,1,0.999999986113533,0,8.34415203598837e-10,1.6882091280479e-09,0,0,0
3.045,10000.0000005141,2.99999299242595,10000,10000.0000005828,2.99999299242595,2.99999299242595,0,-1.05810761447107e-06,17.832630872454,1,0,27896.5073245577,-27896.5073308869,2.99999299242595,1.43256994084476,1.43256994002637,8.18385359480089e-10,-1.37938844657794e-06,1.56742304987893,2.99999299236046,1,288.150008033341,99.298846116789,5.56443890547376e-10,1,0.999999986111902,0,8.09003752877402e-10,1.63677071896018e-09,0,0,0
3.06,10000.0000004983,2.99999299244061,10000,10000.000000565,2.99999299244061,2.99999299244061,0,-1.02895426915965e-06,17.8326308728632,1,0,27896.5073245967,-27896.5073307515,2.99999299244061,1.43256994084476,1.43256994005136,7.93402454846159e-10,-1.33660689100062e-06,1.56742304994442,2.99999299237598,1,288.150008033341,99.298846116789,5.66458545860047e-10,1,0.999999986110315,0,7.84308618051455e-10,1.58680490969232e-09,0,0,0
3.075,10000.0000004828,2.99999299245596,10000,10000.0000005477,2.99999299245596,2.99999299245596,0,-9.9972623255023e-07,17.8326308732612,1,0,27896.50732464,-27896.5073306199,2.99999299245596,1.43256994084476,1.43256994007564,7.69122321386817e-10,-1.29593882370423e-06,1.56742305000905,2.99999299239205,1,288.150008033341,99.298846116789,5.76318261405867e-10,1,0.999999986108771,0,7.60304930125244e-10,1.53824464277363e-09,0,0,0
3.09,10000.0000004678,2.99999299247209,10000,10000.0000005309,2.99999299247209,2.99999299247209,0,-9.70390501511152e-07,17.8326308736478,1,0,27896.5073246876,-27896.5073304921,2.99999299247209,1.43256994084476,1.43256994009923,7.45523864864595e-10,-1.25718498209048e-06,1.56742305007296,2.99999299240877,1,288.150008033341,99.298846116789,5.86008274446586e-10,1,0.999999986107272,0,7.36968930326043e-10,1.49104772972919e-09,0,0,0
3.105,10000.0000004533,2.99999299248886,10000,10000.0000005146,2.99999299248886,2.99999299248886,0,-9.41011345298822e-07,17.8326308740231,1,0,27896.5073247392,-27896.5073303679,2.99999299248886,1.43256994084476,1.43256994012217,7.22587323309654e-10,-1.22005606061458e-06,1.56742305013628,2.99999299242621,1,288.150008033341,99.298846116789,5.95540312391093e-10,1,0.999999986105816,0,7.14281966907038e-10,1.44517464661931e-09,0,0,0
3.12,10000.0000004392,2.99999299250615,10000,10000.0000004987,2.99999299250615,2.99999299250615,0,-9.11721934444545e-07,17.832630874387,1,0,27896.5073247941,-27896.5073302476,2.99999299250615,1.43256994084476,1.43256994014445,7.00304925160822e-10,-1.18432674789167e-06,1.56742305019892,2.99999299244429,1,288.150008033341,99.298846116789,6.04895473415653e-10,1,0.999999986104405,0,6.92244706002043e-10,1.40060985032164e-09,0,0,0
3.135,10000.0000004255,2.99999299252375,10000,10000.0000004833,2.99999299252375,2.99999299252375,0,-8.82666440523513e-07,17.8326308747396,1,0,27896.5073248512,-27896.507330131,2.99999299252375,1.43256994084476,1.4325699401661,6.78655576180631e-10,-1.14976792336793e-06,1.56742305026078,2.99999299246285,1,288.150008033341,99.298846116789,6.14034436208109e-10,1,0.999999986103037,0,6.70832056570703e-10,1.35731115236126e-09,0,0,0
3.15,10000.0000004123,2.99999299254142,10000,10000.0000004683,2.99999299254142,2.99999299254142,0,-8.53998299147879e-07,17.832630875081,1,0,27896.5073249098,-27896.5073300181,2.99999299254142,1.43256994084476,1.43256994018711,6.57650600643933e-10,-1.11617432384116e-06,1.56742305032168,2.99999299248174,1,288.150008033341,99.298846116789,6.2293926473134e-10,1,0.999999986101713,0,6.50054232664843e-10,1.31530120128787e-09,0,0,0
3.165,10000.0000003994,2.99999299255895,10000,10000.0000004538,2.99999299255895,2.99999299255895,0,-8.25953164257818e-07,17.8326308754113,1,0,27896.5073249683,-27896.5073299088,2.99999299255895,1.43256994084476,1.43256994020749,6.3726757204563e-10,-1.08341291410421e-06,1.56742305038136,2.99999299250066,1,288.150008033341,99.298846116789,6.31622376241817e-10,1,0.999999986100432,0,6.29896801385144e-10,1.27453514409126e-09,0,0,0
3.18,10000.0000003871,2.99999299257611,10000,10000.0000004397,2.99999299257611,2.99999299257611,0,-7.98614991188281e-07,17.8326308757307,1,0,27896.5073250262,-27896.5073298032,2.99999299257611,1.43256994084476,1.43256994022725,6.17512041500845e-10,-1.05135326229811e-06,1.56742305043966,2.99999299251944,1,288.150008033341,99.298846116789,6.40023753999937e-10,1,0.999999986099193,0,6.10356876151741e-10,1.23502408300169e-09,0,0,0
3.195,10000.0000003751,2.99999299259273,10000,10000.000000426,2.99999299259273,2.99999299259273,0,-7.72202063810145e-07,17.8326308760396,1,0,27896.5073250821,-27896.5073297011,2.99999299259273,1.43256994084476,1.4325699402464,5.98360250236851e-10,-1.01994743585988e-06,1.56742305049633,2.9999929925378,1,288.150008033341,99.298846116789,6.4816561109783e-10,1,0.999999986097995,0,5.91417803619265e-10,1.1967205004737e-09,0,0,0
3.21,10000.0000003635,2.99999299260864,10000,10000.0000004128,2.99999299260864,2.99999299260864,0,-7.46781546391369e-07,17.8326308763382,1,0,27896.5073251353,-27896.5073296022,2.99999299260864,1.43256994084476,1.43256994026494,5.79813086432068e-10,-9.89131280936461e-07,1.56742305055125,2.99999299255564,1,288.150008033341,99.298846116789,6.56009178101407e-10,1,0.999999986096837,0,5.73084024679815e-10,1.15962617286414e-09,0,0,0
3.225,10000.0000003523,2.99999299262374,10000,10000.0000004,2.99999299262374,2.99999299262374,0,-7.22428130229946e-07,17.8326308766271,1,0,27896.5073251855,-27896.5073295068,2.99999299262374,1.43256994084476,1.4325699402829,5.61859225811645e-10,-9.58908482327755e-07,1.56742305060426,2.99999299257273,1,288.150008033341,99.298846116789,6.63569217748918e-10,1,0.999999986095717,0,5.55335111229738e-10,1.12371845162329e-09,0,0,0
3.24,10000.0000003415,2.99999299263799,10000,10000.0000003877,2.99999299263799,2.99999299263799,0,-6.99154553376695e-07,17.8326308769064,1,0,27896.5073252323,-27896.5073294143,2.99999299263799,1.43256994084476,1.43256994030028,5.44473133246015e-10,-9.29308733694255e-07,1.56742305065526,2.99999299258897,1,288.150008033341,99.298846116789,6.70850421003917e-10,1,0.999999986094633,0,5.38152189477614e-10,1.08894626649203e-09,0,0,0
3.255,10000.000000331,2.99999299265141,10000,10000.0000003757,2.99999299265141,2.99999299265141,0,-6.76908705623716e-07,17.8326308771768,1,0,27896.507325276,-27896.507329325,2.99999299265141,1.43256994084476,1.43256994031711,5.2765081193229e-10,-9.00381984417449e-07,1.56742305070429,2.99999299260435,1,288.150008033341,99.298846116789,6.77856513043348e-10,1,0.999999986093585,0,5.21525045371618e-10,1.05530162386458e-09,0,0,0
3.27,10000.0000003208,2.99999299266397,10000,10000.0000003641,2.99999299266397,2.99999299266397,0,-6.5574732919739e-07,17.8326308774386,1,0,27896.507325316,-27896.5073292384,2.99999299266397,1.43256994084476,1.43256994033338,5.11375386480495e-10,-8.72140311179307e-07,1.56742305075135,2.99999299261886,1,288.150008033341,99.298846116789,6.84583354781718e-10,1,0.999999986092569,0,5.0543524920954e-10,1.02275077296099e-09,0,0,0
3.285,10000.000000311,2.99999299267576,10000,10000.0000003529,2.99999299267576,2.99999299267576,0,-6.35547096605685e-07,17.8326308776922,1,0,27896.5073253529,-27896.5073291545,2.99999299267576,1.43256994084476,1.43256994034915,4.95612217932262e-10,-8.44646767180098e-07,1.56742305079646,2.99999299263244,1,288.150008033341,99.298846116789,6.9105881606133e-10,1,0.999999986091586,0,4.89863705155358e-10,9.91224435864524e-10,0,0,0
3.3,10000.0000003014,2.9999929926869,10000,10000.000000342,2.9999929926869,2.9999929926869,0,-6.16153993234136e-07,17.8326308779381,1,0,27896.5073253877,-27896.5073290732,2.9999929926869,1.43256994084476,1.43256994036441,4.8035087019116e-10,-8.17977282237006e-07,1.56742305083977,2.99999299264523,1,288.150008033341,99.298846116789,6.9731642347465e-10,1,0.999999986090632,0,4.74787320570158e-10,9.60701740382319e-10,0,0,0
3.315,10000.0000002922,2.99999299269746,10000,10000.0000003315,2.99999299269746,2.99999299269746,0,-5.97573230103534e-07,17.8326308781763,1,0,27896.50732542,-27896.5073289944,2.99999299269746,1.43256994084476,1.43256994037918,4.65581573294571e-10,-7.92137342680226e-07,1.56742305088144,2.99999299265736,1,288.150008033341,99.298846116789,7.03366662704921e-10,1,0.999999986089708,0,4.60184557127263e-10,9.31163146589142e-10,0,0,0
3.33,10000.0000002832,2.9999929927075,10000,10000.0000003213,2.9999929927075,2.9999929927075,0,-5.79744590973639e-07,17.8326308784075,1,0,27896.5073254502,-27896.507328918,2.9999929927075,1.43256994084476,1.43256994039349,4.51263248990585e-10,-7.67131221268011e-07,1.56742305092154,2.99999299266882,1,288.150008033341,99.298846116789,7.09206912331332e-10,1,0.999999986088812,0,4.46048309399316e-10,9.02526497981171e-10,0,0,0
3.345,10000.0000002745,2.99999299271715,10000,10000.0000003114,2.99999299271715,2.99999299271715,0,-5.62498428167615e-07,17.8326308786317,1,0,27896.5073254792,-27896.5073288438,2.99999299271715,1.43256994084476,1.43256994040736,4.37396785457622e-10,-7.42989069563276e-07,1.56742305096022,2.99999299267977,1,288.150008033341,99.298846116789,7.14857729811816e-10,1,0.999999986087942,0,4.32342606160319e-10,8.74793570915244e-10,0,0,0
3.36,10000.0000002661,2.99999299272644,10000,10000.0000003019,2.99999299272644,2.99999299272644,0,-5.45772788438293e-07,17.8326308788493,1,0,27896.5073255073,-27896.5073287718,2.99999299272644,1.43256994084476,1.43256994042079,4.23964863216497e-10,-7.19680721755944e-07,1.5674230509976,2.99999299269028,1,288.150008033341,99.298846116789,7.2034063839092e-10,1,0.999999986087098,0,4.19065893098036e-10,8.47929726432994e-10,0,0,0
3.375,10000.0000002579,2.9999929927355,10000,10000.0000002926,2.9999929927355,2.9999929927355,0,-5.2953698466324e-07,17.8326308790604,1,0,27896.5073255346,-27896.5073287021,2.9999929927355,1.43256994084476,1.43256994043382,4.10935951933311e-10,-6.97236332560391e-07,1.56742305103375,2.99999299270038,1,288.150008033341,99.298846116789,7.25655362129613e-10,1,0.999999986086279,0,4.06193967350532e-10,8.21871903866622e-10,0,0,0
3.39,10000.00000025,2.99999299274437,10000,10000.0000002836,2.99999299274437,2.99999299274437,0,-5.13763803733888e-07,17.8326308792651,1,0,27896.5073255612,-27896.5073286343,2.99999299274437,1.43256994084476,1.43256994044645,3.98305388671361e-10,-6.75598914685456e-07,1.56742305106887,2.99999299271024,1,288.150008033341,99.298846116789,7.30826183662769e-10,1,0.999999986085485,0,3.93707733081783e-10,7.96610777342721e-10,0,0,0
3.405,10000.0000002423,2.9999929927531,10000,10000.0000002749,2.9999929927531,2.9999929927531,0,-4.98335708181303e-07,17.8326308794639,1,0,27896.5073255878,-27896.5073285686,2.9999929927531,1.43256994084476,1.4325699404587,3.8606118302198e-10,-6.547509103196e-07,1.567423051103,2.99999299271988,1,288.150008033341,99.298846116789,7.35861657100399e-10,1,0.999999986084714,0,3.81607412336393e-10,7.72122366043959e-10,0,0,0
3.42,10000.0000002348,2.99999299276171,10000,10000.0000002664,2.99999299276171,2.99999299276171,0,-4.83260804037825e-07,17.8326308796566,1,0,27896.5073256142,-27896.5073285049,2.99999299276171,1.43256994084476,1.43256994047057,3.74185127327564e-10,-6.34651821490004e-07,1.56742305113622,2.99999299272934,1,288.150008033341,99.298846116789,7.40750055033616e-10,1,0.999999986083967,0,3.69867914074007e-10,7.48370254655129e-10,0,0,0
3.435,10000.0000002275,2.99999299277015,10000,10000.0000002582,2.99999299277015,2.99999299277015,0,-4.68524616245704e-07,17.8326308798435,1,0,27896.5073256405,-27896.507328443,2.99999299277015,1.43256994084476,1.43256994048209,3.62669227982337e-10,-6.15216460472834e-07,1.56742305116858,2.99999299273868,1,288.150008033341,99.298846116789,7.45493309035648e-10,1,0.999999986083242,0,3.58481244688846e-10,7.25338455964675e-10,0,0,0
3.45,10000.0000002205,2.99999299277851,10000,10000.0000002503,2.99999299277851,2.99999299277851,0,-4.54133513830351e-07,17.8326308800247,1,0,27896.5073256667,-27896.5073283831,2.99999299277851,1.43256994084476,1.43256994049326,3.51494833239485e-10,-5.96458954808396e-07,1.56742305120006,2.99999299274781,1,288.150008033341,99.298846116789,7.50128670875907e-10,1,0.999999986082539,0,3.47434525593826e-10,7.0298966647897e-10,0,0,0
3.465,10000.0000002137,2.9999929927867,10000,10000.0000002426,2.9999929927867,2.9999929927867,0,-4.40128605955776e-07,17.8326308802003,1,0,27896.5073256924,-27896.5073283251,2.9999929927867,1.43256994084476,1.4325699405041,3.40662831277427e-10,-5.78283011294362e-07,1.56742305123077,2.99999299275685,1,288.150008033341,99.298846116789,7.54623303809503e-10,1,0.999999986081858,0,3.36727534744341e-10,6.81325662554855e-10,0,0,0
3.48,10000.0000002071,2.99999299279476,10000,10000.0000002351,2.99999299279476,2.99999299279476,0,-4.26450255384048e-07,17.8326308803706,1,0,27896.5073257179,-27896.5073282688,2.99999299279476,1.43256994084476,1.4325699405146,3.30159455330659e-10,-5.60694108515689e-07,1.56742305126062,2.99999299276569,1,288.150008033341,99.298846116789,7.5900011077615e-10,1,0.999999986081198,0,3.26341398348973e-10,6.60318910661317e-10,0,0,0
3.495,10000.0000002007,2.99999299280261,10000,10000.0000002278,2.99999299280261,2.99999299280261,0,-4.13156362346168e-07,17.8326308805355,1,0,27896.5073257429,-27896.5073282142,2.99999299280261,1.43256994084476,1.43256994052479,3.19972937035118e-10,-5.436160413923e-07,1.56742305128968,2.99999299277438,1,288.150008033341,99.298846116789,7.63237844470331e-10,1,0.999999986080558,0,3.16274784140091e-10,6.39945874070236e-10,0,0,0
3.51,10000.0000001945,2.99999299281031,10000,10000.0000002208,2.99999299281031,2.99999299281031,0,-4.00171077539524e-07,17.8326308806953,1,0,27896.5073257676,-27896.5073281613,2.99999299281031,1.43256994084476,1.43256994053466,3.10098391409497e-10,-5.27069933154488e-07,1.5674230513179,2.99999299278286,1,288.150008033341,99.298846116789,7.67356234532883e-10,1,0.999999986079938,0,3.06513037173772e-10,6.20196782818994e-10,0,0,0
3.525,10000.0000001885,2.99999299281778,10000,10000.000000214,2.99999299281778,2.99999299281778,0,-3.8763046650697e-07,17.8326308808501,1,0,27896.5073257915,-27896.5073281102,2.99999299281778,1.43256994084476,1.43256994054423,3.00526714624993e-10,-5.10991762784214e-07,1.56742305134535,2.99999299279116,1,288.150008033341,99.298846116789,7.71330308481349e-10,1,0.999999986079338,0,2.97054825182386e-10,6.01053429249987e-10,0,0,0
3.54,10000.0000001827,2.99999299282501,10000,10000.0000002074,2.99999299282501,2.99999299282501,0,-3.75455205932033e-07,17.832630881,1,0,27896.5073258147,-27896.5073280606,2.99999299282501,1.43256994084476,1.4325699405535,2.91254131923324e-10,-4.95358494597941e-07,1.56742305137197,2.99999299279924,1,288.150008033341,99.298846116789,7.75203250774342e-10,1,0.999999986078757,0,2.87881496419118e-10,5.82508263846648e-10,0,0,0
3.555,10000.0000001771,2.99999299283202,10000,10000.000000201,2.99999299283202,2.99999299283202,0,-3.63674245930215e-07,17.8326308811452,1,0,27896.5073258372,-27896.5073280126,2.99999299283202,1.43256994084476,1.43256994056249,2.822631017807e-10,-4.80179012322735e-07,1.56742305139774,2.99999299280703,1,288.150008033341,99.298846116789,7.78933256648414e-10,1,0.999999986078193,0,2.78996825642253e-10,5.645262035614e-10,0,0,0
3.57,10000.0000001716,2.99999299283875,10000,10000.0000001948,2.99999299283875,2.99999299283875,0,-3.52321168635495e-07,17.8326308812858,1,0,27896.5073258587,-27896.5073279661,2.99999299283875,1.43256994084476,1.4325699405712,2.73553846241725e-10,-4.65406586741304e-07,1.56742305142274,2.9999929928146,1,288.150008033341,99.298846116789,7.82540745591981e-10,1,0.999999986077648,0,2.70387490175494e-10,5.47107692483451e-10,0,0,0
3.585,10000.0000001663,2.99999299284519,10000,10000.0000001888,2.99999299284519,2.99999299284519,0,-3.41371655950855e-07,17.8326308814221,1,0,27896.507325879,-27896.507327921,2.99999299284519,1.43256994084476,1.43256994057964,2.65120592146673e-10,-4.51031649038072e-07,1.56742305144688,2.99999299282188,1,288.150008033341,99.298846116789,7.86046275062978e-10,1,0.999999986077119,0,2.62052157751214e-10,5.30241184293345e-10,0,0,0
3.6,10000.0000001612,2.99999299285142,10000,10000.000000183,2.99999299285142,2.99999299285142,0,-3.30804863793132e-07,17.8326308815541,1,0,27896.5073258987,-27896.5073278774,2.99999299285142,1.43256994084476,1.43256994058781,2.56947796373197e-10,-4.37100394882865e-07,1.56742305147019,2.99999299282884,1,288.150008033341,99.298846116789,7.89435634201223e-10,1,0.999999986076607,0,2.53972842756411e-10,5.13895592746394e-10,0,0,0
3.615,10000.0000001562,2.9999929928574,10000,10000.0000001773,2.9999929928574,2.9999929928574,0,-3.20594737058377e-07,17.832630881682,1,0,27896.5073259174,-27896.5073278351,2.9999929928574,1.43256994084476,1.43256994059573,2.49024356691052e-10,-4.23568329693185e-07,1.56742305149277,2.99999299283557,1,288.150008033341,99.298846116789,7.92724275592544e-10,1,0.999999986076111,0,2.46145104298989e-10,4.98048713382104e-10,0,0,0
3.63,10000.0000001514,2.99999299286312,10000,10000.0000001719,2.99999299286312,2.99999299286312,0,-3.10713483635708e-07,17.8326308818061,1,0,27896.5073259355,-27896.507327794,2.99999299286312,1.43256994084476,1.4325699406034,2.41353603769312e-10,-4.10427624988784e-07,1.56742305151459,2.99999299284206,1,288.150008033341,99.298846116789,7.95876189193178e-10,1,0.99999998607563,0,2.3856139286238e-10,4.82707207538624e-10,0,0,0
3.645,10000.0000001468,2.99999299286865,10000,10000.0000001666,2.99999299286865,2.99999299286865,0,-3.01181947608288e-07,17.8326308819262,1,0,27896.5073259527,-27896.5073277542,2.99999299286865,1.43256994084476,1.43256994061084,2.33915553593533e-10,-3.97699007878559e-07,1.56742305153566,2.99999299284825,1,288.150008033341,99.298846116789,7.9894766656579e-10,1,0.999999986075164,0,2.31210162127127e-10,4.67831107187067e-10,0,0,0
3.66,10000.0000001422,2.99999299287399,10000,10000.0000001614,2.99999299287399,2.99999299287399,0,-2.91948597770523e-07,17.8326308820427,1,0,27896.5073259694,-27896.5073277157,2.99999299287399,1.43256994084476,1.43256994061805,2.26711538431346e-10,-3.85371796715704e-07,1.56742305155606,2.99999299285424,1,288.150008033341,99.298846116789,8.01910699898564e-10,1,0.999999986074712,0,2.24096519119144e-10,4.53423076862691e-10,0,0,0
3.675,10000.0000001379,2.99999299287916,10000,10000.0000001565,2.99999299287916,2.99999299287916,0,-2.83041805235605e-07,17.8326308821556,1,0,27896.5073259854,-27896.5073276784,2.99999299287916,1.43256994084476,1.43256994062503,2.19729345829478e-10,-3.73437672625326e-07,1.56742305157581,2.99999299286003,1,288.150008033341,99.298846116789,8.04806404107367e-10,1,0.999999986074274,0,2.17188711459926e-10,4.39458691658956e-10,0,0,0
3.69,10000.0000001336,2.99999299288418,10000,10000.0000001516,2.99999299288418,2.99999299288418,0,-2.74376456663963e-07,17.8326308822651,1,0,27896.507326001,-27896.5073276422,2.99999299288418,1.43256994084476,1.4325699406318,2.12962314449783e-10,-3.61890156861139e-07,1.56742305159494,2.99999299286563,1,288.150008033341,99.298846116789,8.07585662044384e-10,1,0.99999998607385,0,2.1049828546893e-10,4.25924628899566e-10,0,0,0
3.705,10000.0000001295,2.99999299288902,10000,10000.000000147,2.99999299288902,2.99999299288902,0,-2.65938076997845e-07,17.8326308823712,1,0,27896.5073260164,-27896.5073276071,2.99999299288902,1.43256994084476,1.43256994063835,2.06408223846211e-10,-3.50697379835022e-07,1.56742305161349,2.99999299287107,1,288.150008033341,99.298846116789,8.10289588625483e-10,1,0.999999986073438,0,2.04023020700106e-10,4.12816447692421e-10,0,0,0
3.72,10000.0000001255,2.99999299289376,10000,10000.0000001424,2.99999299289376,2.99999299289376,0,-2.57790356491353e-07,17.8326308824741,1,0,27896.5073260311,-27896.5073275731,2.99999299289376,1.43256994084476,1.43256994064471,2.00051086807207e-10,-3.39888169357676e-07,1.56742305163144,2.9999929928763,1,288.150008033341,99.298846116789,8.12909215832102e-10,1,0.999999986073039,0,1.97737604068493e-10,4.00102173614414e-10,0,0,0
3.735,10000.0000001216,2.99999299289834,10000,10000.0000001381,2.99999299289834,2.99999299289834,0,-2.49890448973547e-07,17.8326308825738,1,0,27896.5073260454,-27896.5073275401,2.99999299289834,1.43256994084476,1.43256994065087,1.93884908128439e-10,-3.29404504744318e-07,1.5674230516489,2.99999299288143,1,288.150008033341,99.298846116789,8.15469240207666e-10,1,0.999999986072653,0,1.91644033975535e-10,3.87769816256878e-10,0,0,0
3.75,10000.0000001179,2.99999299290279,10000,10000.0000001338,2.99999299290279,2.99999299290279,0,-2.42215194352025e-07,17.8326308826705,1,0,27896.5073260593,-27896.5073275081,2.99999299290279,1.43256994084476,1.43256994065684,1.87915016880424e-10,-3.19254847311092e-07,1.56742305166581,2.9999929928864,1,288.150008033341,99.298846116789,8.17924407750815e-10,1,0.999999986072278,0,1.85737425439925e-10,3.75830033760849e-10,0,0,0
3.765,10000.0000001143,2.99999299290711,10000,10000.0000001297,2.99999299290711,2.99999299290711,0,-2.34820176848549e-07,17.8326308827641,1,0,27896.5073260726,-27896.5073274772,2.99999299290711,1.43256994084476,1.43256994066263,1.82125869940819e-10,-3.09418962802194e-07,1.56742305168221,2.99999299289122,1,288.150008033341,99.298846116789,8.20341909616006e-10,1,0.999999986071914,0,1.80019776863105e-10,3.64251739881638e-10,0,0,0
3.78,10000.0000001107,2.99999299291129,10000,10000.0000001257,2.99999299291129,2.99999299291129,0,-2.27584384980326e-07,17.8326308828549,1,0,27896.5073260858,-27896.5073274471,2.99999299291129,1.43256994084476,1.43256994066824,1.76514802774363e-10,-2.99881092763357e-07,1.5674230516981,2.99999299289589,1,288.150008033341,99.298846116789,8.22640067849567e-10,1,0.999999986071562,0,1.74473102632078e-10,3.53029605548727e-10,0,0,0
3.795,10000.0000001073,2.99999299291536,10000,10000.0000001218,2.99999299291536,2.99999299291536,0,-2.20580194036109e-07,17.8326308829429,1,0,27896.5073260986,-27896.507327418,2.99999299291536,1.43256994084476,1.43256994067368,1.71077818578169e-10,-2.90655788433504e-07,1.5674230517135,2.99999299290041,1,288.150008033341,99.298846116789,8.2488510781934e-10,1,0.999999986071221,0,1.69099401148287e-10,3.42155637156338e-10,0,0,0
3.81,10000.000000104,2.99999299291929,10000,10000.0000001181,2.99999299291929,2.99999299291929,0,-2.13804130002036e-07,17.8326308830283,1,0,27896.5073261109,-27896.5073273898,2.99999299291929,1.43256994084476,1.43256994067895,1.65806257612644e-10,-2.81700734458013e-07,1.56742305172845,2.99999299290482,1,288.150008033341,99.298846116789,8.27074408104515e-10,1,0.99999998607089,0,1.63889568582931e-10,3.31612515225288e-10,0,0,0
3.825,10000.0000001008,2.99999299292313,10000,10000.0000001144,2.99999299292313,2.99999299292313,0,-2.07205240674827e-07,17.8326308831109,1,0,27896.5073261231,-27896.5073273625,2.99999299292313,1.43256994084476,1.43256994068406,1.60699675788578e-10,-2.73036623476458e-07,1.56742305174292,2.99999299290908,1,288.150008033341,99.298846116789,8.2918768718619e-10,1,0.999999986070569,0,1.58839164043911e-10,3.21399351577156e-10,0,0,0
3.84,10000.0000000977,2.99999299292688,10000,10000.0000001109,2.99999299292688,2.99999299292688,0,-2.00815950183842e-07,17.8326308831911,1,0,27896.5073261347,-27896.5073273359,2.99999299292688,1.43256994084476,1.43256994068902,1.55742974072837e-10,-2.64652746997298e-07,1.56742305175697,2.99999299291322,1,288.150008033341,99.298846116789,8.31234051052443e-10,1,0.999999986070258,0,1.53939083702426e-10,3.11485948145673e-10,0,0,0
3.855,10000.0000000947,2.9999929929305,10000,10000.0000001075,2.9999929929305,2.9999929929305,0,-1.94622941475952e-07,17.8326308832688,1,0,27896.5073261462,-27896.5073273103,2.9999929929305,1.43256994084476,1.43256994069381,1.50943257892777e-10,-2.56513941303491e-07,1.56742305177063,2.99999299291728,1,288.150008033341,99.298846116789,8.33225227112162e-10,1,0.999999986069957,0,1.49197987298066e-10,3.01886515785554e-10,0,0,0
3.87,10000.0000000918,2.99999299293401,10000,10000.0000001042,2.99999299293401,2.99999299293401,0,-1.88623898541915e-07,17.832630883344,1,0,27896.5073261571,-27896.5073272854,2.99999299293401,1.43256994084476,1.43256994069847,1.46290979330388e-10,-2.48619644800114e-07,1.56742305178385,2.99999299292119,1,288.150008033341,99.298846116789,8.35159559731152e-10,1,0.999999986069665,0,1.44599887619279e-10,2.92581958660776e-10,0,0,0
3.885,10000.0000000889,2.99999299293741,10000,10000.000000101,2.99999299293741,2.99999299293741,0,-1.82799714305503e-07,17.832630883417,1,0,27896.5073261679,-27896.5073272613,2.99999299293741,1.43256994084476,1.43256994070298,1.41781253404361e-10,-2.409694201166e-07,1.56742305179667,2.99999299292499,1,288.150008033341,99.298846116789,8.37018560994225e-10,1,0.999999986069382,0,1.40142564220014e-10,2.83562506808721e-10,0,0,0
3.9,10000.0000000862,2.99999299294072,10000,10000.0000000978,2.99999299294072,2.99999299294072,0,-1.77124912665073e-07,17.8326308834876,1,0,27896.5073261784,-27896.5073272379,2.99999299294072,1.43256994084476,1.43256994070735,1.37411637624041e-10,-2.33562926628411e-07,1.56742305180909,2.99999299292867,1,288.150008033341,99.298846116789,8.38826513536253e-10,1,0.999999986069108,0,1.35823796654222e-10,2.74823275248082e-10,0,0,0
3.915,10000.0000000835,2.99999299294393,10000,10000.0000000948,2.99999299294393,2.99999299294393,0,-1.71672447911688e-07,17.8326308835562,1,0,27896.5073261884,-27896.5073272152,2.99999299294393,1.43256994084476,1.43256994071158,1.33178357231145e-10,-2.26373075121444e-07,1.56742305182114,2.99999299293226,1,288.150008033341,99.298846116789,8.40578174515618e-10,1,0.999999986068843,0,1.31635813360731e-10,2.6635671446229e-10,0,0,0
3.93,10000.000000081,2.99999299294704,10000,10000.0000000919,2.99999299294704,2.99999299294704,0,-1.66326519583345e-07,17.8326308836226,1,0,27896.5073261984,-27896.5073271933,2.99999299294704,1.43256994084476,1.43256994071569,1.29068311593983e-10,-2.19405592429987e-07,1.56742305183281,2.99999299293571,1,288.150008033341,99.298846116789,8.42282236011847e-10,1,0.999999986068585,0,1.27579280473356e-10,2.58136623187966e-10,0,0,0
3.945,10000.0000000785,2.99999299295007,10000,10000.0000000891,2.99999299295007,2.99999299295007,0,-1.61193664105087e-07,17.8326308836869,1,0,27896.5073262078,-27896.507327172,2.99999299295007,1.43256994084476,1.43256994071967,1.25091936808985e-10,-2.12664938617069e-07,1.56742305184414,2.99999299293908,1,288.150008033341,99.298846116789,8.4393952584204e-10,1,0.999999986068335,0,1.2364309576185e-10,2.50183873617971e-10,0,0,0
3.96,10000.0000000761,2.99999299295297,10000,10000.0000000863,2.99999299295297,2.99999299295297,0,-1.56244352359103e-07,17.8326308837493,1,0,27896.5073262168,-27896.5073271514,2.99999299295297,1.43256994084476,1.43256994072352,1.21239462913536e-10,-2.06100939312381e-07,1.56742305185513,2.99999299294237,1,288.150008033341,99.298846116789,8.45510998633073e-10,1,0.999999986068094,0,1.19836807144225e-10,2.42478925827072e-10,0,0,0
3.975,10000.0000000737,2.99999299295581,10000,10000.0000000837,2.99999299295581,2.99999299295581,0,-1.51390575994271e-07,17.8326308838097,1,0,27896.5073262258,-27896.5073271313,2.99999299295581,1.43256994084476,1.43256994072726,1.17501786078833e-10,-1.99754990483368e-07,1.56742305186574,2.9999929929455,1,288.150008033341,99.298846116789,8.47072123710382e-10,1,0.999999986067859,0,1.16142429007482e-10,2.35003572157666e-10,0,0,0
3.99,10000.0000000714,2.99999299295851,10000,10000.0000000811,2.99999299295851,2.99999299295851,0,-1.46712237329372e-07,17.8326308838682,1,0,27896.5073262345,-27896.507327112,2.99999299295851,1.43256994084476,1.43256994073087,1.13885789687629e-10,-1.9357885953556e-07,1.56742305187605,2.99999299294858,1,288.150008033341,99.298846116789,8.48569644840661e-10,1,0.999999986067632,0,1.12565068377535e-10,2.27771579375258e-10,0,0,0
4.005,10000.0000000692,2.99999299296112,10000,10000.0000000786,2.99999299296112,2.99999299296112,0,-1.42213389380577e-07,17.8326308839249,1,0,27896.5073262427,-27896.5073270933,2.99999299296112,1.43256994084476,1.43256994073438,1.10373488126925e-10,-1.87588630757502e-07,1.56742305188598,2.99999299295149,1,288.150008033341,99.298846116789,8.50020670243936e-10,1,0.999999986067412,0,1.0909828596084e-10,2.20746976253849e-10,0,0,0
4.02,10000.0000000671,2.99999299296366,10000,10000.0000000762,2.99999299296366,2.99999299296366,0,-1.37885926115546e-07,17.83263088398,1,0,27896.5073262504,-27896.5073270752,2.99999299296366,1.43256994084476,1.43256994073779,1.06972875002498e-10,-1.8179683060571e-07,1.56742305189561,2.99999299295432,1,288.150008033341,99.298846116789,8.51419543170036e-10,1,0.999999986067199,0,1.05738751088325e-10,2.13945750004996e-10,0,0,0
4.035,10000.000000065,2.99999299296612,10000,10000.0000000738,2.99999299296612,2.99999299296612,0,-1.33630838139266e-07,17.8326308840333,1,0,27896.5073262581,-27896.5073270575,2.99999299296612,1.43256994084476,1.43256994074108,1.03674624440941e-10,-1.76186390758881e-07,1.56742305190495,2.99999299295706,1,288.150008033341,99.298846116789,8.52807654473863e-10,1,0.999999986066992,0,1.02475361529741e-10,2.07349248881883e-10,0,0,0
4.05,10000.000000063,2.99999299296854,10000,10000.0000000715,2.99999299296854,2.99999299296854,0,-1.29487497608819e-07,17.832630884085,1,0,27896.5073262658,-27896.5073270404,2.99999299296854,1.43256994084476,1.43256994074427,1.00484731646588e-10,-1.70770842330465e-07,1.56742305191401,2.99999299295974,1,288.150008033341,99.298846116789,8.54104429957877e-10,1,0.999999986066792,0,9.93201076937567e-11,2.00969463293177e-10,0,0,0
4.065,10000.0000000611,2.99999299297086,10000,10000.0000000693,2.99999299297086,2.99999299297086,0,-1.25491802667425e-07,17.8326308841351,1,0,27896.5073262731,-27896.5073270238,2.99999299297086,1.43256994084476,1.43256994074737,9.73858771402547e-11,-1.65507075491323e-07,1.56742305192281,2.99999299296234,1,288.150008033341,99.298846116789,8.55384373160898e-10,1,0.999999986066597,0,9.62621093947291e-11,1.94771754280509e-10,0,0,0
4.08,10000.0000000592,2.99999299297313,10000,10000.0000000672,2.99999299297313,2.99999299297313,0,-1.21621751227303e-07,17.8326308841836,1,0,27896.5073262803,-27896.5073270077,2.99999299297313,1.43256994084476,1.43256994075038,9.43825018140387e-11,-1.60415164143651e-07,1.56742305193133,2.99999299296485,1,288.150008033341,99.298846116789,8.56619614240627e-10,1,0.999999986066409,0,9.32931509822765e-11,1.88765003628077e-10,0,0,0
4.095,10000.0000000574,2.99999299297534,10000,10000.0000000651,2.99999299297534,2.99999299297534,0,-1.17876764286144e-07,17.8326308842306,1,0,27896.5073262871,-27896.5073269922,2.99999299297534,1.43256994084476,1.43256994075329,9.14712749988666e-11,-1.55483917922757e-07,1.56742305193961,2.99999299296731,1,288.150008033341,99.298846116789,8.57837195222266e-10,1,0.999999986066227,0,9.0412788367189e-11,1.82942549997733e-10,0,0,0
4.11,10000.0000000556,2.99999299297744,10000,10000.0000000631,2.99999299297744,2.99999299297744,0,-1.14237734767718e-07,17.8326308842762,1,0,27896.5073262938,-27896.5073269771,2.99999299297744,1.43256994084476,1.4325699407561,8.86570816760468e-11,-1.50677797828408e-07,1.56742305194764,2.99999299296971,1,288.150008033341,99.298846116789,8.59003313574312e-10,1,0.99999998606605,0,8.76292371998488e-11,1.77314163352094e-10,0,0,0
4.125,10000.0000000539,2.99999299297947,10000,10000.0000000612,2.99999299297947,2.99999299297947,0,-1.10745771836034e-07,17.8326308843204,1,0,27896.5073263001,-27896.5073269625,2.99999299297947,1.43256994084476,1.43256994075884,8.59217141879753e-11,-1.46022773930285e-07,1.56742305195536,2.99999299297197,1,288.150008033341,99.298846116789,8.60126937315328e-10,1,0.999999986065878,0,8.49280645809358e-11,1.71843428375951e-10,0,0,0
4.14,10000.0000000522,2.99999299298144,10000,10000.0000000593,2.99999299298144,2.99999299298144,0,-1.07316920156142e-07,17.8326308843632,1,0,27896.5073263064,-27896.5073269483,2.99999299298144,1.43256994084476,1.43256994076148,8.32796054339724e-11,-1.41512247803546e-07,1.56742305196287,2.99999299297419,1,288.150008033341,99.298846116789,8.61228761872764e-10,1,0.999999986065712,0,8.23159318485978e-11,1.66559210867945e-10,0,0,0
4.155,10000.0000000506,2.99999299298334,10000,10000.0000000575,2.99999299298334,2.99999299298334,0,-1.04029924042203e-07,17.8326308844047,1,0,27896.5073263123,-27896.5073269346,2.99999299298334,1.43256994084476,1.43256994076404,8.07138800240637e-11,-1.37141080589758e-07,1.56742305197012,2.99999299297631,1,288.150008033341,99.298846116789,8.62288505727718e-10,1,0.999999986065551,0,7.97790722373293e-11,1.61427760048127e-10,0,0,0
4.17,10000.0000000491,2.99999299298523,10000,10000.0000000557,2.99999299298523,2.99999299298523,0,-1.00825146256285e-07,17.832630884445,1,0,27896.5073263182,-27896.5073269213,2.99999299298523,1.43256994084476,1.43256994076653,7.82254261366688e-11,-1.32932094077392e-07,1.56742305197716,2.99999299297837,1,288.150008033341,99.298846116789,8.63302029794699e-10,1,0.999999986065395,0,7.73179298363402e-11,1.56450852273338e-10,0,0,0
4.185,10000.0000000476,2.99999299298706,10000,10000.000000054,2.99999299298706,2.99999299298706,0,-9.76910067521889e-08,17.8326308844839,1,0,27896.5073263241,-27896.5073269084,2.99999299298706,1.43256994084476,1.43256994076895,7.58093587904796e-11,-1.28849414022293e-07,1.56742305198402,2.9999929929804,1,288.150008033341,99.298846116789,8.64292099043904e-10,1,0.999999986065244,0,7.49351691808897e-11,1.51618717580959e-10,0,0,0
4.2,10000.0000000461,2.99999299298879,10000,10000.0000000523,2.99999299298879,2.99999299298879,0,-9.46836687539855e-08,17.8326308845217,1,0,27896.5073263295,-27896.5073268959,2.99999299298879,1.43256994084476,1.43256994077128,7.34774463495569e-11,-1.2486510153502e-07,1.56742305199068,2.9999929929824,1,288.150008033341,99.298846116789,8.65269475097608e-10,1,0.999999986065098,0,7.26263493788792e-11,1.46954892699114e-10,0,0,0
4.215,10000.0000000447,2.99999299299048,10000,10000.0000000507,2.99999299299048,2.99999299299048,0,-9.17805511715843e-08,17.8326308845584,1,0,27896.5073263348,-27896.5073268838,2.99999299299048,1.43256994084476,1.43256994077355,7.12103709332723e-11,-1.21011045657488e-07,1.56742305199708,2.99999299298426,1,288.150008033341,99.298846116789,8.66205184357378e-10,1,0.999999986064956,0,7.03892499842595e-11,1.42420741866545e-10,0,0,0
4.23,10000.0000000433,2.99999299299213,10000,10000.0000000491,2.99999299299213,2.99999299299213,0,-8.89735479726452e-08,17.8326308845939,1,0,27896.5073263398,-27896.507326872,2.99999299299213,1.43256994084476,1.43256994077574,6.9019678861082e-11,-1.17285257665067e-07,1.5674230520033,2.9999929929861,1,288.150008033341,99.298846116789,8.67109298597908e-10,1,0.999999986064818,0,6.8225869398475e-11,1.38039357722164e-10,0,0,0
4.245,10000.000000042,2.99999299299374,10000,10000.0000000476,2.99999299299374,2.99999299299374,0,-8.62528161178978e-08,17.8326308846283,1,0,27896.5073263447,-27896.5073268606,2.99999299299374,1.43256994084476,1.43256994077787,6.68916033674805e-11,-1.13686188737457e-07,1.56742305200933,2.99999299298787,1,288.150008033341,99.298846116789,8.68003479033262e-10,1,0.999999986064684,0,6.61195542761561e-11,1.33783206734961e-10,0,0,0
4.26,10000.0000000407,2.9999929929953,10000,10000.0000000462,2.9999929929953,2.9999929929953,0,-8.35743514317814e-08,17.8326308846616,1,0,27896.5073263498,-27896.5073268497,2.9999929929953,1.43256994084476,1.43256994077992,6.48352482812697e-11,-1.10185808716753e-07,1.5674230520152,2.99999299298963,1,288.150008033341,99.298846116789,8.68849094198866e-10,1,0.999999986064555,0,6.4082295025969e-11,1.29670496562539e-10,0,0,0
4.275,10000.0000000394,2.9999929929968,10000,10000.0000000447,2.9999929929968,2.9999929929968,0,-8.09862111060268e-08,17.832630884694,1,0,27896.5073263545,-27896.5073268389,2.9999929929968,1.43256994084476,1.43256994078192,6.28350704801051e-11,-1.06789111629471e-07,1.56742305202087,2.9999929929913,1,288.150008033341,99.298846116789,8.69669185003949e-10,1,0.99999998606443,0,6.21056539529263e-11,1.2567014096021e-10,0,0,0
4.29,10000.0000000382,2.99999299299826,10000,10000.0000000434,2.99999299299826,2.99999299299826,0,-7.8476815094434e-08,17.8326308847253,1,0,27896.5073263591,-27896.5073268286,2.99999299299826,1.43256994084476,1.43256994078386,6.08977313021342e-11,-1.03499986827375e-07,1.56742305202637,2.99999299299292,1,288.150008033341,99.298846116789,8.70477548400143e-10,1,0.999999986064308,0,6.01909633246578e-11,1.21795462604268e-10,0,0,0
4.305,10000.000000037,2.99999299299968,10000,10000.000000042,2.99999299299968,2.99999299299968,0,-7.60392153692826e-08,17.8326308847556,1,0,27896.5073263637,-27896.5073268186,2.99999299299968,1.43256994084476,1.43256994078574,5.90181237214438e-11,-1.00321463340662e-07,1.5674230520317,2.9999929929945,1,288.150008033341,99.298846116789,8.71254178807581e-10,1,0.99999998606419,0,5.83355586059042e-11,1.18036247442888e-10,0,0,0
4.32,10000.0000000359,2.99999299300105,10000,10000.0000000407,2.99999299300105,2.99999299300105,0,-7.37069940645534e-08,17.832630884785,1,0,27896.507326368,-27896.5073268089,2.99999299300105,1.43256994084476,1.43256994078756,5.72013547639472e-11,-9.72290762449776e-08,1.56742305203689,2.99999299299605,1,288.150008033341,99.298846116789,8.72015218659674e-10,1,0.999999986064076,0,5.65398838858755e-11,1.14402709527894e-10,0,0,0
4.335,10000.0000000348,2.99999299300238,10000,10000.0000000395,2.99999299300238,2.99999299300238,0,-7.14390420162356e-08,17.8326308848135,1,0,27896.5073263721,-27896.5073267994,2.99999299300238,1.43256994084476,1.43256994078932,5.5439430823867e-11,-9.42305961735227e-08,1.56742305204189,2.99999299299753,1,288.150008033341,99.298846116789,8.72733763900736e-10,1,0.999999986063966,0,5.47974998710288e-11,1.10878861647734e-10,0,0,0
4.35,10000.0000000337,2.99999299300368,10000,10000.0000000383,2.99999299300368,2.99999299300368,0,-6.92237791781289e-08,17.8326308848412,1,0,27896.5073263762,-27896.5073267902,2.99999299300368,1.43256994084476,1.43256994079103,5.37296873659443e-11,-9.13320749015175e-08,1.56742305204674,2.99999299299896,1,288.150008033341,99.298846116789,8.73439477976778e-10,1,0.999999986063859,0,5.31055199815e-11,1.07459374731889e-10,0,0,0
4.365,10000.0000000327,2.99999299300491,10000,10000.0000000371,2.99999299300491,2.99999299300491,0,-6.70942086819041e-08,17.832630884868,1,0,27896.5073263801,-27896.5073267814,2.99999299300491,1.43256994084476,1.43256994079269,5.20716803009691e-11,-8.85114016207987e-08,1.56742305205146,2.99999299300036,1,288.150008033341,99.298846116789,8.74140639058783e-10,1,0.999999986063755,0,5.14717157784617e-11,1.04143360601938e-10,0,0,0
4.38,10000.0000000317,2.99999299300611,10000,10000.0000000359,2.99999299300611,2.99999299300611,0,-6.50358554698107e-08,17.8326308848939,1,0,27896.5073263838,-27896.5073267729,2.99999299300611,1.43256994084476,1.43256994079429,5.04705166548547e-11,-8.57781803520986e-08,1.56742305205601,2.99999299300171,1,288.150008033341,99.298846116789,8.74787578120867e-10,1,0.999999986063654,0,4.98872054777166e-11,1.00941033309709e-10,0,0,0
4.395,10000.0000000307,2.99999299300729,10000,10000.0000000348,2.99999299300729,2.99999299300729,0,-6.30417715141286e-08,17.832630884919,1,0,27896.5073263875,-27896.5073267645,2.99999299300729,1.43256994084476,1.43256994079584,4.89133178405154e-11,-8.31398907142843e-08,1.56742305206041,2.999992993003,1,288.150008033341,99.298846116789,8.75428170585201e-10,1,0.999999986063557,0,4.83502127224256e-11,9.78266356810309e-11,0,0,0
4.41,10000.0000000297,2.99999299300842,10000,10000.0000000338,2.99999299300842,2.99999299300842,0,-6.10992187640377e-08,17.8326308849434,1,0,27896.507326391,-27896.5073267565,2.99999299300842,1.43256994084476,1.43256994079736,4.74003059025563e-11,-8.0575533904942e-08,1.56742305206471,2.99999299300427,1,288.150008033341,99.298846116789,8.76069866805666e-10,1,0.999999986063462,0,4.68571847989097e-11,9.48006118051126e-11,0,0,0
4.425,10000.0000000288,2.99999299300948,10000,10000.0000000327,2.99999299300948,2.99999299300948,0,-5.9215724249568e-08,17.8326308849671,1,0,27896.5073263944,-27896.5073267486,2.99999299300948,1.43256994084476,1.43256994079881,4.5947023963322e-11,-7.80687560403085e-08,1.56742305206886,2.99999299300552,1,288.150008033341,99.298846116789,8.76660928213636e-10,1,0.99999998606337,0,4.54194459820201e-11,9.18940479266439e-11,0,0,0
4.44,10000.0000000279,2.99999299301053,10000,10000.0000000317,2.99999299301053,2.99999299301053,0,-5.74410821693806e-08,17.8326308849899,1,0,27896.5073263974,-27896.507326741,2.99999299301053,1.43256994084476,1.43256994080023,4.453126756232e-11,-7.56604685737913e-08,1.56742305207283,2.99999299300665,1,288.150008033341,99.298846116789,8.77251437743541e-10,1,0.999999986063282,0,4.40170122573136e-11,8.90625351246399e-11,0,0,0
4.455,10000.0000000271,2.99999299301156,10000,10000.0000000307,2.99999299301156,2.99999299301156,0,-5.56398059829326e-08,17.8326308850122,1,0,27896.5073264009,-27896.5073267337,2.99999299301156,1.43256994084476,1.4325699408016,4.3159698037698e-11,-7.33288855064521e-08,1.56742305207671,2.99999299300779,1,288.150008033341,99.298846116789,8.77806213168715e-10,1,0.999999986063196,0,4.26600976766167e-11,8.63193960753961e-11,0,0,0
4.47,10000.0000000262,2.99999299301257,10000,10000.0000000298,2.99999299301257,2.99999299301257,0,-5.38952720228659e-08,17.8326308850337,1,0,27896.5073264042,-27896.5073267266,2.99999299301257,1.43256994084476,1.43256994080293,4.18294288095922e-11,-7.10838638207022e-08,1.56742305208048,2.9999929930089,1,288.150008033341,99.298846116789,8.7837340585036e-10,1,0.999999986063112,0,4.13453715708556e-11,8.36588576191843e-11,0,0,0
4.485,10000.0000000254,2.99999299301356,10000,10000.0000000289,2.99999299301356,2.99999299301356,0,-5.2241641425471e-08,17.8326308850545,1,0,27896.5073264072,-27896.5073267197,2.99999299301356,1.43256994084476,1.43256994080422,4.05371292089285e-11,-6.89062562067178e-08,1.56742305208416,2.99999299300999,1,288.150008033341,99.298846116789,8.78890929506124e-10,1,0.999999986063031,0,4.0070613493981e-11,8.1074258417857e-11,0,0,0
4.5,10000.0000000247,2.9999929930145,10000,10000.000000028,2.9999929930145,2.9999929930145,0,-5.06534380891076e-08,17.8326308850747,1,0,27896.5073264101,-27896.5073267131,2.9999929930145,1.43256994084476,1.43256994080547,3.92903487522744e-11,-6.67811507246143e-08,1.56742305208773,2.99999299301107,1,288.150008033341,99.298846116789,8.79421146357392e-10,1,0.999999986062953,0,3.88367116244126e-11,7.85806975045489e-11,0,0,0
4.515,10000.0000000239,2.99999299301541,10000,10000.0000000271,2.99999299301541,2.99999299301541,0,-4.90513386973038e-08,17.8326308850943,1,0,27896.5073264131,-27896.5073267065,2.99999299301541,1.43256994084476,1.43256994080668,3.80770970309641e-11,-6.4723757879377e-08,1.56742305209116,2.99999299301207,1,288.150008033341,99.298846116789,8.79913421591667e-10,1,0.999999986062877,0,3.76414455161012e-11,7.61541940619281e-11,0,0,0
4.53,10000.0000000232,2.99999299301628,10000,10000.0000000263,2.99999299301628,2.99999299301628,0,-4.75806728298728e-08,17.8326308851133,1,0,27896.5073264157,-27896.5073267003,2.99999299301628,1.43256994084476,1.43256994080785,3.69053676507747e-11,-6.2719099688755e-08,1.5674230520945,2.99999299301307,1,288.150008033341,99.298846116789,8.80392175813343e-10,1,0.999999986062803,0,3.64765995186644e-11,7.38107353015494e-11,0,0,0
4.545,10000.0000000224,2.99999299301713,10000,10000.0000000255,2.99999299301713,2.99999299301713,0,-4.61169549901619e-08,17.8326308851316,1,0,27896.5073264184,-27896.5073266942,2.99999299301713,1.43256994084476,1.43256994080898,3.57733842548669e-11,-6.07823352238866e-08,1.56742305209771,2.99999299301402,1,288.150008033341,99.298846116789,8.80859340595646e-10,1,0.999999986062732,0,3.53546081299783e-11,7.15467685097337e-11,0,0,0
4.56,10000.0000000218,2.99999299301793,10000,10000.0000000247,2.99999299301793,2.99999299301793,0,-4.47244544345826e-08,17.8326308851495,1,0,27896.5073264207,-27896.5073266883,2.99999299301793,1.43256994084476,1.43256994081009,3.46680462115501e-11,-5.88984464458009e-08,1.56742305210082,2.99999299301492,1,288.150008033341,99.298846116789,8.81322642231492e-10,1,0.999999986062663,0,3.42661454766358e-11,6.93360924231001e-11,0,0,0
4.575,10000.0000000211,2.99999299301873,10000,10000.0000000239,2.99999299301873,2.99999299301873,0,-4.33064777773627e-08,17.8326308851668,1,0,27896.5073264236,-27896.5073266826,2.99999299301873,1.43256994084476,1.43256994081116,3.35993455280459e-11,-5.70825612294314e-08,1.56742305210384,2.9999929930158,1,288.150008033341,99.298846116789,8.81756280421326e-10,1,0.999999986062596,0,3.32085470233778e-11,6.71986910560918e-11,0,0,0
4.59,10000.0000000204,2.99999299301949,10000,10000.0000000232,2.99999299301949,2.99999299301949,0,-4.20014065705952e-08,17.8326308851835,1,0,27896.5073264258,-27896.507326677,2.99999299301949,1.43256994084476,1.43256994081219,3.25650617583051e-11,-5.5319637240178e-08,1.56742305210677,2.99999299301666,1,288.150008033341,99.298846116789,8.82190194550193e-10,1,0.999999986062531,0,3.21889181975621e-11,6.51301235166102e-11,0,0,0
4.605,10000.0000000198,2.99999299302025,10000,10000.0000000225,2.99999299302025,2.99999299302025,0,-4.07293384954984e-08,17.8326308851997,1,0,27896.5073264281,-27896.5073266717,2.99999299302025,1.43256994084476,1.4325699408132,3.1561198099439e-11,-5.36247834315195e-08,1.5674230521096,2.99999299301748,1,288.150008033341,99.298846116789,8.82606448580969e-10,1,0.999999986062468,0,3.11979331257817e-11,6.31223961988781e-11,0,0,0
4.62,10000.0000000192,2.99999299302099,10000,10000.0000000218,2.99999299302099,2.99999299302099,0,-3.9474640489702e-08,17.8326308852155,1,0,27896.5073264304,-27896.5073266665,2.99999299302099,1.43256994084476,1.43256994081417,3.05884206852625e-11,-5.1982942732812e-08,1.56742305211237,2.99999299301831,1,288.150008033341,99.298846116789,8.83016218044478e-10,1,0.999999986062407,0,3.02360358972464e-11,6.11768413705249e-11,0,0,0
4.635,10000.0000000186,2.9999929930217,10000,10000.0000000211,2.9999929930217,2.9999929930217,0,-3.8241365569376e-08,17.8326308852308,1,0,27896.5073264326,-27896.5073266614,2.9999929930217,1.43256994084476,1.43256994081511,2.96431768020966e-11,-5.03823886856476e-08,1.56742305211506,2.9999929930191,1,288.150008033341,99.298846116789,8.83413570251517e-10,1,0.999999986062348,0,2.93007840213022e-11,5.92863536041932e-11,0,0,0
4.65,10000.000000018,2.99999299302241,10000,10000.0000000205,2.99999299302241,2.99999299302241,0,-3.70491998130608e-08,17.8326308852456,1,0,27896.5073264349,-27896.5073266565,2.99999299302241,1.43256994084476,1.43256994081603,2.87305734758547e-11,-4.88408126504796e-08,1.56742305211766,2.99999299301988,1,288.150008033341,99.298846116789,8.83777395866086e-10,1,0.99999998606229,0,2.83986167914918e-11,5.74611469517095e-11,0,0,0
4.665,10000.0000000175,2.99999299302309,10000,10000.0000000198,2.99999299302309,2.99999299302309,0,-3.59027752392367e-08,17.8326308852599,1,0,27896.5073264371,-27896.5073266518,2.99999299302309,1.43256994084476,1.43256994081691,2.78461698144383e-11,-4.73451687372385e-08,1.56742305212019,2.99999299302064,1,288.150008033341,99.298846116789,8.84150327468734e-10,1,0.999999986062235,0,2.75255374049266e-11,5.56923396288767e-11,0,0,0
4.68,10000.0000000169,2.99999299302374,10000,10000.0000000192,2.99999299302374,2.99999299302374,0,-3.47893537970832e-08,17.8326308852738,1,0,27896.5073264391,-27896.5073266472,2.99999299302374,1.43256994084476,1.43256994081777,2.6985302881144e-11,-4.5885296796522e-08,1.56742305212264,2.99999299302137,1,288.150008033341,99.298846116789,8.84494975320533e-10,1,0.999999986062181,0,2.66719979435948e-11,5.3970605762288e-11,0,0,0
4.695,10000.0000000164,2.99999299302439,10000,10000.0000000186,2.99999299302439,2.99999299302439,0,-3.368809140344e-08,17.8326308852873,1,0,27896.5073264413,-27896.5073266428,2.99999299302439,1.43256994084476,1.4325699408186,2.61577426385884e-11,-4.44801080314643e-08,1.56742305212501,2.99999299302209,1,288.150008033341,99.298846116789,8.84855075758162e-10,1,0.999999986062128,0,2.58533194852362e-11,5.23154852771768e-11,0,0,0
4.71,10000.0000000159,2.99999299302502,10000,10000.000000018,2.99999299302502,2.99999299302502,0,-3.26180951345374e-08,17.8326308853003,1,0,27896.5073264433,-27896.5073266384,2.99999299302502,1.43256994084476,1.43256994081941,2.53439491615381e-11,-4.31175065664303e-08,1.56742305212732,2.99999299302276,1,288.150008033341,99.298846116789,8.85179166152028e-10,1,0.999999986062078,0,2.50515164168519e-11,5.06878983230763e-11,0,0,0
4.725,10000.0000000154,2.99999299302562,10000,10000.0000000175,2.99999299302562,2.99999299302562,0,-3.15915240388858e-08,17.8326308853129,1,0,27896.5073264453,-27896.5073266342,2.99999299302562,1.43256994084476,1.43256994082019,2.45676812227202e-11,-4.17880721240038e-08,1.56742305212957,2.99999299302347,1,288.150008033341,99.298846116789,8.85512362533972e-10,1,0.999999986062029,0,2.4281021637762e-11,4.91353624454405e-11,0,0,0
4.74,10000.0000000149,2.99999299302617,10000,10000.000000017,2.99999299302617,2.99999299302617,0,-3.06593303197662e-08,17.8326308853252,1,0,27896.5073264469,-27896.5073266303,2.99999299302617,1.43256994084476,1.43256994082095,2.38120634321604e-11,-4.04844681847561e-08,1.56742305213172,2.99999299302411,1,288.150008033341,99.298846116789,8.85827898817825e-10,1,0.999999986061981,0,2.35387265234976e-11,4.76241268643207e-11,0,0,0
4.755,10000.0000000145,2.99999299302671,10000,10000.0000000164,2.99999299302671,2.99999299302671,0,-2.96958704759059e-08,17.832630885337,1,0,27896.5073264486,-27896.5073266262,2.99999299302671,1.43256994084476,1.43256994082168,2.30775398790684e-11,-3.92278049970555e-08,1.56742305213379,2.9999929930247,1,288.150008033341,99.298846116789,8.86132811448921e-10,1,0.999999986061936,0,2.28097540855288e-11,4.61550797581367e-11,0,0,0
4.77,10000.000000014,2.99999299302723,10000,10000.0000000159,2.99999299302723,2.99999299302723,0,-2.88198399808574e-08,17.8326308853485,1,0,27896.5073264501,-27896.5073266225,2.99999299302723,1.43256994084476,1.43256994082239,2.23649987418639e-11,-3.80076993034179e-08,1.5674230521358,2.99999299302529,1,288.150008033341,99.298846116789,8.86413027536593e-10,1,0.999999986061891,0,2.21058726879164e-11,4.47299974837279e-11,0,0,0
4.785,10000.0000000136,2.99999299302776,10000,10000.0000000154,2.99999299302776,2.99999299302776,0,-2.79142803679983e-08,17.8326308853597,1,0,27896.5073264518,-27896.5073266188,2.99999299302776,1.43256994084476,1.43256994082308,2.16788809126456e-11,-3.68428885502279e-08,1.56742305213774,2.99999299302586,1,288.150008033341,99.298846116789,8.86698900374434e-10,1,0.999999986061848,0,2.14248618846113e-11,4.33577618252912e-11,0,0,0
4.8,10000.0000000132,2.99999299302829,10000,10000.000000015,2.99999299302829,2.99999299302829,0,-2.70423028891199e-08,17.8326308853705,1,0,27896.5073264535,-27896.5073266153,2.99999299302829,1.43256994084476,1.43256994082375,2.10034212244636e-11,-3.57211415399586e-08,1.56742305213964,2.99999299302641,1,288.150008033341,99.298846116789,8.86975253315649e-10,1,0.999999986061806,0,2.07629469173298e-11,4.20068424489273e-11,0,0,0
4.815,10000.0000000128,2.99999299302875,10000,10000.0000000145,2.99999299302875,2.99999299302875,0,-2.62253306296927e-08,17.8326308853809,1,0,27896.5073264549,-27896.5073266118,2.99999299302875,1.43256994084476,1.4325699408244,2.036260049465e-11,-3.46061086709533e-08,1.56742305214152,2.999992993027,1,288.150008033341,99.298846116789,8.87246501384759e-10,1,0.999999986061765,0,2.01265670796147e-11,4.07252009893e-11,0,0,0
4.83,10000.0000000124,2.9999929930292,10000,10000.0000000141,2.9999929930292,2.9999929930292,0,-2.54066213633355e-08,17.8326308853911,1,0,27896.5073264564,-27896.5073266084,2.9999929930292,1.43256994084476,1.43256994082502,1.97390992440205e-11,-3.35231287158666e-08,1.56742305214327,2.99999299302751,1,288.150008033341,99.298846116789,8.87510437069504e-10,1,0.999999986061726,0,1.9509727167133e-11,3.9478198488041e-11,0,0,0
4.845,10000.000000012,2.99999299302965,10000,10000.0000000136,2.99999299302965,2.99999299302965,0,-2.46631823972798e-08,17.8326308854009,1,0,27896.5073264577,-27896.5073266052,2.99999299302965,1.43256994084476,1.43256994082563,1.91286986250816e-11,-3.24919355306837e-08,1.56742305214496,2.99999299302798,1,288.150008033341,99.298846116789,8.87749262302276e-10,1,0.999999986061688,0,1.89073201539713e-11,3.82573972501632e-11,0,0,0
4.86,10000.0000000116,2.99999299303011,10000,10000.0000000132,2.99999299303011,2.99999299303011,0,-2.38577901840528e-08,17.8326308854105,1,0,27896.5073264593,-27896.507326602,2.99999299303011,1.43256994084476,1.43256994082622,1.85376158867712e-11,-3.15010739224547e-08,1.56742305214664,2.99999299302847,1,288.150008033341,99.298846116789,8.87981464998264e-10,1,0.999999986061651,0,1.83209003523643e-11,3.70752317735423e-11,0,0,0
4.875,10000.0000000113,2.99999299303056,10000,10000.0000000128,2.99999299303056,2.99999299303056,0,-2.30998761602468e-08,17.8326308854197,1,0,27896.5073264608,-27896.507326599,2.99999299303056,1.43256994084476,1.43256994082679,1.79649628506695e-11,-3.05416225779399e-08,1.56742305214828,2.99999299302896,1,288.150008033341,99.298846116789,8.88226774798304e-10,1,0.999999986061615,0,1.77560188774351e-11,3.5929925701339e-11,0,0,0
4.89,10000.0000000109,2.99999299303094,10000,10000.0000000124,2.99999299303094,2.99999299303094,0,-2.24635526215434e-08,17.8326308854286,1,0,27896.5073264617,-27896.507326596,2.99999299303094,1.43256994084476,1.43256994082735,1.74129599628259e-11,-2.95798096359578e-08,1.56742305214987,2.99999299302945,1,288.150008033341,99.298846116789,8.88465875970109e-10,1,0.99999998606158,0,1.72135639076032e-11,3.48259199256518e-11,0,0,0
4.905,10000.0000000106,2.99999299303134,10000,10000.000000012,2.99999299303134,2.99999299303134,0,-2.17235876693478e-08,17.8326308854373,1,0,27896.5073264631,-27896.5073265931,2.99999299303134,1.43256994084476,1.43256994082788,1.68789426879812e-11,-2.86698053509076e-08,1.56742305215136,2.99999299302987,1,288.150008033341,99.298846116789,8.88695181306255e-10,1,0.999999986061547,0,1.66853197924866e-11,3.37578853759624e-11,0,0,0
4.92,10000.0000000103,2.99999299303171,10000,10000.0000000116,2.99999299303171,2.99999299303171,0,-2.11110032253549e-08,17.8326308854457,1,0,27896.5073264641,-27896.5073265904,2.99999299303171,1.43256994084476,1.4325699408284,1.63573599110123e-11,-2.77733257530015e-08,1.56742305215283,2.9999929930303,1,288.150008033341,99.298846116789,8.8890379121495e-10,1,0.999999986061514,0,1.61675117738014e-11,3.27147198220246e-11,0,0,0
4.935,10000.0000000099,2.99999299303207,10000,10000.0000000113,2.99999299303207,2.99999299303207,0,-2.04845227259217e-08,17.8326308854538,1,0,27896.5073264651,-27896.5073265877,2.99999299303207,1.43256994084476,1.4325699408289,1.58584256837457e-11,-2.69142031274784e-08,1.56742305215423,2.99999299303071,1,288.150008033341,99.298846116789,8.891103315809e-10,1,0.999999986061483,0,1.56719082156087e-11,3.17168513674915e-11,0,0,0
4.95,10000.0000000096,2.99999299303243,10000,10000.0000000109,2.99999299303243,2.99999299303243,0,-1.98528312056984e-08,17.8326308854617,1,0,27896.5073264663,-27896.507326585,2.99999299303243,1.43256994084476,1.43256994082939,1.53677071068614e-11,-2.60841741413003e-08,1.5674230521556,2.99999299303109,1,288.150008033341,99.298846116789,8.89307903928289e-10,1,0.999999986061452,0,1.51907375567362e-11,3.07354142137228e-11,0,0,0
4.965,10000.0000000093,2.99999299303277,10000,10000.0000000106,2.99999299303277,2.99999299303277,0,-1.92686178748961e-08,17.8326308854694,1,0,27896.5073264673,-27896.5073265825,2.99999299303277,1.43256994084476,1.43256994082986,1.48954182321859e-11,-2.52768033042265e-08,1.56742305215693,2.99999299303148,1,288.150008033341,99.298846116789,8.89502854854868e-10,1,0.999999986061422,0,1.47248879756035e-11,2.97908364643718e-11,0,0,0
4.98,10000.0000000091,2.99999299303313,10000,10000.0000000103,2.99999299303313,2.99999299303313,0,-1.86612444516933e-08,17.8326308854769,1,0,27896.5073264684,-27896.50732658,2.99999299303313,1.43256994084476,1.43256994083033,1.44304568294729e-11,-2.45139025868626e-08,1.56742305215822,2.99999299303184,1,288.150008033341,99.298846116789,8.89703324562099e-10,1,0.999999986061393,0,1.42694744909022e-11,2.88609136589457e-11,0,0,0
4.995,10000.0000000088,2.99999299303346,10000,10000.00000001,2.99999299303346,2.99999299303346,0,-1.80515550192505e-08,17.8326308854841,1,0,27896.5073264696,-27896.5073265776,2.99999299303346,1.43256994084476,1.43256994083077,1.39905864671164e-11,-2.37588112981075e-08,1.56742305215951,2.99999299303225,1,288.150008033341,99.298846116789,8.89872061280574e-10,1,0.999999986061365,0,1.38329347976196e-11,2.79811729342327e-11,0,0,0
5.01,10000.0000000085,2.97499299303379,9999,10000.0000000097,2.97499299303379,2.97499299303379,0,-15.0595879351085,18.0989543475714,6,0,27780.6535707208,-27870.7336790945,2.97499299303379,1.43397591932824,1.4325699408312,0.00140597849703683,-2.30366259339127e-08,1.56742305216072,3.00421092848303,1,288.141608508939,99.2813385726635,4.50783703497159e-10,1,1.00001456129592,0,0.00140597849687762,0.00281195699407366,0,0,0
5.025,9999.77410618948,2.93674299303413,9997.5,10000.0000000094,2.93674299303413,2.93674299303413,0,-37.9736186829669,18.510630956336,6,0,27602.2855548706,-27829.4226073765,2.93674299303413,1.43616619330674,1.43258263995068,0.00358355335606197,-2.23400677295332e-08,1.53820511671148,2.98153841673035,1,288.129009222354,99.2550772564752,9.72944969376599e-10,1,1.00001383513804,0,0.00358355335590854,0.00716710671212395,0,0,0
5.04,9999.20450190923,2.89885463555166,9996,9999.94145680226,2.89885463555166,2.89885463555166,0,-60.2913477692753,18.9218463891988,7,0,27423.1558184348,-27783.7645632002,2.89885463555166,1.43844777753814,1.43267709859183,0.00577067894631211,-0.863314121788602,1.49340969301526,2.94339882844602,1,288.116409935792,99.2288159402869,7.05630453355666e-11,1,0.999978736376779,0,0.00576476545413063,0.0115413578926242,0,0,0
5.055,9998.30013169269,2.86324855825023,9994.5,9999.7504657298,2.86324855825023,2.86324855825023,0,-80.6440638503595,19.3091975418813,7,0,27251.1855007253,-27733.4823063131,2.86324855825023,1.4408164990522,1.43294403553166,0.00787246352053916,-3.48882142538387,1.44886550012089,2.90542692621417,1,288.103810649253,99.2025546240987,9.91099723004782e-11,1,0.999910157281619,0,0.00784811727484325,0.0157449270410783,0,0,0
5.07,9997.09047073494,2.8313555838657,9993,9999.37459353491,2.8313555838657,2.8313555838657,0,-98.2881145370091,19.6565541469164,7,0,27093.8167657369,-27681.5637882504,2.8313555838657,1.44327471556573,1.43345599070865,0.00981872485707846,-8.25993920308877,1.40668713215695,2.86959929743683,1,288.091211362737,99.1762933079104,1.29508194323454e-10,1,0.999811043476469,0,0.00975908968792605,0.0196374497141569,0,0,0
5.085,9995.61614901688,2.8041068077553,9991.5,9998.78263455976,2.8041068077553,2.8041068077553,0,-112.700632041864,19.9521671325275,7,0,26955.7719073889,-27629.6040646153,2.8041068077553,1.44582479923279,1.43426216198069,0.0115626372521038,-15.1622379032392,1.36844341858582,2.83739349232282,1,288.078612076243,99.1500319917222,1.52994044861093e-10,1,0.999685456459586,0,0.0114475789278046,0.0231252745042076,0,0,0
5.1,9993.92563953625,2.78198396795657,9990,9997.96200025025,2.78198396795657,2.78198396795657,0,-123.647321729682,20.1893439977711,7,0,26839.7480564921,-27578.9049621848,2.78198396795657,1.44846913396694,1.4353924640344,0.0130766699325409,-23.9099405286583,1.3351567340183,2.80977920785032,1,288.066012789771,99.1237706755339,1.58614913469593e-10,1,0.99953824250042,0,0.0128832380046977,0.0261533398650817,0,0,0
5.115,9992.07092971031,2.76507638830904,9988.5,9996.91592691671,2.76507638830904,2.76507638830904,0,-131.142205195879,20.3660852294198,7,0,26746.6258801644,-27530.4412976536,2.76507638830904,1.45121011261865,1.43686106589906,0.0143490467195886,-34.0471205555371,1.30736149412455,2.78726970018238,1,288.053413503323,99.0975093593456,1.35586556470906e-10,1,0.999374599793152,0,0.014052019917526,0.0286980934391772,0,0,0
5.13,9990.10379663237,2.75315012676766,9987,9995.66028532821,2.75315012676766,2.75315012676766,0,-135.399999565392,20.4844532042698,7,0,26675.7537121092,-27484.8579478733,2.75315012676766,1.45405013400739,1.4386694880668,0.0153806459405865,-45.0323865579927,1.28516818225121,2.76997960813977,1,288.040814216898,99.0712480431574,7.69978314902838e-11,1,0.999199705950272,0,0.0149534989849192,0.030761291881173,0,0,0
5.145,9988.07279663889,2.74572303308016,9985.5,9994.22025182657,2.74572303308016,2.74572303308016,0,-136.785510047122,20.5497498390744,6,0,26625.274795037,-27442.4921940271,2.74572303308016,1.4569915998079,1.44080909106738,0.0161825087405192,-56.3068767757702,1.2683387008791,2.75769531816804,1,288.028214930495,99.0449867269691,2.18964984319e-10,1,0.999018416893419,0,0.0155988841038057,0.0323650174810384,0,0,0
5.16,9986.02101398818,2.74214020734022,9984,9992.62706197149,2.74214020734022,2.74214020734022,0,-135.763699767009,20.5695963113106,7,0,26592.46802854,-27403.4140575957,2.74214020734022,1.46003691129088,1.44326303090264,0.0167738803882391,-67.345996282717,1.25636641579122,2.74995108785858,1,288.015615644116,99.0187254107808,1.40201064176364e-10,1,0.998835041633577,0,0.0160094532214918,0.0335477607764783,0,0,0
5.175,9983.98455849167,2.74164534483478,9982.5,9990.91502206102,2.74164534483478,2.74164534483478,0,-132.853291245882,20.5530071587597,7,0,26574.0774404556,-27367.4771365809,2.74164534483478,1.46318846591828,1.44600786524639,0.0171806006718893,-77.6959071448775,1.24855553527286,2.74610520253492,1,288.00301635776,98.9924640945926,2.78671967902627e-10,1,0.998653191936088,0,0.0162150917729458,0.0343612013437786,0,0,0
5.19,9981.99175912299,2.74344454192379,9981,9989.11890579623,2.74344454192379,2.74344454192379,0,-128.585956119732,20.5095383080762,7,0,26566.6113082615,-27334.3732085616,2.74344454192379,1.46644865379409,1.44901500748933,0.0174336463047646,-86.9962674114884,1.24409567757272,2.74541162397634,1,287.990417071427,98.9662027784043,4.17328899120003e-10,1,0.998475701582977,0,0.0162526689276015,0.0348672926095293,0,0,0
5.205,9980.06296978119,2.74676022844988,9979.5,9987.27181664653,2.74676022844988,2.74676022844988,0,-123.472435200044,20.4485639293725,7,0,26566.5978435305,-27303.685445707,2.74676022844988,1.46981985397187,1.45225218384484,0.0175676701270373,-94.991072751806,1.24212859552017,2.74708378974612,1,287.977817785116,98.9399414622161,5.41601381810326e-10,1,0.998304606858395,0,0.0161640963930867,0.0351353402540746,0,0,0
5.22,9978.21088325319,2.75087391356807,9978,9985.40355387079,2.75087391356807,2.75087391356807,0,-117.976282758339,20.3787135035313,7,0,26570.7898621942,-27274.9366422017,2.75087391356807,1.47330443062066,1.45568498158398,0.0176194490366799,-101.529672711225,1.24180503422393,2.75034836291795,1,287.965218498829,98.9136801460278,6.40211398497585e-10,1,0.998141177867715,0,0.0159940496774267,0.0352388980733598,0,0,0
5.235,9976.44123901181,2.75515733735415,9976.5,9983.53948337185,2.75515733735415,2.75515733735415,0,-112.495368259645,20.3074771097745,7,0,26576.3157802963,-27247.6303948624,2.75515733735415,1.47690472905116,1.45927850357842,0.0176262254727424,-106.560117590077,1.24233058487405,2.7544877648707,1,287.952619212565,98.8874188298395,7.06251004275584e-10,1,0.997985989257793,0,0.0157874583294362,0.0352524509454848,0,0,0
5.25,9974.75380848792,2.75909238005941,9975,9981.6998846179,2.75909238005941,2.75909238005941,0,-107.350788767104,20.2409698122155,7,0,26580.7782958836,-27221.2843462207,2.75909238005941,1.48062307160506,1.46299907845009,0.0176239931549707,-110.116956612567,1.2430001573575,2.7588712152725,1,287.940019926324,98.8611575136512,7.37067690045832e-10,1,0.99783901870403,0,0.0155869632336618,0.0352479863099413,0,0,0
5.265,9973.14354665641,2.76228067893174,9973.5,9979.89972216286,2.76228067893174,2.76228067893174,0,-102.782462739914,20.1838347560113,7,0,26582.3051916652,-27195.4554290869,2.76228067893174,1.48446175341016,1.46681592585545,0.0176458275547011,-112.305473732497,1.24322132214441,2.76297473066397,1,287.927420640107,98.834896197463,7.33431187455562e-10,1,0.997699762048171,0,0.0154305794550267,0.0352916551094022,0,0,0
5.28,9971.60180971531,2.76444433396997,9972,9978.14877482817,2.76444433396997,2.76444433396997,0,-98.9504020029661,20.1392589182383,7,0,26579.5587983521,-27169.7575709002,2.76444433396997,1.4884230380049,1.47070264924102,0.0177203887638844,-113.284136173862,1.24252727041218,2.76639108594485,1,287.914821353912,98.8086348812747,6.98469500557808e-10,1,0.997567355063227,0,0.0153497896238255,0.0354407775277688,0,0,0
5.295,9970.11755368527,2.76541935321987,9970.5,9976.45204698211,2.76541935321987,2.76541935321987,0,-95.9404978952844,20.1090741002305,7,0,26571.7118609533,-27143.8726058148,2.76541935321987,1.49250915283655,1.47463842714054,0.0178707256960116,-113.246765354422,1.2405805184373,2.76883112266587,1,287.902222067742,98.7823735650865,6.3673229020506e-10,1,0.997440693325583,0,0.0153682351940752,0.0357414513920231,0,0,0
5.31,9968.67844621684,2.76514360813437,9969,9974.81038386307,2.76514360813437,2.76514360813437,0,-93.7736035511184,20.0939172474143,7,0,26558.3979764107,-27117.5552829144,2.76514360813437,1.49672228463697,1.47860879788207,0.018113486754898,-112.405642631175,1.2371687489913,2.77011800713807,1,287.889622781594,98.7561122488982,5.53534382432598e-10,1,0.997318543419725,0,0.0155010893197371,0.036226973509796,0,0,0
5.325,9967.27184216357,2.76364106000215,9967.5,9973.22121557283,2.76364106000215,2.76364106000215,0,-92.4167307872256,20.0934272595547,7,0,26539.6445835888,-27090.6333136004,2.76364106000215,1.50106457468151,1.48260597592289,0.0184585987586183,-110.976454594062,1.23219434998761,2.77017612218636,1,287.87702349547,98.7298509327099,4.54625452771626e-10,1,0.997199640527663,0,0.0157551063261572,0.0369171975172367,0,0,0
5.34,9965.88559120176,2.7610039043184,9966,9971.67936108665,2.7610039043184,2.7610039043184,0,-91.7952852884305,20.1064591566064,7,0,26515.7958567783,-27063.0034111423,2.7610039043184,1.50553811393631,1.48662869168664,0.0189094222496631,-109.165683404327,1.2256592878034,2.76901624623903,1,287.86442420937,98.7035896165217,3.46079703183247e-10,1,0.997082769227516,0,0.0161292665258803,0.0378188444993262,0,0,0
5.355,9964.50866192244,2.75737408839242,9964.5,9970.17783319886,2.75737408839242,2.75737408839242,0,-91.805414709816,20.1313001901772,7,0,26487.4319368833,-27034.6242616046,2.75737408839242,1.51014493810008,1.49068159993498,0.0194633381650964,-107.160772584895,1.21764694588277,2.76671856031304,1,287.851824923292,98.6773283003334,2.34319737571967e-10,1,0.996966825940429,0,0.0166158826114577,0.0389266763301928,0,0,0
5.37,9963.13158070179,2.75292541547142,9963,9968.70859659793,2.75292541547142,2.75292541547142,0,-92.3257202074228,20.1658759271229,7,0,26455.2898573649,-27005.5073347129,2.75292541547142,1.51488702254706,1.49477434469546,0.0201126778515937,-105.123159310827,1.20830247396215,2.76341485221239,1,287.839225637238,98.6510669841451,1.26157372930463e-10,1,0.996850862853526,0,0.0172020087505218,0.0402253557031873,0,0,0
5.385,9961.74669489868,2.7478471810442,9961.5,9967.26324321575,2.7478471810442,2.7478471810442,0,-93.2277661506323,20.2079373395069,6,0,26420.1903817357,-26975.7063967735,2.7478471810442,1.5197662771782,1.49892039526546,0.0208458819127419,-103.184067878483,1.19781303722117,2.75927107822486,1,287.826626351208,98.6248056679569,2.59415601785173e-10,1,0.996734114271492,0,0.0178709932636514,0.0416917638254839,0,0,0
5.4,9960.34827840642,2.74233001506771,9960,9965.83356076253,2.74233001506771,2.74233001506771,0,-94.3850003410794,20.255222926916,6,0,26382.9738252285,-26945.3064976408,2.74233001506771,1.52478454118847,1.50313577584101,0.0216487653474635,-101.442808804887,1.18638914004052,2.75447121192392,1,287.814027065202,98.5985443517686,4.45545828199894e-10,1,0.996616007197829,0,0.0186040339935314,0.043297530694927,0,0,0
5.415,9958.9325034013,2.73655434475673,9958.5,9964.41198127391,2.73655434475673,2.73655434475673,0,-95.6798712942306,20.3055909171421,6,0,26344.4468851976,-26914.4131910483,2.73655434475673,1.52994357775827,1.50743780290208,0.0225057748561932,-99.9672235797679,1.17424794318431,2.74920307065497,1,287.801427779218,98.5722830355803,9.04332594234052e-10,1,0.996496158529094,0,0.0193816244612917,0.0450115497123864,0,0,0
5.43,9957.49730533189,2.73068165884935,9957,9962.99190608975,2.73068165884935,2.73068165884935,0,-97.0090594166566,20.3571212682819,7,0,26305.3414534284,-26883.1424713061,2.73068165884935,1.53524506867794,1.51184392426351,0.023401144414432,-98.7958532531247,1.16159921728607,2.74364657479288,1,287.788828493259,98.5460217193921,1.26747361280747e-10,1,0.996374361566121,0,0.020184811650648,0.0468022888288639,0,0,0
5.445,9956.04216944064,2.72484855540088,9955.5,9961.56791162084,2.72484855540088,2.72484855540088,0,-98.2868748484559,20.4081868007667,6,0,26266.2855770861,-26851.6119130569,2.72484855540088,1.54069060891479,1.51637072738057,0.0243198815342258,-97.9413853066272,1.14863430134255,2.7379646733258,1,287.776229207324,98.5197604032038,9.28182205760845e-10,1,0.996250564671653,0,0.0209962174242073,0.0486397630684516,0,0,0
5.46,9954.56786631791,2.71916339437037,9954,9960.13584646307,2.71916339437037,2.71916339437037,0,-99.4469847288923,20.4574927491854,6,0,26227.7860403815,-26819.9334622243,2.71916339437037,1.54628170113237,1.52103315704333,0.0252485440890411,-97.3949403379568,1.13551818341764,2.73229697272809,1,287.763629921412,98.4934990870156,4.52469438856971e-10,1,0.996124844824952,0,0.0218008022789156,0.0504970881780822,0,0,0
5.475,9953.07616154698,2.71370525685522,9952.5,9958.6928348087,2.71370525685522,2.71370525685522,0,-100.442653424598,20.5040924657704,6,0,26190.2213227914,-26788.2077348179,2.71370525685522,1.55201975017243,1.52584395788615,0.0261757922862822,-97.1307923333974,1.12238460505992,2.72675593980492,1,287.751030635524,98.4672377708273,3.46038515559173e-10,1,0.995997378580261,0,0.022586371008265,0.0523515845725644,0,0,0
5.49,9951.56952174561,2.70852483508928,9951,9957.23720372451,2.70852483508928,2.70852483508928,0,-101.245791144126,20.5473782728216,7,0,26153.8435073983,-26756.5201648716,2.70852483508928,1.55790605751073,1.53081333742886,0.0270927200818729,-97.1111675269248,1.10933392211022,2.7214254197847,1,287.73843134966,98.440976454639,1.83184780336438e-10,1,0.995868412660848,0,0.0233438348143702,0.0541854401637458,0,0,0
5.505,9950.05083487845,2.70364683297432,9949.5,9955.76835309365,2.70364683297432,2.70364683297432,0,-101.845080967463,20.5870540345948,7,0,26118.7873124163,-26724.9387906347,2.70364683297432,1.56394181569804,1.53594883077503,0.0279929849230127,-97.2908272703049,1.0964333374148,2.71636112295887,1,287.725832063819,98.4147151384508,3.61658033914047e-10,1,0.995738235977319,0,0.0240672550868735,0.0559859698460254,0,0,0
5.52,9948.52315866394,2.69907344889061,9948,9954.2865867792,2.69907344889061,2.69907344889061,0,-102.243461942941,20.6230953170035,7,0,26085.0843535465,-26693.5134470367,2.69907344889061,1.5701281027983,1.54125533902323,0.0288727637750741,-97.6212090255779,1.08371904743026,2.71159267777871,1,287.713232778003,98.3884538222625,5.72771735346464e-10,1,0.995607154453833,0,0.0247537005566973,0.0577455275501482,0,0,0
5.535,9946.98950673479,2.69478852976839,9946.5,9952.79292234028,2.69478852976839,2.69478852976839,0,-102.4552503525,20.6556999253661,7,0,26052.6808493424,-26662.2762616496,2.69478852976839,1.57646587683653,1.54673530849143,0.0297305683450964,-98.0539676497632,1.07119981854216,2.70712683206887,1,287.70063349221,98.3621925060742,8.09074386603206e-10,1,0.995475469629331,0,0.0254029535291902,0.0594611366901927,0,0,0
5.55,9945.4526779795,2.69076202289659,9945,9951.28889464342,2.69076202289659,2.69076202289659,0,-102.503131792935,20.6852344824841,8,0,26021.4570434073,-26631.2431163929,2.69076202289659,1.58295597026944,1.55238901606501,0.0305669542044291,-98.5438233744805,1.05886151624167,2.70295139491997,1,287.688034206442,98.335931189886,1.4484711567881e-10,1,0.995343461577504,0,0.0260171029840741,0.0611339084088582,0,0,0
5.565,9943.91513100261,2.68695440568815,9943.5,9949.77636614226,2.68695440568815,2.68695440568815,0,-102.415222675891,20.7088391932119,8,0,25991.2468538796,-26600.4157690153,2.68695440568815,1.58959908449206,1.55821492665631,0.0313841578357594,-99.0506814802005,1.04667214421829,2.69903954438187,1,287.675434920698,98.3096698736977,1.83339967148196e-10,1,0.995211376340122,0,0.0266000625695484,0.0627683156715189,0,0,0
5.58,9942.37890266247,2.68332083535346,9942,9948.25735379038,2.68332083535346,2.68332083535346,0,-102.222375041763,20.7297870676422,8,0,25961.8565748622,-26569.7844934385,2.68332083535346,1.5963957843944,1.56421009092193,0.0321856934724749,-99.5410378165653,1.03458700552456,2.69535417686392,1,287.662835634977,98.2834085575094,2.22769629972299e-10,1,0.995079417770191,0,0.027157050410916,0.0643713869449498,0,0,0
5.595,9940.84556703684,2.67981482539142,9940.5,9946.73387969994,2.67981482539142,2.67981482539142,0,-101.955822245973,20.7492623035188,8,0,25933.0816447023,-26539.3308324246,2.67981482539142,1.60334649298232,1.57037055454848,0.0329759384338397,-99.9887232536466,1.02255366401411,2.6918520338641,1,287.650236349281,98.2571472413212,2.61973155707509e-10,1,0.994947743420333,0,0.0276940651886288,0.0659518768676794,0,0,0
5.61,9939.31622970315,2.67639132130119,9939,9945.20784986939,2.67639132130119,2.67639132130119,0,-101.64525162227,20.7678195998994,8,0,25904.7208850562,-26509.0303757616,2.67639132130119,1.61045148607717,1.57669175446098,0.0337597316161904,-100.375069536756,1.01051645554142,2.68848740485097,1,287.637637063609,98.2308859251329,2.99933302982886e-10,1,0.994816463965227,0,0.0282173888738801,0.0675194632323808,0,0,0
5.625,9937.79155092882,2.67300910677879,9937.5,9943.68096285806,2.67300910677879,2.67300910677879,0,-101.317333635322,20.785965277765,8,0,25876.5878290862,-26478.8553542475,2.67300910677879,1.6177108871095,1.58316888158943,0.03454200552007,-100.688596839082,0.998420371991638,2.68521527014128,1,287.625037777961,98.2046246089446,3.35866286134491e-10,1,0.994685645517633,0,0.0287331415539258,0.0690840110401401,0,0,0
5.64,9936.27179092429,2.66963252476226,9936,9942.15464813895,2.66963252476226,2.66963252476226,0,-100.99470899264,20.8041362761039,8,0,25848.5190202188,-26448.7769358634,2.66963252476226,1.62512466202202,1.58979719457442,0.0353274674475972,-100.924332774925,0.98621420862915,2.68199380554636,1,287.612438492337,98.1783632927564,3.69269403526673e-10,1,0.994555314153036,0,0.0292469076401409,0.0706549348951944,0,0,0
5.655,9934.7568702894,2.66623254118413,9934.5,9940.63003215605,2.66623254118413,2.66623254118413,0,-100.695407129156,20.8226872589184,8,0,25820.3793639956,-26418.7671449564,2.66623254118413,1.63269261429701,1.59657227360227,0.0361203406947321,-101.082873498281,0.973852927845049,2.67878622353152,1,287.599839206738,98.1521019765681,3.9997051063461e-10,1,0.994425461955678,0,0.0297634461491689,0.0722406813894643,0,0,0
5.67,9933.24643918246,2.66278721299309,9933,9939.10792884379,2.66278721299309,2.66278721299309,0,-100.432648904211,20.8418850594679,8,0,25792.0647754147,-26388.8003632195,2.66278721299309,1.64041438012493,1.60349020832894,0.0369241717959898,-101.169291752762,0.961299245497665,2.67556196921458,1,287.587239921163,98.1258406603799,4.2813210139945e-10,1,0.994296053938511,0,0.0302864910293008,0.0738483435919797,0,0,0
5.685,9931.7399494489,2.65928164567925,9931.5,9937.58885052943,2.65928164567925,2.65928164567925,0,-100.214972464067,20.8619093953194,8,0,25763.5024788736,-26358.8544040063,2.65928164567925,1.64828942372972,1.61054771837616,0.037741705353556,-101.191985879044,0.948524489276182,2.67229732371301,1,287.574640635612,98.0995793441916,4.54248267344349e-10,1,0.994167035260305,0,0.0308186411508002,0.0754834107071121,0,0,0
5.7,9930.23672486194,2.65570753968392,9930,9936.07303470315,2.65570753968392,2.65570753968392,0,-100.04661359013,20.8828586183094,8,0,25734.6493892523,-26328.9111782216,2.65570753968392,1.65631703286686,1.61774220896728,0.0385748238995787,-101.161549428614,0.935508811242416,2.66897549190843,1,287.562041350086,98.0733180280033,4.79117909305677e-10,1,0.994038338254715,0,0.0313613340117582,0.0771496477991573,0,0,0
5.715,9928.73602565809,2.65206243064498,9928.5,9934.56048205393,2.65206243064498,2.65206243064498,0,-99.9280697464145,20.9047592021335,8,0,25705.489034948,-26298.956990439,2.65206243064498,1.66449631451137,1.6250717677222,0.0394245467891703,-101.089724683147,0.922240859017899,2.66558626710761,1,287.549442064584,98.0470567118151,5.0380515391923e-10,1,0.993909888889172,0,0.0319148927446071,0.0788490935783406,0,0,0
5.73,9927.23710461189,2.64834872671686,9927,9933.05100137324,2.64834872671686,2.64834872671686,0,-99.8567795300959,20.9275776981707,8,0,25676.0274824778,-26268.9825181049,2.64834872671686,1.67282619075159,1.63253511131147,0.0402910794401181,-100.988486379487,0.90871702255527,2.66212537218709,1,287.536842779106,98.0207953956268,5.29581431431755e-10,1,0.993781612377622,0,0.0324786328380657,0.0805821588802362,0,0,0
5.745,9925.73925291894,2.64457263869472,9925.5,9931.54425735383,2.64457263869472,2.64457263869472,0,-99.8185603545718,20.9512647978898,8,0,25646.2764333807,-26238.9150888321,2.64457263869472,1.68130539490515,1.64013149248177,0.0411739024233795,-100.869285420599,0.894940377085034,2.65859357683694,1,287.524243493653,97.9945340794385,5.57078059562318e-10,1,0.993653437773745,0,0.0330510131666106,0.082347804846759,0,0,0
5.76,9924.24197451362,2.64074308689728,9924,9930.03981789197,2.64074308689728,2.64074308689728,0,-99.8258076764471,20.975646810732,8,0,25616.2984788817,-26208.8907579588,2.64074308689728,1.68993246787467,1.64786057888561,0.0420718889890637,-100.742467198688,0.880919438942815,2.65499568479562,1,287.511644208225,97.9682727632503,5.90028411543123e-10,1,0.993525315422482,0,0.0336298153946808,0.0841437779781273,0,0,0
5.775,9922.74458739847,2.63686973666419,9922.5,9928.53723430743,2.63686973666419,2.63686973666419,0,-99.8621204636296,21.0006312008489,8,0,25586.1214484028,-26178.8398458544,2.63686973666419,1.69870575475799,1.65572218092838,0.0429835738296032,-100.616333160896,0.866666841044478,2.65133974346167,1,287.499044922822,97.942011447062,6.27400114497062e-10,1,0.993397177050206,0,0.0342125340203947,0.0859671476592063,0,0,0
5.79,9921.24665559152,2.63296412534255,9921,9927.03599745289,2.63296412534255,2.63296412534255,0,-99.9196557088085,21.0260730051046,8,0,25555.7958881434,-26148.7662504475,2.63296412534255,1.70762340173092,1.66371639949849,0.0439070022324304,-100.498240165405,0.852196834246991,2.64763424044277,1,287.486445637442,97.9157501308737,6.7172684139286e-10,1,0.993268979007226,0,0.0347961253237592,0.0878140044648608,0,0,0
5.805,9919.74786075589,2.62903769062724,9919.5,9925.53561714274,2.62903769062724,2.62903769062724,0,-99.9907965857809,21.051828861738,8,0,25525.3726938495,-26118.6755963302,2.62903769062724,1.7166833532177,1.67184333354361,0.0448400196740932,-100.393638118105,0.837526719146767,2.64389011171266,1,287.473846352088,97.8894888146855,7.24317586976192e-10,1,0.993140689418364,0,0.0353774303046648,0.0896800393481865,0,0,0
5.82,9918.2479988071,2.62510110688897,9918,9924.03564772813,2.62510110688897,2.62510110688897,0,-100.068563642148,21.0777652267481,8,0,25494.900008042,-26088.5745702603,2.62510110688897,1.72588334936498,1.6801029486151,0.0457804007498805,-100.306114643645,0.822674298061356,2.6401184489261,1,287.461247066758,97.8632274984972,7.86288046416419e-10,1,0.993012287844565,0,0.0359533357155555,0.0915608014997611,0,0,0
5.835,9916.74697035247,2.62116379296238,9916.5,9922.53570616464,2.62116379296238,2.62116379296238,0,-100.146910167164,21.1037644717637,8,0,25464.420869187,-26058.4703190078,2.62116379296238,1.73522092383594,1.68849496318312,0.0467259606528183,-100.237540583607,0.807656956024227,2.6363298011658,1,287.448647781453,97.8369661823089,8.58521813231863e-10,1,0.992883764326926,0,0.036520906755225,0.0934519213056366,0,0,0
5.85,9915.24476669996,2.61723358820874,9915,9921.03548291971,2.61723358820874,2.61723358820874,0,-100.220906062387,21.1297288978792,8,0,25433.9716104766,-26028.369933689,2.61723358820874,1.74469340193884,1.697018756629,0.0476746453098404,-100.188288899299,0.792490947820805,2.63253364037932,1,287.436048496173,97.8107048661207,9.41646091618591e-10,1,0.992755117986994,0,0.0370774877826709,0.0953492906196809,0,0,0
5.865,9913.74145310903,2.61331658426057,9913.5,9919.53474642741,2.61331658426057,2.61331658426057,0,-100.286819167409,21.1555829676544,9,0,25403.5809588802,-25998.2800251147,2.61331658426057,1.75429789910522,1.70567330083285,0.0486245982723765,-100.157500310252,0.777190895650224,2.6287379913002,1,287.423449210918,97.7844435499324,1.90299813261965e-10,1,0.992626355350726,0,0.0376207699674282,0.0972491965447531,0,0,0
5.88,9912.23715082151,2.60941709297042,9912,9918.03334204779,2.60941709297042,2.60941709297042,0,-100.342115294955,21.1812730998079,9,0,25373.2697723035,-25968.2064547356,2.60941709297042,1.76403131973261,1.71445711549246,0.049574204240159,-100.143371209879,0.761769488610594,2.62494921682353,1,287.410849925687,97.7581822337442,2.12352937349014e-10,1,0.992497488550087,0,0.0381488270147332,0.099148408480318,0,0,0
5.895,9910.73201909209,2.60553772654953,9910.5,9916.53118663911,2.60553772654953,2.60553772654953,0,-100.385376524484,21.2067675137471,9,0,25343.0512698231,-25938.1540740615,2.60553772654953,1.77389035640513,1.72336824580193,0.050522110603197,-100.143442591305,0.746237364757483,2.621171942369,1,287.398250640482,97.7319209175559,2.37013343214707e-10,1,0.992368533524355,0,0.0386601219270146,0.101044221206394,0,0,0
5.91,9909.22623844422,2.60167956431705,9909,9915.0282598797,2.60167956431705,2.60167956431705,0,-100.416177927211,21.232053565524,9,0,25312.9317003961,-25908.1266566608,2.60167956431705,1.78387148950523,1.73240426005998,0.0514672294452538,-100.154872994983,0.730603148938013,2.61740909733375,1,287.385651355301,97.7056596013676,2.64307057353243e-10,1,0.992239508343909,0,0.0391534889493359,0.102934458890508,0,0,0
5.925,9907.71999577532,2.59784237904002,9907.5,9913.52459349943,2.59784237904002,2.59784237904002,0,-100.4349239294,21.2571350318746,9,0,25282.9112880347,-25878.1268681895,2.59784237904002,1.79397098722988,1.74156226380672,0.0524087234231603,-100.174681906126,0.714873615921304,2.61366204999751,1,287.373052070146,97.6793982851794,2.94229886776842e-10,1,0.992110431718971,0,0.0396280960084967,0.104817446846321,0,0,0
5.94,9906.21347191638,2.59402489850624,9906,9912.02025944176,2.59402489850624,2.59402489850624,0,-100.442666951791,21.2820288113762,9,0,25252.9853606489,-25848.1563160884,2.59402489850624,1.80418490602239,1.75083892683057,0.0533459791918256,-100.19995508288,0.699053944963816,2.60993080936986,1,287.360452785015,97.6531369689911,3.26063042388007e-10,1,0.991981321753929,0,0.0400833930512754,0.106691958383651,0,0,0
5.955,9904.7068319121,2.59022507994002,9904.5,9910.51535786971,2.59022507994002,2.59022507994002,0,-100.413717129685,21.3067620415321,9,0,25223.3066908593,-25818.2156110228,2.59022507994002,1.81450909143188,1.76023051916666,0.0542785722652253,-100.228006768359,0.683148034100195,2.60621427006253,1,287.34785349991,97.6268756528028,3.61924083181162e-10,1,0.991852194973923,0,0.0405190518472343,0.108557144530451,0,0,0
5.97,9903.20062615515,2.58644037844693,9903,9909.01000576122,2.58644037844693,2.58644037844693,0,-100.432179677111,21.3313700356975,9,0,25193.3831219992,-25788.3109407164,2.58644037844693,1.82493917940926,1.76973295237285,0.0552062270364124,-100.256497330179,0.66715884397768,2.60251047745977,1,287.33525421483,97.6006143366146,3.99476982150618e-10,1,0.99172310649494,0,0.0409349024425918,0.110412454072825,0,0,0
5.985,9901.69414346,2.58266530902911,9901.5,9907.50443241906,2.58266530902911,2.58266530902911,0,-100.418786253501,21.3559159105597,9,0,25163.6683057074,-25758.4262972854,2.58266530902911,1.83547059805169,1.77934141293236,0.056129185119328,-100.281948249664,0.651088744964841,2.59881771325518,1,287.322654929775,97.5743530204263,4.39142606719074e-10,1,0.991593985098468,0,0.041331583429657,0.112258370238656,0,0,0
6,9900.18786166619,2.57890040421205,9900,9905.99862340671,2.57890040421205,2.57890040421205,0,-100.40105830735,21.3803969459801,9,0,25134.0069671371,-25728.5694992784,2.57890040421205,1.84609856980048,1.78905169346411,0.0570468763363736,-100.305244783198,0.634936340738768,2.595128663212,1,287.310055644745,97.548091704238,4.82253073053186e-10,1,0.99146487863594,0,0.0417081577157001,0.114093752672747,0,0,0
6.015,9898.68184579158,2.57514296760286,9898.5,9904.49269186713,2.57514296760286,2.57514296760286,0,-100.380782708187,21.4048476637866,9,0,25104.3870218999,-25698.7390579292,2.57514296760286,1.8568181141039,1.79885890505176,0.0579592090521328,-100.32519500347,0.618708081738826,2.59144461394699,1,287.297456359741,97.5218303880498,5.28128790041416e-10,1,0.99133579361961,0,0.0420645769494055,0.115918418104266,0,0,0
6.03,9897.17613405096,2.57139053467043,9897,9902.98673847108,2.57139053467043,2.57139053467043,0,-100.359563218082,21.429299566231,9,0,25074.7972802146,-25668.9332870156,2.57139053467043,1.86762405054741,1.80875794813892,0.0588661024084933,-100.341054559726,0.602406435394697,2.58776269075909,1,287.284857074761,97.4955690718615,5.76903089388213e-10,1,0.991206733877962,0,0.0424007543159419,0.117732204816987,0,0,0
6.045,9895.67074060269,2.56764097641285,9895.5,9901.48084770305,2.56764097641285,2.56764097641285,0,-100.338759019963,21.4537798225238,9,0,25045.227947882,-25639.150440966,2.56764097641285,1.87851100245973,1.81874354252853,0.0597674599312015,-100.352482443187,0.586034279306027,2.58408020162816,1,287.272257789807,97.4693077556732,6.28766053737646e-10,1,0.991077700830499,0,0.0427165329475954,0.119534919862403,0,0,0
6.06,9894.16565921739,2.56389256329227,9894,9899.97508582165,2.56389256329227,2.56389256329227,0,-100.319449503949,21.4783104599327,9,0,25015.6709488753,-25609.3888303712,2.56389256329227,1.88947340099634,1.82881025122857,0.0606631497677668,-100.359481846312,0.569595054090719,2.58039475462259,1,287.259658504879,97.443046439485,6.8397138001758e-10,1,0.990948693854922,0,0.0430116650869161,0.121326299535534,0,0,0
6.075,9892.66086747483,2.56014399313159,9892.5,9898.46950029932,2.56014399313159,2.56014399313159,0,-100.302422459956,21.5029080132559,9,0,24986.1200839703,-25579.6469122612,2.56014399313159,1.9005054897057,1.83895249808533,0.0615529916203701,-100.362332287736,0.553092862760393,2.57670433570684,1,287.247059219976,97.4167851232967,7.42829517940281e-10,1,0.990819710707247,0,0.0432858016380109,0.12310598324074,0,0,0
6.09,9891.15633113793,2.556394388124,9891,9896.96412049495,2.556394388124,2.556394388124,0,-100.28818196126,21.5275835678631,9,0,24956.5710469345,-25549.9233545131,2.556394388124,1.91160132957667,1.84916457956668,0.0624367500099861,-100.36151857048,0.536532520185144,2.57300734978179,1,287.234459935098,97.3905238071085,8.0571545724587e-10,1,0.990690747959727,0,0.0435384911446406,0.124873500019972,0,0,0
6.105,9889.65200840851,2.55264326697839,9889.5,9895.45895928571,2.55264326697839,2.55264326697839,0,-100.276971751088,21.5523431201477,9,0,24927.0213242199,-25520.2170754228,2.55264326697839,1.92275480457094,1.85944067138935,0.0633141331815912,-100.357661308567,0.519919558527357,2.56930262946148,1,287.221860650246,97.3642624909202,8.73051968331383e-10,1,0.990561801426983,0,0.0437691867949039,0.126628266363182,0,0,0
6.12,9888.14785383224,2.54889049857302,9888,9893.954015379,2.54889049857302,2.54889049857302,0,-100.268809804066,21.5771881745513,9,0,24897.4700061994,-25490.5272607667,2.54889049857302,1.93395962763609,1.86977483090198,0.0641847967341145,-100.351452793397,0.503260196044269,2.56558941714859,1,287.20926136542,97.3380011747319,9.45314750053082e-10,1,0.990432866557055,0,0.0439772597727563,0.128369593468229,0,0,0
6.135,9886.64382168518,2.54513624339071,9886.5,9892.44927603714,2.54513624339071,2.54513624339071,0,-100.263531158066,21.6021163406608,10,0,24867.9175408151,-25460.8533719658,2.54513624339071,1.94520934719856,1.88016099626637,0.0650483509321886,-100.343600957935,0.486561277468699,2.56186732653163,1,287.196662080619,97.3117398585437,2.30665515690258e-10,1,0.990303938770582,0,0.0441620171547596,0.130096701864377,0,0,0
6.15,9885.13986871781,2.5413808885553,9885,9890.94471997365,2.5413808885553,2.5413808885553,0,-100.26082765433,21.6271227826671,10,0,24838.3654389584,-25431.1950874307,2.5413808885553,1.9564973541326,1.89059298351096,0.0659043706216433,-100.334783206826,0.469830194327772,2.55813628970366,1,287.184062795843,97.2854785423554,2.52131007996155e-10,1,0.990175013735654,0,0.0443227225602678,0.131808741243287,0,0,0
6.165,9883.635956303,2.5376249816977,9883.5,9889.44032021006,2.5376249816977,2.5376249816977,0,-100.260299909724,21.6522001703744,10,0,24808.815997898,-25401.5523340204,2.5376249816977,1.9678168891984,1.90106448250756,0.0667524066908343,-100.325611041012,0.453074793179416,2.55439649575948,1,287.171463511094,97.2592172261671,2.7550189548911e-10,1,0.990046087583007,0,0.0444586178494002,0.133504813381669,0,0,0
6.18,9882.13205180435,2.53386916734438,9882,9887.936046749,2.53386916734438,2.53386916734438,0,-100.261494537201,21.6773400875202,10,0,24779.2720038788,-25371.9252101461,2.53386916734438,1.9791610509436,1.91156905274195,0.0675919982016508,-100.316605216436,0.436303279117634,2.55064832646454,1,287.15886422637,97.2329559099789,3.0095742827688e-10,1,0.989917157043149,0,0.0445689445688955,0.135183996403302,0,0,0
6.195,9880.62812938629,2.53011412988753,9880.5,9886.43186890915,2.53011412988753,2.53011412988753,0,-100.263942413317,21.7025336232435,10,0,24749.7364748666,-25342.3139549739,2.53011412988753,1.99052280406022,1.92210011976823,0.0684226842919962,-100.308181383901,0.419524119997472,2.54689229264169,1,287.146264941672,97.2066945937906,3.28686757876787e-10,1,0.989788219527566,0,0.0446529637164348,0.136845368583992,0,0,0
6.21,9879.12417025009,2.52636054483991,9879,9884.92775726506,2.52636054483991,2.52636054483991,0,-100.267189766697,21.7277720014407,10,0,24720.2124352584,-25312.718906931,2.52636054483991,2.00189498818455,1.93265097290984,0.0692440152747105,-100.300644733361,0.402745957243317,2.54312897597728,1,287.133665657,97.1804332776023,3.58882074687375e-10,1,0.989659273152446,0,0.0447099731002978,0.138488030549421,0,0,0
6.225,9877.62016240359,2.52260903984707,9877.5,9883.4236851453,2.52260903984707,2.52260903984707,0,-100.270822475682,21.7530470845327,10,0,24690.7027327985,-25283.1404640981,2.52260903984707,2.01327032713157,1.94321476467446,0.0700555624571066,-100.294192333994,0.385977526105946,2.53935897815173,1,287.121066372353,97.1541719614141,3.91743359291374e-10,1,0.98953031671569,0,0.0447393216727809,0.140111124914213,0,0,0
6.24,9876.11610006646,2.51886016595167,9876,9881.91962968275,2.51886016595167,2.51886016595167,0,-100.27448339892,21.7783517449642,10,0,24661.2099007141,-25253.5790485111,2.51886016595167,2.02464143854861,1.9537845121589,0.0708569263897161,-100.288921562728,0.369227587801287,2.53558287912933,1,287.108467087733,97.1279106452258,4.27471915772429e-10,1,0.989401349637398,0,0.0447404205439932,0.141713852779432,0,0,0
6.255,9874.61198281547,2.5151143788959,9874.5,9880.41557243857,2.5151143788959,2.5151143788959,0,-100.277883013893,21.8036801069053,10,0,24631.7360648059,-25224.035075782,2.5151143788959,2.03600084397423,1.96435310056638,0.0716477434078566,-100.284842955017,0.352504874623625,2.53180120541357,1,287.095867803139,97.1016493290375,4.66274067214767e-10,1,0.989272371874316,0,0.0447127506462961,0.143295486815713,0,0,0
6.27,9873.10781457026,2.51137202968743,9873,9878.91149964287,2.51137202968743,2.51137202968743,0,-100.280803988204,21.8290276679012,10,0,24602.2828925777,-25194.5089308596,2.51137202968743,2.04734097928691,1.97491328882326,0.0724276904636503,-100.281895864313,0.335818048105958,2.52801440832017,1,287.08326851857,97.0753880128493,5.08363531522505e-10,1,0.989143383818277,0,0.0446558672347739,0.144855380927301,0,0,0
6.285,9871.60360251044,2.50763336324391,9871.5,9877.40740211024,2.50763336324391,2.50763336324391,0,-100.283100552979,21.8543913155942,10,0,24572.851579526,-25165.0009502301,2.50763336324391,2.05865420552408,1.98545771717222,0.073196488351865,-100.279965453813,0.319175669473217,2.52422285170103,1,287.070669234028,97.0491266966611,5.53955350598935e-10,1,0.989014386187757,0,0.0445694015748441,0.14639297670373,0,0,0
6.3,9870.09935600215,2.50389852367123,9870,9875.90327489646,2.50389852367123,2.50389852367123,0,-100.284693696878,21.8797692580748,10,0,24543.4428663948,-25135.5114104112,2.50389852367123,2.06993282005427,1.99597891654363,0.0739539035106431,-100.278899745139,0.302586181016097,2.52042680809166,1,287.058069949511,97.0228653804728,6.03275525036515e-10,1,0.988885379920365,0,0.0444530602865472,0.147907807021286,0,0,0
6.315,9868.59508559669,2.50016756460467,9868.5,9874.39911676601,2.50016756460467,2.50016756460467,0,-100.285563256537,21.9051608881405,10,0,24514.0570805197,-25106.0405222464,2.50016756460467,2.08116906808026,2.00646931945407,0.0746997486261947,-100.278525686493,0.286057896595665,2.51662646192832,1,287.04547066502,96.9966040642845,6.56559826625717e-10,1,0.988756366072535,0,0.0443066228727464,0.149399497252389,0,0,0
6.33,9867.09080214784,2.4964404630353,9867,9872.89492953809,2.4964404630353,2.4964404630353,0,-100.285737964571,21.9305666019098,10,0,24484.6941942232,-25076.5884302445,2.4964404630353,2.09235515445086,2.01692127215986,0.0754338822910019,-100.278663458518,0.269598999272016,2.51282191830488,1,287.032871380557,96.9703427480962,7.14054722533749e-10,1,0.9886273457311,0,0.0441299379823734,0.150867764582004,0,0,0
6.345,9865.58651607838,2.49271713513185,9865.5,9871.39071737332,2.49271713513185,2.49271713513185,0,-100.285284437098,21.9559875911668,10,0,24455.3538935396,-25047.1552160542,2.49271713513185,2.10348325575995,2.0273270477853,0.0761562079746456,-100.279138489691,0.25321754400244,2.50901321571168,1,287.020272096119,96.944081431908,7.76022654920713e-10,1,0.988498319939805,0,0.0439229189343262,0.152312415949291,0,0,0
6.36,9864.08223681182,2.48899745273032,9864,9869.88648605522,2.48899745273032,2.48899745273032,0,-100.28429596322,21.981425626771,10,0,24426.035651183,-25017.7409050826,2.48899745273032,2.11454553270369,2.03767886017079,0.0768666725329052,-100.279790891046,0.236921463422608,2.50520034119211,1,287.007672811707,96.9178201157197,8.42742437324804e-10,1,0.98836928964236,0,0.0436855389749979,0.15373334506581,0,0,0
6.375,9862.57797237237,2.48528125937367,9862.5,9868.38224231068,2.48528125937367,2.48528125937367,0,-100.282881805929,22.0068828477766,10,0,24396.7387985789,-24988.3454752642,2.48528125937367,2.12553414267482,2.04796887820392,0.0775652644709028,-100.280482229689,0.220718574960816,2.50138324657744,1,286.995073527322,96.8915587995314,9.14514402459144e-10,1,0.98824025564235,0,0.0434178266714662,0.155130528941806,0,0,0
6.39,9861.07372914528,2.48156838502182,9861,9866.87799320279,2.48156838502182,2.48156838502182,0,-100.281157562913,22.032361567837,10,0,24367.4625927927,-24958.9688670469,2.48156838502182,2.13644125256052,2.05818924043988,0.0782520121206494,-100.281099735917,0.204616587757042,2.49756186455887,1,286.982474242963,96.8652974833432,9.91660930695255e-10,1,0.988111218579195,0,0.0431198617443096,0.156504024241299,0,0,0
6.405,9859.56951178184,2.47785865879844,9859.5,9865.37374561899,2.47785865879844,2.47785865879844,0,-100.279235541288,22.0578642792778,11,0,24338.2062723085,-24929.6109823708,2.47785865879844,2.14725905172081,2.06833206985382,0.0789269818669918,-100.281558175199,0.188623108219994,2.49373612367479,1,286.96987495863,96.8390361671549,2.88277730119228e-10,1,0.987982178918623,0,0.0427917715689374,0.157853963733984,0,0,0
6.42,9858.06532324872,2.47415191937799,9858,9863.86950586717,2.47415191937799,2.47415191937799,0,-100.277223822006,22.083392843025,11,0,24308.9691175036,-24900.2717396438,2.47415191937799,2.15797976511308,2.07838948860875,0.0795902765043333,-100.281799712816,0.172745643343642,2.48990596146539,1,286.957275674324,96.8127748509666,3.1495312301941e-10,1,0.987853136957593,0,0.0424337284605905,0.159180553008667,0,0,0
6.435,9856.56116489139,2.47044802269314,9856.5,9862.36527938931,2.47044802269314,2.47044802269314,0,-100.275213273535,22.1089493752961,11,0,24279.7504697996,-24870.9510163505,2.47044802269314,2.16859566653382,2.08835363275483,0.0802420337789838,-100.281792076442,0.156991601256234,2.48607133534802,1,286.944676390044,96.7865135347784,3.4383518799813e-10,1,0.987724092830625,0,0.0420459478355135,0.160484067557968,0,0,0
6.45,9855.05703669229,2.46674684755487,9855,9860.86107056575,2.46674684755487,2.46674684755487,0,-100.273279694448,22.1345355279301,11,0,24250.5497708622,-24841.6487009758,2.46674684755487,2.17909909194542,2.09821666681599,0.0808824251294338,-100.281525788288,0.141368288601353,2.48223223080564,1,286.93207710579,96.7602522185901,3.75095144970768e-10,1,0.987595046535662,0,0.0416286870471487,0.161764850258868,0,0,0
6.465,9853.55293749687,2.4630482984321,9853.5,9859.35688263702,2.4630482984321,2.4630482984321,0,-100.2714810492,22.1601526098766,11,0,24221.3665743393,-24812.3646885319,2.4630482984321,2.18948245285328,2.10797079823701,0.0815116546162673,-100.281010274763,0.125882905350582,2.47838866743639,1,286.919477821564,96.7339909024018,4.08916492171677e-10,1,0.987465997956704,0,0.0411822450794315,0.163023309232535,0,0,0
6.48,9852.04886528113,2.45935230628807,9852,9857.85271770463,2.45935230628807,2.45935230628807,0,-100.269857303449,22.1858015762783,11,0,24192.2005515742,-24783.0988853972,2.45935230628807,2.19973824970265,2.11760829167753,0.0821299580251194,-100.280269674148,0.110542536346292,2.47454070209918,1,286.906878537364,96.7077295862136,4.45493026638512e-10,1,0.987336946890606,0,0.0407069627923855,0.164259916050239,0,0,0
6.495,9850.54481742158,2.4556588276606,9850.5,9856.34857680093,2.4556588276606,2.4556588276606,0,-100.268431376487,22.2114830408745,11,0,24163.0514891412,-24753.8512125611,2.4556588276606,2.209859085258,2.12712148316173,0.082737602096266,-100.279338552171,0.0953541405351825,2.47068842998571,1,286.89427925319,96.6814682700253,4.85035443907978e-10,1,0.987207893074129,0,0.0402032236120511,0.165475204192532,0,0,0
6.51,9849.04079095093,2.45196784237281,9849,9854.84446001078,2.45196784237281,2.45196784237281,0,-100.267210941641,22.23719730664,11,0,24133.9192799013,-24724.6216073785,2.45196784237281,2.21983767792969,2.13650279409031,0.0833348838393748,-100.278257800348,0.0803245382100717,2.46683198381851,1,286.881679969044,96.655206953837,5.27769754566461e-10,1,0.987078836209549,0,0.0396714545053474,0.16666976767875,0,0,0
6.525,9847.53678278681,2.44827935027086,9847.5,9853.34036662805,2.44827935027086,2.44827935027086,0,-100.266190809281,22.2629444094209,11,0,24104.8039093257,-24695.410024012,2.44827935027086,2.22966687501471,2.14574474512661,0.0839221298880992,-100.277070929656,0.0654603967643745,2.46297153155528,1,286.869080684925,96.6289456376488,5.7393768060903e-10,1,0.986949775987585,0,0.0391121270879276,0.167844259776198,0,0,0
6.54,9846.03278992467,2.44459336736903,9846,9851.8362953308,2.44459336736903,2.44459336736903,0,-100.265355635481,22.2887241695268,11,0,24075.7054388178,-24666.2164327766,2.44459336736903,2.23933966581356,2.15483996996054,0.0844996958530264,-100.275820907989,0.0507682154799536,2.45910727299957,1,286.856481400831,96.6026843214605,6.23794939964528e-10,1,0.986820712106733,0,0.0385257587114896,0.168999391706053,0,0,0
6.555,9844.52880959014,2.44090992174638,9844.5,9850.33224436098,2.44090992174638,2.44090992174638,0,-100.264682734653,22.3145362466967,11,0,24046.6239875955,-24637.0408186385,2.44090992174638,2.24884919458603,2.16378122895405,0.0850679656319859,-100.274547629196,0.0362543098494186,2.45523943569943,1,286.843882116764,96.5764230052722,6.77616790496878e-10,1,0.986691644288528,0,0.0379129134088476,0.170135931263972,0,0,0
6.57,9843.02483934912,2.43722904948926,9843,9848.82821169718,2.43722904948926,2.43722904948926,0,-100.264144805428,22.340380194508,11,0,24017.5597145006,-24607.8831791139,2.43722904948926,2.25818877331352,2.17256142265916,0.0856273506543603,-100.273286046908,0.0219247958963766,2.45136827051862,1,286.831282832725,96.550161689084,7.35695786650338e-10,1,0.98656257228858,0,0.0372742025986881,0.171254701308721,0,0,0
6.585,9841.52087717704,2.4335507909159,9841.5,9847.32419521103,2.4335507909159,2.4335507909159,0,-100.263712422628,22.3662555110623,11,0,23988.512800848,-24578.7435218121,2.4335507909159,2.26735189422386,2.18117360519426,0.0861782890295997,-100.272064960151,0.00778557486702169,2.44749404715009,1,286.818683548713,96.5239003728957,7.9833914005699e-10,1,0.986433495903539,0,0.0366102854668005,0.172356578059199,0,0,0
6.6,9840.0169214907,2.4298751872578,9840,9845.82019280104,2.4298751872578,2.4298751872578,0,-100.263356188095,22.3921616835903,11,0,23959.4834351511,-24549.6218618329,2.4298751872578,2.27633224205118,2.18961099745851,0.0867212445926699,-100.270906400984,-0.00615768136716044,2.44361704986936,1,286.806084264727,96.4976390567075,8.65875319599248e-10,1,0.986304414974266,0,0.0359218689880398,0.17344248918534,0,0,0
6.615,9838.51297114787,2.42620227791154,9838.5,9844.31620250007,2.42620227791154,2.42620227791154,0,-100.263048476341,22.4180982254317,11,0,23930.4718002907,-24520.5182192073,2.42620227791154,2.28512370598887,2.19786700015723,0.0872567058316407,-100.269825547179,-0.0198995439787191,2.43973757367344,1,286.793484980768,96.4713777405192,9.38652732039494e-10,1,0.986175329385816,0,0.0352097075578346,0.174513411663281,0,0,0
6.63,9837.00902542073,2.42253209832023,9837,9842.81222255476,2.42253209832023,2.42253209832023,0,-100.262766150765,22.4440645358771,12,0,23901.4780662875,-24491.4326276438,2.42253209832023,2.29372039129976,2.20593520660424,0.0877851846955195,-100.268831066579,-0.0334348397406119,2.43585592095019,1,286.780885696837,96.4451164243309,3.09962426826059e-10,1,0.986046239064767,0,0.0344746022368745,0.175570369391039,0,0,0
6.645,9835.50508392847,2.41886467849274,9835.5,9841.30825147751,2.41886467849274,2.41886467849274,0,-100.262485904352,22.470060580273,12,0,23872.5023718259,-24462.365088616,2.41886467849274,2.30211663054964,2.21380941526511,0.0883072152845292,-100.267925790327,-0.0467586623705682,2.43197239874813,1,286.768286412932,96.4188551081427,3.38387159782439e-10,1,0.985917143972482,0,0.0337173996261098,0.176614430569058,0,0,0
6.66,9834.0011466399,2.41520004226978,9834,9839.80428806758,2.41520004226978,2.41520004226978,0,-100.26219282311,22.4960859305217,12,0,23843.5448371626,-24433.3156346446,2.41520004226978,2.31030699443084,2.22148364198705,0.0888233524437902,-100.267107693481,-0.0598663826259598,2.42808731669246,1,286.755687129055,96.3925937919544,3.69219388833906e-10,1,0.985788044105363,0,0.0329389903699084,0.17764670488758,0,0,0
6.675,9832.49721374756,2.41153820669552,9832.5,9838.30033142733,2.41153820669552,2.41153820669552,0,-100.261875326296,22.5221404066304,12,0,23814.6055496846,-24404.2842850521,2.41153820669552,2.31828630213813,2.2289521319635,0.0893341701746273,-100.266370729208,-0.0727536570486431,2.42420098543874,1,286.743087845205,96.3663324757661,4.02641570286196e-10,1,0.985658939482241,0,0.0321403074676154,0.178668340349255,0,0,0
6.69,9830.99328561766,2.40787918231277,9831,9836.79638094165,2.40787918231277,2.40787918231277,0,-100.261526206059,22.548223917549,12,0,23785.6845675687,-24375.2710557175,2.40787918231277,2.32604963126505,2.23620937124401,0.0898402600210333,-100.265706021828,-0.0854164357918621,2.42031371551525,1,286.730488561383,96.3400711595779,4.38852531932316e-10,1,0.98552983013936,0,0.0313223242132361,0.179680520042067,0,0,0
6.705,9829.48936272457,2.40422297366731,9829.5,9835.29243624975,2.40422297366731,2.40422297366731,0,-100.261142217775,22.5743364542907,12,0,23756.7819216948,-24346.2759585573,2.40422297366731,2.33359232719138,2.24325009786707,0.0903422293243166,-100.265102908513,-0.0978509689943445,2.41642581684567,1,286.717889277587,96.3138098433896,4.78062589568468e-10,1,0.985400716123807,0,0.03048605197147,0.180684458648633,0,0,0
6.72,9827.9854455913,2.40056958007942,9828,9833.78849720728,2.40056958007942,2.40056958007942,0,-100.260723507997,22.6004780794105,12,0,23727.8976188499,-24317.2990013457,2.40056958007942,2.3409100119263,2.25006931254846,0.0908406993778361,-100.264549893371,-0.110053812172707,2.41253759850926,1,286.705289993819,96.2875485272013,5.20497903261895e-10,1,0.98527159748755,0,0.0296325377847837,0.181681398755672,0,0,0
6.735,9826.48153473868,2.39691899658551,9826.5,9832.28456384285,2.39691899658551,2.39691899658551,0,-100.260272946038,22.6266489141536,12,0,23699.0316457865,-24288.3401878251,2.39691899658551,2.34799859238021,2.25666228888954,0.0913363034906784,-100.264035472838,-0.122021830602551,2.40864936875902,1,286.692690710078,96.2612872110131,5.66400345779996e-10,1,0.985142474282347,0,0.0287628618574622,0.182672606981357,0,0,0
6.75,9824.97763064449,2.39327121496117,9825,9830.78063631264,2.39327121496117,2.39327121496117,0,-100.259795416699,22.6528491244782,12,0,23670.183973729,-24259.3995180422,2.39327121496117,2.35485426803537,2.26302458307573,0.0918296849596358,-100.263548806768,-0.13375220277606,2.40476143517858,1,286.680091426364,96.2350258948248,6.16027107018178e-10,1,0.985013346555639,0,0.0278781349460413,0.183659369919272,0,0,0
6.765,9823.47373371324,2.38962622474841,9823.5,9829.27671485617,2.38962622474841,2.38962622474841,0,-100.259297125635,22.6790789070029,12,0,23641.3545629686,-24230.4769888495,2.38962622474841,2.36147353799202,2.26915204303151,0.0923214949605096,-100.2630802238,-0.145242422993466,2.40087410491957,1,286.667492142678,96.2087645786365,6.6965439043447e-10,1,0.984884214347527,0,0.0269794956874096,0.184642989921019,0,0,0
6.78,9821.96984425636,2.38598401422366,9822,9827.77279975572,2.38598401422366,2.38598401422366,0,-100.258784955876,22.7053384757477,12,0,23612.5433672538,-24201.5725945085,2.38598401422366,2.36785320735799,2.27504081700334,0.0928123903546449,-100.262621561266,-0.156490303164632,2.39698768490264,1,286.65489285902,96.1825032624483,7.27578073571613e-10,1,0.984755077688785,0,0.0260681078793916,0.18562478070929,0,0,0
6.795,9820.46596248202,2.38234457125995,9820.5,9826.26889130112,2.38234457125995,2.38234457125995,0,-100.258265904601,22.7316280503101,12,0,23583.7503377524,-24172.6863273398,2.38234457125995,2.37399039296552,2.28068736154593,0.0933030314195884,-100.262166350729,-0.167493973843613,2.39310248196108,1,286.642293575388,96.15624194626,7.90112256572382e-10,1,0.984625936599838,0,0.0251451577318953,0.186606062839177,0,0,0
6.81,9818.96208849345,2.37870788405023,9819,9824.76498976104,2.37870788405023,2.37870788405023,0,-100.257746619894,22.7579478459304,12,0,23554.9754264203,-24143.8181783701,2.37870788405023,2.37988252839012,2.28608844887511,0.0937940795150127,-100.261709866608,-0.178251884544747,2.3892188028754,1,286.629694291785,96.1299806300718,8.57593222758052e-10,1,0.984496791090583,0,0.0242118510991496,0.187588159030025,0,0,0
6.825,9817.45822229415,2.37507394167475,9817.5,9823.26109536128,2.37507394167475,2.37507394167475,0,-100.257233047206,22.7842980656902,12,0,23526.2185886843,-24114.9681379411,2.37507394167475,2.38552736825241,2.29124117357094,0.0942861946814686,-100.261249060882,-0.188762803369922,2.38533695424543,1,286.61709500821,96.1037193138835,9.30381815292917e-10,1,0.984367641160928,0,0.0232694106921718,0.188572389362937,0,0,0
6.84,9815.95436379845,2.37144273450743,9816,9821.75720827002,2.37144273450743,2.37144273450743,0,-100.256728738457,22.8106790677715,13,0,23497.4797825945,-24086.1361849374,2.37144273450743,2.39092299178456,2.29614295859639,0.094780033188175,-100.260782409346,-0.199025815940598,2.38145724222032,1,286.604495724661,96.0774579976952,3.42524908450526e-10,1,0.984238486801834,0,0.0223190732749248,0.18956006637635,0,0,0
6.855,9814.45051286737,2.36781425446678,9814.5,9820.25332858966,2.36781425446678,2.36781425446678,0,-100.256240398397,22.8370906857373,13,0,23468.7589812812,-24057.3223318166,2.36781425446678,2.39606780565048,2.30079156060869,0.095276245041791,-100.26030969517,-0.209040323653481,2.37757997208059,1,286.591896441142,96.051196681507,3.73986662282356e-10,1,0.984109327998916,0,0.0213620868486477,0.190552490083582,0,0,0
6.87,9812.94666926139,2.36418849498286,9813,9818.74945636003,2.36418849498286,2.36418849498286,0,-100.255769531862,22.8635332218682,13,0,23440.0561562585,-24028.5265588686,2.36418849498286,2.4009605459995,2.30518507459003,0.0957754714094712,-100.259831671853,-0.218806041267285,2.37370544755116,1,286.579297157649,96.0249353653187,4.08125943615752e-10,1,0.983980164727711,0,0.0203997078350762,0.191550942818942,0,0,0
6.885,9811.44283271842,2.36056545129443,9811.5,9817.24559154858,2.36056545129443,2.36056545129443,0,-100.255317788218,22.8900067947622,13,0,23411.371289934,-23999.7488581177,2.36056545129443,2.40560027975002,2.30932193755386,0.0962783421961606,-100.259349993921,-0.228322993835588,2.36983397030675,1,286.566697874185,95.9986740491304,4.451577008541e-10,1,0.983850996961483,0,0.0194331981691924,0.192556684392321,0,0,0
6.9,9809.93900295159,2.35694512017537,9810,9815.74173406326,2.35694512017537,2.35694512017537,0,-100.254885802825,22.9165115019635,13,0,23382.7043717152,-23970.9892226309,2.35694512017537,2.40998640508985,2.31320093166178,0.0967854734280746,-100.258866827198,-0.237591512847917,2.36596583909809,1,286.554098590747,95.9724127329422,4.8530969170299e-10,1,0.983721824671017,0,0.0184638224537128,0.193570946856149,0,0,0
6.915,9808.43517966455,2.3533274997505,9808.5,9814.23788376153,2.3533274997505,2.3533274997505,0,-100.254473335048,22.9430474225215,13,0,23354.0553972503,-23942.2476465734,2.3533274997505,2.41411865119143,2.31682118647192,0.0972974647195115,-100.258384602846,-0.246612231770633,2.36210134885982,1,286.541499307339,95.9461514167539,5.28823671595738e-10,1,0.983592647826136,0,0.0174928450603904,0.194594929439023,0,0,0
6.93,9806.93136256452,2.3497125892641,9807,9812.734040461,2.3497125892641,2.3497125892641,0,-100.254079433771,22.9696146202152,13,0,23325.4243674336,-23913.5241251901,2.3497125892641,2.4179970771343,2.32018218036986,0.0978148967644366,-100.257905802264,-0.255386080879949,2.35824078978322,1,286.528900023957,95.9198901005656,5.75964106614692e-10,1,0.983463466397028,0,0.0165215272171135,0.195629793528873,0,0,0
6.945,9805.42755137302,2.34610038882346,9805.5,9811.23020395065,2.34610038882346,2.34610038882346,0,-100.253702615553,22.996213147127,13,0,23296.8112872762,-23884.8186547244,2.34610038882346,2.42162207004004,2.32328374117103,0.0983383288690094,-100.257432779693,-0.263914281399065,2.35438444637899,1,286.516300740604,95.8936287843774,6.27009065515291e-10,1,0.983334280355302,0,0.015551124082954,0.196676657738019,0,0,0
6.96,9803.92374583378,2.34249089913836,9804,9809.726374002,2.34249089913836,2.34249089913836,0,-100.253341041577,23.0228430472803,13,0,23268.2161647419,-23856.1312322953,2.34249089913836,2.42499434241591,2.32612604587739,0.0988682965385257,-100.256967626584,-0.272198338954593,2.35053259653837,1,286.50370145728,95.8673674681891,6.82259064744451e-10,1,0.9832050896748,0,0.0145828818107954,0.197736593077051,0,0,0
6.975,9802.41994571816,2.33888412127252,9802.5,9808.22255037936,2.33888412127252,2.33888412127252,0,-100.252992684164,23.0495043601129,13,0,23239.6390096172,-23827.4618557456,2.33888412127252,2.42811492871432,2.32870961958506,0.0994053091292582,-100.256512077796,-0.280240036354605,2.34668551061823,1,286.491102173984,95.8411061520008,7.42035352934416e-10,1,0.983075894332129,0,0.0136180346183217,0.198810618258516,0,0,0
6.99,9800.9161508279,2.33528005642031,9801,9806.71873284885,2.33528005642031,2.33528005642031,0,-100.252655472498,23.0761971236046,13,0,23211.0798324889,-23798.8105234742,2.33528005642031,2.43098518111797,2.33103533353713,0.0999498475808411,-100.25606745764,-0.288041425700311,2.34284345057935,1,286.478502890715,95.8148448358126,8.06680439530131e-10,1,0.982946694306943,0,0.0126578018625829,0.199899695161682,0,0,0
7.005,9799.41236099581,2.33167870571698,9799.5,9805.21492118585,2.33167870571698,2.33167870571698,0,-100.252327415064,23.102921376938,13,0,23182.5386438587,-23770.1772342693,2.33167870571698,2.43360676455657,2.33310440231621,0.100502362240365,-100.255634661307,-0.295604819859344,2.33900666917796,1,286.465903607474,95.7885835196243,8.76565356022223e-10,1,0.982817489582008,0,0.0117033851440596,0.20100472448073,0,0,0
7.02,9797.90857608458,2.32808007008825,9798,9803.71111518059,2.32808007008825,2.32808007008825,0,-100.252006694138,23.1296771626095,13,0,23154.0154534316,-23741.5619871497,2.32808007008825,2.43598165096837,2.33491838018552,0.101063270782856,-100.255214166471,-0.302932783320326,2.33517540921376,1,286.453304324263,95.7623222034361,9.5208081193099e-10,1,0.982688280143086,0,0.0107559654338827,0.202126541565711,0,0,0
7.035,9796.40479598417,2.3244841501404,9796.5,9802.20731464212,2.3244841501404,2.3244841501404,0,-100.25169325599,23.1564643455659,14,0,23125.51027249,-23712.9647930567,2.3244841501404,2.43811211282408,2.33647915658581,0.101632956238269,-100.254806068269,-0.310028122445832,2.33134990285478,1,286.440705041079,95.7360608872478,3.84929566312595e-10,1,0.982559065978673,0,0.0098167002545706,0.203265912476537,0,0,0
7.05,9794.90102058533,2.32089094609033,9795,9800.70351940043,2.32089094609033,2.32089094609033,0,-100.251382857412,23.1832833276031,14,0,23097.0231020253,-23684.3856280949,2.32089094609033,2.44000071593043,2.33778895078887,0.102211765141557,-100.254410131513,-0.316893875160218,2.32753037105333,1,286.428105757923,95.7097995710595,4.2058728497323e-10,1,0.982429847077344,0,0.00888672091463638,0.204423530283115,0,0,0
7.065,9793.39724984247,2.31730045788261,9793.5,9799.19972930126,2.31730045788261,2.31730045788261,0,-100.251075832135,23.2101339986141,14,0,23068.5539503883,-23655.8245025593,2.31730045788261,2.44165031153321,2.33885030565533,0.102800005877882,-100.254025940852,-0.323533300123218,2.32371702316576,1,286.415506474797,95.6835382548713,4.59338350315637e-10,1,0.982300623434055,0,0.00796712980043024,0.205600011755765,0,0,0
7.08,9791.89348370499,2.31371268486244,9792,9797.69594421852,2.31371268486244,2.31371268486244,0,-100.250771487993,23.23701642472,14,0,23040.1028204101,-23627.2814152147,2.31371268486244,2.44306402773605,2.33966608085168,0.103397946884377,-100.253652757546,-0.32994986540636,2.31991005609845,1,286.402907191698,95.657276938683,5.01429153160998e-10,1,0.982171395043265,0,0.00705899778660735,0.206795893768754,0,0,0
7.095,9790.38972213267,2.31012762597259,9790.5,9796.19216404568,2.31012762597259,2.31012762597259,0,-100.250469403256,23.2639306780662,14,0,23011.669713095,-23598.7563645858,2.31012762597259,2.4442452602816,2.3402394449838,0.104005815297803,-100.253289717668,-0.336147236642366,2.31610965423484,1,286.390307908627,95.6310156224947,5.47128532509231e-10,1,0.982042161900468,0,0.00616336170031406,0.208011630595607,0,0,0
7.11,9788.88596509162,2.30654527979946,9789,9794.6883886934,2.30654527979946,2.30654527979946,0,-100.25016939209,23.290876836172,14,0,22983.2546278064,-23570.2493489401,2.30654527979946,2.44519766268815,2.34057386707462,0.104623795613525,-100.252935895038,-0.342129264904621,2.31231598901058,1,286.377708625586,95.6047543063065,5.9672355164946e-10,1,0.981912924001796,0,0.00528122189524316,0.20924759122705,0,0,0
7.125,9787.38221255074,2.30296564463145,9787.5,9793.1846180867,2.30296564463145,2.30296564463145,0,-100.249871462009,23.3178549811025,14,0,22954.8575625205,-23541.7603662901,2.30296564463145,2.44592513580981,2.34067310731194,0.105252028497866,-100.252590356382,-0.347899974115743,2.30852921868979,1,286.365109342573,95.5784929901182,6.50525439454814e-10,1,0.981783681343657,0,0.00441353994928573,0.210504056995733,0,0,0
7.14,9785.87846447881,2.29938871852449,9786,9791.68085216199,2.29938871852449,2.29938871852449,0,-100.249575767818,23.344865198538,14,0,22926.478514113,-23513.2894144102,2.29938871852449,2.44643181682138,2.34054120708444,0.105890609736935,-100.252252207218,-0.353463548174092,2.30474948812116,1,286.352510059589,95.5522316739299,7.08865762555554e-10,1,0.981654433922449,0,0.00356123647535878,0.21178121947387,0,0,0
7.155,9784.37472084229,2.29581449936911,9784.5,9790.17709086404,2.29581449936911,2.29581449936911,0,-100.249282566455,23.3719075768189,14,0,22898.117478657,-23484.8364908693,2.29581449936911,2.4467220676809,2.34018247833755,0.106539589343347,-100.251920627157,-0.358824317770758,2.30097692859684,1,286.339910776633,95.5259703577417,7.72103422911308e-10,1,0.98152518173434,0,0.00272518906575403,0.213079178686694,0,0,0
7.17,9782.87098160379,2.29224298495458,9783,9788.67333414328,2.29224298495458,2.29224298495458,0,-100.248992173221,23.3989822060324,14,0,22869.7744517141,-23456.401593065,2.29224298495458,2.4468004630993,2.33960149228582,0.10719897081348,-100.251594894445,-0.363986746998486,2.29721165772777,1,286.327311493706,95.4997090415534,8.40620565999377e-10,1,0.981395924775104,0,0.00190623037399718,0.214397941626959,0,0,0
7.185,9781.36724672119,2.28867417302704,9781.5,9787.16958195327,2.28867417302704,2.28867417302704,0,-100.248704923478,23.426089177182,14,0,22841.4494286021,-23427.9847182671,2.28867417302704,2.44667177805111,2.3388030675109,0.107868710540204,-100.251274400335,-0.368955419771678,2.29345377935984,1,286.314712210809,95.4734477253651,9.14831822889956e-10,1,0.981266663040046,0,0.00110514633660408,0.215737421080408,0,0,0
7.2,9779.86351614734,2.28510806133926,9780,9785.66583424868,2.28510806133926,2.28510806133926,0,-100.248421140602,23.4532285814785,14,0,22813.1424046246,-23399.5858636597,2.28510806133926,2.4463409748776,2.33779225748207,0.108548717395533,-100.250958654343,-0.373735026104472,2.28970338356419,1,286.302112927938,95.4471864091769,9.9517493771402e-10,1,0.981137396523965,0,0.000322674550199409,0.217097434791065,0,0,0
7.215,9778.35978983023,2.28154464768987,9778.5,9784.16209098375,2.28154464768987,2.28154464768987,0,-100.248139476704,23.4804007059487,15,0,22784.8533722006,-23371.2050137655,2.28154464768987,2.44581319001013,2.3365743375363,0.109238852473831,-100.250647281401,-0.378330348329408,2.28596054662838,1,286.289513645098,95.4209250929886,4.36413319974781e-10,1,0.981008125221169,0,-0.000440497198884948,0.218477704947662,0,0,0
7.23,9776.85606773808,2.27798392995285,9777,9782.65835211105,2.27798392995285,2.27798392995285,0,-100.247863319947,23.5076052661153,15,0,22756.5823331179,-23342.8421901788,2.27798392995285,2.44509372036462,2.33515479136072,0.109938929003892,-100.2503400132,-0.382746247267917,2.28222533110448,1,286.276914362287,95.3946637768004,4.77410945319596e-10,1,0.980878849127998,0,-0.00118373224606128,0.219877858007784,0,0,0
7.245,9775.35234978828,2.27442590593499,9775.5,9781.15461758724,2.27442590593499,2.27442590593499,0,-100.247591406178,23.5348425332007,15,0,22728.32927986,-23314.4973779719,2.27442590593499,2.44418800944882,2.33353929712389,0.110648712324931,-100.250036581121,-0.386987648419547,2.27849778567914,1,286.264315079504,95.3684024606121,5.22026187089893e-10,1,0.980749568235693,0,-0.00190644619429392,0.221297424649863,0,0,0
7.26,9773.84863591719,2.27087057373384,9774,9779.65088735879,2.27087057373384,2.27087057373384,0,-100.247323810134,23.5621125947882,15,0,22700.094209189,-23286.1705743283,2.27087057373384,2.44310163322737,2.33173371280998,0.111367920417386,-100.24973692594,-0.391059528163693,2.27477794589845,1,286.25171579675,95.3421411444238,5.70565137124201e-10,1,0.980620282537393,0,-0.00260810789224397,0.222735840834773,0,0,0
7.275,9772.34492606004,2.26731793155372,9772.5,9778.14716136956,2.26731793155372,2.26731793155372,0,-100.247060535892,23.5894155372412,15,0,22671.8771183465,-23257.8617764979,2.26731793155372,2.44184028578721,2.32974406160527,0.112096224181939,-100.24944104021,-0.394966900328301,2.27106583382279,1,286.239116514026,95.3158798282356,6.23351717571916e-10,1,0.980490992026126,0,-0.00328824024149199,0.224192448363879,0,0,0
7.29,9770.841220152,2.26376797769777,9771,9776.64343956116,2.26376797769777,2.26376797769777,0,-100.246801522524,23.6167514458196,15,0,22643.6780050267,-23229.5709818033,2.26376797769777,2.44040976485736,2.32757651679474,0.112833248062617,-100.249148951073,-0.398714802597376,2.26736145838522,1,286.226517231331,95.2896185120473,6.80734942802569e-10,1,0.980361696694913,0,-0.00394642082619878,0.225666496125234,0,0,0
7.305,9769.33751812916,2.26022071055532,9769.5,9775.13972187353,2.26022071055532,2.26022071055532,0,-100.246546654279,23.6441204048638,15,0,22615.4968673204,-23201.2981876436,2.26022071055532,2.43881595721984,2.32523738637601,0.113578570843834,-100.248860704291,-0.402308283284828,2.26366481562268,1,286.213917948665,95.263357195859,7.43091560659001e-10,1,0.980232396536868,0,-0.0045822823749071,0.227157141687669,0,0,0
7.32,9767.83381992935,2.25667612858622,9768,9773.63600824563,2.25667612858622,2.25667612858622,0,-100.246295771335,23.6715224980241,15,0,22587.3337036484,-23173.0433914909,2.25667612858622,2.43706482406562,2.32273309743294,0.114331726632677,-100.248576350284,-0.405752388352185,2.25997588897879,1,286.201318666027,95.2370958796708,8.108243369301e-10,1,0.980103091545276,0,-0.00519551304014687,0.228663453265354,0,0,0
7.335,9766.33012549278,2.25313423030337,9766.5,9772.13229861611,2.25313423030337,2.25313423030337,0,-100.246048682127,23.6989578085142,15,0,22559.1885126833,-23144.8065908843,2.25313423030337,2.43516238634398,2.32007018032789,0.115092206016084,-100.248295932555,-0.409052148744756,2.25629464963139,1,286.18871938342,95.2108345634825,8.84370637894182e-10,1,0.979973781713662,0,-0.0057858565050104,0.230184412032169,0,0,0
7.35,9764.82643476255,2.24959501425548,9765,9770.62859292404,2.24959501425548,2.24959501425548,0,-100.245805174741,23.7264264193646,15,0,22531.0612932729,-23116.5877834203,2.24959501425548,2.43311471014771,2.3172552527474,0.115859457400311,-100.24801947906,-0.412212568072782,2.25262105687555,1,286.176120100841,95.1845732472942,9.64199922807749e-10,1,0.97984446703584,0,-0.00635311190575472,0.231718914800622,0,0,0
7.365,9763.32274768493,2.24605847901042,9763.5,9769.12489110951,2.24605847901042,2.24605847901042,0,-100.245566644779,23.7539282188955,16,0,22502.9520473466,-23088.3869791656,2.24605847901042,2.43092789218144,2.31429500366723,0.116632888514206,-100.247746996144,-0.41523861069285,2.248955058517,1,286.163520818292,95.158311931106,4.51265838537193e-10,1,0.979715147505943,0,-0.00689713358590893,0.233265777028413,0,0,0
7.38,9761.81906418526,2.24252462314036,9762,9767.62119311424,2.24252462314036,2.24252462314036,0,-100.245329750497,23.7814636618757,16,0,22474.8607680427,-23060.2041517279,2.24252462314036,2.42860804536734,2.31119617727377,0.11741186809357,-100.247478465172,-0.418135190199431,2.24529659135505,1,286.150921535772,95.1320506149177,4.9459421479142e-10,1,0.979585823116,0,-0.00741783066861856,0.23482373618714,0,0,0
7.395,9760.315384239,2.23899344536897,9760.5,9766.11749887568,2.23899344536897,2.23899344536897,0,-100.242924019348,23.8090327275241,16,0,22446.8001317652,-23032.039305832,2.23899344536897,2.42616128462185,2.30796555677285,0.118195727849004,-100.24721393421,-0.420907158414117,2.24164558190574,1,286.138322253282,95.1057892987295,5.41815860403459e-10,1,0.979456493863071,0,-0.00791516644991752,0.236391455698008,0,0,0
7.41,9758.81174037871,2.2354649442166,9759,9764.61380834115,2.2354649442166,2.2354649442166,0,-100.244027872793,23.8366356592699,16,0,22418.7374654544,-23003.8929229272,2.2354649442166,2.42359371285947,2.30460994870033,0.118983764159133,-100.246953295388,-0.423559294950887,2.23800194622685,1,286.125722970821,95.0795279825412,5.9363998184055e-10,1,0.979327163011423,0,-0.00838915764632242,0.237967528318266,0,0,0
7.425,9757.30807996062,2.23193890379471,9757.5,9763.11012990283,2.23193890379471,2.23193890379471,0,-100.244837319258,23.8642752557313,16,0,22390.6940106839,-22975.7640303043,2.23193890379471,2.42091140726193,2.3011363477287,0.119775059533226,-100.246571931519,-0.426096296961138,2.23436522936724,1,286.11312368839,95.0532666663529,6.49603095913184e-10,1,0.979197825277709,0,-0.00883988546258152,0.239550119066451,0,0,0
7.44,9755.80440740083,2.2284155036076,9756,9761.60645613468,2.2284155036076,2.2284155036076,0,-100.244784492947,23.8919490168156,16,0,22362.6733109259,-22947.6528587073,2.2284155036076,2.41812040585871,2.2975513692102,0.120569036648514,-100.246206055872,-0.428522622533672,2.23073585662207,1,286.100524405989,95.0270053501647,7.10851843562793e-10,1,0.979068481104508,0,-0.00926746148465218,0.241138073297027,0,0,0
7.455,9754.30073563343,2.22489485079423,9754.5,9760.1027826797,2.22489485079423,2.22489485079423,0,-100.244692413714,23.9196555391543,16,0,22334.6708501039,-22919.5596971634,2.22489485079423,2.41522669445556,2.29386170325016,0.121364991205401,-100.245916493569,-0.430842975548138,2.22711370131822,1,286.087925123616,95.0007440339764,7.77614998086873e-10,1,0.978939131789301,0,-0.00967204969722424,0.242729982410802,0,0,0
7.47,9752.79706524723,2.22137694196576,9753,9758.59910966207,2.22137694196576,2.22137694196576,0,-100.244565968035,23.9473949382665,16,0,22306.6866046745,-22891.4845507765,2.22137694196576,2.41223619395557,2.29007411408997,0.122162079865597,-100.24568453262,-0.433061826072137,2.22349852761463,1,286.075325841274,94.9744827177881,8.50308166590697e-10,1,0.978809777390682,0,-0.0100538689018697,0.244324159731194,0,0,0
7.485,9751.29339675771,2.21786177058275,9751.5,9757.09543732641,2.21786177058275,2.21786177058275,0,-100.244411959929,23.9751673759725,16,0,22278.7205358853,-22863.4274206046,2.21786177058275,2.40915474811327,2.28619530999364,0.122959438119632,-100.245493824582,-0.435183411721005,2.21989021263153,1,286.062726558962,94.9482214015999,9.29430544046534e-10,1,0.978680417959896,0,-0.0104131853786233,0.245918876239263,0,0,0
7.5,9749.78973057831,2.21434932813939,9750,9755.59176598752,2.21434932813939,2.21434932813939,0,-100.244236127222,24.0029732349213,17,0,22250.7725957232,-22835.3882921961,2.21434932813939,2.40598811174776,2.2822319281335,0.123756183614267,-100.245330601926,-0.437211853769788,2.21628862520651,1,286.05012727668,94.9219600854116,4.60331113917042e-10,1,0.978551053537949,0,-0.0107503111359,0.247512367228533,0,0,0
7.515,9748.2860670364,2.21083960524483,9748.5,9754.08809598578,2.21083960524483,2.21083960524483,0,-100.244012130111,24.0308123544748,17,0,22222.8429563746,-22807.3671842283,2.21083960524483,2.40274193946261,2.27819052004851,0.124551419414097,-100.245183765638,-0.439151150836907,2.21269362745389,1,286.037527994427,94.8956987692233,5.05736755428303e-10,1,0.978421684157213,0,-0.0110656020061395,0.249102838828193,0,0,0
7.53,9746.78240685445,2.20733259233839,9747,9752.58442765819,2.20733259233839,2.20733259233839,0,-100.243785926858,24.0586851204402,17,0,22194.9313397815,-22779.3640867583,2.20733259233839,2.39942177489297,2.27407753792024,0.125344236972726,-100.245044721422,-0.441005173045972,2.20910507579245,1,286.024928712203,94.8694374530351,5.55384345626915e-10,1,0.978292309889718,0,-0.0113594556301964,0.250688473945452,0,0,0
7.545,9745.27875006554,2.20382827706992,9745.5,9751.08076144164,2.20382827706992,2.20382827706992,0,-100.243567373709,24.0865917797756,17,0,22167.0376769728,-22751.3789882773,2.20382827706992,2.39603304051906,2.26989932435486,0.126133716164206,-100.244905302919,-0.442777656500027,2.20552281634745,1,286.012329430011,94.8431761368468,6.09656472704262e-10,1,0.978162930738302,0,-0.0116323095770143,0.252267432328413,0,0,0
7.56,9743.77509655494,2.20032664941905,9744,9749.57709766838,2.20032664941905,2.20032664941905,0,-100.243364622302,24.1145325444217,17,0,22139.161908985,-22723.4118773043,2.20032664941905,2.39258102806664,2.2656620950405,0.126918933026142,-100.244760693394,-0.444472195777557,2.20194669834136,1,285.999730147847,94.8169148206585,6.68961481522609e-10,1,0.978033546690972,0,-0.0118846387625218,0.253837866052283,0,0,0
7.575,9742.2714460856,2.19682770205799,9742.5,9748.07343655482,2.19682770205799,2.19682770205799,0,-100.243183920151,24.1425075858814,17,0,22111.3039887311,-22695.4627431026,2.19682770205799,2.38907088952159,2.26137192720012,0.127698962321473,-100.24460884988,-0.446092244699869,2.19837656946467,1,285.987130865715,94.7906535044703,7.3374443366251e-10,1,0.977904157723451,0,-0.0121169531095466,0.255397924642946,0,0,0
7.59,9740.7677983268,2.19333143048082,9741,9746.56977819984,2.19333143048082,2.19333143048082,0,-100.243029565923,24.1705170332711,17,0,22083.4638817941,-22667.5315762219,2.19333143048082,2.38550762878419,2.25703474874316,0.128472880041035,-100.244449914274,-0.447641112106543,2.19481227675972,1,285.974531583611,94.764392188282,8.04485392020151e-10,1,0.977774763802061,0,-0.0123297951408428,0.256945760082069,0,0,0
7.605,9739.26415288331,2.18983783293478,9739.5,9745.06612259099,2.18983783293478,2.18983783293478,0,-100.242903993234,24.1985609743303,17,0,22055.6415662887,-22639.6183688594,2.18983783293478,2.38189609397869,2.25265632810274,0.129239765875951,-100.24428563895,-0.449121958385439,2.19125366734516,1,285.961932301539,94.7381308720937,8.81708928813899e-10,1,0.977645364886642,0,-0.0125237375239693,0.258479531751902,0,0,0
7.62,9737.76050932341,2.18634691019555,9738,9743.56246961663,2.18634691019555,2.18634691019555,0,-100.242807952318,24.226639458767,17,0,22027.8370319933,-22611.7231150602,2.18634691019555,2.37824097043101,2.24824226473431,0.129998705696698,-100.24411885153,-0.450537792795813,2.18770058902859,1,285.949333019497,94.7118695559055,9.65978581199992e-10,1,0.977515960933371,0,-0.0126993805677733,0.259997411393396,0,0,0
7.635,9736.25686720413,2.18285866522898,9736.5,9742.05881908214,2.18285866522898,2.18285866522898,0,-100.242742440536,24.2547522993346,18,0,22000.0502819552,-22583.8458235735,2.18285866522898,2.37454677434344,2.24379798028095,0.130748794062493,-100.24395297742,-0.451891471628858,2.18415289083957,1,285.936733737484,94.6856082397172,5.05120806713052e-10,1,0.977386551897287,0,-0.012857349675313,0.261497588124985,0,0,0
7.65,9734.75322606752,2.17937310278153,9735,9740.55517072855,2.17937310278153,2.17937310278153,0,-100.24270240522,24.2828998737943,18,0,21972.2813187188,-22555.9864674127,2.17937310278153,2.37081784715916,2.23932871038492,0.131489136774245,-100.243791633573,-0.453185697239446,2.18061042346821,1,285.924134455503,94.659346923529,5.56115082129949e-10,1,0.977257137731926,0,-0.0129982927736996,0.262978273548489,0,0,0
7.665,9733.24958553144,2.17589022910319,9733.5,9739.05152424534,2.17589022910319,2.17589022910319,0,-100.242686650417,24.3110819636099,18,0,21944.5301609358,-22528.1450581748,2.17589022910319,2.36705835063237,2.23483949699255,0.132218853639817,-100.243638397228,-0.454423017926126,2.17707303998588,1,285.911535173551,94.6330856073407,6.12027933829296e-10,1,0.97712771839843,0,-0.0131228776978505,0.264437707279635,0,0,0
7.68,9731.74594523169,2.17241005114827,9732,9737.5478793034,2.17241005114827,2.17241005114827,0,-100.242692011415,24.3392985251882,18,0,21916.7968279546,-22500.321596699,2.17241005114827,2.36327226261836,2.23033518184519,0.132937080773175,-100.243496328078,-0.455605828808809,2.1735405953559,1,285.898935891629,94.6068242911524,6.73303912661563e-10,1,0.976998293859734,0,-0.0132317895985121,0.26587416154635,0,0,0
7.695,9730.24230485152,2.16893257634883,9730.5,9736.04423556454,2.16893257634883,2.16893257634883,0,-100.242715072334,24.3675495076917,18,0,21889.0813417064,-22472.5160849591,2.16893257634883,2.35946337356645,2.22582040002988,0.133642973536569,-100.243367943135,-0.456736373016438,2.17001294762315,1,285.886336609739,94.5805629749642,7.40434984632962e-10,1,0.976868864083538,0,-0.013325728298585,0.267285947073138,0,0,0
7.71,9728.73866412543,2.16545781224952,9729,9734.54059269612,2.16545781224952,2.16545781224952,0,-100.242752406012,24.3958348585581,18,0,21861.3837250164,-22444.728525773,2.16545781224952,2.35563528373082,2.22129957442876,0.134335709302053,-100.243255120729,-0.45781674429076,2.16648995804416,1,285.873737327878,94.5543016587759,8.13955118474083e-10,1,0.976739429042683,0,-0.0134054056523047,0.268671418604105,0,0,0
7.725,9727.23502283934,2.1619857662025,9727.5,9733.03695038292,2.1619857662025,2.1619857662025,0,-100.242800770314,24.4241545281202,18,0,21833.7040001745,-22416.958922515,2.1619857662025,2.35179140108895,2.21677691086031,0.135014490228633,-100.243159067055,-0.458848890085403,2.16297149146081,1,285.861138046049,94.5280403425876,8.94443720170272e-10,1,0.976609988715169,0,-0.0134715429152013,0.270028980457266,0,0,0
7.74,9725.73138082779,2.15851644513079,9726,9731.53330833591,2.15851644513079,2.15851644513079,0,-100.242857257754,24.4525084731969,18,0,21806.042187802,-22389.2072788526,2.15851644513079,2.34793493996281,2.21225639392648,0.13567854603633,-100.24308033499,-0.459834615343715,2.15945741669175,1,285.84853876425,94.5017790263994,9.82529727861703e-10,1,0.976480543083878,0,-0.0135248681192706,0.27135709207266,0,0,0
7.755,9724.22773796892,2.15504985536098,9724.5,9730.02966629809,2.15504985536098,2.15504985536098,0,-100.242917660203,24.4808968713125,19,0,21778.3983029367,-22361.4735853169,2.15504985536098,2.34406892033142,2.20774178358146,0.136327136749959,-100.243018882882,-0.460775586904679,2.15594760692666,1,285.835939482481,94.4755177102111,5.38610335041039e-10,1,0.976351092136067,0,-0.0135661134778076,0.272654273499919,0,0,0
7.77,9722.72409420402,2.15158600252296,9723,9728.52602404748,2.15158600252296,2.15158600252296,0,-100.242983329776,24.5093192970023,19,0,21750.7723667839,-22333.757870963,2.15158600252296,2.34019616782105,2.20323661244717,0.136959555373887,-100.242974161769,-0.461673338470358,2.15244194009847,1,285.823340200744,94.4492563940229,5.94471046961949e-10,1,0.97622163586533,0,-0.0135960128275765,0.273919110747774,0,0,0
7.785,9721.22044945407,2.14812489133871,9721.5,9727.02238140442,2.14812489133871,2.14812489133871,0,-100.243051290229,24.5377759327286,19,0,21723.1643874762,-22306.0601265981,2.14812489133871,2.33631931437065,2.1987441840412,0.137575130329457,-100.242945120222,-0.462529276045867,2.1489402989837,1,285.810740919037,94.4229950778346,6.55869424504464e-10,1,0.976092174263227,0,-0.0136152991109686,0.275150260658914,0,0,0
7.8,9719.71680368472,2.1446665260025,9720,9725.51873821534,2.1446665260025,2.1446665260025,0,-100.243120536093,24.5662667768695,19,0,21695.5743738095,-22278.3803551639,2.1446665260025,2.33244079953176,2.19426757120566,0.138173228326102,-100.242930554679,-0.463344683690858,2.14544257249311,1,285.79814163736,94.3967337616463,7.23335489455134e-10,1,0.975962707325796,0,-0.0136247018872266,0.276346456652204,0,0,0
7.815,9718.21315687668,2.14121091003928,9718.5,9724.01509435755,2.14121091003928,2.14121091003928,0,-100.24319050565,24.5947918379778,19,0,21668.0023315709,-22250.718559178,2.14121091003928,2.3285628724049,2.18980961594494,0.138753256459962,-100.242929072225,-0.464120730181464,2.14194865514336,1,285.785542355715,94.370472445458,7.97443910231159e-10,1,0.975833235050591,0,-0.0136249449466357,0.277506512919923,0,0,0
7.83,9716.70950901909,2.13775804638545,9717,9722.51144973516,2.13775804638545,2.13775804638545,0,-100.243261020095,24.6233511335501,19,0,21640.4482638751,-22223.074740713,2.13775804638545,2.32468759417846,2.18537292978439,0.139314664394073,-100.242939192862,-0.464858475285546,2.13845844768106,1,285.772943074101,94.3442111292698,8.78819021288879e-10,1,0.975703757436012,0,-0.0136167439883526,0.278629328788147,0,0,0
7.845,9715.20586010379,2.13430793748978,9715.5,9721.00780427433,2.13430793748978,2.13430793748978,0,-100.243332211304,24.651944688483,19,0,21612.9121715978,-22195.4489014092,2.13430793748978,2.32081684125035,2.18095989489084,0.139856946359509,-100.242959439019,-0.465558876581159,2.13497185738821,1,285.760343792518,94.3179498130815,9.68140502989131e-10,1,0.975574274480727,0,-0.0136008043782003,0.279713892719017,0,0,0
7.86,9713.70221012062,2.13086058542412,9714,9719.50415791824,2.13086058542412,2.13086058542412,0,-100.243406177268,24.6805723210136,20,0,21585.39405695,-22167.8410556649,2.13086058542412,2.31695230889974,2.17657266594537,0.140379642954368,-100.242988408921,-0.466222796479586,2.13148879832889,1,285.747744510965,94.2916884968933,5.52761146931053e-10,1,0.975444786183206,0,-0.0135778190097873,0.280759285908736,0,0,0
7.875,9712.19855902796,2.12741599199587,9712.5,9718.00051062214,2.12741599199587,2.12741599199587,0,-100.243478809681,24.7092346547199,13,0,21557.8939117168,-22140.2511713884,2.12741599199587,2.31309551548747,2.17221317273988,0.140882342747591,-100.243024832534,-0.466851009384349,2.12800919159831,1,285.735145229444,94.265427180705,9.41029245305691e-10,1,0.975315292538759,0,-0.0135484662614473,0.281764685495182,0,0,0
7.89,9710.69490684582,2.12397415902544,9711,9716.49686234211,2.12397415902544,2.12397415902544,0,-100.243555459656,24.7379310541231,6,0,21530.4117358599,-22112.6792796284,2.12397415902544,2.30924780714984,2.16788312331989,0.141364683829944,-100.24306770885,-0.46744420898679,2.12453296582293,1,285.722545947954,94.2391658645167,6.17961235474265e-11,1,0.975185793548882,0,-0.0135134080556187,0.282729367659887,0,0,0
7.905,9709.19125351392,2.12053508794549,9709.5,9714.99321305081,2.12053508794549,2.12053508794549,0,-100.243634202109,24.7666619627274,6,0,21502.9475275613,-22085.1253673723,2.12053508794549,2.30541036295343,2.16358400851241,0.141826354441025,-100.243116013966,-0.468003015784288,2.1210600560512,1,285.709946666494,94.2129045483285,7.3432622572637e-11,1,0.975056289207016,0,-0.0134732880937363,0.283652708882049,0,0,0
7.92,9707.68759900089,2.11709878042577,9708,9713.48956271233,2.11709878042577,2.11709878042577,0,-100.192264421644,24.7944428725245,4,0,21475.1735726626,-22056.9629606424,2.11709878042577,2.30158420048095,2.15931710594384,0.142267094537103,-100.243169076219,-0.468527983889989,2.11759040566516,1,285.697347385066,94.1866432321402,2.46173620749003e-10,1,0.974926779509491,0,-0.0134287301240676,0.284534189074207,0,0,0
7.935,9706.18471503457,2.11366523813333,9706.5,9711.98591129196,2.11366523813333,2.11366523813333,0,-100.102602645859,24.8215092044973,6,0,21447.1713362459,-22028.3500941168,2.11366523813333,2.29777018181135,2.15508348565987,0.142686696151481,-100.24322635535,-0.469019609129388,2.11412396498492,1,285.68474810367,94.1603819159519,6.4704678546242e-11,1,0.974797341960842,0,-0.0133803364071059,0.285373392302962,0,0,0
7.95,9704.68317599488,2.1102293836712,9705,9710.48245876691,2.1102293836712,2.1102293836712,0,-100.018354162119,24.8487034688075,6,0,21419.1728297651,-21999.7726229852,2.1102293836712,2.29396901985313,2.15088910006976,0.143079919783372,-100.240337931954,-0.469478335980986,2.11065052343889,1,285.672148822305,94.1341205997637,6.86435519229728e-11,1,0.974668034252238,0,-0.0133291752235936,0.286159839566745,0,0,0
7.965,9703.18290068245,2.10678352565665,9703.5,9708.9795021455,2.10678352565665,2.10678352565665,0,-99.9443778415131,24.876145161397,6,0,21391.1413255051,-21971.2220009475,2.10678352565665,2.29018128500545,2.14674117416386,0.143440110841591,-100.230775525581,-0.469899475748682,2.10716203093995,1,285.659549540971,94.1078592835754,7.37225458207308e-11,1,0.974538848236857,0,-0.0132765212358388,0.286880221683183,0,0,0
7.98,9701.68373501483,2.10332223899484,9702,9707.47724041883,2.10332223899484,2.10332223899484,0,-99.8839664025618,24.9039182281724,6,0,21363.0502544861,-21942.6907300968,2.10332223899484,2.28640741209713,2.14264297425824,0.14376443783889,-100.213080971223,-0.470277981031978,2.10365830674294,1,285.646950259668,94.0815979673872,7.97995875069593e-11,1,0.974409768446983,0,-0.0132233755453863,0.287528875677781,0,0,0
7.995,9700.18547551879,2.09984227297972,9700.5,9705.97578107457,2.09984227297972,2.09984227297972,0,-99.8389381299919,24.9320725392087,6,0,21334.8829365124,-21914.1726316021,2.09984227297972,2.282647707574,2.13859474132175,0.144052966252241,-100.187468014512,-0.470614048780076,2.1001395912984,1,285.634350978398,94.0553366511989,8.6693907535234e-11,1,0.974280774452762,0,-0.0131704833647781,0.288105932504482,0,0,0
8.01,9698.68789144684,2.09634234277162,9699,9704.47515101097,2.09634234277162,2.09634234277162,0,-99.8098022088269,24.9606271533495,6,0,21306.6317515532,-21885.6629841828,2.09634234277162,2.27890235688873,2.13459454468998,0.144307812198756,-100.155291541493,-0.470911367098759,2.09660661418749,1,285.621751697158,94.0290753350106,9.41993764447828e-11,1,0.974151843083064,0,-0.0131183632359257,0.288615624397512,0,0,0
8.025,9697.1907444137,2.09282283896423,9697.5,9702.97531035418,2.09282283896423,2.09282283896423,0,-99.7959736033864,24.9895748669708,6,0,21278.2969087329,-21857.1585465184,2.09282283896423,2.27517143206599,2.13063903634644,0.144532395719549,-100.11859140121,-0.471175638514627,2.09306058499046,1,285.60915241595,94.0028140188223,1.02097577634362e-10,1,0.974022950397543,0,-0.013067343477227,0.289064791439099,0,0,0
8.04,9695.69380480965,2.08928548849129,9696,9701.47616778363,2.08928548849129,2.08928548849129,0,-99.7960149810494,25.0188875300368,6,0,21249.8849641515,-21828.6574839771,2.08928548849129,2.27145489938724,2.12672409190983,0.144730807477414,-100.079714894577,-0.471413384540862,2.08950312980121,1,285.596553134774,93.9765527026341,1.10178144178796e-10,1,0.973894073335217,0,-0.0130176020161605,0.289461614954828,0,0,0
8.055,9694.19686458494,2.08573299687955,9694.5,9699.97759613939,2.08573299687955,2.08573299687955,0,-99.8078857315089,25.0485216618187,6,0,21221.407225835,-21800.1592221006,2.08573299687955,2.26775262717951,2.12284533107284,0.144907296106666,-100.041018610675,-0.471631025850782,2.08593619354206,1,285.583953853629,93.9502913864458,1.18239683079653e-10,1,0.973765190998726,0,-0.0129692062541769,0.289814592213332,0,0,0
8.07,9692.69974629897,2.08216869737414,9693,9698.47944729791,2.08216869737414,2.08216869737414,0,-99.8291814331234,25.0784239671565,6,0,21192.8781651222,-21771.664249585,2.08216869737414,2.26406439364151,2.11899851673996,0.14506587690155,-100.004647005107,-0.47183422251329,2.08236192493132,1,285.571354572517,93.9240300702576,1.26109320930013e-10,1,0.973636285563573,0,-0.0129221503813475,0.2901317538031,0,0,0
8.085,9691.20230857747,2.07859622725303,9691.5,9696.98156553777,2.07859622725303,2.07859622725303,0,-99.8573508204281,25.1085364341005,6,0,21164.3139310501,-21743.1738923444,2.07859622725303,2.26038989470043,2.11517983803143,0.145210056669002,-99.9723822246425,-0.472027450070472,2.07878255796796,1,285.558755291435,93.8977687540693,1.33646138517231e-10,1,0.973507342826647,0,-0.0128763882007918,0.290420113338003,0,0,0
8.1,9689.70444831516,2.07501924616435,9690,9695.48379885579,2.07501924616435,2.07501924616435,0,-99.8898811187407,25.1388007783138,6,0,21135.7310398644,-21714.6900780034,2.07501924616435,2.25672875184217,2.11138608717442,0.145342664667756,-99.9455573750261,-0.472213780785399,2.07520030039229,1,285.546156010386,93.871507437881,1.40746322640859e-10,1,0.97337835242789,0,-0.0128318602673132,0.290685329335512,0,0,0
8.115,9688.20610009838,2.07144120595394,9688.5,9693.98600792131,2.07144120595394,2.07144120595394,0,-99.9244462628203,25.1691620827534,6,0,21107.145287533,-21686.2151071476,2.07144120595394,2.2530805198825,2.10761474396397,0.145465775918534,-99.9250238035974,-0.472394835013335,2.07161723670623,1,285.53355672937,93.8452461216928,1.47348846562666e-10,1,0.973249307792721,0,-0.0127885147548268,0.290931551837068,0,0,0
8.13,9686.70723340444,2.0678651765062,9687,9692.48807256015,2.0678651765062,2.0678651765062,0,-99.9590158274887,25.1995715582041,6,0,21078.5709104517,-21657.7514441971,2.0678651765062,2.24944469465668,2.10386398380631,0.145580710850362,-99.911162046523,-0.472570865765631,2.06803525059177,1,285.520957448384,93.8189848055045,1.53428604231399e-10,1,0.973120205851108,0,-0.0127463219991082,0.291161421700725,0,0,0
8.145,9685.20784816703,2.06429372782593,9685.5,9690.98989583246,2.06429372782593,2.06429372782593,0,-99.9919253211851,25.2299884176475,6,0,21050.0199995538,-21629.3015371666,2.06429372782593,2.24582072057984,2.10013262647239,0.145688094107451,-99.9039258384704,-0.472740939851197,2.06445596894355,1,285.508358167431,93.7927234893162,1.5900169464853e-10,1,0.972991046592434,0,-0.012705283094693,0.291376188214902,0,0,0
8.16,9683.70796928721,2.06072886508272,9684,9689.49140590437,2.06072886508272,2.06072886508272,0,-100.021910746784,25.2603809129389,6,0,21021.5021564802,-21600.8676720632,2.06072886508272,2.24220799805397,2.09642004259039,0.145787955463587,-99.9029089195258,-0.472903180968815,2.06088072801233,1,285.49575888651,93.766462173128,1.64113669289303e-10,1,0.972861832514406,0,-0.0126654332487552,0.291575910927174,0,0,0
8.175,9682.20764062601,2.05717201069393,9682.5,9687.99255601207,2.05717201069393,2.05717201069393,0,-100.048111989479,25.2907266246052,6,0,20993.0243676802,-21572.4518644597,2.05717201069393,2.23860589069301,2.09272603396716,0.145879856725847,-99.9074251955666,-0.473055043898427,2.05731056024628,1,285.48315960562,93.7402008569397,1.68839005037915e-10,1,0.972732568019778,0,-0.0126268407562091,0.291759713451694,0,0,0
8.19,9680.70691894617,2.05362402573361,9681,9686.49332287833,2.05362402573361,2.05362402573361,0,-100.070050656302,25.3210121246464,6,0,20964.59106342,-21544.055788009,2.05362402573361,2.2350137323344,2.08905070200516,0.145963030329248,-99.9165939887589,-0.473193593450778,2.05374619954212,1,285.470560324763,93.7139395407515,1.73268030118367e-10,1,0.972603258807904,0,-0.0125896026145562,0.291926060658496,0,0,0
8.205,9679.20586818632,2.05008526197803,9679.5,9684.99370396926,2.05008526197803,2.05008526197803,0,-100.087588513215,25.3512321486125,6,0,20936.2043234551,-21515.6807374255,2.05008526197803,2.23143083381288,2.08539431631477,0.146036517498103,-99.9294235320965,-0.47331576725929,2.05018810154979,1,285.457961043939,93.6876782245632,1.77502037947868e-10,1,0.972473911299609,0,-0.0125538377658647,0.292073034996206,0,0,0
8.22,9677.70455435862,2.04655563563796,9678,9683.49371397817,2.04655563563796,2.04655563563796,0,-100.100872707893,25.3813884182694,6,0,20907.8641892547,-21487.3276217825,2.04655563563796,2.22785648946599,2.08175719301841,0.146099296447577,-99.9448873940863,-0.473418606831049,2.04663647553009,1,285.445361763146,93.6614169083749,1.81645230936989e-10,1,0.972344532124616,0,-0.0125196789430602,0.292198592895154,0,0,0
8.235,9676.203041268,2.04303471416677,9676.5,9681.99338089826,2.04303471416677,2.04303471416677,0,-100.110273626818,25.4114882516359,6,0,20879.5690435823,-21458.9969828761,2.04303471416677,2.22428998336437,2.07813958970022,0.146150393664143,-99.9619900602406,-0.47349944672318,2.04309132396947,1,285.432762482387,93.6351555921866,1.85795475237688e-10,1,0.972215127691459,0,-0.0124872639411975,0.292300787328286,0,0,0
8.25,9674.7013871636,2.03952180834038,9675,9680.49274200384,2.03952180834038,2.03952180834038,0,-100.116320593628,25.4415430850429,6,0,20851.3160214229,-21430.6890328348,2.03952180834038,2.22073059522798,2.07454162137346,0.146188973854526,-99.9798193589557,-0.473556056525886,2.03955248641115,1,285.420163201659,93.6088942759984,1.90040470212855e-10,1,0.972085703851016,0,-0.0124567270669464,0.292377947709053,0,0,0
8.265,9673.1996423547,2.0360160629403,9673.5,9678.99184000505,2.0360160629403,2.0360160629403,0,-100.119639775079,25.4715670143311,6,0,20823.1014210507,-21402.4037050455,2.0360160629403,2.21717760602276,2.07096319960396,0.146214406418803,-99.9975847292478,-0.473586734596652,2.03601968426372,1,285.407563920964,93.5826329598101,1.94447313897495e-10,1,0.97195626565688,0,-0.0124281913079982,0.292428812837606,0,0,0
8.28,9671.69784775807,2.03251654070437,9672,9677.49071958149,2.03251654070437,2.03251654070437,0,-100.120897713226,25.5015754414076,6,0,20794.9210898333,-21374.1407127571,2.03251654070437,2.21363030321642,2.06740399492116,0.146226308295257,-100.014641439517,-0.473590355920069,2.03249256388686,1,285.394964640301,93.5563716436218,1.99067521157954e-10,1,0.971826817219325,0,-0.0124017616529182,0.292452616590515,0,0,0
8.295,9670.19603429237,2.02902229562443,9670.5,9675.98942443756,2.02902229562443,2.02902229562443,0,-100.12075291232,25.531583889995,6,0,20766.7707656987,-21345.8996102928,2.02902229562443,2.21008798568532,2.06386342110283,0.146224564582492,-100.030501752894,-0.473566379102561,2.02897073574775,1,285.382365359671,93.5301103274336,2.03922890646036e-10,1,0.971697361644336,0,-0.0123775197968468,0.292449129164983,0,0,0
8.31,9668.69422299869,2.02553243305893,9669,9674.48799496405,2.02553243305893,2.02553243305893,0,-100.119816963184,25.561607032269,6,0,20738.6463614722,-21317.6798525957,2.02553243305893,2.20654996825245,2.06034063871706,0.146209329535384,-100.044834683643,-0.473514819225873,2.02545380809734,1,285.369766079073,93.5038490112453,2.09018051287439e-10,1,0.971567901045616,0,-0.0123555203818198,0.292418659070768,0,0,0
8.325,9667.19242574424,2.02204615541682,9667.5,9672.98646653708,2.02204615541682,2.02204615541682,0,-100.118625822077,25.5916579473929,6,0,20710.5441852041,-21289.4808497301,2.02204615541682,2.20301558585578,2.05683457454111,0.146181011314664,-100.057456410047,-0.473436194264288,2.02194141422082,1,285.357166798508,93.4775876950571,2.14330555595134e-10,1,0.971438436615188,0,-0.0123357887736035,0.292362022629328,0,0,0
8.34,9665.69064635691,2.01856279329057,9666,9671.48486844011,2.01856279329057,2.01856279329057,0,-100.117621119812,25.6217476148475,6,0,20682.4610948508,-21261.3020139058,2.01856279329057,2.19948419733939,2.05334395308909,0.146140244250299,-100.068313617096,-0.473331453068284,2.0184332327717,1,285.344567517976,93.4513263788688,2.19818539422747e-10,1,0.971308968737305,0,-0.0123183202820525,0.292280488500599,0,0,0
8.355,9664.18888204011,2.0150818228372,9664.5,9669.98322335947,2.0150818228372,2.0150818228372,0,-100.117140780912,25.651884630466,6,0,20654.3945900259,-21233.1427975102,2.0150818228372,2.19595518885783,2.04986733636317,0.146087852494667,-100.077462068388,-0.473201892549411,2.01492900129776,1,285.331968237476,93.4250650626805,2.25421777917567e-10,1,0.971179497130549,0,-0.0123030806818325,0.292175704989334,0,0,0
8.37,9662.6871249284,2.01160287090616,9663,9668.48154737729,2.01160287090616,2.01160287090616,0,-100.117417795264,25.6820751216083,6,0,20626.3428469038,-21205.0027214714,2.01160287090616,2.19242797690027,2.0464031681573,0.146024808742969,-100.085042582561,-0.473049071009965,2.01142852337624,1,285.31936895701,93.3988037464923,2.31065779436774e-10,1,0.971050021004073,0,-0.0122900078326404,0.292049617485938,0,0,0
8.385,9661.18536366147,2.00812570988784,9661.5,9666.97985036938,2.00812570988784,2.00812570988784,0,-100.118585696308,25.7123228300198,6,0,20598.3047047415,-21176.8813940034,2.00812570988784,2.18890201092401,2.04294981960119,0.145952191322819,-100.091256351287,-0.47287472348005,2.0079316700896,1,285.306769676576,93.372542430304,2.36665483384495e-10,1,0.970920539215747,0,-0.0122790141618414,0.291904382645638,0,0,0
8.4,9659.68358487602,2.00465024452411,9660,9665.47813670794,2.00465024452411,2.00465024452411,0,-100.120689155103,25.7426293263689,6,0,20570.2796138896,-21148.7785203657,2.00465024452411,2.18537677561154,2.03950563315898,0.145871142452555,-100.096341222399,-0.472680683681808,2.00443837683484,1,285.294170396175,93.3462811141157,2.42129354463365e-10,1,0.970791050422035,0,-0.0122699897845444,0.29174228490511,0,0,0
8.415,9658.1817745387,2.00117649299773,9658.5,9663.9764061688,2.00117649299773,2.00117649299773,0,-100.12369808242,25.7729943190224,6,0,20542.2675556944,-21120.693904714,2.00117649299773,2.18185179274808,2.03606896290502,0.145782829843061,-100.100550212945,-0.472468815992539,2.00094863644167,1,285.281571115807,93.3200197979275,2.47362948760176e-10,1,0.970661553211939,0,-0.0122628060226897,0.291565659686122,0,0,0
8.43,9656.67991906746,1.99770456454005,9657,9662.47465494896,1.99770456454005,1.99770456454005,0,-100.127523713249,25.8034160206793,6,0,20514.2689444894,-21092.6274454016,1.99770456454005,2.17832662272807,2.03263820947433,0.145688413253744,-100.104133148359,-0.472240959436479,1.99746248979908,1,285.268971835473,93.2937584817392,2.52272744163253e-10,1,0.970532046219699,0,-0.0122573191145263,0.291376826507489,0,0,0
8.445,9655.17800621176,1.994234635592,9655.5,9660.97287671107,1.994234635592,1.994234635592,0,-100.132035310874,25.8338915396404,6,0,20486.2845210784,-21064.5791252509,1.994234635592,2.17480086570402,2.0292118487558,0.145589016948218,-100.107321966085,-0.471998884695516,1.99398001490494,1,285.256372555171,93.2674971655509,2.56768914247059e-10,1,0.970402528213259,0,-0.0122533739377109,0.291178033896436,0,0,0
8.46,9653.6760256821,1.99076692626319,9654,9659.4710635853,1.99076692626319,1.99076692626319,0,-100.137076341634,25.8644172670747,6,0,20458.3152458886,-21036.5489983321,1.99076692626319,2.17127416237347,2.02578845386502,0.145485708508452,-100.110319898053,-0.471744264008457,1.99050131538192,1,285.243773274902,93.2412358493627,2.60768762725551e-10,1,0.97027299815755,0,-0.0122508075872414,0.290971417016904,0,0,0
8.475,9652.17396953697,1.98730167848984,9652.5,9657.96920707471,1.98730167848984,1.98730167848984,0,-100.142479221327,25.8949892371589,6,0,20430.3621984586,-21008.537174729,1.98730167848984,2.16774619444744,2.02236671046987,0.145379483977562,-100.11329446887,-0.471478653127184,1.98702650927538,1,285.231173994667,93.2149745331744,2.64193685663935e-10,1,0.970143455253414,0,-0.0122494526743986,0.290758967955124,0,0,0
8.49,9650.67183234865,1.98383913692548,9651,9656.46729882634,1.98383913692548,1.98383913692548,0,-100.148077986933,25.9256034428903,6,0,20402.4264883008,-20980.5438046107,1.98383913692548,2.16421668476544,2.01894542587787,0.145271258887568,-100.116374024117,-0.471203483912724,1.98355571862785,1,285.218574714465,93.1887132169861,2.66978682171372e-10,1,0.970013898954282,0,-0.0122491403068894,0.290542517775135,0,0,0
8.505,9649.16961117885,1.98037953323698,9649.5,9654.96533124531,1.98037953323698,1.98037953323698,0,-100.153718497153,25.9562560962536,6,0,20374.5091805352,-20952.5690627309,1.98037953323698,2.16068539713164,2.01552353258424,0.1451618645474,-100.119647339862,-0.470920065615091,1.98008906061135,1,285.205975434296,93.1624519007979,2.69060995037789e-10,1,0.969884328963773,0,-0.0122497026454012,0.2903237290948,0,0,0
8.52,9647.66730540139,1.97692307414167,9648,9653.46329794359,1.97692307414167,1.97692307414167,0,-100.159265992438,25.9869438269392,6,0,20346.6112381344,-20924.6131342369,1.97692307414167,2.1571521358328,2.01210008717919,0.145052048653612,-100.123165758608,-0.470629592989458,1.97662664015056,1,285.193376154161,93.1361905846096,2.7068726239898e-10,1,0.969754745217876,0,-0.0122509750573858,0.290104097307225,0,0,0
8.535,9646.16491641151,1.97346993322801,9646.5,9651.96119402637,1.97346993322801,1.97346993322801,0,-100.164610038184,26.0176638186539,6,0,20318.7334812686,-20896.6762024327,1.97346993322801,2.15361674490198,2.00867426559567,0.144942479306318,-100.126947245311,-0.470333158998356,1.97316854451626,1,285.180776874059,93.1099292684214,2.7157169271433e-10,1,0.969625147855769,0,-0.012252797845878,0.289884958612636,0,0,0
8.55,9644.66244726093,1.97002024636001,9645,9650.45901622901,1.97002024636001,1.97002024636001,0,-100.169667033995,26.0484138860827,6,0,20290.8765630704,-20868.7584388882,1.97002024636001,2.15007910710785,2.00524535567591,0.14483375143194,-100.130981752124,-0.470031770286614,1.96971483968511,1,285.16817759399,93.0836679522331,2.7166854715478e-10,1,0.969495537183158,0,-0.012255017591372,0.28966750286388,0,0,0
8.565,9643.15990225543,1.96657411028106,9643.5,9648.95676292382,1.96657411028106,1.96657411028106,0,-100.174380585785,26.0791924986659,6,0,20263.0409602708,-20840.8599960771,1.96657411028106,2.14653914272928,2.00181274804187,0.144726394687408,-100.135237314006,-0.469726363611716,1.96626556849238,1,285.155578313955,93.0574066360448,2.70922036947721e-10,1,0.969365913631831,0,-0.0122574881322257,0.289452789374817,0,0,0
8.58,9641.65728654664,1.96313158390636,9642,9647.45443402085,1.96313158390636,1.96313158390636,0,-100.178720117683,26.1099987594969,6,0,20235.2269765066,-20812.9810025321,1.96313158390636,2.14299680809669,1.99837592610028,0.144620881996406,-100.1396663603,-0.469417821823036,1.96282075026647,1,285.142979033953,93.0311453198566,2.69348926096086e-10,1,0.969236277718652,0,-0.0122600712415077,0.289241763992812,0,0,0
8.595,9640.15460574487,1.9596926917228,9640.5,9645.95203078856,1.9596926917228,1.9596926917228,0,-100.182678136039,26.1408323488808,6,0,20207.4347557395,-20785.1215603481,1.9596926917228,2.13945209395622,1.99493445592443,0.14451763803179,-100.144211810745,-0.469106988183141,1.95938038183666,1,285.130379753985,93.0048840036683,2.6680147787984e-10,1,0.969106630006635,0,-0.0122626370494201,0.289035276063581,0,0,0
8.61,9638.65186557283,1.95625742869156,9639,9644.44955562068,1.95625742869156,1.95625742869156,0,-100.186266566983,26.1716934425427,6,0,20179.6643030715,-20757.2817447577,1.95625742869156,2.1359050236515,1.99148797657997,0.144417047071523,-100.148812617662,-0.468794678297,1.95594443949754,1,285.117780474052,92.97862268748,2.63318443623204e-10,1,0.968976971070144,0,-0.0122650642575968,0.288834094143046,0,0,0
8.625,9637.14907157433,1.95282576606996,9637.5,9642.94701177365,1.95282576606996,1.95282576606996,0,-100.189512566702,26.2025826141803,6,0,20151.9155102872,-20729.4616054168,1.95282576606996,2.13235565116412,1.98803619134305,0.144319459821077,-100.153408514477,-0.468481689102986,1.95251288170329,1,285.105181194151,92.9523613712918,2.58888757229239e-10,1,0.968847301465612,0,-0.012267240217986,0.288638919642153,0,0,0
8.64,9635.64622888583,1.94939765761966,9636,9641.44440309675,1.94939765761966,1.94939765761966,0,-100.192454162071,26.2335007312645,6,0,20124.188183662,-20701.661169005,1.94939765761966,2.12880405902924,1.98457886005197,0.144225198977266,-100.157943823829,-0.468168804736312,1.94908565224746,1,285.092581914285,92.9261000551035,2.53354330754487e-10,1,0.968717621708565,0,-0.012269060887149,0.288450397954532,0,0,0
8.655,9634.1433420734,1.94597304574385,9634.5,9639.94173377281,1.94597304574385,1.94597304574385,0,-100.195136023758,26.2644488517679,6,0,20096.4820718911,-20673.880442737,1.94597304574385,2.12525035613911,1.9811157927731,0.144134563366014,-100.162370264639,-0.467856799364109,1.94566268350703,1,285.079982634452,92.8998387389152,2.46721159695408e-10,1,0.968587932257231,0,-0.0122704307384955,0.288269126732027,0,0,0
8.67,9632.64041503304,1.94255186718677,9633,9638.43900808401,1.94255186718677,1.94255186718677,0,-100.197605609,26.2954281280225,6,0,20068.7968923815,-20646.1194183948,1.94255186718677,2.12169467547907,1.97764684476287,0.144047830716195,-100.166648771107,-0.467546437127289,1.94224389978417,1,285.067383354654,92.873577422727,2.3892464786808e-10,1,0.968458233502511,0,-0.0122712626265455,0.28809566143239,0,0,0
8.685,9631.13745094891,1.93913405802236,9631.5,9636.93623021244,1.93913405802236,1.93913405802236,0,-100.199909844773,26.326439722361,6,0,20041.1323545855,-20618.3780765372,1.93913405802236,2.11813717179562,1.97417191268182,0.143965259113804,-100.170750394535,-0.467238469724683,1.93882922029855,1,285.054784074889,92.8473161065387,2.29901148355918e-10,1,0.968328525763766,0,-0.0122714776463675,0.287930518227609,0,0,0
8.7,9629.63445230124,1.9357195577556,9630,9635.43340408155,1.9357195577556,1.9357195577556,0,-100.202092456965,26.3574847375802,6,0,20013.4881794722,-20590.6563905908,1.9357195577556,2.11457801922853,1.97069093188928,0.143887087339252,-100.174656403558,-0.466933632000866,1.93541856190617,1,285.042184795158,92.8210547903505,2.19497666692506e-10,1,0.968198809289615,0,-0.0122710050044255,0.287774174678503,0,0,0
8.715,9628.13142091438,1.93230831244692,9628.5,9633.93053324079,1.93230831244692,1.93230831244692,0,-100.204191989686,26.3885641638188,6,0,19985.8641146593,-20562.9543305914,1.93230831244692,2.11101740893386,1.96720387464844,0.143813534285417,-100.178357725821,-0.466632636151428,1.93201184135327,1,285.029585515462,92.7947934741622,2.07653070847946e-10,1,0.968069084262752,0,-0.0122697818894641,0.287627068570835,0,0,0
8.73,9626.62835803454,1.92890027684769,9627,9632.4276207925,1.92890027684769,1.92890027684769,0,-100.206240511835,26.4196788421226,6,0,19958.2599450564,-20535.271866408,1.92890027684769,2.10745554670254,1.9637107490101,0.143744797692439,-100.181853888634,-0.46633616505778,1.92860897702964,1,285.016986235799,92.7685321579739,1.94270842917446e-10,1,0.967939350807753,0,-0.0122677533789957,0.287489595384877,0,0,0
8.745,9625.12526442686,1.92549541559826,9625.5,9630.92466935799,1.92549541559826,1.92549541559826,0,-100.20826296072,26.4467640502227,6,0,19930.6754992105,-20507.6089703434,1.92549541559826,2.10389265061403,1.96021159813898,0.14368105247505,-100.185151617696,-0.466044865239724,1.92520989032441,1,285.004386956171,92.7422708417857,1.89362081002893e-10,1,0.967809609000837,0,-0.0122648723296837,0.287362104950101,0,0,0
8.76,9623.62214048245,1.92209370358853,9624,9629.42168107752,1.92209370358853,1.92209370358853,0,-100.205541759987,26.4733280177221,6,0,19903.1378955297,-20479.9656044297,1.92209370358853,2.1003289487208,1.9567064998995,0.143622448821298,-100.188263244739,-0.465759339965872,1.92181450639753,1,284.991787676577,92.7160095255974,2.12587303928146e-10,1,0.967679858880616,0,-0.0122610993013397,0.287244897642597,0,0,0
8.775,9622.11905735605,1.91869512561478,9622.5,9627.91865763805,1.91869512561478,1.91869512561478,0,-100.208588132834,26.499921407979,6,0,19875.5876626014,-20452.342812144,1.91869512561478,2.0967646768102,1.95319556648463,0.143569110325563,-100.191205058651,-0.46548014277487,1.91842275468645,1,284.979188397017,92.6897482094091,2.39562985394171e-10,1,0.967550107601332,0,-0.0122564024433145,0.287138220651126,0,0,0
8.79,9620.61592853406,1.91529920802968,9621,9626.41561872997,1.91529920802968,1.91529920802968,0,-100.214768542616,26.5265511460063,6,0,19848.0382518356,-20424.73886908,1.91529920802968,2.09320007622453,1.94967939529726,0.143520680927279,-100.19372425533,-0.46520777184654,1.91503366623255,1,284.966589117492,92.6634868932209,2.65998575463869e-10,1,0.967420346463199,0,-0.0122507990141716,0.287041361854558,0,0,0
8.805,9619.11270700592,1.91190616136306,9619.5,9624.91255651957,1.91190616136306,1.91190616136306,0,-100.21727582727,26.5532132690835,6,0,19820.5283386311,-20397.1532726705,1.91190616136306,2.08963539179546,1.94615785944074,0.143477532354718,-100.196029837874,-0.464942230049415,1.91164822645548,1,284.953989838001,92.6372255770326,2.95497052612607e-10,1,0.96729057073806,0,-0.0122442521522483,0.286955064709436,0,0,0
8.82,9617.60944786851,1.90851645984924,9618,9623.40945301999,1.90851645984924,1.90851645984924,0,-100.21963918403,26.5799003546288,6,0,19793.0388689756,-20369.587285051,1.90851645984924,2.08607086986681,1.94263068547033,0.143440184396479,-100.198434303071,-0.464684295141835,1.90826694351793,1,284.941390558545,92.6109642608443,3.27355953890202e-10,1,0.96716078596541,0,-0.0122367097708067,0.286880368792959,0,0,0
8.835,9616.10615328075,1.90513011023695,9616.5,9621.90630918492,1.90513011023695,1.90513011023695,0,-100.221857770975,26.6066123468802,6,0,19765.5698804801,-20342.0409395074,1.90513011023695,2.08250675644999,1.93909819797533,0.143408558474664,-100.200901714339,-0.464434778810529,1.90488909458879,1,284.928791279124,92.5847029446561,3.6155643066522e-10,1,0.967030992361596,0,-0.0122281699743594,0.286817116949329,0,0,0
8.85,9614.60282541418,1.90174711062797,9615,9620.4031262804,1.90174711062797,1.90174711062797,0,-100.223936424238,26.6333493394624,6,0,19738.121369873,-20314.5142611016,1.90174711062797,2.0789432955043,1.93556074318589,0.143382552318409,-100.203399478194,-0.464193763162373,1.90151463697875,1,284.916191999736,92.5584416284678,3.98221792364766e-10,1,0.966901190144261,0,-0.0122186385100425,0.286765104636818,0,0,0
8.865,9613.09946636782,1.89836745221527,9613.5,9618.89990580716,1.89836745221527,1.89836745221527,0,-100.225884405811,26.6601115451763,6,0,19710.6933006608,-20287.0072671011,1.89836745221527,2.07538072736162,1.9320186852478,0.143362042113813,-100.205898750172,-0.463961289513153,1.89814352207609,1,284.903592720384,92.5321803122796,4.37481505331159e-10,1,0.966771379523766,0,-0.0122081281015602,0.286724084227626,0,0,0
8.88,9611.59607810173,1.89499112112887,9612,9617.39664942096,1.89499112112887,1.89499112112887,0,-100.227714104911,26.6868992638185,6,0,19683.2856114354,-20259.5199677965,1.89499112112887,2.07181928729862,1.92847240263414,0.143346884664472,-100.208374779679,-0.463737359373978,1.89477569725358,1,284.890993441066,92.5059189960913,4.79468512662913e-10,1,0.96664156069652,0,-0.0121966577472326,0.286693769328944,0,0,0
8.895,9610.09266239016,1.89161810025428,9610.5,9615.89335885644,1.89161810025428,1.89161810025428,0,-100.229439783168,26.7137128504655,6,0,19655.8982241817,-20232.052367579,1.89161810025428,2.06825920426685,1.92492228483345,0.143336919433399,-100.210807127929,-0.463521935498688,1.89141110763496,1,284.878394161783,92.479657679903,5.24323691021814e-10,1,0.966511733840259,0,-0.0121842519974127,0.286673838866798,0,0,0
8.91,9608.58922079341,1.88824837091535,9609,9614.3900358585,1.88824837091535,1.88824837091535,0,-100.231076432786,26.740552686103,6,0,19628.5310520754,-20204.6044661653,1.88824837091535,2.06470069978252,1.92136872938643,0.143331970396093,-100.213179725812,-0.463314942879362,1.88804969769534,1,284.865794882535,92.4533963637148,5.72192219140755e-10,1,0.966381899111218,0,-0.0121709402157224,0.286663940792185,0,0,0
8.925,9607.08575464692,1.88488191434218,9607.5,9612.88668212419,1.88488191434218,1.88488191434218,0,-100.232638798368,26.7674191519931,6,0,19601.1840063769,-20177.1762598666,1.88488191434218,2.06114398698054,1.91781213929341,0.143331847687136,-100.215480764217,-0.463116269659356,1.88469141269546,1,284.853195603322,92.4271350475265,6.23225975347858e-10,1,0.966252056643031,0,-0.0121567558540225,0.286663695374272,0,0,0
8.94,9605.58226506494,1.8815187128719,9606,9611.38329925686,1.8815187128719,1.8815187128719,0,-100.234140593061,26.7943126086946,6,0,19573.8570021576,-20149.7677428124,1.8815187128719,2.05758926984487,1.9142529208145,0.143336349030376,-100.217702428193,-0.46292576801264,1.88133619989298,1,284.840596324144,92.4008737313382,6.77582761780854e-10,1,0.966122206547096,0,-0.0121417357317704,0.286672698060752,0,0,0
8.955,9604.07875295605,1.87815875085785,9604.5,9609.8798887331,1.87815875085785,1.87815875085785,0,-100.235593921309,26.8212333801807,6,0,19546.5499627253,-20122.3789080657,1.87815875085785,2.05403674259177,1.91069148160435,0.143345260987423,-100.219840500596,-0.462743255033722,1.8779840095329,1,284.827997045,92.37461241515,7.35425685060408e-10,1,0.965992348914132,0,-0.0121259193486885,0.286690521974846,0,0,0
8.97,9602.57521904723,1.87480201528428,9603,9608.37645188228,1.87480201528428,1.87480201528428,0,-100.237008905953,26.84818174311,6,0,19519.2628227117,-20095.0097485763,1.87480201528428,2.05048658923249,1.90712822917819,0.143358360054294,-100.221893868027,-0.462568513708765,1.87463479563231,1,284.815397765892,92.3483510989617,7.96926357327478e-10,1,0.965862483816602,0,-0.0121093482131887,0.286716720108589,0,0,0
8.985,9601.07166391364,1.87144849610266,9601.5,9606.87298987767,1.87144849610266,1.87144849610266,0,-100.238393507172,26.8751579209826,6,0,19491.9955298676,-20067.660257948,1.87144849610266,2.04693898329977,1.9035635696343,0.143375413665464,-100.223863965479,-0.462401294056797,1.8712885165739,1,284.802798486819,92.3220897827734,8.62260937074857e-10,1,0.965732611311707,0,-0.0120920652056076,0.286750827330928,0,0,0
9,9599.56808801103,1.86809818632087,9600,9605.36950373751,1.86809818632087,1.86809818632087,0,-100.239753504963,26.9021620826446,6,0,19464.7480457149,-20040.330431001,1.86809818632087,2.04339408773095,1.89999790659416,0.143396181136784,-100.22575419641,-0.462241314528037,1.86794513547648,1,284.790199207781,92.2958284665852,9.31613012798028e-10,1,0.965602731444638,0,-0.0120741139700637,0.286792362273569,0,0,0
9.015,9598.06449170846,1.8647510818849,9598.5,9603.8659943343,1.8647510818849,1.8647510818849,0,-100.241094711401,26.9291943204897,7,0,19437.5203559314,-20013.0202868697,1.8647510818849,2.03985205490808,1.89643164030574,0.143420414602341,-100.227569361129,-0.46208826368365,1.86460462042911,1,284.777599928778,92.2695671503969,6.51239712134195e-11,1,0.965472844251871,0,-0.0120555383458445,0.286840829204683,0,0,0
9.03,9596.56087528779,1.86140718139965,9597,9602.36246241003,1.86140718139965,1.86140718139965,0,-100.24241491016,26.9562547536823,7,0,19410.3124269206,-19985.7297793026,1.86140718139965,2.0363130268536,1.89286516687207,0.143447859981527,-100.229315122178,-0.461941802227865,1.86126694458879,1,284.765000649811,92.2433058342086,7.15244193418088e-11,1,0.965342949761111,0,-0.0120363818197533,0.286895719963054,0,0,0
9.045,9595.05723906413,1.85806648594162,9595.5,9600.85890858746,1.85806648594162,1.85806648594162,0,-100.24371632821,26.9833433808303,7,0,19383.1242677281,-19958.4589302024,1.85806648594162,2.03277713556588,1.88929887736866,0.143478258197221,-100.230997648018,-0.461801565417005,1.85793208654332,1,284.752401370879,92.2170445180204,7.84020236659557e-11,1,0.965213048003417,0,-0.0120166870007083,0.286956516394443,0,0,0
9.06,9593.55358331921,1.85472899814491,9594,9599.35533340962,1.85472899814491,1.85472899814491,0,-100.244998135351,27.0104601988327,7,0,19355.9558846646,-19931.2077411833,1.85472899814491,2.02924450348583,1.88573315770166,0.143511345784171,-100.232622918397,-0.461667166018704,1.85460002903547,1,284.739802091983,92.1907832018321,8.57852773786502e-11,1,0.965083139006484,0,-0.0119964951804632,0.287022691568342,0,0,0
9.075,9592.04990834718,1.85139472195614,9592.5,9597.85173735182,1.85139472195614,1.85139472195614,0,-100.246258642163,27.0376051811284,7,0,19328.8072904183,-19903.9762153109,1.85139472195614,2.0257152440923,1.88216838772822,0.143546856364084,-100.234196589058,-0.461538196909264,1.85127075991121,1,284.727202813122,92.1645218856439,9.37032205767139e-11,1,0.964953222799266,0,-0.0119758458724926,0.287093712728169,0,0,0
9.09,9590.54621446755,1.84806366215756,9591,9596.3481208424,1.84806366215756,1.84806366215756,0,-100.247495631317,27.0647782862136,7,0,19301.6785018721,-19876.7643568243,1.84806366215756,2.02218946261564,1.87860494070931,0.143584521906328,-100.235723756968,-0.461414234864333,1.84794427156396,1,284.714603534297,92.1382605694556,1.02187362143235e-10,1,0.964823299413268,0,-0.0119547763857484,0.287169043812656,0,0,0
9.105,9589.04250203308,1.84473582392656,9589.5,9594.84448428153,1.84473582392656,1.84473582392656,0,-100.248706658037,27.0919794655182,7,0,19274.569538063,-19849.5721708228,1.84473582392656,2.01866725684069,1.87504318280008,0.143624074040601,-100.237208807691,-0.461294844270739,1.84462056065115,1,284.702004255507,92.1119992532673,1.1126944539663e-10,1,0.964693368883343,0,-0.0119333214568091,0.287248148081202,0,0,0
9.12,9587.53877143321,1.84141121245219,9588,9593.34082805706,1.84141121245219,1.84141121245219,0,-100.249889307698,27.1192086702673,7,0,19247.4804183792,-19822.3996629402,1.84141121245219,2.01514871802122,1.87148347257321,0.143665245448004,-100.238655337739,-0.461179580995327,1.8412996279219,1,284.689404976752,92.0857379370791,1.20983691739115e-10,1,0.964563431248036,0,-0.0119115128969827,0.287330490896008,0,0,0
9.135,9586.03502309359,1.83808983262234,9586.5,9591.83715255728,1.83808983262234,1.83808983262234,0,-100.251041401697,27.1464658570845,7,0,19220.4111610681,-19795.246839034,1.83808983262234,2.01163393185384,1.86792616058854,0.1437077712653,-100.240066142126,-0.461067996465031,1.8379814779194,1,284.676805698034,92.0594766208908,1.3136520492029e-10,1,0.96443348654954,0,-0.011889379283458,0.287415542530599,0,0,0
9.15,9584.53125747256,1.83477168878765,9585,9590.33345818015,1.83477168878765,1.83477168878765,0,-100.25216114861,27.1737509922227,7,0,19193.3617820887,-19768.1137049027,1.83477168878765,2.00812297952737,1.86437158901546,0.14375139051191,-100.241443254745,-0.460959641762098,1.83466611878909,1,284.664206419352,92.0332153047025,1.42450294449105e-10,1,0.96430353483334,0,-0.0118669456912204,0.28750278102382,0,0,0
9.165,9583.02747505534,1.83145678460299,9583.5,9588.82974533927,1.83145678460299,1.83145678460299,0,-100.253247241581,27.2010640544064,7,0,19166.3322943154,-19741.0002660461,1.83145678460299,2.00461593882982,1.86082009132856,0.143795847501262,-100.242788028857,-0.460854071763531,1.83135356206882,1,284.651607140704,92.0069539885143,1.54277763117905e-10,1,0.964173576147631,0,-0.0118442334541902,0.287591695002524,0,0,0
9.18,9581.52367634671,1.82814512294185,9582,9587.32601446681,1.82814512294185,1.82814512294185,0,-100.254298905153,27.2284050363638,7,0,19139.3227070843,-19713.9065274768,1.82814512294185,2.00111288527609,1.85727199207882,0.143840893197277,-100.244101244775,-0.460750849229353,1.82804382244129,1,284.639007862094,91.980692672326,1.66888111431547e-10,1,0.964043610542578,0,-0.0118212599796368,0.287681786394553,0,0,0
9.195,9580.01986186313,1.82483670587543,9580.5,9585.82226601376,1.82483670587543,1.82483670587543,0,-100.255315899522,27.2557739451956,7,0,19112.3330260342,-19686.8324935835,1.82483670587543,1.99761389328014,1.85372760675123,0.143886286528913,-100.245383232527,-0.460649548728796,1.82473691760917,1,284.626408583518,91.9544313561377,1.80321775111562e-10,1,0.963913638069527,0,-0.0117980386015244,0.287772573057825,0,0,0
9.21,9578.51603212464,1.82153153470603,9579,9584.31850044807,1.82153153470603,1.82153153470603,0,-100.256298487648,27.2831708017621,7,0,19085.3632532157,-19659.7781680479,1.82153153470603,1.99411903732537,1.8501872417195,0.143931795605871,-100.246633999062,-0.460549760462541,1.82143286807458,1,284.61380930498,91.9281700399495,1.94622822836663e-10,1,0.963783658780186,0,-0.0117745784747796,0.287863591211742,0,0,0
9.225,9577.01218764733,1.81822961004214,9577.5,9582.8147182512,1.81822961004214,1.81822961004214,0,-100.257247376286,27.3105956393179,7,0,19058.413387395,-19632.7435538088,1.81822961004214,1.99062839314013,1.84665119430501,0.143977198835122,-100.247853350674,-0.460451093831082,1.81813169697929,1,284.601210026477,91.9019087237612,2.09836875640425e-10,1,0.963653672725875,0,-0.0117508845218461,0.287954397670244,0,0,0
9.24,9575.50832893668,1.81493093190328,9576,9581.31091991358,1.81493093190328,1.81493093190328,0,-100.258163638101,27.3380485016046,7,0,19031.4834245098,-19605.728653069,1.81493093190328,1.98714203885365,1.84311975292547,0.144022285928183,-100.249041004186,-0.460353180768229,1.81483342994179,1,284.58861074801,91.8756474075729,2.28173859514852e-10,1,0.963523679956849,0,-0.011726957421109,0.288044571856365,0,0,0
9.255,9574.00445648211,1.81163549984187,9574.5,9579.80710592953,1.81163549984187,1.81163549984187,0,-100.259048624199,27.3655294406341,7,0,19004.5733582121,-19578.7334673353,1.81163549984187,1.98366005611557,1.83959319734887,0.144066858766697,-100.250196681411,-0.460255678806739,1.81153809484222,1,284.576011469579,91.8493860913847,2.49318688168395e-10,1,0.963393680521748,0,-0.0117027936511924,0.288133717533394,0,0,0
9.27,9572.50057075275,1.80834331307211,9573,9578.30327679211,1.80834331307211,1.80834331307211,0,-100.259903873414,27.3930385143421,7,0,18977.6831804558,-19551.7579974853,1.80834331307211,1.9801825311897,1.83607179903815,0.14411073215155,-100.251320184583,-0.460158273807094,1.80824572168571,1,284.563412191185,91.8231247751964,2.71814328680559e-10,1,0.963263674467179,0,-0.0116783855727198,0.2882214643031,0,0,0
9.285,9570.99667219465,1.8050543705959,9571.5,9576.79943298819,1.8050543705959,1.8050543705959,0,-100.260731025665,27.4205757842948,7,0,18950.8128820763,-19524.8022438498,1.8050543705959,1.97670955597898,1.83255582157367,0.144153734405305,-100.252411451125,-0.460060682420686,1.8049563423689,1,284.550812912827,91.7968634590082,2.95728337988143e-10,1,0.963133661837427,0,-0.011653721558694,0.288307468810609,0,0,0
9.3,9569.49276122926,1.80176867131841,9570,9575.29557499403,1.80176867131841,1.80176867131841,0,-100.261531743491,27.4481413135789,7,0,18923.9624533333,-19497.8662063062,1.80176867131841,1.97324122899075,1.82904552114612,0.144195707844624,-100.253470588202,-0.459962654193687,1.80166999048631,1,284.538213634505,91.7706021428199,3.21130257395868e-10,1,0.96300364267431,0,-0.0116287861763498,0.288391415689247,0,0,0
9.315,9567.98883825311,1.79848621414845,9568.5,9573.79170327172,1.79848621414845,1.79848621414845,0,-100.262307644794,27.4757351649726,7,0,18897.1318843892,-19470.9498843714,1.79848621414845,1.96977765622345,1.82554114711471,0.144236509108732,-100.254497888795,-0.459863973361579,1.79838670107933,1,284.52561435622,91.7443408266316,3.48091084087393e-10,1,0.962873617017136,0,-0.011603560402953,0.288473018217464,0,0,0
9.33,9566.48490363844,1.79520699807981,9567,9572.28781826633,1.79520699807981,1.79520699807981,0,-100.263060251057,27.5033573994598,7,0,18870.3211656957,-19444.0532772928,1.79520699807981,1.96631895196414,1.82204294258936,0.144276009374776,-100.255493831695,-0.459764460292458,1.79510651042123,1,284.513015077972,91.7180795104434,3.76690010596982e-10,1,0.962743584902776,0,-0.0115780218958721,0.288552018749552,0,0,0
9.345,9564.98095773467,1.79193102225166,9565.5,9570.78392040408,1.79193102225166,1.79193102225166,0,-100.263790947726,27.5310080751272,7,0,18843.5302883002,-19417.1763841281,1.79193102225166,1.96286523949831,1.81855114505313,0.144314094445184,-100.256459068056,-0.45966397263388,1.7918294557548,1,284.50041579976,91.6918181942551,4.07002664127415e-10,1,0.962613546365806,0,-0.0115521452767613,0.288628188890368,0,0,0
9.36,9563.47700087046,1.78865828598891,9564,9569.28001009127,1.78865828598891,1.78865828598891,0,-100.264500961301,27.5586872464311,7,0,18816.7592440463,-19390.3192038162,1.78865828598891,1.95941665169823,1.81506598699036,0.144350664707869,-100.257394398478,-0.459562406137017,1.78855557497695,1,284.487816521584,91.6655568780668,4.39110753171742e-10,1,0.962483501438717,0,-0.0115259024832746,0.288701329415739,0,0,0
9.375,9561.97303335604,1.78538878882282,9562.5,9567.77608771408,1.78538878882282,1.78538878882282,0,-100.265191348395,27.5863949638244,7,0,18790.0080256905,-19363.481735231,1.78538878882282,1.95597333151766,1.81158769650176,0.144385635015894,-100.258300743275,-0.459459695125058,1.78528490642439,1,284.475217243446,91.6392955618786,4.73099556945892e-10,1,0.962353450152147,0,-0.0114992631238549,0.288771270031788,0,0,0
9.39,9560.46905548581,1.78212253049478,9561,9566.27215363901,1.78212253049478,1.78212253049478,0,-100.265862996286,27.614131273695,7,0,18763.2766269388,-19336.6639772235,1.78212253049478,1.95253543235316,1.80811649791175,0.144418934441414,-100.259179109398,-0.459355812726625,1.78201748850936,1,284.462617965343,91.6130342456903,5.09057529093574e-10,1,0.962223392535143,0,-0.011472194876053,0.288837868882829,0,0,0
9.405,9558.96506754087,1.77885951094583,9559.5,9564.76820821389,1.77885951094583,1.77885951094583,0,-100.266516633583,27.6418962185672,7,0,18736.5650424117,-19309.8659286473,1.77885951094583,1.94910311829242,1.80465261232001,0.144450505972412,-100.260030556623,-0.459250770741206,1.77875335949604,1,284.450018687278,91.586772929502,5.47074447719484e-10,1,0.962093328615418,0,-0.0114446638962069,0.288901011944824,0,0,0
9.42,9557.46106979136,1.77559973029527,9558,9563.26425176921,1.77559973029527,1.77559973029527,0,-100.267152847046,27.6696898375054,7,0,18709.8732675606,-19283.0875883733,1.77559973029527,1.94567656422406,1.80119625812771,0.14448030609635,-100.260856165318,-0.459144619291416,1.77549255712534,1,284.43741940925,91.5605116133138,5.87244719240274e-10,1,0.961963258419582,0,-0.0114166352656899,0.288960612192699,0,0,0
9.435,9555.95706249866,1.77234318881181,9556.5,9561.76028461988,1.77234318881181,1.77234318881181,0,-100.267772104239,27.6975121666561,7,0,18683.2012985404,-19256.3289552917,1.77234318881181,1.94225595582445,1.79774765148351,0.144508304340947,-100.261657007589,-0.459037446121491,1.77223511838486,1,284.424820131258,91.5342502971255,6.29667378581414e-10,1,0.961833181973365,0,-0.0113880734340865,0.289016608681893,0,0,0
9.45,9554.45304591709,1.76908988688012,9555,9560.25630706689,1.76908988688012,1.76908988688012,0,-100.26837477722,27.7253632398759,7,0,18656.5491320665,-19229.5900283049,1.76908988688012,1.9388414894097,1.79430700668049,0.144534482729203,-100.26243412287,-0.458929375694542,1.76898107917356,1,284.412220853304,91.5079889809373,6.74443578459067e-10,1,0.961703099301792,0,-0.0113589426859515,0.289068965458405,0,0,0
9.465,9552.94902029543,1.76583982496628,9553.5,9558.75231939915,1.76583982496628,1.76583982496628,0,-100.268961167777,27.7532430893808,7,0,18629.9167652567,-19202.8708063152,1.76583982496628,1.93543337164908,1.79087453646179,0.144558835187294,-100.263188499055,-0.458820567987984,1.76573047403569,1,284.399621575386,91.481727664749,7.21678571797774e-10,1,0.961573010429332,0,-0.0113292076009885,0.289117670374588,0,0,0
9.48,9551.44498587792,1.76259300358397,9552,9557.24832189519,1.76259300358397,1.76259300358397,0,-100.269531531649,27.7811517463826,7,0,18603.3041954745,-19176.1712882057,1.76259300358397,1.93203181915519,1.78745045225088,0.144581366904303,-100.263921058973,-0.458711217057386,1.76248333590641,1,284.387022297506,91.4554663485607,7.71481976220624e-10,1,0.961442915379992,0,-0.0112988335296507,0.289162733808607,0,0,0
9.495,9549.94094290494,1.7593494232635,9550.5,9555.74431482461,1.7593494232635,1.7593494232635,0,-100.270086099154,27.8090892416709,7,0,18576.7114201912,-19149.4914728209,1.7593494232635,1.92863705792828,1.78403496429565,0.144602093632637,-100.264632652308,-0.458601549379826,1.75923969581373,1,284.374423019663,91.4292050323725,8.23965395420511e-10,1,0.961312814177405,0,-0.0112677870596558,0.289204187265274,0,0,0
9.51,9548.43689161346,1.75610908452524,9549,9554.24029844948,1.75610908452524,1.75610908452524,0,-100.270625094259,27.8370556061158,7,0,18550.1384368558,-19122.8313589459,1.75610908452524,1.92524932268743,1.78062828171898,0.144621040968449,-100.265324052435,-0.458491821930059,1.75599958269427,1,284.361823741857,91.4029437161842,8.79246516145208e-10,1,0.961182706844852,0,-0.0112360364735171,0.289242081936898,0,0,0
9.525,9546.93283223704,1.75287198785832,9547.5,9552.73627302534,1.75287198785832,1.75287198785832,0,-100.271148748365,27.8650508710709,7,0,18523.5852427972,-19096.1909452871,1.75287198785832,1.92186885606462,1.77723061248075,0.144638243583869,-100.26599595766,-0.458382320099088,1.75276302313327,1,284.349224464088,91.3766823999959,9.37446861759851e-10,1,0.96105259340528,0,-0.0112035522003984,0.289276487167739,0,0,0
9.54,9545.42876500582,1.74963813370472,9546,9551.23223880204,1.74963813370472,1.74963813370472,0,-100.271657311089,27.8930750686755,7,0,18497.0518351449,-19069.5702304543,1.74963813370472,1.91849590768716,1.77384216325203,0.144653744435127,-100.266648995732,-0.458273355374039,1.74953004118338,1,284.336625186357,91.3504210838077,9.98690206502063e-10,1,0.960922473881287,0,-0.0111703072451914,0.289307488870254,0,0,0
9.555,9543.92469014615,1.74640752244895,9544.5,9549.72819602433,1.74640752244895,1.74640752244895,0,-100.272149874206,27.9211281715904,8,0,18470.5382018445,-19042.9691972628,1.74640752244895,1.91513073313959,1.77046313918589,0.144667593953693,-100.267283730998,-0.458165262852693,1.74630065819428,1,284.324025908663,91.3241597676194,1.32611523318797e-10,1,0.960792348295098,0,-0.011136277614793,0.289335187907386,0,0,0
9.57,9542.42060789804,1.74318015441274,9543,9548.22414493218,1.74318015441274,1.74318015441274,0,-100.272629063492,27.9492103309888,8,0,18444.0443569418,-19016.3878748033,1.74318015441274,1.91177359282342,1.76709374361845,0.14467984920497,-100.267900673114,-0.458058398598028,1.74307489263533,1,284.311426631007,91.2978984514311,1.42248778095471e-10,1,0.960662216670309,0,-0.011101442704136,0.28935969840994,0,0,0
9.585,9540.91651846209,1.73995602973792,9541.5,9546.72008576557,1.73995602973792,1.73995602973792,0,-100.273094143177,27.9773215276713,8,0,18417.5702876653,-18989.8262461536,1.73995602973792,1.90842475071808,1.76373417777689,0.144690572941192,-100.268500219031,-0.45795313682062,1.73985275977984,1,284.298827353388,91.2716371352429,1.52459909559441e-10,1,0.960532079026557,0,-0.0110657856772032,0.289381145882383,0,0,0
9.6,9539.41242204994,1.73673514864535,9540,9545.21601875428,1.73673514864535,1.73673514864535,0,-100.273545451508,28.0054617975407,8,0,18391.1159901636,-18963.2843094429,1.73673514864535,1.90508447304685,1.76038464003043,0.144699833016418,-100.26908282832,-0.457849866862541,1.73663427221715,1,284.286228075807,91.2453758190546,1.6327361164786e-10,1,0.960401935384588,0,-0.0110292937908223,0.289399666032835,0,0,0
9.615,9537.90831886817,1.73351751130287,9538.5,9543.71194412339,1.73351751130287,1.73351751130287,0,-100.273983347073,28.0336311774099,8,0,18364.681460347,-18936.7620626772,1.73351751130287,1.90175302686783,1.75704532550394,0.14470770136389,-100.269648928183,-0.457748990434337,1.73341943916127,1,284.273628798264,91.2191145028663,1.74719504436184e-10,1,0.960271785764639,0,-0.0109919587084009,0.28941540272778,0,0,0
9.63,9536.40420911796,1.73030311783141,9537,9542.20786209318,1.73030311783141,1.73030311783141,0,-100.274408204096,28.0618297048885,8,0,18338.2666939171,-18910.2595037408,1.73030311783141,1.89843067859167,1.75371642544887,0.144714253142795,-100.270198922114,-0.457650918292737,1.73020826658452,1,284.261029520758,91.1928531866781,1.86829059343628e-10,1,0.960141630186411,0,-0.0109537767840102,0.289428506285589,0,0,0
9.645,9534.9000929949,1.72709196831225,9535.5,9540.70377287899,1.72709196831225,1.72709196831225,0,-100.274820407967,28.0900574182472,8,0,18311.8716863957,-18883.7766304004,1.72709196831225,1.89511769244089,1.75039812653809,0.144719565902796,-100.270733197261,-0.457556067045844,1.72700075720063,1,284.248430243289,91.1665918704898,1.99634674042312e-10,1,0.960011468669036,0,-0.0109147492988484,0.289439131805591,0,0,0
9.66,9533.39597068878,1.72388406279519,9534,9539.19967669103,1.72388406279519,1.72388406279519,0,-100.275220348667,28.1183143562654,8,0,18285.4964331683,-18857.3134403111,1.72388406279519,1.89181432886233,1.74709061011205,0.144723718750277,-100.271252130646,-0.457464855934224,1.72379691042866,1,284.235830965859,91.1403305543015,2.13171258520001e-10,1,0.959881301231071,0,-0.0108748826609295,0.289447437500553,0,0,0
9.675,9531.89184238355,1.72067940130677,9532.5,9537.69557373422,1.72067940130677,1.72067940130677,0,-100.275608415951,28.1466005580762,8,0,18259.1409295193,-18830.8699310235,1.72067940130677,1.88852084289993,1.74379405135597,0.144726791543961,-100.271756093949,-0.457377703567694,1.72059672242016,1,284.223231688467,91.1140692381133,2.27471477089105e-10,1,0.959751127890481,0,-0.0108341885717405,0.289453583087921,0,0,0
9.69,9530.38770825731,1.71747798385792,9531,9536.19146420805,1.71747798385792,1.71747798385792,0,-100.275984994392,28.1749160630233,8,0,18232.8051706681,-18804.446099992,1.71747798385792,1.8852374825507,1.74050861843477,0.144728864115936,-100.272245456815,-0.457295024681091,1.71740018610148,1,284.210632411113,91.087807921925,2.42575528916611e-10,1,0.959620948664647,0,-0.0107926841435138,0.289457728231872,0,0,0
9.705,9528.8835684824,1.71427981045057,9529.5,9534.68734830647,1.71427981045057,1.71427981045057,0,-100.276350458244,28.2032609105385,8,0,18206.4891518058,-18778.0419445824,1.71427981045057,1.88196448710232,1.73723447159201,0.144730015510313,-100.272720588772,-0.457217226924656,1.71420729119829,1,284.198033133796,91.0615466057368,2.58518724210401e-10,1,0.959490763570372,0,-0.0107503919802854,0.289460031020626,0,0,0
9.72,9527.37942322552,1.71108488108357,9528,9533.18322621781,1.71108488108357,1.71108488108357,0,-100.276705168899,28.231635140028,8,0,18180.1928681181,-18751.6574620797,1.71108488108357,1.87870208547823,1.73397176220395,0.144730323274282,-100.27318186031,-0.457144707672385,1.71101802435441,1,284.185433856519,91.0352852895485,2.75342718700623e-10,1,0.959360572623888,0,-0.0107073402106843,0.289460646548565,0,0,0
9.735,9525.87527264799,1.70789319575668,9526.5,9531.67909812482,1.70789319575668,1.70789319575668,0,-100.277049471314,28.2600387908022,8,0,18153.9163148129,-18725.2926496963,1.70789319575668,1.87545049459475,1.73072063182099,0.14472986277376,-100.273629642503,-0.457077850943225,1.70783236919904,1,284.172834579279,91.0090239733602,2.93087186960837e-10,1,0.959230375840892,0,-0.010663562478832,0.28945972554752,0,0,0
9.75,9524.37111690592,1.70470475447384,9525,9530.17496420468,1.70470475447384,1.70470475447384,0,-100.27735550254,28.2884719041489,8,0,18127.6596476264,-18698.9475044683,1.70470475447384,1.87220991774721,1.72748121118523,0.14472870656198,-100.274064306371,-0.457017024385586,1.70465030648559,1,284.160235302077,90.982762657172,3.11791804950807e-10,1,0.959100173236555,0,-0.0106190978947056,0.289457413123959,0,0,0
9.765,9522.86695657338,1.70151955724466,9523.5,9528.67082462912,1.70151955724466,1.70151955724466,0,-100.2776120202,28.3169345273951,8,0,18101.422933355,-18672.6220292913,1.70151955724466,1.86898054303568,1.72425361925055,0.144726923785123,-100.274486221336,-0.456962576397335,1.70147181420859,1,284.147636024914,90.9565013409837,3.31510789381092e-10,1,0.958969964868138,0,-0.0105739909339853,0.289453847570246,0,0,0
9.78,9521.36279239308,1.69833760130202,9522,9527.16667967412,1.69833760130202,1.69833760130202,0,-100.277862257839,28.3454267607804,8,0,18075.2059282671,-18646.316226839,1.69833760130202,1.86576254184238,1.72103796486544,0.144724576976946,-100.274894137397,-0.456914833361266,1.69829686243501,1,284.135036747789,90.9302400247955,3.52284612458194e-10,1,0.95883975080989,0,-0.0105282915230838,0.289449153953893,0,0,0
9.795,9519.85862445921,1.69515888060035,9520.5,9525.66252973665,1.69515888060035,1.69515888060035,0,-100.278110490234,28.3739487604097,8,0,18049.008598274,-18620.0300873872,1.69515888060035,1.86255606737625,1.71783434566369,0.144721721712558,-100.275285297421,-0.456874094494254,1.69512541630712,1,284.122437470702,90.9039787086072,3.74160092379988e-10,1,0.958709531070761,0,-0.0104820548923938,0.289443443425117,0,0,0
9.81,9518.35445280185,1.69198339078892,9519,9524.15837513518,1.69198339078892,1.69198339078892,0,-100.278359767643,28.4025006491214,8,0,18022.8309170611,-18593.7636019956,1.69198339078892,1.85936125329324,1.71464284173141,0.144718411561831,-100.275658711253,-0.456840630201018,1.69195744621588,1,284.109838193654,90.8777173924189,3.97188146554204e-10,1,0.958579305653239,0,-0.0104353409337095,0.289436823123661,0,0,0
9.825,9516.85027740534,1.68881112917604,9517.5,9522.65421611347,1.68881112917604,1.68881112917604,0,-100.278611962925,28.4310825172027,8,0,17996.6728660393,-18567.5167627324,1.68881112917604,1.85617821240512,1.71146351538288,0.144714697022248,-100.276014709903,-0.456814685627978,1.68879292082164,1,284.097238916645,90.8514560762306,4.21422205612036e-10,1,0.958449074555207,0,-0.0103882139545837,0.289429394044495,0,0,0
9.84,9515.34609822589,1.68564209459458,9516,9521.15005284802,1.68564209459458,1.68564209459458,0,-100.278867883034,28.4596944250295,8,0,17970.5344338205,-18541.289562792,1.68564209459458,1.85300703548733,1.70829641090321,0.144710624584116,-100.276354542654,-0.456796477273582,1.68563180738198,1,284.084639639674,90.8251947600424,4.46916759525203e-10,1,0.95831883777172,0,-0.0103407423902355,0.289421249168233,0,0,0
9.855,9513.84191520765,1.68247628719471,9514.5,9519.64588545827,1.68247628719471,1.68247628719471,0,-100.279127428168,28.4883364071313,8,0,17944.4156153249,-18515.0819965132,1.68247628719471,1.84984779019312,1.70514155428764,0.144706235905476,-100.276680024293,-0.456786190060976,1.68247407194309,1,284.072040362742,90.7989334438541,4.73729076030846e-10,1,0.958188595296609,0,-0.010292998489186,0.289412471810953,0,0,0
9.87,9512.33772829623,1.67931370819068,9513,9518.14171401819,1.67931370819068,1.67931370819068,0,-100.279389778652,28.5170084771605,8,0,17918.316410654,-18488.8940593206,1.67931370819068,1.84670052009472,1.70199895294729,0.144701567147425,-100.276993238129,-0.456783974809363,1.6793196795802,1,284.059441085848,90.7726721276658,5.01918407654891e-10,1,0.958058347123861,0,-0.0102450579696818,0.28940313429485,0,0,0
9.885,9510.83353744955,1.67615435958606,9511.5,9516.63753856852,1.67615435958606,1.67615435958606,0,-100.279653592463,28.545710633292,8,0,17892.2368238406,-18462.7257476022,1.67615435958606,1.84356524384221,1.69886859538848,0.144696648453729,-100.277296297231,-0.456789946198888,1.67616859455078,1,284.046841808993,90.7464108114776,5.31545066511872e-10,1,0.957928093248696,0,-0.0101969996385014,0.289393296907458,0,0,0
9.9,9509.32934264566,1.67299824389878,9510,9515.13335912853,1.67299824389878,1.67299824389878,0,-100.279917199265,28.5744428636329,8,0,17866.1768615788,-18436.577058546,1.67299824389878,1.84044195445875,1.69575045089831,0.144691503560436,-100.277591163725,-0.456804181163609,1.67302078041602,1,284.034242532177,90.7201494952893,5.62674389933747e-10,1,0.957797833668363,0,-0.0101489049950965,0.289383007120873,0,0,0
9.915,9507.82514388767,1.66984536390375,9508.5,9513.62917570678,1.66984536390375,1.66984536390375,0,-100.280178779633,28.6032051512964,8,0,17840.1365320159,-18410.4479899523,1.66984536390375,1.83733061878372,1.69264446920517,0.14468614957855,-100.277879523227,-0.456826717680847,1.66987620025997,1,284.0216432554,90.6938881791011,5.95369866972065e-10,1,0.957667568382633,0,-0.0101008577870272,0.2893722991571,0,0,0
9.93,9506.32094120598,1.66669572240524,9507,9512.12498831046,1.66669572240524,1.66669572240524,0,-100.28043652071,28.6319974788932,8,0,17814.1158436701,-18384.3385400383,1.66669572240524,1.83423117705848,1.68955058017077,0.144680596887705,-100.278162709447,-0.456857554037073,1.66673481679681,1,284.009043978662,90.6676268629128,6.29701201801581e-10,1,0.957537297394029,0,-0.0100529435581407,0.289361193775409,0,0,0
9.945,9504.81673465817,1.66354932204939,9505.5,9510.62079695275,1.66354932204939,1.66354932204939,0,-100.280688741806,28.6608198322392,8,0,17788.1148045275,-18358.2487072487,1.66354932204939,1.83114354266533,1.68646869349813,0.144674849167196,-100.278441672263,-0.456896648428647,1.66359659257107,1,283.996444701963,90.6413655467245,6.65738365482471e-10,1,0.95740702070781,0,-0.0100052491654778,0.289349698334392,0,0,0
9.96,9503.31252432704,1.6604061651802,9504,9509.11660165833,1.6604061651802,1.6604061651802,0,-100.28093398922,28.6896722032078,8,0,17762.1334213324,-18332.178490084,1.6604061651802,1.82806760202169,1.68339869849172,0.144668903529966,-100.278716981754,-0.456943918950329,1.66046149013129,1,283.983845425304,90.6151042305363,7.03555165121302e-10,1,0.957276738331777,0,-0.00995786227733375,0.289337807059933,0,0,0
9.975,9501.8083103172,1.65726625374073,9502.5,9507.61240246696,1.65726625374073,1.65726625374073,0,-100.281171097829,28.7185545916888,8,0,17736.1716990911,-18306.1278869535,1.65726625374073,1.82500321463733,1.68034046387982,0.144662750757501,-100.278988859823,-0.456999243901423,1.65732947225091,1,283.971246148684,90.588842914348,7.43225807070328e-10,1,0.957146450275927,0,-0.0099108708584339,0.289325501515003,0,0,0
9.99,9500.30409275073,1.65412958921747,9501,9506.1081994352,1.65412958921747,1.65412958921747,0,-100.281399223796,28.7474670066947,8,0,17710.2296407714,-18280.0968960592,1.65412958921747,1.82195021333055,1.6772938377158,0.144656375614757,-100.27925723146,-0.457062462411595,1.65420050214847,1,283.958646872102,90.5625815981597,7.84830713427877e-10,1,0.957016156552021,0,-0.00986436263882173,0.289312751229514,0,0,0
10.005,9498.79987176238,1.6634961726232,9500,9504.60399263658,1.6634961726232,1.6634961726232,0,-91.8625113156919,28.5276924839466,10,0,17744.5512368797,-18266.4939789788,1.6634961726232,1.81986497317375,1.67425864738054,0.14560632579321,-100.279521787795,-0.457133375342594,1.65394424941758,1,283.94604759556,90.5363202819715,2.43554677471056e-10,1,0.95688585717309,0,-0.0088618560063185,0.291212651586421,0,0,0
10.02,9497.42193409264,1.6982410045128,9500,9503.09978216052,1.6982410045128,1.6982410045128,0,-66.551211790461,27.8135086974496,10,0,17901.3628894158,-18279.4374981866,1.6982410045128,1.81969631926818,1.67123469969186,0.148461619576316,-100.279782054399,-0.44758145213697,1.66903810628384,1,283.933448319057,90.5100589657832,5.29922456464623e-10,1,0.956768274238095,0,-0.00595439223920091,0.296923239152632,0,0,0
10.035,9496.42366591579,1.73328297319088,9500,9501.62829686063,1.73328297319088,1.73328297319088,0,-41.5899798566358,27.1126231897912,10,0,18061.0711716171,-18297.3172472031,1.73328297319088,1.81952730188815,1.6690118630981,0.150515438790049,-99.7973991940563,-0.41837855390801,1.70217962556024,1,283.920849042595,90.483797649595,3.5299760490891e-10,1,0.956688935229216,0,-0.00312162398219273,0.301030877580099,0,0,0
10.05,9495.79981621794,1.76631424001702,9500,9500.27945169339,1.76631424001702,1.76631424001702,0,-19.2056172603687,26.4579677179347,8,0,18212.5311717213,-18321.6188331337,1.76631424001702,1.81935792181388,1.6695990636423,0.149758858171581,-97.6131922909702,-0.387275206277374,1.73160043187966,1,283.908249766171,90.4575363334067,1.67637104715005e-10,1,0.956647313682568,0,-0.000534768038534361,0.299517716343161,0,0,0
10.065,9495.51173195903,1.79558583225396,9500,9499.11849816448,1.79558583225396,1.79558583225396,0,0.168691962236452,25.8893104031058,8,0,18347.60934047,-18346.6512013421,1.79558583225396,1.81918817981971,1.6740091018303,0.145179077989408,-93.1413646932773,-0.352561398140016,1.75698493765851,1,283.895650489787,90.4312750172184,2.30757566531875e-10,1,0.956639517950607,0,0.00168421101888283,0.290358155978816,0,0,0
10.08,9495.51426233846,1.81998365058591,9500,9498.18375961776,1.81998365058591,1.81998365058591,0,16.0049673414957,25.4250111792277,8,0,18461.051202718,-18370.1459258266,1.81998365058591,1.81901807668204,1.6824213259646,0.136596750717442,-86.3227967306385,-0.313960503544566,1.77825107457236,1,283.883051213443,90.4050137010302,2.43889513313473e-10,1,0.956661001399347,0,0.00346562128416661,0.273193501434883,0,0,0
10.095,9495.75433684859,1.83891420957659,9500,9497.49192602911,1.83891420957659,1.83891420957659,0,27.9985368947749,25.0715383518579,8,0,18549.9580241773,-18390.9274529068,1.83891420957659,1.81884761317629,1.69448070805209,0.124366905124198,-77.4304648942909,-0.272227927531017,1.79535349589367,1,283.870451937139,90.3787523848419,2.37539534163311e-10,1,0.956706419073179,0,0.00478088369290663,0.248733810248395,0,0,0
10.11,9496.17431490201,1.8522306109501,9500,9497.04160807312,1.8522306109501,1.8522306109501,0,36.1354308363689,24.8275502589866,8,0,18613.451967433,-18408.1950858744,1.8522306109501,1.81867679007617,1.70948386975982,0.10919292031635,-66.9435719756313,-0.228667213848091,1.80839541686078,0,283.857852660874,90.3524910686536,2.13775596126517e-10,1,0.956769965091938,0,0.00563515704753126,0.2183858406327,0,0,0
10.125,9496.71634636455,1.8601571967689,9500,9496.81683820666,1.8601571967689,1.8601571967689,0,40.6388317952398,24.6857666268037,8,0,18652.3376273473,-18421.4873009619,1.8601571967689,1.81850560815605,1.7265225231305,0.0919830850255419,-55.4503008395258,-0.184832019758763,1.81763975844837,0,283.845253384649,90.3262297524653,1.75898676712482e-10,1,0.956845811947138,0,0.00606043982852489,0.183966170051084,0,0,0
10.14,9497.32592884148,1.86320592062864,9500,9496.79079448963,1.86320592062864,1.86320592062864,0,41.9114418604809,24.6346370365586,7,0,18668.7368778362,-18430.6421627828,1.86320592062864,1.81833406818829,1.74460521492165,0.0737288532666407,-43.5687943695508,-0.14231458143823,1.82347719328334,0,283.832654108464,90.2999684362771,9.54690275701603e-10,1,0.956928468923426,0,0.00610852435089404,0.147457706533281,0,0,0
10.155,9497.95460046939,1.8620910219771,9500,9496.92948124609,1.8620910219771,1.8620910219771,0,40.4775721649105,24.6597982629988,7,0,18665.718615857,-18435.7543499443,1.8620910219771,1.81816217094491,1.76275801707536,0.0554041538695504,-31.8862510439457,-0.102585854092933,1.82638462459108,0,283.820054832319,90.2737071200888,5.57116261750546e-10,1,0.957013053461403,0,0.00584419671361447,0.110808307739101,0,0,0
10.17,9498.56176405186,1.85764744125913,9500,9497.1951537068,1.85764744125913,1.85764744125913,0,36.9284610304727,24.745336529939,7,0,18646.9426703381,-18437.1284732503,1.85764744125913,1.8179899171935,1.78010309401563,0.0378868231778731,-20.9152679310336,-0.066879456706914,1.82688410684233,0,283.807455556214,90.2474458039005,1.48263787527033e-10,1,0.957095475028911,0,0.00533898451431125,0.0757736463557461,0,0,0
10.185,9499.11569096732,1.85075719976532,9500,9497.54932786035,1.85075719976532,1.85075719976532,0,31.8736198973656,24.8748737045829,7,0,18616.3347324029,-18435.2297587031,1.85075719976532,1.81781730770669,1.79591396908178,0.0219033386249083,-11.0659573480358,-0.0361161222901152,1.82550786266639,0,283.794856280149,90.2211844877123,2.45357931141674e-10,1,0.957172536367076,0,0.00466567723133737,0.0438066772498167,0,0,0
10.2,9499.59379526578,1.84228672351883,9500,9497.95527043906,1.84228672351883,1.84228672351883,0,25.9002183555772,25.032489765661,7,0,18577.8048262555,-18430.6331379796,1.84228672351883,1.81764434325251,1.80964764335725,0.00799669989525853,-2.63189754616347,-0.0108667851911888,1.82277095785184,0,283.782257004125,90.194923171524,6.02825221436626e-10,1,0.957241961209236,0,0.00389377284643677,0.0159933997905171,0,0,0
10.215,9499.98229854111,1.83303688278538,9500,9498.37991462947,1.83303688278538,1.83303688278538,0,19.5415344217873,25.2034842987986,7,0,18535.0176286638,-18423.9730733421,1.83303688278538,1.81747102459841,1.82095562140068,-0.00348459680226121,4.21234028947743,0.00864898047580653,1.8191508114697,0,283.76965772814,90.1686618553358,9.09439875012512e-10,1,0.957302360612715,0,0.00308593674318924,-0.00696919360452242,0,0,0
10.23,9500.27542155744,1.82370640791824,9500,9498.79519244997,1.82370640791824,1.82370640791824,0,13.2546738859366,25.374972503966,8,0,18491.2184691731,-18415.8966059963,1.82370640791824,1.81729735251017,1.82967750336713,-0.0123801508569521,9.40451582953972,0.0225350517914868,1.81507210258776,0,283.757058452196,90.1424005391475,1.53717079377505e-10,1,0.95735315159661,0,0.00229549536391893,-0.0247603017139042,0,0,0
10.245,9500.47424166573,1.81486839453868,9500,9499.17881232604,1.81486839453868,1.81486839453868,0,7.4070959837313,25.53630844392,8,0,18449.1151843026,-18407.0222628924,1.81486839453868,1.8171233277564,1.83582162468301,-0.0186982969266063,12.9813387047151,0.0311693571219669,1.81089609102516,0,283.744459176292,90.1161392229592,1.78138957778295e-10,1,0.957394442089325,0,0.0015649299791507,-0.0373965938532126,0,0,0
10.26,9500.58534810549,1.80695886239877,9500,9499.51453903229,1.80695886239877,1.80695886239877,0,2.27397563609774,25.6793310381161,8,0,18410.8291864935,-18397.9065245814,1.80695886239877,1.81694895109961,1.83953724187896,-0.0225882907793473,15.0607090501708,0.0351416606354917,1.80691403017641,0,283.731859900429,90.089877906771,1.94466196504178e-10,1,0.957426895492522,0,0.000925287155967736,-0.0451765815586946,0,0,0
10.275,9500.61945774003,1.80027579629991,9500,9499.79205258872,1.80027579629991,1.80027579629991,0,-1.97512552947941,25.7984353880508,8,0,18377.7958864414,-18389.0202683933,1.80027579629991,1.81677422330396,1.841082235215,-0.0243080119110373,15.8216774265595,0.0351864928578556,1.80334469233974,0,283.719260624606,90.0636165905827,2.03463987738408e-10,1,0.957451591239629,0,0.000396384102849812,-0.0486160238220745,0,0,0
10.29,9500.58983085708,1.79498647427556,9500,9500.00648497624,1.79498647427556,1.79498647427556,0,-5.24068586818852,25.890485283624,8,0,18350.9493167725,-18380.7313612859,1.79498647427556,1.81659914513243,1.84078982970342,-0.0241906845709929,15.4840865162916,0.0321175968180198,1.80033537280846,0,283.706661348825,90.0373552743945,2.06048370542111e-10,1,0.957469865186346,0,-1.23617489427019e-05,-0.0483813691419859,0,0,0
10.305,9500.51122056906,1.79114252015379,9500,9500.15766635309,1.79114252015379,1.79114252015379,0,-7.51111216356489,25.9545702777568,8,0,18330.6195948766,-18373.3037838372,1.79114252015379,1.81642371734801,1.83903526366671,-0.0226115463187018,14.2884321821563,0.0267686982851203,1.79796932299573,0,283.694062073083,90.0110939582062,2.03350816475151e-10,1,0.957483203757285,0,-0.000300529786602333,-0.0452230926374035,0,0,0
10.32,9500.39855388661,1.78869747485079,9500,9500.24929434758,1.78869747485079,1.78869747485079,0,-8.83544913304094,25.991686954576,8,0,18316.6873890079,-18366.8969318422,1.78869747485079,1.81624794070983,1.83620760145568,-0.0199596607458432,12.479044881101,0.0199418954431763,1.79627051466132,0,283.681462797382,89.9848326420179,1.96618829427438e-10,1,0.957493111035319,0,-0.000475125144837163,-0.0399193214916864,0,0,0
10.335,9500.26602214961,1.78752820374198,9500,9500.28797682287,1.78752820374198,1.78752820374198,0,-9.31131458419631,26.0043303310814,8,0,18308.6626754383,-18361.5756988173,1.78752820374198,1.81607181597964,1.83268425620631,-0.0166124402266681,10.2891254748044,0.0123688556326436,1.79521579115894,0,283.668863521722,89.9585713258296,1.87072007362504e-10,1,0.957501017091042,0,-0.000548748875607963,-0.0332248804533362,0,0,0
10.35,9500.12635243085,1.78745670825994,9500,9500.28228699486,1.78745670825994,1.78745670825994,0,-9.06990448097863,25.9960622671492,8,0,18305.7838391553,-18357.3242535558,1.78745670825994,1.81589534391411,1.8288110406866,-0.0129156967724873,7.92927327692034,0.00468126821568271,1.79474521858482,0,283.656264246103,89.9323100096414,1.75860014993195e-10,1,0.957508204540068,0,-0.000537780800007326,-0.0258313935449745,0,0,0
10.365,9499.99030386364,1.78827122274431,9500,9500.24187460341,1.78827122274431,1.78827122274431,0,-8.26171643973908,25.9710867520544,8,0,18307.1153796741,-18354.0625324167,1.78827122274431,1.81571852527207,1.82488765089219,-0.00916912562011452,5.57937828112984,-0.00260724210920293,1.79477303192264,0,283.643664970525,89.9060486934531,1.64015839027065e-10,1,0.957515757760897,0,-0.000460665486793577,-0.018338251240229,0,0,0
10.38,9499.86637811704,1.78974544313816,9500,9500.17667690157,1.78974544313816,1.78974544313816,0,-7.04373999943038,25.9338613376098,8,0,18311.6382337444,-18351.6637207402,1.78974544313816,1.81554136081096,1.82115853181319,-0.00561717100223125,3.38377880144273,-0.00910905128753181,1.79519796751897,0,283.631065694988,89.8797873772648,1.5242123072552e-10,1,0.9575245336907,0,-0.000336390584584345,-0.0112343420044625,0,0,0
10.395,9499.76072201705,1.79165506024716,9500,9500.09625909282,1.79165506024716,1.79165506024716,0,-5.56863462648023,25.8887656659185,8,0,18318.3283294649,-18349.9712966847,1.79165506024716,1.81536385128477,1.81780873464604,-0.00244488336126869,1.44939915886206,-0.0145615756683375,1.79591250889389,0,283.618466419491,89.8535260610766,1.41791508330801e-10,1,0.957535151984702,0,-0.000183217490144827,-0.00488976672253738,0,0,0
10.41,9499.67719249765,1.79379108785088,9500,9500.00930046542,1.79379108785088,1.79379108785088,0,-3.97619695996562,25.839839297668,7,0,18326.2206184932,-18348.8145885064,1.79379108785088,1.81518599744949,1.81496411533426,0.000221882115226224,-0.153552152503037,-0.0188190243150732,1.79681073736486,0,283.605867144036,89.8272647448883,9.82327409432362e-10,1,0.957548001536762,0,-1.7696515079102e-05,0.000443764230452448,0,0,0
10.425,9499.61754954325,1.79596976692959,9500,9499.92323053422,1.79596976692959,1.79596976692959,0,-2.38720591146011,25.7905930485337,7,0,18334.4572601048,-18348.0220107161,1.79596976692959,1.81500780005894,1.81269505809023,0.00231274196871878,-1.38882662875029,-0.021838673829061,1.79779461016732,0,283.593267868623,89.8010034287001,9.2669553048173e-10,1,0.957563259902382,0,0.000146025892916457,0.00462548393743756,0,0,0
10.44,9499.58174145458,1.79803907839315,9500,9499.8440094844,1.79803907839315,1.79803907839315,0,-0.899604325547077,25.7438915322524,7,0,18342.3201298341,-18347.4319060191,1.79803907839315,1.81482925986419,1.81102283334848,0.00380642651570828,-2.24986154501485,-0.0236635170667883,1.79877859582882,0,283.58066859325,89.7747421125118,8.86591534588192e-10,1,0.957580922030731,0,0.000296620528211555,0.00761285303141657,0,0,0
10.455,9499.56824738969,1.79988209816349,9500,9499.77603944612,1.79988209816349,1.79988209816349,0,0.413220382935562,25.7018999134676,7,0,18349.2484610929,-18346.9004431342,1.79988209816349,1.81465037761717,1.80992770546091,0.00472267215625766,-2.75452188251935,-0.0244030345024526,1.79969268742723,0,283.568069317919,89.7484807963235,8.62273973094714e-10,1,0.957600834774096,0,0.000425737272541582,0.00944534431251531,0,0,0
10.47,9499.57444569544,1.80141758056976,9500,9499.7221875373,1.80141758056976,1.80141758056976,0,1.50232244024868,25.6660849198609,7,0,18354.843538347,-18346.3069740418,1.80141758056976,1.81447115406953,1.80935796767942,0.00511318639011371,-2.93935713655971,-0.0242136237661941,1.80048390308357,0,283.555470042629,89.7222194801353,8.53041614408777e-10,1,0.957622734001785,0,0.000527953692281757,0.0102263727802274,0,0,0
10.485,9499.59698053204,1.80259825206271,9500,9499.68389839221,1.80259825206271,1.80259825206271,0,2.34986179341243,25.6372591216414,7,0,18358.9094429066,-18345.5569206011,1.80259825206271,1.81429158996872,1.80923918816904,0.00505240179968092,-2.85380890039668,-0.0232799462799975,1.80111644728809,0,283.542870767381,89.695958163947,8.57481719884634e-10,1,0.957646281546913,0,0.000600554286205757,0.0101048035993618,0,0,0
10.5,9499.63222845894,1.80340734828723,9500,9499.66137254227,1.80340734828723,1.80340734828723,0,2.92980713809466,25.615657118034,7,0,18361.2322973482,-18344.5843138683,1.80340734828723,1.81411168606433,1.80948307523929,0.00462861082504085,-2.55472863079576,-0.0217981415053796,1.80157076620903,0,283.530271492175,89.6696968477587,8.73203712761621e-10,1,0.957671112235339,0,0.000643186236592097,0.00925722165008169,0,0,0
10.515,9499.67617556601,1.80385312064668,9500,9499.65381948878,1.80385312064668,1.80385312064668,0,3.26557617850599,25.6010411338727,7,0,18361.9001041878,-18343.3441012791,1.80385312064668,1.8139314431021,1.80999630374382,0.00393513935827872,-2.10100662611345,-0.0199615594271814,1.80184016239148,0,283.517672217009,89.6434355315705,8.98781541185726e-10,1,0.957696821495819,0,0.000657375198462207,0.00787027871655743,0,0,0
10.53,9499.72515920869,1.80396562719269,9500,9499.65961334564,1.80396562719269,1.80396562719269,0,3.38120267433187,25.5927739537707,7,0,18361.0319616587,-18341.8188345572,1.80396562719269,1.81375086182872,1.81068506658557,0.00306579524314654,-1.55082583220281,-0.0179486011719725,1.80193385114304,0,283.505072941885,89.6171742153822,9.31079564007453e-10,1,0.957723040134294,0,0.000646227819055323,0.00613159048629308,0,0,0
10.545,9499.77587724881,1.80378954961719,9500,9499.67660037537,1.80378954961719,1.80378954961719,0,3.30962358339148,25.5899540128001,7,0,18358.8176987471,-18340.0112076309,1.80378954961719,1.81356994298832,1.81146247063111,0.00210747235721565,-0.957283194212285,-0.0159168251223263,1.80186806258043,0,283.492473666804,89.5909128991939,9.67652549400289e-10,1,0.957749435269467,0,0.000613847212868501,0.00421494471443129,0,0,0
10.56,9499.82552160256,1.80337874271959,9500,9499.70232921809,1.80337874271959,1.80337874271959,0,3.0890141821449,25.5915190508513,8,0,18355.4931357684,-18337.9401361906,1.80337874271959,1.8133886873266,1.81225250847979,0.00113617884681427,-0.366119577262998,-0.0139953380855591,1.80166570693467,0,283.479874391764,89.5646515830057,1.37982408395517e-10,1,0.957775723801187,0,0.000564896206771914,0.00227235769362855,0,0,0
10.575,9499.87185681529,1.802791247475,9500,9499.73425606443,1.802791247475,1.802791247475,0,2.75948307787847,25.5963398661155,8,0,18351.3172451408,-18335.6366950701,1.802791247475,1.81320709558296,1.81299263206995,0.000214463513009244,0.185678680503084,-0.0122823023006395,1.80135372030834,0,283.467275116766,89.5383902668175,1.43444216743742e-10,1,0.957801680338089,0,0.000504208614196422,0.000428927026018489,0,0,0
10.59,9499.91324906146,1.80208498338517,9500,9499.76991701902,1.80208498338517,1.80208498338517,0,2.3602858381021,25.6033005979638,8,0,18346.5520876501,-18333.139886712,1.80208498338517,1.81302516850074,1.81363503205248,-0.000609863551733314,0.670485050520824,-0.0108447751339786,1.8009606662633,0,283.454675841809,89.5121289506291,1.48698377553799e-10,1,0.957827140127926,0,0.000436462988362862,-0.00121972710346663,0,0,0
10.605,9499.94865334903,1.801314255054,9500,9499.80706330947,1.801314255054,1.801314255054,0,1.92759590121932,25.6113633343998,8,0,18341.4463963058,-18330.4928925024,1.801314255054,1.81284290682032,1.81414678471911,-0.00130387789878839,1.06995630630564,-0.00972045801210863,1.80051469301063,0,283.442076566896,89.4858676344409,1.53573611384386e-10,1,0.957851997774159,0,0.000365926843927555,-0.00260775579757677,0,0,0
10.62,9499.97756728755,1.80052713139814,9500,9499.84375813809,1.80052713139814,1.80052713139814,0,1.49288690807839,25.6196161624098,8,0,18336.2229822917,-18327.7396730125,1.80052713139814,1.81266031128025,1.81450906903343,-0.00184875775318138,1.37440729970261,-0.00892089596873991,1.80004189980515,0,283.429477292023,89.4596063182526,1.57952440736703e-10,1,0.957876202581028,0,0.000296273584367901,-0.00369751550636277,0,0,0
10.635,9499.99996059117,1.79976369387433,9500,9499.87843645179,1.79976369387433,1.79976369387433,0,1.08190117406333,25.6273048275139,8,0,18331.0700658974,-18324.9221628954,1.79976369387433,1.81247738261759,1.81471567330946,-0.0022382906918661,1.58177720352583,-0.00843566437575194,1.79956513685811,0,283.416878017194,89.4333450020644,1.61760066145022e-10,1,0.957899751451294,0,0.000230469671841149,-0.00447658138373219,0,0,0
10.65,9500.01618910878,1.79905509718609,9500,9499.90993095156,1.79905509718609,1.79905509718609,0,0.709770587310449,25.6338489234091,8,0,18326.1113931118,-18322.0781151349,1.79905509718609,1.81229412157029,1.81477101473485,-0.00247689316456023,1.69632657055464,-0.00823710735953487,1.79910322788163,0,283.404278742406,89.4070836858761,1.6493804342603e-10,1,0.957922680222882,0,0.00017072579330768,-0.00495378632912047,0,0,0
10.665,9500.02683566759,1.79842334743696,9500,9499.93746908123,1.79842334743696,1.79842334743696,0,0.394956081722539,25.6388440879458,8,0,18321.4830179674,-18319.2386738371,1.79842334743696,1.81211052887363,1.81468788297879,-0.00257735410516013,1.7271946427199,-0.00828523805508086,1.79867058260823,0,283.39167946766,89.3808223696878,1.67633426627435e-10,1,0.957945047624487,0,0.000118503019385097,-0.00515470821032027,0,0,0
10.68,9500.03276000881,1.79788211015767,9500,9499.96062954917,1.79788211015767,1.79788211015767,0,0.145425890406512,25.6420475765978,8,0,18317.2562979307,-18316.4299125117,1.79788211015767,1.81192660526152,1.81448467163319,-0.00255806637167399,1.68667903169846,-0.00853247322635275,1.79827799929182,0,283.379080192958,89.3545610534996,1.6980386440681e-10,1,0.957966940313562,0,7.45956895882305e-05,-0.00511613274334799,0,0,0
10.695,9500.03494139717,1.79743693617047,9500,9499.97932305942,1.79743693617047,1.79743693617047,0,-0.0362762960644572,25.6433716296005,8,0,18313.4647897364,-18313.6709305338,1.79743693617047,1.8117423514694,1.81418380562047,-0.00244145415107555,1.58925293924885,-0.00892836236049765,1.79793108080675,0,283.366480918297,89.3282997373113,1.71551463702746e-10,1,0.957988457008073,0,3.9168420320923e-05,-0.0048829083021511,0,0,0
10.71,9500.03439725273,1.79708641090481,9500,9499.99373724687,1.79708641090481,1.79708641090481,0,-0.152412714494313,25.6428605594281,8,0,18310.107876702,-18310.9739650324,1.79708641090481,1.81155776822481,1.81380961563025,-0.00225184740544915,1.45027189879671,-0.00942250699677638,1.79763156641713,0,283.353881643679,89.302038421123,1.72890496112815e-10,1,0.958009700282456,0,1.18609432098182e-05,-0.0045036948108983,0,0,0
10.725,9500.03211106201,1.796823518118,9500,9500.00427479564,1.796823518118,1.796823518118,0,-0.209700496937592,25.6406638319228,8,0,18307.1532340696,-18308.3448610949,1.796823518118,1.81137285626253,1.81338648941983,-0.00201363315729974,1.28486605949554,-0.00996766250909586,1.79737792743883,0,283.341282369104,89.2757771049348,1.73946440021875e-10,1,0.958030769298239,0,-8.09415397418078e-06,-0.00402726631459949,0,0,0
10.74,9500.02896555456,1.79663711720286,9500,9500.01148891203,1.79663711720286,1.79663711720286,0,-0.215751797305342,25.6370071277072,8,0,18304.5577172586,-18305.7837305063,1.79663711720286,1.81118761630957,1.81293734022026,-0.00174972391068584,1.10703848627064,-0.0105220718299319,1.79716609665827,0,283.328683094571,89.2495157887465,1.7479101192437e-10,1,0.958051753064704,0,-2.17488056812876e-05,-0.00349944782137168,0,0,0
10.755,9500.0257292776,1.7965134840036,9500,9500.0160182024,1.7965134840036,1.7965134840036,0,-0.180401786988344,25.6321629310233,8,0,18302.2612730551,-18303.2864089204,1.7965134840036,1.81100204909701,1.81248237238592,-0.00148032328891246,0.92895413887837,-0.0110510512853466,1.79699035123383,0,283.316083820081,89.2232544725583,1.7557736473322e-10,1,0.958072729083823,0,-3.03158109655755e-05,-0.00296064657782491,0,0,0
10.77,9500.02302325079,1.79643756024856,9500,9500.01853494892,1.79643756024856,1.79643756024856,0,-0.114503189452478,25.6264263138283,8,0,18300.1946664811,-18300.8453323904,1.79643756024856,1.81081615534824,1.81203842701901,-0.00122227167076994,0.760583701519842,-0.0115279185155805,1.79684369349112,0,283.303484545634,89.19699315637,1.76357648817228e-10,1,0.958093759986046,0,-3.50707166396624e-05,-0.00244454334153987,0,0,0
10.785,9500.02130570295,1.79639412082097,9500,9500.01969814846,1.79639412082097,1.79639412082097,0,-0.0285828018713911,25.620092607022,8,0,18298.2881470963,-18298.4505692217,1.79639412082097,1.81062993579248,1.81161856975804,-0.000988633965560037,0.609496437390997,-0.0119340517581397,1.79671861610322,0,283.290885271229,89.1707318401817,1.77199536033781e-10,1,0.958114891989295,0,-3.726281292038e-05,-0.00197726793112007,0,0,0
10.8,9500.02087696092,1.7963687676423,9500,9500.0201147663,1.7963687676423,1.7963687676423,0,0.0675774763662263,25.6134386935844,8,0,18296.4749497215,-18296.0909398928,1.7963687676423,1.81044339115152,1.81123195506078,-0.000788563909257967,0.480820005418389,-0.0122585470403926,1.79660771629261,0,283.278285996868,89.1444705239934,1.78155653381404e-10,1,0.958136155390206,0,-3.80418570702368e-05,-0.00157712781851593,0,0,0
10.815,9500.02189062307,1.79634866544565,9500,9500.02031229856,1.79634866544565,1.79634866544565,0,0.162878940436191,25.6067092109041,8,0,18294.6805140009,-18293.7549523485,1.79634866544565,1.81025652215155,1.8108839862113,-0.000627464059741678,0.377375928888917,-0.0124974956907,1.79650409834137,0,283.26568672255,89.1182092078052,1.7932883440639e-10,1,0.958157565689304,0,-3.84062571785471e-05,-0.00125492811948336,0,0,0
10.83,9500.02433380717,1.79632304402155,9500,9500.02072134109,1.79632304402155,1.79632304402155,0,0.252343446657759,25.6001069852429,8,0,18292.8649980389,-18291.4310528223,1.79632304402155,1.81006932951257,1.81057667780911,-0.000507348296535648,0.299932661339084,-0.0126529285864154,1.79640170433309,0,283.253087448274,89.0919478916169,1.80640215128013e-10,1,0.958179121597143,0,-3.91702997044607e-05,-0.0010146965930713,0,0,0
10.845,9500.02811895887,1.79628372881199,9500,9500.02165755683,1.79628372881199,1.79628372881199,0,0.331411320384126,25.5937844925615,8,0,18290.9926819765,-18289.109431695,1.79628372881199,1.80988181395641,1.81030891581051,-0.000427101854095335,0.247393804114164,-0.0127315888979509,1.79629602135027,0,283.240488174042,89.0656865754287,1.82136810447935e-10,1,0.958200814292509,0,-4.09302798223266e-05,-0.000854203708190671,0,0,0
10.86,9500.03309012868,1.79622496214794,9500,9500.02333210993,1.79622496214794,1.79622496214794,0,0.396591099665356,25.5878473791143,8,0,18289.0355533511,-18286.7819167219,1.79622496214794,1.80969397620249,1.81007736154866,-0.000383385346170551,0.217364477429671,-0.0127438814362364,1.79618332407391,0,283.227888899853,89.0394252592404,1.83815923263579e-10,1,0.958222628054722,0,-4.40844718572198e-05,-0.000766770692341101,0,0,0
10.875,9500.03903899518,1.79614324401943,9500,9500.02586102247,1.79614324401943,1.79614324401943,0,0.445906643928102,25.5823577869824,8,0,18286.9758927849,-18284.4420180306,1.79614324401943,1.80950581696873,1.80987713324467,-0.000371316275935563,0.206576523370702,-0.0127022433622139,1.79606094105465,0,283.215289625707,89.0131639430521,1.85665619513655e-10,1,0.958244541879074,0,-4.88510535547881e-05,-0.000742632551871125,0,0,0
10.89,9500.04572759483,1.79603712195514,9500,9500.02927625882,1.79603712195514,1.79603712195514,0,0.4787330299587,25.5773387369269,8,0,18284.8054240172,-18282.0850106545,1.79603712195514,1.80931733697297,1.80970238367134,-0.000385046698368141,0.21124513193609,-0.0126199403974352,1.7959273031788,0,283.202690351605,88.9869026268639,1.87667867705117e-10,1,0.958266531769004,0,-5.52892434162455e-05,-0.000770093396736282,0,0,0
10.905,9500.05290859028,1.79590689594819,9500,9500.03353982819,1.79590689594819,1.79590689594819,0,0.495581169229333,25.5727800620752,8,0,18282.5240499745,-18279.7078944769,1.79590689594819,1.80912853692922,1.80954682983688,-0.000418292907665263,0.227391087900892,-0.012510121621095,1.79578182949279,0,283.190091077546,88.9606413106756,1.89799860782699e-10,1,0.958288572780258,0,-6.33261328275569e-05,-0.000836585815330526,0,0,0
10.92,9500.06034230782,1.79575427222733,9500,9500.038559485,1.79575427222733,1.79575427222733,0,0.497853810981552,25.5686452417392,8,0,18280.1383290616,-18277.3092569924,1.79575427222733,1.80893941755386,1.80940421119908,-0.000464793645220674,0.251115300974642,-0.0123850551656968,1.79562477509772,0,283.177491803531,88.9343799944873,1.9203616258701e-10,1,0.958310640739427,0,-7.27864590905902e-05,-0.000929587290441347,0,0,0
10.935,9500.06781011499,1.79558199645299,9500,9500.04420477582,1.79558199645299,1.79558199645299,0,0.487593090468527,25.5648785528913,8,0,18277.6598327224,-18274.8890653861,1.79558199645299,1.80874997955839,1.80926866174974,-0.000518682191345654,0.278817720304677,-0.0122555580360815,1.79545705713962,0,283.164892529559,88.9081186782991,1.94351348260285e-10,1,0.958332713593515,0,-8.3423021054907e-05,-0.00103736438269131,0,0,0
10.95,9500.07512401134,1.79539349244569,9500,9500.05032239453,1.79539349244569,1.79539349244569,0,0.467236521360032,25.5614120471347,8,0,18275.1035060957,-18272.4484137376,1.79539349244569,1.80856022365715,1.80913498929168,-0.000574765634529628,0.307357623503167,-0.012130618722709,1.79528007366539,0,283.152293255631,88.8818573621108,1.96719837812581e-10,1,0.958354772377684,0,-9.49457198993198e-05,-0.00114953126905926,0,0,0
10.965,9500.08213255916,1.79519252733429,9500,9500.05675004355,1.79519252733429,1.79519252733429,0,0.439394652871416,25.5581719638253,8,0,18272.4861305837,-18269.9892490422,1.79519252733429,1.80837015055877,1.80899886217067,-0.000628711611897925,0.334156419824699,-0.0120171999424035,1.79509552739257,0,283.139693981747,88.8555960459226,1.99120185174556e-10,1,0.958376801813884,0,-0.00010704777402748,-0.00125742322379585,0,0,0
10.98,9500.08872347896,1.79498291850033,9500,9500.06332823975,1.79498291850033,1.79498291850033,0,0.406659829987043,25.555084296863,8,0,18269.824962518,-18267.5140966005,1.79498291850033,1.80817976097164,1.80885690931969,-0.000677148348048773,0.35724740470177,-0.0119202000006842,1.79490526427486,0,283.127094707906,88.8293347297343,2.01532600301627e-10,1,0.958398790573115,0,-0.000119427981347453,-0.00135429669609755,0,0,0
10.995,9500.09482337641,1.79476829228329,9500,9500.06990973343,1.79476829228329,1.79476829228329,0,0.371451838181144,25.5520793364628,8,0,18267.1365975457,-18265.0258015421,1.79476829228329,1.80798905560531,1.80870674364642,-0.000717688041111497,0.375279308423864,-0.0118425457752185,1.79471113374786,0,283.114495434109,88.803073413546,2.03940597388829e-10,1,0.958420731248311,0,-0.000131808487512819,-0.00143537608222299,0,0,0
11.01,9500.10039515398,1.79455189940607,9500,9500.07636641543,1.79455189940607,1.79455189940607,0,0.335902896325037,25.5490951023962,8,0,18264.4360874015,-18262.5272991438,1.79455189940607,1.80779803516516,1.80854692160863,-0.000748886443472596,0.387482019376468,-0.0117853872397888,1.79451487503842,0,283.101896160356,88.7768120973577,2.06334621813763e-10,1,0.958442620093643,0,-0.000143947773214803,-0.00149777288694519,0,0,0
11.025,9500.10543369742,1.79433648771161,9500,9500.08259376338,1.79433648771161,1.79433648771161,0,0.301781616183482,25.5460796676749,8,0,18261.7363154618,-18260.0214225056,1.79433648771161,1.80760670035762,1.80837685330607,-0.000770152948441849,0.393603599519223,-0.0117483628721431,1.7943180315886,0,283.089296886648,88.7505507811695,2.08706108707928e-10,1,0.95846445658974,0,-0.000155648998519053,-0.0015403058968837,0,0,0
11.04,9500.10996042167,1.79412422921444,9500,9500.08851301779,1.79412422921444,1.79412422921444,0,0.270453252766041,25.5429924388821,8,0,18259.0476205873,-18257.5107522883,1.79412422921444,1.80741505188594,1.8081966777381,-0.000781625852160017,0.393827754136942,-0.0117299067491281,1.79412189343249,0,283.076697612983,88.7242894649813,2.11052265318165e-10,1,0.958486242893767,0,-0.000166764047885515,-0.00156325170432003,0,0,0
11.055,9500.11401722046,1.79391669573502,9500,9500.0940713806,1.79391669573502,1.79391669573502,0,0.242871869125385,25.5398045101565,8,0,18256.3776456519,-18254.9975097801,1.79391669573502,1.80722309045189,1.80800711729037,-0.000784026838475116,0.388680396675434,-0.0117275709671862,1.79392746580776,0,283.064098339363,88.698028148793,2.13372110696864e-10,1,0.958507983229283,0,-0.000177193856697233,-0.00156805367695023,0,0,0
11.07,9500.11766029849,1.79371487551093,9500,9500.09924059432,1.79371487551093,1.79371487551093,0,0.219699489715719,25.5364982460741,8,0,18253.7319492138,-18252.4834914812,1.79371487551093,1.80703081675675,1.80780932412919,-0.000778507372438231,0.378932999127568,-0.0117383410399201,1.79373546097195,0,283.051499065786,88.6717668326047,2.15651305586809e-10,1,0.958529683264143,0,-0.000186885672057491,-0.00155701474487646,0,0,0
11.085,9500.12095579084,1.79351922211396,9500,9500.1040142909,1.79351922211396,1.79351922211396,0,0.201286470465878,25.5330662812771,8,0,18251.1138869547,-18249.9700620964,1.79351922211396,1.80683823150141,1.8076047293204,-0.000766497818992518,0.365509179513288,-0.0117589265009377,1.79354630936249,0,283.038899792254,88.6455055164165,2.1792645938563e-10,1,0.958551349668675,0,-0.000195828008838106,-0.00153299563798504,0,0,0
11.1,9500.1239750879,1.79332971673757,9500,9500.10840489238,1.79332971673757,1.79332971673757,0,0.187304428777499,25.5295102473082,8,0,18248.5225297993,-18247.4581585612,1.79332971673757,1.80664533538393,1.80739491303997,-0.000749577656036449,0.349405342476791,-0.0117860137494687,1.79336016632239,0,283.026300518766,88.6192442002282,2.20186686728645e-10,1,0.958572989644067,0,-0.000204044772224021,-0.0014991553120729,0,0,0
11.115,9500.12678465433,1.79314594317876,9500,9500.11244010317,1.79314594317876,1.79314594317876,0,0.177399627459421,25.5258391966307,8,0,18245.9563185246,-18244.9482317527,1.79314594317876,1.80645212910093,1.80718149201959,-0.000729362918653775,0.331622852201611,-0.0118164633342863,1.79317693992934,0,283.013701245323,88.5929828840399,2.22443194305503e-10,1,0.958594609895124,0,-0.000211588607093249,-0.00145872583730755,0,0,0
11.13,9500.12944564874,1.79296720936891,9500,9500.11615767291,1.79296720936891,1.79296720936891,0,0.171047393977832,25.5220672956288,8,0,18243.4123601578,-18242.4403701599,1.79296720936891,1.80625861334809,1.80696598736131,-0.000707374013217077,0.313089704640535,-0.0118474600848673,1.79299640523679,0,283.001101971925,88.5667215678516,2.24703722697767e-10,1,0.958616216591838,0,-0.000218531013858936,-0.00141474802643415,0,0,0
11.145,9500.13201135965,1.79279264086905,9500,9500.11960141795,1.79279264086905,1.79279264086905,0,0.167615666292141,25.5182120139785,8,0,18240.8868535302,-18239.934364332,1.79279264086905,1.80606478881924,1.80674975073711,-0.000684961917870153,0.294618087494253,-0.0118766559527501,1.79281820903075,0,282.988502698571,88.5404602516634,2.26973372645143e-10,1,0.958637815110598,0,-0.000224954839090685,-0.00136992383574031,0,0,0
11.16,9500.13452559464,1.79262126804022,9500,9500.12281760946,1.79262126804022,1.79262126804022,0,0.166423234430996,25.5142924500333,8,0,18238.3754907738,-18237.4297774131,1.79262126804022,1.80587065620793,1.80653391441268,-0.000663258204743,0.276876733556265,-0.0119022241144546,1.79264191568399,0,282.975903425261,88.5141989354751,2.29260703932675e-10,1,0.958659409871548,0,-0.000230947469157972,-0.001326516409486,0,0,0
11.175,9500.13702194316,1.7924521027533,9500,9500.12585188017,1.7924521027533,1.7924521027533,0,0.166790116867352,25.510327869042,8,0,18235.8738147643,-18234.9260163157,1.7924521027533,1.8056762162051,1.80631936373687,-0.00064314753177297,0.260377037221646,-0.0119228717582265,1.79246704938332,0,282.963304151997,88.4879376192869,2.31570319222829e-10,1,0.95868100426409,0,-0.00023659500672113,-0.00128629506354594,0,0,0
11.19,9500.13952379491,1.79228420191332,9500,9500.12874674162,1.79228420191332,1.79228420191332,0,0.168078468720039,25.5063365036765,8,0,18233.3775189397,-18232.4223990751,1.79228420191332,1.80548146950187,1.80610672963396,-0.000625260132084415,0.245471246191391,-0.0119378183882535,1.79229313084945,0,282.950704878777,88.4616763030986,2.3390813839636e-10,1,0.958702600648627,0,-0.000241977604354737,-0.00125052026416883,0,0,0
11.205,9500.14204497194,1.79211671638547,9500,9500.13153974969,1.79211671638547,1.79211671638547,0,0.169723292925637,25.5023346411078,8,0,18230.882681952,-18229.9182149812,1.79211671638547,1.80528641678546,1.80589639788291,-0.000609981097452028,0.232360612013848,-0.0119467473243815,1.79211970726617,0,282.938105605602,88.4354149869103,2.36277279523055e-10,1,0.95872420042023,0,-0.000247166027743662,-0.00121996219490406,0,0,0
11.22,9500.14459082134,1.79194892506415,9500,9500.13426230936,1.79194892506415,1.79194892506415,0,0.171252986799557,25.4983359988495,8,0,18228.3859350196,-18227.4127751732,1.79194892506415,1.80509105874527,1.8056885314986,-0.000597472753329775,0.221111164253817,-0.011949738205083,1.79194637503352,0,282.925506332473,88.4091536707221,2.38681189996158e-10,1,0.958745804118813,0,-0.000252219412766097,-0.00119494550665955,0,0,0
11.235,9500.14715961614,1.79178025478096,9500,9500.13693907234,1.79178025478096,1.79178025478096,0,0.17230036713401,25.4943513735491,8,0,18225.884564332,-18224.9054523919,1.79178025478096,1.80489539606313,1.80548310244938,-0.000587706386258713,0.211674739628388,-0.0119471881744526,1.79177279511616,0,282.912907059387,88.3828923545338,2.41120846316678e-10,1,0.958767411570417,0,-0.000257184162876456,-0.00117541277251743,0,0,0
11.25,9500.14974412165,1.79161028748099,9500,9500.13958785402,1.79161028748099,1.79161028748099,0,0.172605279999383,25.4903885332069,8,0,18223.3765543901,-18222.3957094891,1.79161028748099,1.80469942942847,1.80527992902953,-0.000580499601057882,0.203913015253345,-0.011939728509643,1.79159870171671,0,282.900307786348,88.3566310383456,2.43596237421295e-10,1,0.958789022045202,0,-0.000262093781882244,-0.00116099920211576,0,0,0
11.265,9500.15233320085,1.79143875660634,9500,9500.14221997773,1.79143875660634,1.79143875660634,0,0.172010206535903,25.4864523139728,8,0,18220.8605806708,-18219.8831170613,1.79143875660634,1.80450315952007,1.80507871558499,-0.000575556064912996,0.197622529486409,-0.011928142745367,1.79142390464488,0,282.887708513353,88.3303697221572,2.46108999783301e-10,1,0.958810634419424,0,-0.000266969571796061,-0.00115111212982599,0,0,0
11.28,9500.15491335395,1.79126553492153,9500,9500.14484094592,1.79126553492153,1.79126553492153,0,0.170450439157515,25.4825448774537,8,0,18218.3359615129,-18217.3673611601,1.79126553492153,1.80430658702187,1.80487909174418,-0.000572504722310185,0.192558988065216,-0.0119132907839103,1.79124828679334,0,282.875109240404,88.304108405969,2.4865583018636e-10,1,0.958832247330762,0,-0.000271821873376821,-0.00114500944462037,0,0,0
11.295,9500.15747011053,1.79109061612104,9500,9500.14745133636,1.79109061612104,1.79109061612104,0,0.1679404418885,25.4786660828913,8,0,18215.8025797875,-18214.848242469,1.79109061612104,1.80410971261316,1.80468064884052,-0.000570936227358931,0.188459512189303,-0.0118960426557204,1.79107179750272,0,282.8625099675,88.2778470897807,2.51237378536775e-10,1,0.958853859318818,0,-0.000276651784022253,-0.00114187245471786,0,0,0
11.31,9500.15998921716,1.7909140925005,9500,9500.15004782692,1.7909140925005,1.7909140925005,0,0.164557937559039,25.4748139301027,8,0,18213.260784756,-18212.3256685877,1.7909140925005,1.80391253697167,1.80448297187206,-0.000570434900385886,0.185061860937655,-0.0118772240373985,1.7908944431335,0,282.849910694641,88.2515857735925,2.53850343818592e-10,1,0.958875468944953,0,-0.000281453079063354,-0.00114086980077177,0,0,0
11.325,9500.16245758623,1.79073613078778,9500,9500.15262426247,1.79073613078778,1.79073613078778,0,0.160427116502566,25.4709850329916,8,0,18210.7112838085,-18209.7996411879,1.79073613078778,1.80371506077568,1.80428566585547,-0.000570605079790232,0.182120023937378,-0.0118575746703982,1.7907162759457,0,282.837311421828,88.2253244574042,2.56494224759947e-10,1,0.958897074888079,0,-0.000286214230334148,-0.00114121015958046,0,0,0
11.34,9500.16486399297,1.79055694795085,9500,9500.15517269124,1.79055694795085,1.79055694795085,0,0.155702153490794,25.4671750890714,8,0,18208.1550325654,-18207.2702397804,1.79055694795085,1.80351728470167,1.80408837603884,-0.000571091337173923,0.179415913767665,-0.0118377198283137,1.79053738219901,0,282.824712149061,88.1990631412159,2.59165557654134e-10,1,0.95891867601502,0,-0.000290920348687829,-0.00114218267434785,0,0,0
11.355,9500.16719952528,1.79037678846144,9500,9500.15768431323,1.79037678846144,1.79037678846144,0,0.150551981415836,25.463379317139,8,0,18205.5931303552,-18204.7376037187,1.79037678846144,1.80331920942246,1.80389080187899,-0.000571592456523051,0.176767175236839,-0.0118181540764679,1.79035787043295,0,282.812112876339,88.1728018250277,2.61864500644826e-10,1,0.958940271425935,0,-0.00029555497310696,-0.0011431849130461,0,0,0
11.37,9500.169457805,1.79019590412927,9500,9500.16015029937,1.79019590412927,1.79019590412927,0,0.145147013614442,25.4595928423629,8,0,18203.0267264328,-18202.2019138683,1.79019590412927,1.80312083561013,1.8036927051013,-0.000571869491177601,0.174031361412809,-0.0117992360479759,1.79017786057979,0,282.799513603663,88.1465405088394,2.64588414121585e-10,1,0.958961860476687,0,-0.000300101603856628,-0.0011437389823552,0,0,0
11.385,9500.1716350102,1.7900145372559,9500,9500.1625624558,1.7900145372559,1.7900145372559,0,0.139648261407836,25.4558110151407,8,0,18200.4569406554,-18199.6633751238,1.7900145372559,1.80292216393794,1.8034939124665,-0.000571748528556792,0.171106901404748,-0.0117811924985005,1.78999747438233,0,282.786914331033,88.1202791926511,2.67336633718587e-10,1,0.958983442781113,0,-0.000304544945636476,-0.00114349705711358,0,0,0
11.4,9500.17372973412,1.78983290751593,9500,9500.16491372168,1.78983290751593,1.78983290751593,0,0.134199062115732,25.4520296566383,8,0,18197.8848007498,-18197.1222006825,1.78983290751593,1.802723195075,1.80329431404208,-0.000571118967082063,0.167931400245436,-0.0117641296249229,1.78981682751591,0,282.774315058449,88.0940178764629,2.70107507871863e-10,1,0.959005018196818,0,-0.000308871844449721,-0.00114223793416413,0,0,0
11.415,9500.17574272005,1.78965120266929,9500,9500.1671985015,1.78965120266929,1.78965120266929,0,0.128919435151996,25.4482452297331,8,0,18195.3111969044,-18194.5785987088,1.78965120266929,1.80252392968918,1.80309385794862,-0.000569928259439578,0.164477873216394,-0.0117480496248992,1.7896360235454,0,282.76171578591,88.0677565602746,2.72901194921726e-10,1,0.959026586798441,0,-0.000313071901740791,-0.00113985651887916,0,0,0
11.43,9500.17767651158,1.78946957295584,9500,9500.16941284254,1.78946957295584,1.78946957295584,0,0.123902918812855,25.44445493885,8,0,18192.7368532151,-18192.0327617559,1.78946957295584,1.80232436844682,1.80289254254436,-0.000568174097534957,0.160749530071734,-0.0117328705010091,1.78945514975075,0,282.749116513418,88.0414952440863,2.75717030374822e-10,1,0.959048148842365,0,-0.000317137807870793,-0.00113634819506991,0,0,0
11.445,9500.17953505536,1.78928812882678,9500,9500.17155447567,1.78928812882678,1.78928812882678,0,0.119215618083861,25.4406567658698,8,0,18190.1623145879,-18189.484859079,1.78928812882678,1.80212451201423,1.80269040700958,-0.000565894995341321,0.156773697946753,-0.0117184472959173,1.78927427472763,0,282.736517240971,88.0152339278981,2.78555665505952e-10,1,0.959069704726644,0,-0.000321065409366383,-0.00113178999068264,0,0,0
11.46,9500.18132328963,1.78910694152808,9500,9500.17362274266,1.78910694152808,1.78910694152808,0,0.11489710758878,25.4368494518474,8,0,18187.5879470022,-18186.9350317685,1.78910694152808,1.80192436105613,1.80248752120375,-0.000563160147623032,0.152595414566697,-0.011704593196767,1.78909344756411,0,282.723917968571,87.9889726117098,2.81417257711594e-10,1,0.959091254949468,0,-0.000324853574270589,-0.00112632029524606,0,0,0
11.475,9500.18304674625,1.78892604596821,9500,9500.17561843566,1.78892604596821,1.78892604596821,0,0.110962789614716,25.4330324357583,8,0,18185.013948636,-18184.383390475,1.78892604596821,1.80172391623134,1.80228397554631,-0.00056005931496661,0.148271143707245,-0.0116910992327977,1.78891269836861,0,282.711318696217,87.9627112955215,2.84301470807798e-10,1,0.959112800069004,0,-0.000328503886733778,-0.00112011862993322,0,0,0
11.49,9500.18471118809,1.78874544526882,9500,9500.1775435752,1.78874544526882,1.78874544526882,0,0.10740729051071,25.4292057620258,8,0,18182.4403691395,-18181.8300153832,1.78874544526882,1.80152317820554,1.80207987153787,-0.000556693332324887,0.143862973443773,-0.0116777516331923,1.7887320399077,0,282.69871942391,87.9364499793333,2.87209448422373e-10,1,0.959134340666792,0,-0.000332020220600526,-0.00111338666464977,0,0,0
11.505,9500.18632229745,1.78856511640706,9500,9500.17940115168,1.78856511640706,1.78856511640706,0,0.104208494906021,25.4253699682824,8,0,18179.8671343647,-18179.2749580163,1.78856511640706,1.80132214763408,1.80187531338007,-0.00055316574598363,0.139433560486734,-0.0116643462720725,1.78855146987004,0,282.686120151649,87.9101886631451,2.90142991267674e-10,1,0.959155877316289,0,-0.000335408269457549,-0.00110633149196726,0,0,0
11.52,9500.18788542487,1.78838501640158,9500,9500.18119485312,1.78838501640158,1.78838501640158,0,0.101331853643066,25.4215259639,8,0,18177.2940740294,-18176.7182444198,1.78838501640158,1.80112082517628,1.801670400996,-0.000549575819720927,0.135041989688432,-0.0116506997350561,1.78837097380178,0,282.673520879434,87.8839273469568,2.93101762207892e-10,1,0.959177410557507,0,-0.000338675019277312,-0.00109915163944185,0,0,0
11.535,9500.18940540268,1.78820508856361,9500,9500.18292879842,1.78820508856361,1.78820508856361,0,0.0987346493684958,25.4176749084145,8,0,18174.7209500707,-18174.1598792756,1.78820508856361,1.80091921148841,1.80146522462129,-0.000546013132877388,0.130740630190519,-0.011636657135264,1.78819052808739,0,282.660921607265,87.8576660307685,2.96087232370387e-10,1,0.959198940878184,0,-0.000341828258132448,-0.00109202626575478,0,0,0
11.55,9500.19088642242,1.78802526842022,9500,9500.18460729137,1.78802526842022,1.78802526842022,0,0.0963699700859309,25.4138180972713,8,0,18172.147483844,-18171.5998505205,1.78802526842022,1.80071730722389,1.80125986099568,-0.000542553771796683,0.126572993586796,-0.0116220966590432,1.78801010302125,0,282.648322335145,87.8314047145802,2.99099064390234e-10,1,0.959220468701401,0,-0.000344876108673953,-0.00108510754359337,0,0,0
11.565,9500.19233197197,1.78784548900917,9500,9500.18623460667,1.78784548900917,1.78784548900917,0,0.0941902007645447,25.4099568605032,8,0,18169.5733807144,-18169.0381340968,1.78784548900917,1.80051511303752,1.80105437109684,-0.000539258059322423,0.122572537852681,-0.0116069312600704,1.7878296656588,0,282.63572306307,87.805143398392,3.02139221893033e-10,1,0.959241994379232,0,-0.000347826631678982,-0.00107851611864485,0,0,0
11.58,9500.19374482498,1.78766568534041,9500,9500.18781481511,1.78766568534041,1.78766568534041,0,0.0921499116886117,25.4060924780934,8,0,18166.9983510361,-18166.4746985173,1.78766568534041,1.80031262958091,1.80084879925624,-0.000536169675333875,0.118762313015172,-0.0115911079097042,1.78764918232053,0,282.623123791042,87.7788820822037,3.0520835319969e-10,1,0.959263518191659,0,-0.000350687501837754,-0.00107233935066775,0,0,0
11.595,9500.19512707366,1.78748579790755,9500,9500.18935165129,1.78748579790755,1.78748579790755,0,0.0902080785266447,25.4022261140823,8,0,18164.4221269089,-18163.9095090068,1.78748579790755,1.8001098575029,1.80064317346548,-0.000533315962574887,0.115155313068187,-0.0115746048898229,1.78746862068793,0,282.61052451906,87.7526207660154,3.08306284921992e-10,1,0.959285040349882,0,-0.000353465756184557,-0.00106663192514977,0,0,0
11.61,9500.19648019483,1.78730577521204,9500,9500.19084842419,1.78730577521204,1.78730577521204,0,0.0883296241271163,25.3983587699411,8,0,18161.8444744811,-18161.3425310432,1.78730577521204,1.79990679745305,1.80043750662172,-0.000530709168677923,0.111755380889824,-0.0115574276702086,1.78728795144548,0,282.597925247126,87.7263594498272,3.11434322474697e-10,1,0.959306561002982,0,-0.000356167633220661,-0.00106141833735585,0,0,0
11.625,9500.1978051392,1.78712557533135,9500,9500.19230796795,1.78712557533135,1.78712557533135,0,0.0864863149107285,25.3944912564531,8,0,18159.2652018829,-18158.773733197,1.78712557533135,1.79970345007799,1.80023179846223,-0.000528348384243538,0.108558507250093,-0.0115396039036459,1.78710714940586,0,282.585325975239,87.7000981336389,3.14592785188051e-10,1,0.959328080246922,0,-0.000358798474571875,-0.00105669676848708,0,0,0
11.64,9500.19910243392,1.7869451666125,9500,9500.19373262859,1.7869451666125,1.7869451666125,0,0.0846570761024307,25.3906241823869,8,0,18156.6841631145,-18156.2030892282,1.7869451666125,1.79949981602196,1.80002603795122,-0.000526221929258552,0.105554371688582,-0.011521177978155,1.78692619418529,0,282.572726703399,87.6738368174507,3.17780678272111e-10,1,0.959349598134907,0,-0.000361362710779911,-0.0010524438585171,0,0,0
11.655,9500.20037229006,1.78676452761317,9500,9500.19512428076,1.78676452761317,1.78676452761317,0,0.0828278170904263,25.3867579575028,8,0,18154.1012584176,-18153.6305794499,1.78676452761317,1.79929589593166,1.79982020587371,-0.000524309942058432,0.102727985387537,-0.0115022055509428,1.7867450704966,0,282.560127431607,87.6475755012624,3.21000292278994e-10,1,0.959371114688222,0,-0.00036386388325349,-0.00104861988411686,0,0,0
11.67,9500.20161470732,1.7865836464334,9500,9500.19648436797,1.7865836464334,1.7865836464334,0,0.0809908661867479,25.382892807053,8,0,18151.5164317516,-18151.0561914167,1.7865836464334,1.79909169044589,1.79961427745623,-0.000522587010338471,0.100061317181128,-0.0114827484343711,1.78656376799085,0,282.547528159861,87.6213141850742,3.24250796590475e-10,1,0.959392629906814,0,-0.000366304733510736,-0.00104517402067694,0,0,0
11.685,9500.20282957031,1.78640251959257,9500,9500.19781395954,1.78640251959257,1.78640251959257,0,0.0791441243042131,25.3790287947469,8,0,18148.9296660777,-18148.4799200181,1.78640251959257,1.79888720020873,1.79940822483118,-0.000521024622452293,0.0975348064583502,-0.011462869991818,1.78638228097201,0,282.534928888162,87.5950528688858,3.27532510439098e-10,1,0.959414143779004,0,-0.000368687294377334,-0.00104204924490459,0,0,0
11.7,9500.20401673218,1.78622115060475,9500,9500.19911381777,1.78622115060475,1.78622115060475,0,0.0772900407024954,25.3751658512086,8,0,18146.3409771468,-18145.9017670866,1.78622115060475,1.79868242585661,1.79920201923944,-0.000519593382822148,0.0951286917611476,-0.0114426313712517,1.78620060771972,0,282.522329616512,87.5687915526976,3.30845588763953e-10,1,0.959435656289932,0,-0.000371013030890488,-0.0010391867656443,0,0,0
11.715,9500.20517608279,1.78603954839567,9500,9500.20038446932,1.78603954839567,1.78603954839567,0,0.0754345051992172,25.3713038051667,8,0,18143.7504064419,-18143.3217406356,1.78603954839567,1.79847736802893,1.79899563288466,-0.000518264855732475,0.0928241082120343,-0.0114220884862182,1.78601874983124,0,282.509730344909,87.5425302365094,3.34189858100094e-10,1,0.959457167428453,0,-0.000373282966381172,-0.00103652971146495,0,0,0
11.73,9500.20630760036,1.7858577256868,9500,9500.20162627585,1.7858577256868,1.7858577256868,0,0.0735857415193601,25.3674424149767,8,0,18141.1580138695,-18140.7398538393,1.7858577256868,1.79827202735926,1.79878904037029,-0.000517013011028133,0.0906039302012845,-0.0114012899217946,1.78583671141541,0,282.497131073353,87.5162689203211,3.3756563753701e-10,1,0.959478677192336,0,-0.000375497815198855,-0.00103402602205627,0,0,0
11.745,9500.20741138649,1.78567569745183,9500,9500.20283949961,1.78567569745183,1.78567569745183,0,0.0717532683520484,25.3635813984849,8,0,18138.563870694,-18138.1561238707,1.78567569745183,1.79806640448383,1.79858221974158,-0.000515815257745356,0.0884533548990397,-0.0113802756504029,1.78565449831794,0,282.484531801844,87.4900076041328,3.40972917736316e-10,1,0.959500185591814,0,-0.000377658104325107,-0.00103163051549071,0,0,0
11.76,9500.20848768551,1.78549347952524,9500,9500.20402436124,1.78549347952524,1.78549347952524,0,0.0699469776084001,25.3597204597372,8,0,18135.9680530908,-18135.5705706931,1.78549347952524,1.79786050003589,1.79837515312085,-0.000514653084966232,0.0863602397426366,-0.0113590765165115,1.78547211734944,0,282.471932530384,87.4637462879445,3.4441250998845e-10,1,0.959521692651538,0,-0.000379764284211159,-0.00102930616993246,0,0,0
11.775,9500.20953689018,1.78531108741991,9500,9500.20518108752,1.78531108741991,1.78531108741991,0,0.0681763655574121,25.3558593114862,8,0,18133.3706366051,-18132.9832158877,1.78531108741991,1.7976543146449,1.79816782697462,-0.000513512329719079,0.0843152187596661,-0.011337714340715,1.78528957564475,0,282.459333258971,87.4374849717563,3.47883912336655e-10,1,0.95954319841115,0,-0.000381816820255176,-0.00102702465943816,0,0,0
11.79,9500.21055953566,1.7851285353864,9500,9500.20630994823,1.7851285353864,1.7851285353864,0,0.0664499347501554,25.3519976929179,8,0,18130.7716916833,-18130.3940815841,1.7851285353864,1.79744784894267,1.79796023207409,-0.00051238313141333,0.0823116320022595,-0.0113162025655562,1.78510688011429,0,282.446733987607,87.411223655568,3.51386951188611e-10,1,0.959564702924682,0,-0.000383816248461955,-0.00102476626282666,0,0,0
11.805,9500.21155628468,1.78494583572635,9500,9500.20741128193,1.78494583572635,1.78494583572635,0,0.0647747697899942,25.3481353824058,8,0,18128.1712803417,-18127.8031895391,1.78494583572635,1.79724110355418,1.79775236320068,-0.000511259646502005,0.0803453069644482,-0.0112945472934489,1.78492403696773,0,282.43413471629,87.3849623393798,3.54922929708812e-10,1,0.959586206259057,0,-0.000385763243792914,-0.00102251929300401,0,0,0
11.82,9500.21252790623,1.78476299835412,9500,9500.2084855112,1.78476299835412,1.78476299835412,0,0.0631562829479203,25.3442722054471,8,0,18125.5694539764,-18125.2105603928,1.78476299835412,1.79703407910752,1.79754421866557,-0.000510139558047573,0.0784142329587753,-0.0112727485348303,1.7847410514566,0,282.421535445021,87.3587010231915,3.58491181754471e-10,1,0.959607708491931,0,-0.000387658626794574,-0.00102027911609515,0,0,0
11.835,9500.21347525047,1.78458003058748,9500,9500.2095331484,1.78458003058748,1.78458003058748,0,0.0615981106409939,25.340408038193,8,0,18122.9662522238,-18122.6162131169,1.78458003058748,1.79682677622773,1.79733579971164,-0.00050902348391646,0.0765181679019605,-0.0112508016373043,1.78455792762259,0,282.4089361738,87.3324397070032,3.62092189750828e-10,1,0.959629209709173,0,-0.000389503390558543,-0.00101804696783292,0,0,0
11.85,9500.21439922213,1.78439693713653,9500,9500.21055479343,1.78439693713653,1.78439693713653,0,0.0601021404167456,25.3365428071904,8,0,18120.3617027485,-18120.0201646497,1.78439693713653,1.79661919553709,1.79712710983578,-0.000507914298697898,0.0746582144026645,-0.0112286986724148,1.78437466826728,0,282.396336902628,87.306178390815,3.65726271877643e-10,1,0.959650710002166,0,-0.000391298687371755,-0.0010158285973958,0,0,0
11.865,9500.21530075424,1.78421372025548,9500,9500.21155112518,1.78421372025548,1.78421372025548,0,0.0586686421701541,25.3326764860455,8,0,18117.7558218027,-18117.4224297094,1.78421372025548,1.7964113376575,1.79691815412417,-0.000506816466669724,0.072836396083244,-0.0112064298031576,1.784191274921,0,282.383737631504,87.2799170746267,3.69393910183655e-10,1,0.959672209465165,0,-0.000393045815305637,-0.00101363293333945,0,0,0
11.88,9500.21618078387,1.7840303800169,9500,9500.21252288842,1.7840303800169,1.7840303800169,0,0.0572964755405369,25.3288090897971,8,0,18115.1486153724,-18114.823020762,1.7840303800169,1.79620320320834,1.79670893859411,-0.000505735385768258,0.0710552601566057,-0.0111839844686743,1.78400774796813,0,282.371138360429,87.2536557584384,3.7309525851595e-10,1,0.959693708192839,0,-0.00039474619540858,-0.00101147077153652,0,0,0
11.895,9500.217040231,1.7838469146691,9500,9500.21347087775,1.7838469146691,1.7838469146691,0,0.0559833473267128,25.3249406677685,8,0,18112.5400807376,-18112.2219481188,1.7838469146691,1.79599479280894,1.79649946962499,-0.00050467681604438,0.0693175253968112,-0.0111613524199035,1.78382408675695,0,282.358539089401,87.2273944422502,3.76830962595592e-10,1,0.959715206278139,0,-0.000396401336259178,-0.00100935363208876,0,0,0
11.91,9500.21787998121,1.78366332103933,9500,9500.21439592026,1.78366332103933,1.78366332103933,0,0.054726093105041,25.3210712956162,8,0,18109.9302082685,-18109.6192201321,1.78366332103933,1.79578610707346,1.7962897534605,-0.000503646387046031,0.0676257883431874,-0.0111385245077524,1.78364028979161,0,282.345939818422,87.2011331260619,3.80600848055622e-10,1,0.959736703810551,0,-0.000398012810741699,-0.00100729277409206,0,0,0
11.925,9500.21870087261,1.78347959494965,9500,9500.21529885821,1.78347959494965,1.78347959494965,0,0.053520961807898,25.3172010672129,8,0,18107.3189833082,-18107.0148434607,1.78347959494965,1.7955771466185,1.79607979582163,-0.000502649203135919,0.0659822946796254,-0.0111154932600355,1.78345635495219,0,282.333340547492,87.1748718098736,3.84405888239348e-10,1,0.959758200874769,0,-0.000399582213950644,-0.00100529840627184,0,0,0
11.94,9500.21950368704,1.78329573161765,9500,9500.21618053277,1.78329573161765,1.78329573161765,0,0.0523638849093788,25.3133300868916,8,0,18104.706388009,-18104.4088233768,1.78329573161765,1.79536791205784,1.7958696016243,-0.000501689566468011,0.0643887775472004,-0.011092253262573,1.78327227966233,0,282.320741276611,87.1486104936854,3.88246236442e-10,1,0.959779697549815,0,-0.000401111137277033,-0.00100337913293602,0,0,0
11.955,9500.22028914531,1.78311172602056,9500,9500.21704176974,1.78311172602056,1.78311172602056,0,0.0512507174512207,25.3094584624536,8,0,18102.0924030224,-18101.801164086,1.78311172602056,1.7951584040028,1.79565917480019,-0.000500770797389194,0.0628463599211645,-0.0110688013072502,1.78308806110077,0,282.308142005779,87.1223491774971,3.92121226321694e-10,1,0.959801193908549,0,-0.000402601144653847,-0.00100154159477839,0,0,0
11.97,9500.22105790607,1.78292757320721,9500,9500.21788336771,1.78292757320721,1.78292757320721,0,0.0501774398569528,25.3055862992301,8,0,18099.4770089605,-18099.191869042,1.78292757320721,1.7949486230618,1.79544851820921,-0.000499895147404672,0.0613555151430972,-0.0110451363874582,1.78290369637954,0,282.295542734994,87.0960878613088,3.96033142005605e-10,1,0.959822690017561,0,-0.000404053748090494,-0.000999790294809344,0,0,0
11.985,9500.22181056767,1.78274326854844,9500,9500.21870608901,1.78274326854844,1.78274326854844,0,0.0491403174794573,25.3017136953621,8,0,18096.8601875901,-18096.5809412341,1.78274326854844,1.79473856984524,1.79523763364649,-0.000499063801244981,0.0599160770361663,-0.0110212595597832,1.78271918268297,0,282.282943464259,87.0698265451206,3.99980989048364e-10,1,0.959844185937346,0,-0.000405470386461104,-0.000998127602489962,0,0,0
12,9500.22254767243,1.78255880792253,9500,9500.21951065346,1.78255880792253,1.78255880792253,0,0.0481360141074239,25.2978407383582,8,0,18094.2419227312,-18093.9683834407,1.78255880792253,1.79452824495926,1.79502652189865,-0.000498276939384867,0.0585272894941211,-0.0109971736943077,1.78253451738619,0,282.270344193573,87.0435652289323,4.03964920479036e-10,1,0.959865681722753,0,-0.000406852422143444,-0.000996553878769735,0,0,0
12.015,9500.22326971264,1.78237418783603,9500,9500.22029773489,1.78237418783603,1.78237418783603,0,0.0471616626152119,25.2939675029053,8,0,18091.6222008646,-18091.3541984355,1.78237418783603,1.79431764900797,1.79481518286825,-0.000497533860285948,0.0571878852834938,-0.0109728831579674,1.78234969812943,0,282.257744922937,87.0173039127441,4.07986400080576e-10,1,0.959887177423577,0,-0.000408201132572783,-0.000995067720571896,0,0,0
12.03,9500.22397713758,1.78218940548491,9500,9500.22106796007,1.78218940548491,1.78218940548491,0,0.0462148947565716,25.290094049832,8,0,18089.0010114586,-18088.7383891444,1.78218940548491,1.79410678259553,1.79460361572425,-0.000496833128718954,0.0558961836807774,-0.0109483934513595,1.78216472288674,0,282.245145652349,86.9910425965558,4.1204476121077e-10,1,0.959908673085272,0,-0.000409517701529971,-0.000993666257437908,0,0,0
12.045,9500.224670361,1.7820044587631,9500,9500.22182190979,1.7820044587631,1.7820044587631,0,0.0452938379349702,25.2862204260764,8,0,18086.378347058,-18086.1209587535,1.7820044587631,1.79389564632278,1.79439181906352,-0.00049617274073932,0.0546501974135087,-0.0109237108531854,1.78197958998812,0,282.23254638181,86.9647812803675,4.16140975681566e-10,1,0.959930168749706,0,-0.00041080323125664,-0.00099234548147864,0,0,0
12.06,9500.22534976857,1.78181934622824,9500,9500.22256012153,1.78181934622824,1.78181934622824,0,0.044397083094439,25.2823466654688,8,0,18083.7542031653,-18083.5019107723,1.78181934622824,1.79368424079026,1.7941797910936,-0.00049555030334214,0.0534477404363218,-0.0108988420781997,1.78179429810537,0,282.219947111321,86.9385199641792,4.20274868309165e-10,1,0.959951664455912,0,-0.000412058741568133,-0.000991100606684281,0,0,0
12.075,9500.22601572482,1.78163406703399,9500,9500.22328309343,1.78163406703399,1.78163406703399,0,0.0435236325989438,25.278472790138,8,0,18081.128577964,-18080.8812490535,1.78163406703399,1.79347256659681,1.79396752979143,-0.000494963194625164,0.052286530026826,-0.0108737939553327,1.78160884625223,0,282.207347840881,86.912258647991,4.24447410482576e-10,1,0.959973160240792,0,-0.000413285174020839,-0.000989926389250328,0,0,0
12.09,9500.22666857931,1.78144862083981,9500,9500.22399128901,1.78144862083981,1.78144862083981,0,0.0426728339725185,25.2745988123332,8,0,18078.5014719293,-18078.2589777801,1.78144862083981,1.79326062433834,1.79375503306151,-0.000494408723171524,0.0511642777249531,-0.0108485731735686,1.78142323371843,0,282.194748570491,86.8859973318027,4.28657935512687e-10,1,0.959994656139739,0,-0.000414483411064204,-0.000988817446343049,0,0,0
12.105,9500.22730867182,1.78126300770729,9500,9500.22468514226,1.78126300770729,1.78126300770729,0,0.0418443068013813,25.2707247364837,8,0,18075.8728873719,-18075.6351014244,1.78126300770729,1.79304841461006,1.79354229886107,-0.000493884251006049,0.0500787658700898,-0.0108231860521912,1.78123746005586,0,282.18214930015,86.8597360156145,4.32908233272406e-10,1,0.960016152187159,0,-0.000415654277222677,-0.000987768502012099,0,0,0
12.12,9500.22793633642,1.78107722799262,9500,9500.22536506274,1.78107722799262,1.78107722799262,0,0.0410378678903594,25.2668505613133,8,0,18073.2428279535,-18073.0096246889,1.78107722799262,1.79283593800423,1.79332932530013,-0.000493387295895875,0.0490279072619044,-0.0107976384007602,1.78105152501168,0,282.16955002986,86.8334746994262,4.37196981923312e-10,1,0.960037648416885,0,-0.000416798550207487,-0.00098677459179175,0,0,0
12.135,9500.22855190444,1.78089128224173,9500,9500.22603144045,1.78089128224173,1.78089128224173,0,0.0402534602517294,25.2629762818843,8,0,18070.6112982119,-18070.3825524356,1.78089128224173,1.7926231951135,1.79311611072618,-0.000492915612676725,0.0480097878152466,-0.0107719354198168,1.78086542846833,0,282.156950759618,86.8072133832379,4.41525807120155e-10,1,0.960059144862479,0,-0.00041791697403637,-0.000985831225353451,0,0,0
12.15,9500.22915570634,1.7807051710941,9500,9500.2266846502,1.7807051710941,1.7807051710941,0,0.0394910888649111,25.2591018914575,8,0,18067.9783031196,-18067.7538896084,1.7807051710941,1.79241018652796,1.79290265376176,-0.000492467233803806,0.0470226926446502,-0.0107460816464227,1.78067917041393,0,282.144351489427,86.7809520670497,4.45894369418294e-10,1,0.960080641557412,0,-0.000419010258025931,-0.000984934467607612,0,0,0
12.165,9500.22974807267,1.78051889519988,9500,9500.22732505529,1.78051889519988,1.78051889519988,0,0.0387507655953989,25.2552273830848,8,0,18065.3438476968,-18065.1236411601,1.78051889519988,1.79219691283502,1.79268895333747,-0.000492040502446001,0.0460651167759949,-0.010720080966256,1.78049275086388,0,282.131752219286,86.7546907508614,4.50303311632741e-10,1,0.960102138535173,0,-0.000420079096012493,-0.000984081004892001,0,0,0
12.18,9500.23032933416,1.78033245515239,9500,9500.22795301053,1.78033245515239,1.78033245515239,0,0.0380324659270771,25.2513527508923,8,0,18062.7079366949,-18062.4918119813,1.78033245515239,1.79198337462114,1.79247500868911,-0.000491634067966373,0.0451357628933026,-0.0106939366302561,1.78030616985495,0,282.119152949194,86.7284294346731,4.54752457961427e-10,1,0.960123635829267,0,-0.000421124160429276,-0.000983268135932747,0,0,0
12.195,9500.23089982115,1.78014585143739,9500,9500.2285688645,1.78014585143739,1.78014585143739,0,0.0373360968096423,25.2474779910369,8,0,18060.0705743542,-18059.858406841,1.78014585143739,1.79176957247199,1.79226081934116,-0.000491246869172013,0.0442335285861274,-0.0106676513328154,1.78011942740083,0,282.106553679153,86.7021681184849,4.5924277825629e-10,1,0.960145133473168,0,-0.000422146114223754,-0.000982493738344026,0,0,0
12.21,9500.2314598626,1.77995908439913,9500,9500.22917296105,1.77995908439913,1.77995908439913,0,0.0366614761833452,25.2436031023321,8,0,18057.4317642378,-18057.2234303369,1.77995908439913,1.79155550696948,1.79204638508021,-0.000490878110733561,0.0433574856345903,-0.0106412272962613,1.77993252345175,0,282.093954409161,86.6759068022966,4.63774260145637e-10,1,0.960166631500209,0,-0.000423145610820574,-0.000981756221467123,0,0,0
12.225,9500.23200978474,1.77977215422194,9500,9500.22976564018,1.77977215422194,1.77977215422194,0,0.0360083227092263,25.2397280865761,8,0,18054.7915091365,-18054.5868868587,1.77977215422194,1.79134117869599,1.7918317059171,-0.000490527221111314,0.0425068542735795,-0.010614666348876,1.77974545790489,0,282.08135513922,86.6496454861083,4.68347709373486e-10,1,0.960188129943452,0,-0.000424123295736933,-0.000981054442222629,0,0,0
12.24,9500.23254990958,1.77958506092576,9500,9500.23034723829,1.77958506092576,1.77958506092576,0,0.0353762547778643,25.2358529486108,8,0,18052.1498110398,-18051.9487805641,1.77958506092576,1.79112658823104,1.79161678203787,-0.000490193806828021,0.0416809745928542,-0.0105879700318265,1.77955823058555,0,282.06875586933,86.6233841699201,4.72963113327708e-10,1,0.960209628835535,0,-0.000425079805177253,-0.000980387613656042,0,0,0
12.255,9500.2330805534,1.77939780437313,9500,9500.23091808809,1.77939780437313,1.77939780437313,0,0.0347647969733573,25.2319776961624,8,0,18049.5066711594,-18049.3091153664,1.77939780437313,1.7909117361518,1.79140161376274,-0.000489877610931888,0.0408792775306146,-0.0105611396916228,1.77937084123832,0,282.056156599489,86.5971228537318,4.77621113759609e-10,1,0.960231128208522,0,-0.000426015770825794,-0.000979755221863776,0,0,0
12.27,9500.23360202536,1.77921038428495,9500,9500.23147851801,1.77921038428495,1.77921038428495,0,0.0341733920036659,25.2281023395183,8,0,18046.8620899956,-18046.6678949329,1.77921038428495,1.79069662303416,1.79118620150135,-0.000489578467191443,0.0401012572671961,-0.010534176556809,1.77918328954297,0,282.043557329699,86.5708615375436,4.82321043570889e-10,1,0.960252628093756,0,-0.000426931814933029,-0.000979156934382885,0,0,0
12.285,9500.23411462624,1.77902280026277,9500,9500.23202885148,1.77902280026277,1.77902280026277,0,0.0336014163857857,25.2242268910813,8,0,18044.2160674332,-18044.0251226913,1.77902280026277,1.79048124945378,1.79097054571032,-0.000489296256541483,0.0393464461308493,-0.010507081814827,1.77899557512587,0,282.03095805996,86.5446002213553,4.87065179966127e-10,1,0.960274128521738,0,-0.00042782854856549,-0.000978592513082965,0,0,0
12.3,9500.23461864748,1.77883505181459,9500,9500.23256940608,1.77883505181459,1.77883505181459,0,0.0330481985476753,25.220351364862,8,0,18041.5686028603,-18041.3808018461,1.77883505181459,1.79026561598246,1.79075464685875,-0.000489030876287933,0.0386143933376099,-0.0104798566779272,1.77880769755196,0,282.018358790271,86.518338905167,4.91852201330009e-10,1,0.960295629522029,0,-0.000428706573420978,-0.000978061752575865,0,0,0
12.315,9500.23511437046,1.77864713838216,9500,9500.23310049261,1.77864713838216,1.77864713838216,0,0.0325130373412764,25.2164757759486,8,0,18038.9196952908,-18038.7349353955,1.77864713838216,1.79004972319247,1.79053850540185,-0.000488782209375538,0.0379046480047098,-0.0104525024152926,1.77861965635843,0,282.005759520633,86.4920775889788,4.96683075924761e-10,1,0.960317131123174,0,-0.000429566474838161,-0.000977564418751076,0,0,0
12.33,9500.23560206602,1.77845905936786,9500,9500.23362241423,1.77845905936786,1.77845905936786,0,0.0319952196933991,25.2126001399858,8,0,18036.2693434887,-18036.0875261554,1.77845905936786,1.78983357165224,1.79032212175818,-0.000488550105937069,0.0372167464578868,-0.0104250203915606,1.77843145104881,0,281.993160251046,86.4658162727905,5.01558771626736e-10,1,0.960338633352655,0,-0.00043040882825407,-0.000977100211874138,0,0,0
12.345,9500.23608199432,1.77827081415939,9500,9500.23413546573,1.77827081415939,1.77827081415939,0,0.0314940367853625,25.2087244727043,8,0,18033.6175460832,-18033.4385767832,1.77827081415939,1.78961716192987,1.7901054962949,-0.000488334365024379,0.0365502040898637,-0.0103974120725034,1.77824308112732,0,281.98056098151,86.4395549566022,5.06478294013821e-10,1,0.960360136236877,0,-0.000431234188986718,-0.000976668730048758,0,0,0
12.36,9500.23655440487,1.77808240215133,9500,9500.23463993295,1.77808240215133,1.77808240215133,0,0.03100879818702,25.2048487895109,8,0,18030.9643016726,-18030.7880898005,1.77808240215133,1.78940049459098,1.78988862932459,-0.000488134733613643,0.0359045110851682,-0.0103696790404373,1.77805454608331,0,281.967961712025,86.413293640414,5.11443755112027e-10,1,0.960381639801171,0,-0.000432043096293633,-0.000976269467227286,0,0,0
12.375,9500.23701953684,1.7778938227628,9500,9500.23513609228,1.7778938227628,1.7778938227628,0,0.0305388423633353,25.200973105158,8,0,18028.3096089069,-18028.1360676166,1.7778938227628,1.7891835701977,1.78967152109384,-0.00048795089613729,0.035279131665717,-0.0103418229724241,1.777865845433,0,281.955362442591,86.3870323242257,5.16454487283033e-10,1,0.960403144069828,0,-0.00043283607604172,-0.000975901792274581,0,0,0
12.39,9500.23747761948,1.77770507545065,9500,9500.23562421048,1.77770507545065,1.77770507545065,0,0.0300835449269023,25.1970974335005,8,0,18025.6534665534,-18025.482512547,1.77770507545065,1.78896638931602,1.78945417179643,-0.000487782480409038,0.0346735062929659,-0.0103138456426235,1.77767697871258,0,281.942763173208,86.3607710080374,5.21511130705458e-10,1,0.960424649066131,0,-0.000433613625037577,-0.000975564960818076,0,0,0
12.405,9500.23792887265,1.77751615971859,9500,9500.23610454459,1.77751615971859,1.77751615971859,0,0.0296423236254711,25.193221787331,8,0,18022.9958735431,-18022.8274268312,1.77751615971859,1.78874895250231,1.78923658157179,-0.000487629069480855,0.0340870557702755,-0.0102857489045565,1.77748794545879,0,281.930163903876,86.3345096918492,5.26613508164051e-10,1,0.960446154812423,0,-0.000434376237162359,-0.00097525813896171,0,0,0
12.42,9500.2383735075,1.77732707512213,9500,9500.23657734201,1.77732707512213,1.77732707512213,0,0.0292146411350548,25.1893461782982,8,0,18020.3368289994,-18020.1708126462,1.77732707512213,1.78853126032026,1.78901875052242,-0.000487490202157659,0.0335191870129353,-0.0102575346447604,1.77729874527119,0,281.917564634596,86.3082483756609,5.31763240040386e-10,1,0.960467661330165,0,-0.000435124370514517,-0.000974980404315318,0,0,0
12.435,9500.23881172712,1.77713782126984,9500,9500.23704284075,1.77713782126984,1.77713782126984,0,0.0288000043350193,25.1854706168944,8,0,18017.6763322448,-18017.5126721167,1.77713782126984,1.7883133133227,1.78880067871569,-0.000487365392991101,0.0329692995536578,-0.0102292047938133,1.77710937774291,0,281.904965365367,86.2819870594726,5.36959821932376e-10,1,0.960489168640005,0,-0.000435858480671625,-0.000974730785982203,0,0,0
12.45,9500.23924372718,1.77694839782167,9500,9500.23750126976,1.77694839782167,1.77694839782167,0,0.0283979629126867,25.1815951124986,8,0,18015.0143827994,-18014.8530073216,1.77694839782167,1.7880951120681,1.78858236620107,-0.000487254132979675,0.0324367922453228,-0.0102007612668804,1.77691984253526,0,281.892366096189,86.2557257432844,5.4220340315381e-10,1,0.960510676761845,0,-0.000436578994879921,-0.000974508265959351,0,0,0
12.465,9500.23966969663,1.77675880448482,9500,9500.23795284938,1.77675880448482,1.77675880448482,0,0.0280081057526781,25.1777196734677,8,0,18012.350980365,-18012.191820299,1.77675880448482,1.78787665710798,1.78836381301796,-0.000487155909985049,0.031921069768628,-0.0101722059804636,1.77673013930755,0,281.879766827063,86.2294644270961,5.47496093312511e-10,1,0.960532185714904,0,-0.000437286334260989,-0.000974311819970097,0,0,0
12.48,9500.24008981821,1.77656904100778,9500,9500.23839779181,1.77656904100778,1.77656904100778,0,0.0276300562950509,25.1738443072593,8,0,18009.6861248003,-18009.5291130474,1.77656904100778,1.78765794899451,1.78814501920776,-0.000487070213257113,0.0314215485317954,-0.0101435408031931,1.7765402677648,0,281.867167557989,86.2032031109078,5.52836080857807e-10,1,0.960553695517783,0,-0.000437980896236034,-0.000974140426514225,0,0,0
12.495,9500.24050426906,1.77637910717374,9500,9500.2388363016,1.77637910717374,1.77637910717374,0,0.0272634676062531,25.1699690205668,8,0,18007.0198160924,-18006.8648875256,1.77637910717374,1.78743898827876,1.78792598482055,-0.000486996541789964,0.0309376614798584,-0.010114767560214,1.77635022763497,0,281.854568288966,86.1769417947196,5.5822498489607e-10,1,0.960575206188511,0,-0.000438663066778089,-0.000973993083579927,0,0,0
12.51,9500.24091322107,1.7761890027931,9500,9500.23926857622,1.7761890027931,1.7761890027931,0,0.0269080170262464,25.1660938194702,8,0,18004.3520543249,-18004.1991456504,1.7761890027931,1.78721977550965,1.78770670992395,-0.000486934414301032,0.0304688620815532,-0.0100858880214427,1.77616001865961,0,281.841969019996,86.1506804785313,5.63663117375584e-10,1,0.960596717744592,0,-0.000439333218295257,-0.000973868828602065,0,0,0
12.525,9500.24131684133,1.77599872769618,9500,9500.23969480649,1.77599872769618,1.77599872769618,0,0.0265634009858566,25.1622187095809,8,0,18001.6828396454,-18001.5318892946,1.77599872769618,1.7870003112319,1.78748719460729,-0.000486883375392377,0.0300146271392503,-0.0100569038879521,1.77596964059316,0,281.829369751076,86.1244191623431,5.69150626821214e-10,1,0.960618230203045,0,-0.00043999171140463,-0.000973766750784755,0,0,0
12.54,9500.24171529234,1.77580828172662,9500,9500.24011517709,1.77580828172662,1.77580828172662,0,0.0262293305027148,25.1583436961728,8,0,17999.0121722364,-17998.863120283,1.77580828172662,1.78678059598998,1.78726743898669,-0.000486842996717307,0.0295744583335571,-0.010027816784935,1.77577909321161,0,281.81677048221,86.0981578461548,5.7468896795138e-10,1,0.960639743580426,0,-0.000440638896619827,-0.000973685993434614,0,0,0
12.555,9500.2421087323,1.77561766473532,9500,9500.24052986696,1.77561766473532,1.77561766473532,0,0.0259055267964728,25.1544687843011,8,0,17996.3400522879,-17996.1928403897,1.77561766473532,1.78656063032865,1.78704744320314,-0.000486812874486375,0.0291478829165999,-0.00999862826992537,1.77558837630975,0,281.804171213395,86.0718965299665,5.80276982656133e-10,1,0.960661257892858,0,-0.000441275107035288,-0.000973625748972751,0,0,0
12.57,9500.2424973152,1.7754268765756,9500,9500.24093904965,1.7754268765756,1.7754268765756,0,0.0255917182351448,25.1505939788991,8,0,17993.6664799761,-17993.5210513344,1.7754268765756,1.78634041478864,1.78682720742695,-0.000486792638307421,0.0287344533935875,-0.00996933984435278,1.77539748966767,0,281.791571944633,86.0456352137783,5.85915798774544e-10,1,0.960682773156038,0,-0.000441900673403328,-0.000973585276614841,0,0,0
12.585,9500.24288119098,1.77523591709928,9500,9500.24134289365,1.77523591709928,1.77523591709928,0,0.0252876372131272,25.1467192848529,8,0,17990.9914554438,-17990.8477547807,1.77523591709928,1.78611994990954,1.78660673185433,-0.000486781944787795,0.0283337465237418,-0.00993995293641814,1.77520643308355,0,281.778972675922,86.01937389759,5.91606217229752e-10,1,0.96070428938526,0,-0.000442515911143859,-0.00097356388957559,0,0,0
12.6,9500.24326050553,1.77504478615398,9500,9500.24174156263,1.77504478615398,1.77504478615398,0,0.0249930188698664,25.1428447070544,8,0,17988.3149787903,-17988.172952333,1.77504478615398,1.78589923622917,1.78638601670545,-0.000486780476282256,0.0279453617375043,-0.00991046892068415,1.77501520635592,0,281.766373407264,85.9931125814017,5.97348548974231e-10,1,0.960725806595405,0,-0.000443121129811708,-0.000973560952564512,0,0,0
12.615,9500.24363540082,1.77485348358141,9500,9500.24213521567,1.77485348358141,1.77485348358141,0,0.0247075996336677,25.138970250436,8,0,17985.6370500626,-17985.4966455359,1.77485348358141,1.78567827428221,1.78616506222514,-0.00048678794292889,0.0275689192332563,-0.00988088912262208,1.77482380927373,0,281.753774138659,85.9668512652134,6.03143104835122e-10,1,0.960747324800959,0,-0.000443716629930924,-0.00097357588585778,0,0,0
12.63,9500.24400601481,1.77466200921678,9500,9500.2425240074,1.77466200921678,1.77466200921678,0,0.0244311169130875,25.1350959199805,8,0,17982.957669253,-17982.8188358742,1.77466200921678,1.78545706460498,1.78594386867108,-0.000486804066103463,0.0272040576903256,-0.00985121481495077,1.77463224165782,0,281.741174870106,85.9405899490252,6.08990358698851e-10,1,0.960768844016007,0,-0.000444302700825627,-0.000973608132206927,0,0,0
12.645,9500.24437248156,1.77447036288889,9500,9500.24290808815,1.77447036288889,1.77447036288889,0,0.0241633088809652,25.1312217207216,8,0,17980.2768362986,-17980.1395247726,1.77447036288889,1.78523560772772,1.78572243632152,-0.00048682859379956,0.0268504321123387,-0.0098214472559881,1.77444050328413,0,281.728575601606,85.914328632837,6.14890457925158e-10,1,0.960790364254239,0,-0.000444879627954142,-0.00097365718759912,0,0,0
12.66,9500.2447349312,1.77427854442089,9500,9500.24328760401,1.77427854442089,1.77427854442089,0,0.0239039153562438,25.1273476577284,8,0,17977.5945510868,-17977.4587135972,1.77427854442089,1.78501390418372,1.7855007654661,-0.000486861282376072,0.0265077116111434,-0.00979158765122357,1.77424859396774,0,281.715976333157,85.8880673166487,6.2084436557421e-10,1,0.960811885528947,0,-0.000445447682528854,-0.000973722564752144,0,0,0
12.675,9500.24509348993,1.77408655363148,9500,9500.24366269694,1.77408655363148,1.77408655363148,0,0.0236526782538546,25.123473736083,8,0,17974.9108134595,-17974.7764036563,1.77408655363148,1.78479195449847,1.78527885640206,-0.000486901903592019,0.0261755774395107,-0.00976163719807799,1.77405651349321,0,281.703377064763,85.8618060004604,6.26852228642242e-10,1,0.96083340785303,0,-0.00044600713670806,-0.000973803807184037,0,0,0
12.69,9500.2454482801,1.77389439033657,9500,9500.24403350483,1.77389439033657,1.77389439033657,0,0.0234093426749786,25.1195999608509,8,0,17972.2256232224,-17972.0925962043,1.77389439033657,1.78456975920202,1.78505670943623,-0.000486950234210859,0.025853721163938,-0.00973159705980131,1.7738642616738,0,281.690777796421,85.8355446842722,6.32914030945513e-10,1,0.960854931238996,0,-0.000446558245161155,-0.000973900468421718,0,0,0
12.705,9500.24579942024,1.7737020543508,9500,9500.24440016153,1.7737020543508,1.7737020543508,0,0.023173657743126,25.1157263370513,8,0,17969.5389801507,-17969.4072924419,1.7737020543508,1.7843473188171,1.78483432487505,-0.00048700605795382,0.0255418432416265,-0.00970146839703045,1.77367183830416,0,281.678178528132,85.8092833680839,6.39031224237202e-10,1,0.960876455698971,0,-0.000447101265369287,-0.000974012115907641,0,0,0
12.72,9500.24614702511,1.77350954548938,9500,9500.24476279691,1.77350954548938,1.77350954548938,0,0.0229453780632217,25.1118528696244,8,0,17966.8508840018,-17966.7204935209,1.77350954548938,1.78412463386893,1.7846117030334,-0.000487069164476717,0.0252396517781112,-0.00967125235038901,1.77347924318958,0,281.665579259896,85.7830220518956,6.45204118080642e-10,1,0.960897981244696,0,-0.000447636436204712,-0.000974138328953433,0,0,0
12.735,9500.24649120578,1.77331686356968,9500,9500.24512153695,1.77331686356968,1.77331686356968,0,0.022724264093904,25.107979563402,8,0,17964.161334518,-17964.0322005451,1.77331686356968,1.78390170487905,1.784388844221,-0.000487139341943443,0.0249468616133492,-0.00964095005058874,1.77328647614458,0,281.652979991713,85.7567607357073,6.51433674199375e-10,1,0.960919507887545,0,-0.000448163997299966,-0.000974278683886887,0,0,0
12.75,9500.24683206974,1.77312400841239,9500,9500.24547650375,1.77312400841239,1.77312400841239,0,0.0225100831254595,25.1041064230868,8,0,17961.4703314366,-17961.342414574,1.77312400841239,1.78367853236648,1.78416574875526,-0.000487216388780354,0.0246631938782047,-0.00961056262548365,1.77309353696344,0,281.640380723584,85.7304994195191,6.57717918942576e-10,1,0.960941035638527,0,-0.000448684177141168,-0.000974432777560708,0,0,0
12.765,9500.24716972099,1.77293097984296,9500,9500.24582781562,1.77293097984296,1.77293097984296,0,0.0223026101228504,25.1002334532275,8,0,17958.7778744969,-17958.6511366256,1.77293097984296,1.78345511685104,1.78394241694775,-0.000487300096710275,0.0243883754344467,-0.0095800911765358,1.77290042548108,0,281.627781455506,85.7042381033309,6.64059770606884e-10,1,0.960962564508303,0,-0.000449197197750273,-0.000974600193420549,0,0,0
12.78,9500.24750426014,1.77273777769237,9500,9500.24617558717,1.77273777769237,1.77273777769237,0,0.0221016279521044,25.0963606582059,8,0,17956.0839634427,-17955.9583676779,1.77273777769237,1.7832314588467,1.78371884911458,-0.000487390267880361,0.024122138840979,-0.00954953681465276,1.77270714149628,0,281.615182187483,85.6779767871426,6.70459537965959e-10,1,0.960984094507186,0,-0.000449703276472091,-0.000974780535760722,0,0,0
12.795,9500.24783578456,1.77254440179758,9500,9500.24651992938,1.77254440179758,1.77254440179758,0,0.0219069272963594,25.0924880422296,8,0,17953.3885980257,-17953.2641086718,1.77254440179758,1.78300755886943,1.78349504556869,-0.000487486699263018,0.0238642224080107,-0.00951890061856653,1.77251368485234,0,281.602582919514,85.6517154709543,6.76916551629851e-10,1,0.961005625645168,0,-0.000450202620568163,-0.000974973398526036,0,0,0
12.81,9500.24816438847,1.77235085200198,9500,9500.2468609497,1.77235085200198,1.77235085200198,0,0.0217183071879666,25.0886156093273,8,0,17950.6917780095,-17950.5683605129,1.77235085200198,1.78278341743151,1.78327100662428,-0.000487589192771143,0.0236143702660694,-0.00948818367332804,1.77232005537264,0,281.589983651598,85.6254541547661,6.83432424337264e-10,1,0.96102715793192,0,-0.000450695431241321,-0.000975178385542286,0,0,0
12.825,9500.24849016308,1.77215712815549,9500,9500.24719875215,1.77215712815549,1.77215712815549,0,0.0215355748006287,25.0847433633475,8,0,17947.9935031704,-17947.8711240734,1.77215712815549,1.78255903504423,1.7830467325993,-0.000487697555075162,0.0233723325538669,-0.00945738704398913,1.77212625289009,0,281.577384383736,85.5991928385777,6.90006486546434e-10,1,0.961048691376812,0,-0.000451181906204301,-0.000975395110150323,0,0,0
12.84,9500.2488131967,1.77196323011428,9500,9500.24753343743,1.77196323011428,1.77196323011428,0,0.0213585450029891,25.080871307967,8,0,17945.2937732959,-17945.1724001929,1.77196323011428,1.78233441221685,1.78282222381069,-0.000487811593836707,0.0231378657523786,-0.00942651177858544,1.7719322772506,0,281.564785115928,85.5729315223895,6.96640513349619e-10,1,0.961070225988917,0,-0.000451662231398586,-0.000975623187673413,0,0,0
12.855,9500.24913357488,1.77176915774051,9500,9500.24786510305,1.77176915774051,1.77176915774051,0,0.0211870400424966,25.0769994466981,8,0,17942.5925881854,-17942.4721896808,1.77176915774051,1.7821095494555,1.78259748057938,-0.00048793112388279,0.0229107328645508,-0.00939555891489841,1.77173812829284,0,281.552185848173,85.5466702062012,7.03333997946742e-10,1,0.961091761777035,0,-0.000452136593321883,-0.00097586224776558,0,0,0
12.87,9500.24945138048,1.77157491090191,9500,9500.24819384338,1.77157491090191,1.77157491090191,0,0.0210208891001528,25.0731277828969,8,0,17939.8899476468,-17939.7704933156,1.77157491090191,1.78188444726717,1.78237250322736,-0.000488055960194744,0.022690703608907,-0.00936452946722777,1.77154380587955,0,281.539586580472,85.520408890013,7.10088225919463e-10,1,0.961113298749692,0,-0.000452605166765041,-0.000976111920389489,0,0,0
12.885,9500.24976669381,1.77138048947121,9500,9500.24851974984,1.77138048947121,1.77138048947121,0,0.0208599282661936,25.0692563197784,8,0,17937.1858514988,-17937.0673118475,1.77138048947121,1.78165910615513,1.78214729208072,-0.000488185925593854,0.0224775546507986,-0.00933342444486551,1.77134930985908,0,281.526987312825,85.4941475738247,7.16903341970546e-10,1,0.961134836915157,0,-0.000453068123645872,-0.000976371851187707,0,0,0
12.9,9500.25007959274,1.77118589332567,9500,9500.24884291095,1.77118589332567,1.77118589332567,0,0.0207039991846453,25.0653850604259,8,0,17934.4802995631,-17934.3626459982,1.77118589332567,1.78143352662071,1.78192184747312,-0.000488320852417123,0.0222710695947366,-0.00930224483273268,1.77115464008314,0,281.514388045233,85.4678862576365,7.23779979423389e-10,1,0.96115637628145,0,-0.000453525631290974,-0.000976641704834247,0,0,0
12.915,9500.25039015273,1.77099112234638,9500,9500.2491634125,1.77099112234638,1.77099112234638,0,0.0205529493491945,25.061514007806,8,0,17931.7732916671,-17931.6564964617,1.77099112234638,1.78120770916421,1.7816961697356,-0.000488460571387295,0.0220710391393628,-0.00927099159020228,1.77095979643124,0,281.501788777694,85.4416249414482,7.30718119839051e-10,1,0.961177916856353,0,-0.000453977849812048,-0.000976921142774589,0,0,0
12.93,9500.25069844697,1.77079617641791,9500,9500.24948133756,1.77079617641791,1.77079617641791,0,0.0204066314796025,25.0576431647778,8,0,17929.0648276409,-17928.9488639048,1.77079617641791,1.780981654286,1.78147025920708,-0.00048860492107794,0.0218772609030784,-0.00923966567505685,1.77076477876879,0,281.48918951021,85.4153636252599,7.37719047672421e-10,1,0.961199458647417,0,-0.000454424934483999,-0.000977209842155879,0,0,0
12.945,9500.25100454644,1.77060105542755,9500,9500.24979676668,1.77060105542755,1.77060105542755,0,0.0202649027070494,25.0537725341073,8,0,17926.3549073126,-17926.2397489678,1.77060105542755,1.78075536247862,1.78124411622866,-0.000488753750045534,0.0216895395028346,-0.00920826802593466,1.77056958695259,0,281.47659024278,85.3891023090717,7.44782744107204e-10,1,0.96122100166197,0,-0.000454867039600071,-0.000977507500091068,0,0,0
12.96,9500.25130851998,1.77040575926523,9500,9500.2501097779,1.77040575926523,1.77040575926523,0,0.0201276245405516,25.0499021184716,8,0,17923.6435305096,-17923.5291522649,1.77040575926523,1.78052883423927,1.7810177411498,-0.000488906910530718,0.0215076861594881,-0.00917679955097928,1.77037422086723,0,281.463990975404,85.3628409928834,7.51910492962663e-10,1,0.961242545907124,0,-0.000455304308361271,-0.000977813821061435,0,0,0
12.975,9500.25161043435,1.77021028782286,9500,9500.2504204469,1.77021028782286,1.77021028782286,0,0.0199946629173352,25.0460319204713,8,0,17920.9306970583,-17920.8170743843,1.77021028782286,1.78030207006166,1.78079113431778,-0.000489064256117944,0.021331518712339,-0.00914526115297565,1.77017868039645,0,281.451391708084,85.3365796766951,7.5910211223278e-10,1,0.961264091389778,0,-0.000455736882273738,-0.000978128512235887,0,0,0
12.99,9500.25191035429,1.77001464099432,9500,9500.25072884702,1.77001464099432,1.77001464099432,0,0.0198658869568232,25.0421619426342,8,0,17918.2164067789,-17918.10351589,1.77001464099432,1.78007507043389,1.78056429608824,-0.000489225654354941,0.0211608612012694,-0.0091136537265617,1.76998296539862,0,281.438792440818,85.3103183605069,7.66358396760426e-10,1,0.961285638116634,0,-0.000456164902309819,-0.000978451308709882,0,0,0
13.005,9500.2522083426,1.76981881867508,9500,9500.2510350494,1.76981881867508,1.76981881867508,0,0.0197411697926613,25.0382921874205,8,0,17915.5006594893,-17915.388477321,1.76981881867508,1.77984783584763,1.7803372268169,-0.00048939096926226,0.020995543702257,-0.00908197813085976,1.76978707577825,0,281.426193173606,85.2840570443186,7.73679978290587e-10,1,0.961307186094194,0,-0.000456588499537336,-0.00097878193852452,0,0,0
13.02,9500.25250446014,1.76962282076215,9500,9500.251339123,1.76962282076215,1.76962282076215,0,0.0196203879363949,25.0344226572265,8,0,17912.7834550028,-17912.6719591921,1.76962282076215,1.77962036678907,1.78010992686579,-0.000489560076722517,0.0208354020115047,-0.00905023523403337,1.76959101140159,0,281.41359390645,85.2577957281303,7.81067000022669e-10,1,0.961328735328764,0,-0.000457007804542942,-0.000979120153445034,0,0,0
13.035,9500.25279876596,1.76942664715407,9500,9500.25164113468,1.76942664715407,1.76942664715407,0,0.0195034212473606,25.0305533543858,8,0,17910.0647931288,-17909.9539619955,1.76942664715407,1.77939266374587,1.77988239659682,-0.000489732850952773,0.0206802773189693,-0.00901842587348001,1.76939477217049,0,281.400994639348,85.2315344119421,7.88519930593094e-10,1,0.961350285826468,0,-0.000457422939375007,-0.000979465701905546,0,0,0
13.05,9500.25309131728,1.76923029775076,9500,9500.2519411493,1.76923029775076,1.76923029775076,0,0.019390152544755,25.0266842811734,8,0,17907.3446736709,-17907.2344862006,1.76923029775076,1.77916472719879,1.77965463637577,-0.000489909176973891,0.0205300160345768,-0.00898655088989098,1.76919835795495,0,281.388395372301,85.2052730957538,7.96040703037804e-10,1,0.961371837593249,0,-0.000457834031354798,-0.000979818353947781,0,0,0
13.065,9500.25338216957,1.76903377245359,9500,9500.25223922971,1.76903377245359,1.76903377245359,0,0.0192804681953216,25.0228154398034,8,0,17904.6230964302,-17904.5135322545,1.76903377245359,1.77893655763164,1.77942664657052,-0.00049008893888125,0.0203844694382873,-0.00895461109408302,1.76900176865979,0,281.37579610531,85.1790117795655,8.03628483454629e-10,1,0.961393390634865,0,-0.000458241194973841,-0.0009801778777625,0,0,0
13.08,9500.25367137659,1.76883707116554,9500,9500.25253543686,1.76883707116554,1.76883707116554,0,0.0191742574474987,25.0189468324286,8,0,17901.9000612039,-17901.7911005835,1.76883707116554,1.77870815552472,1.77919842754922,-0.000490272024499472,0.0202434934075652,-0.00892260730028283,1.76880500417543,0,281.363196838374,85.1527504633773,8.11284553365764e-10,1,0.96141494495691,0,-0.000458644542709274,-0.000980544048998944,0,0,0
13.095,9500.25395899045,1.76864019379101,9500,9500.25282982984,1.76864019379101,1.76864019379101,0,0.0190714129334139,25.0150784611447,8,0,17899.1755677874,-17899.0671915933,1.76864019379101,1.77847952135672,1.77896997968493,-0.000490458328211929,0.0201069483124291,-0.00889054031018088,1.76860806439011,0,281.350597571492,85.126489147189,8.19008729630585e-10,1,0.96143650056481,0,-0.00045904418783671,-0.000980916656423858,0,0,0
13.11,9500.25424506165,1.76844314023623,9500,9500.25312246593,1.76844314023623,1.76844314023623,0,0.01897183034638,25.0112103279827,8,0,17896.4496159737,-17896.3418056695,1.76844314023623,1.77825065560221,1.7787413033477,-0.000490647745486017,0.0199746986386524,-0.00885841090928108,1.76841094920196,0,281.337998304666,85.1002278310008,8.26802293185752e-10,1,0.961458057463822,0,-0.000459440238098185,-0.000981295490972034,0,0,0
13.125,9500.2545296391,1.76824591040895,9500,9500.25341340064,1.76824591040895,1.76824591040895,0,0.0188754083297266,25.0073424349164,8,0,17893.7222055538,-17893.6149431791,1.76824591040895,1.77802155873773,1.77851239891149,-0.000490840173753782,0.0198466129893757,-0.00882621987501242,1.76821365851521,0,281.325399037896,85.0739665148125,8.34665873852221e-10,1,0.961479615659052,0,-0.000459832795763448,-0.000981680347507563,0,0,0
13.14,9500.25481277022,1.76804850421873,9500,9500.25370268779,1.76804850421873,1.76804850421873,0,0.0187820487975674,25.003474783857,8,0,17890.993336318,-17890.8866044699,1.76804850421873,1.77779223123521,1.77828326675251,-0.000491035517292682,0.0197225638181224,-0.00879396798127874,1.76801619221935,0,281.312799771181,85.0477051986242,8.42599613293055e-10,1,0.961501175155449,0,-0.000460221963668239,-0.000982071034585363,0,0,0
13.155,9500.25509450096,1.76785092157694,9500,9500.25399037953,1.76785092157694,1.76785092157694,0,0.0186916564883895,24.9996073766542,8,0,17888.2630080558,-17888.1567898725,1.76785092157694,1.77756267356672,1.77805390724412,-0.000491233677402558,0.0196024273013439,-0.00876165598190037,1.76781855023001,0,281.300200504522,85.021443882436,8.50604466208114e-10,1,0.961522735957812,0,-0.000460607837789784,-0.000982467354805117,0,0,0
13.17,9500.2553748758,1.76765316239666,9500,9500.2542765264,1.76765316239666,1.76765316239666,0,0.0186041393813555,24.9957402150995,8,0,17885.5312205572,-17885.4254997001,1.76765316239666,1.7773328862004,1.77782432076338,-0.000491434562986726,0.0194860832928045,-0.00872928463497469,1.76762073243945,0,281.287601237918,84.9951825662477,8.58680736504235e-10,1,0.961544298070803,0,-0.000460990513619475,-0.000982869125973451,0,0,0
13.185,9500.25565393789,1.76745522659281,9500,9500.25456117738,1.76745522659281,1.76745522659281,0,0.0185194080889309,24.9918733009241,8,0,17882.7979736112,-17882.6927342495,1.76745522659281,1.77710286960449,1.77759450768762,-0.000491638083124579,0.0193734151539373,-0.0086968546777626,1.76742273876048,0,281.275001971371,84.9689212500594,8.66829053138932e-10,1,0.961565861498936,0,-0.000461370082766921,-0.000983276166249158,0,0,0
13.2,9500.25593172902,1.76725711408207,9500,9500.25484437992,1.76725711408207,1.76725711408207,0,0.0184373762413412,24.9880066358004,8,0,17880.0632670072,-17879.9584938009,1.76725711408207,1.77687262424374,1.77736446839509,-0.000491844151349508,0.0192643096753728,-0.00866436684543626,1.7672245690956,0,281.262402704879,84.9426599338712,8.75049882247003e-10,1,0.961587426246594,0,-0.000461746634737636,-0.000983688302699015,0,0,0
13.215,9500.25620828966,1.76705882478286,9500,9500.25512618003,1.76705882478286,1.76705882478286,0,0.0183579602237047,24.9841402213449,8,0,17877.3271005358,-17877.2227786201,1.76705882478286,1.77664215058265,1.7771342032628,-0.000492052680153954,0.0191586570158258,-0.00863182185896982,1.76702622336337,0,281.249803438444,84.9163986176829,8.83344665103801e-10,1,0.961608992318032,0,-0.000462120255398268,-0.000984105360307908,0,0,0
13.23,9500.25648365906,1.7668603586153,9500,9500.25540662227,1.7668603586153,1.7668603586153,0,0.0182810791627157,24.9802740591182,8,0,17874.5894739874,-17874.4855889571,1.7668603586153,1.77641144908346,1.77690371266935,-0.00049226358588883,0.0190563506276756,-0.00859922043947248,1.76682770147221,0,281.237204172064,84.8901373014946,8.91713379563724e-10,1,0.961630559717373,0,-0.000462491027597434,-0.00098452717177766,0,0,0
13.245,9500.25675787525,1.76666171550118,9500,9500.25568574982,1.76666171550118,1.76666171550118,0,0.0182066547830521,24.9764081506268,8,0,17871.8503871528,-17871.7469250474,1.76666171550118,1.77618052020674,1.77667299699772,-0.000492476790983742,0.0189572871185371,-0.00856656329638361,1.76662900332839,0,281.22460490574,84.8638759853064,9.00156816099463e-10,1,0.96165212844862,0,-0.000462859031860052,-0.000984953581967485,0,0,0
13.26,9500.25703097507,1.76646289536382,9500,9500.25596360452,1.76646289536382,1.76646289536382,0,0.0181346112018289,24.972542497327,8,0,17869.1098398226,-17869.006787113,1.76646289536382,1.77594936440974,1.77644205662495,-0.0004926922152102,0.0188613663043951,-0.00853385112358485,1.76643012885574,0,281.212005639473,84.8376146691181,9.08675439854963e-10,1,0.961673698515657,0,-0.000463224347469815,-0.0009853844304204,0,0,0
13.275,9500.25730299424,1.7662638981281,9500,9500.25624022694,1.7662638981281,1.7662638981281,0,0.0180648752354703,24.9686771006244,8,0,17866.3678317893,-17866.265175362,1.7662638981281,1.77571798214766,1.77621089193316,-0.000492909785503093,0.0187684910095702,-0.00850108461550003,1.76623107796115,0,281.199406373262,84.8113533529298,9.17269553296755e-10,1,0.961695269922255,0,-0.000463587053175063,-0.000985819571006186,0,0,0
13.29,9500.25757396737,1.76606472372026,9500,9500.25651565637,1.76606472372026,1.76606472372026,0,0.0179973756452691,24.964811961878,8,0,17863.6243628428,-17863.5220899894,1.76606472372026,1.77548637387885,1.77597950330221,-0.000493129423352112,0.0186785670986995,-0.00846826444855453,1.76603185058359,0,281.186807107108,84.7850920367416,9.25941083510356e-10,1,0.96171684267207,0,-0.000463947217360205,-0.000986258846704224,0,0,0
13.305,9500.257843928,1.76586537206795,9500,9500.2567899309,1.76586537206795,1.76586537206795,0,0.0179320438686667,24.9609470824013,8,0,17860.8794327757,-17860.7775311773,1.76586537206795,1.77525454005323,1.77574789111602,-0.000493351062791803,0.0185915033407,-0.00843539131188775,1.76583244661576,0,281.17420784101,84.7588307205533,9.34688870111475e-10,1,0.961738416768657,0,-0.000464304915281932,-0.000986702125583605,0,0,0
13.32,9500.25811290866,1.76566584310012,9500,9500.25706308742,1.76566584310012,1.76566584310012,0,0.0178688131310637,24.9570824634638,8,0,17858.1330413786,-17858.0314990957,1.76566584310012,1.77502248112406,1.775516055754,-0.000493574629944593,0.0185072113296464,-0.00840246585969306,1.76563286600448,0,281.161608574969,84.7325694043651,9.43514677128288e-10,1,0.96175999221546,0,-0.000464660212876167,-0.000987149259889186,0,0,0
13.335,9500.25838094086,1.76546613674693,9500,9500.25733516172,1.76546613674693,1.76546613674693,0,0.0178076189292867,24.9532181062937,8,0,17855.3851884426,-17855.2839939023,1.76546613674693,1.77479019753728,1.77528399760148,-0.000493800064204741,0.0184256054499753,-0.00836948876404597,1.76543310864482,0,281.149009308985,84.7063080881768,9.52419618183606e-10,1,0.961781569015826,0,-0.000465013182025187,-0.000987600128409483,0,0,0
13.35,9500.25864805514,1.76526625293972,9500,9500.25760618846,1.76526625293972,1.76526625293972,0,0.0177483987137162,24.9493540120789,8,0,17852.6358737584,-17852.5350157433,1.76526625293972,1.7745576897432,1.77505171703861,-0.000494027295406374,0.01834660274209,-0.00833646066193983,1.76523317449045,0,281.136410043057,84.6800467719885,9.61403669587449e-10,1,0.961803147173004,0,-0.000465363883106473,-0.000988054590812748,0,0,0
13.365,9500.25891428112,1.76506619161092,9500,9500.25787620123,1.76506619161092,1.76506619161092,0,0.0176910917417989,24.9454901819691,8,0,17849.8850971155,-17849.7845647533,1.76506619161092,1.77432495818716,1.77481921445138,-0.000494256264218951,0.0182701228781654,-0.00830338221267191,1.76503306344605,0,281.123810777187,84.6537854558002,9.70467132443642e-10,1,0.961824726690148,0,-0.000465712380552041,-0.000988512528437901,0,0,0
13.38,9500.2591796475,1.76486595269399,9500,9500.25814523261,1.76486595269399,1.76486595269399,0,0.0176356392714343,24.9416266170785,8,0,17847.1328583041,-17847.0326410564,1.76486595269399,1.77409200331187,1.77458649022098,-0.000494486909102809,0.0181960880628333,-0.00827025404780946,1.76483277544586,0,281.111211511373,84.627524139612,9.79610794866601e-10,1,0.961846307570319,0,-0.000466058736010133,-0.000988973818205618,0,0,0
13.395,9500.25944418209,1.76466553612352,9500,9500.25841331416,1.76466553612352,1.76466553612352,0,0.0175819843160572,24.9377633184829,8,0,17844.3791571131,-17844.2792447651,1.76466553612352,1.77385882555943,1.77435354473224,-0.000494719172819069,0.0181244228753634,-0.008237076799676,1.76463231041411,0,281.098612245616,84.6012628234238,9.88836256463292e-10,1,0.961867889816489,0,-0.000466403010340954,-0.000989438345638138,0,0,0
13.41,9500.25970791185,1.76446494183498,9500,9500.25868047647,1.76446494183498,1.76446494183498,0,0.0175300714802006,24.9339002872261,8,0,17841.6239933305,-17841.5243759824,1.76446494183498,1.77362542537046,1.77412037836554,-0.00049495299507063,0.0180550543076986,-0.00820385109026733,1.76443166829006,0,281.086012979917,84.5750015072354,9.98143168058238e-10,1,0.961889473431546,0,-0.000466745256914702,-0.00098990599014126,0,0,0
13.425,9500.25997086293,1.76426416976485,9500,9500.25894674919,1.76426416976485,1.76426416976485,0,0.0174779633885529,24.9300375227516,9,0,17838.867377274,-17838.7680560355,1.76426416976485,1.77339180318263,1.77388699150906,-0.000495188326425255,0.017987911606308,-0.00817057754533912,1.76423084898444,0,281.073413714275,84.5487401910472,1.78019509391326e-10,1,0.961911058418293,0,-0.000467085534271883,-0.000990376652850511,0,0,0
13.44,9500.26023303238,1.76406321985044,9500,9500.25921216107,1.76406321985044,1.76406321985044,0,0.0174293928024216,24.9261750286393,9,0,17836.1092876063,-17836.0102423749,1.76406321985044,1.77315795943333,1.77365338454179,-0.000495425108453018,0.0179229262563188,-0.00813725676493382,1.7640298524515,0,281.060814448691,84.5224788748589,1.79920749587716e-10,1,0.961932644776589,0,-0.000467423894465302,-0.000990850216906036,0,0,0
13.455,9500.26049447327,1.76386209221603,9500,9500.25947673263,1.76386209221603,1.76386209221603,0,0.0173825276699105,24.9223128012384,9,0,17833.3497355876,-17833.2509566719,1.76386209221603,1.7729238945562,1.77341955766747,-0.000495663111272693,0.0178599238150496,-0.0081038893659886,1.76382867896767,0,281.048215183164,84.4962175586707,1.81840276346527e-10,1,0.961954232511965,0,-0.000467760378904947,-0.000991326222545386,0,0,0
13.47,9500.26075521118,1.76366078675639,9500,9500.25974049284,1.76366078675639,1.76366078675639,0,0.0173372883284077,24.9184508423464,9,0,17830.5887208061,-17830.4901989673,1.76366078675639,1.77268960898455,1.77318551135449,-0.000495902369938905,0.0177988927553445,-0.00807047611763023,1.76362732812704,0,281.035615917694,84.4699562424824,1.83779220166171e-10,1,0.961975821627169,0,-0.000468095039742877,-0.000991804739877811,0,0,0
13.485,9500.26101527051,1.76345930336675,9500,9500.26000346978,1.76345930336675,1.76345930336675,0,0.0172935967063998,24.9145891537311,9,0,17827.8262428439,-17827.7279692869,1.76345930336675,1.77245510314887,1.77295124605125,-0.000496142902382646,0.0177398112243564,-0.00803701748828756,1.76342579985582,0,281.023016652283,84.4436949262941,1.8573789977107e-10,1,0.961997412124828,0,-0.000468427930963911,-0.000992285804765292,0,0,0
13.5,9500.26127467446,1.76325764194572,9500,9500.26026569059,1.76325764194572,1.76325764194572,0,0.0172513787396482,24.9107277370749,9,0,17825.0623012939,-17824.9642676444,1.76325764194572,1.77222037747998,1.77271676219068,-0.000496384710699793,0.0176826480132091,-0.00800351397735355,1.76322409408123,0,281.010417386929,84.4174336101059,1.87716633758705e-10,1,0.96201900400745,0,-0.000468759102095984,-0.000992769421399586,0,0,0
13.515,9500.26153344514,1.76305580239726,9500,9500.26052718137,1.76305580239726,1.76305580239726,0,0.0172105649472967,24.9068665939367,9,0,17822.2968957662,-17822.1990940448,1.76305580239726,1.77198543240402,1.77248206018759,-0.000496627783574732,0.017627363875473,-0.00796996611286782,1.763022210724,0,280.997818121632,84.3911722939176,1.8971444273577e-10,1,0.962040597277433,0,-0.000469088603117562,-0.000993255567149465,0,0,0
13.53,9500.26179160361,1.76285378463216,9500,9500.26078796721,1.76285378463216,1.76285378463216,0,0.0171710915296599,24.9030057257268,9,0,17819.5300258965,-17819.4324484862,1.76285378463216,1.77175026834487,1.77224714044264,-0.000496872097770495,0.0175739129295313,-0.00793637443960393,1.76282014970973,0,280.985218856395,84.3649109777293,1.91733105383787e-10,1,0.962062191937065,0,-0.00046941648119847,-0.000993744195540991,0,0,0
13.545,9500.26204916999,1.76265158856875,9500,9500.26104807213,1.76265158856875,1.76265158856875,0,0.0171329011191888,24.8991451336936,9,0,17816.7616913526,-17816.6643309627,1.76265158856875,1.77151488573025,1.77201200334367,-0.00049711761341209,0.0175222441262775,-0.00790273951717113,1.76261791098626,0,280.972619591214,84.3386496615411,1.93771966666241e-10,1,0.962083787988545,0,-0.000469742781030735,-0.000994235226824181,0,0,0
13.56,9500.2623061635,1.76244921413322,9500,9500.26130751915,1.76244921413322,1.76244921413322,0,0.0170959421759929,24.8952848189189,9,0,17813.9918918318,-17813.8947414643,1.76244921413322,1.77127928497819,1.77177664927218,-0.000497364293992941,0.0174723026872236,-0.00786906193467551,1.76241549445553,0,280.960020326093,84.3123883453529,1.9583199365331e-10,1,0.962105385433977,0,-0.000470067546584296,-0.000994728587985882,0,0,0
13.575,9500.26256260264,1.76224666125932,9500,9500.26156633032,1.76224666125932,1.76224666125932,0,0.017060168836141,24.8914247823255,9,0,17811.2206270619,-17811.1236799794,1.76224666125932,1.77104346651155,1.7715410785984,-0.000497612086850285,0.0174240315195632,-0.00783534225698501,1.76221290008087,0,280.947421061029,84.2861270291645,1.97911882668929e-10,1,0.962126984275391,0,-0.000470390817156385,-0.000995224173700571,0,0,0
13.59,9500.26281850517,1.76204392988777,9500,9500.26182452674,1.76204392988777,1.76204392988777,0,0.0170255411890041,24.8875650246907,9,0,17808.4478968025,-17808.3511464943,1.76204392988777,1.77080743074615,1.77130529169078,-0.000497860944630002,0.0173773725328146,-0.00780158107852924,1.76201012777836,0,280.934821796024,84.2598657129763,2.00013573606451e-10,1,0.962148584514748,0,-0.000470712633993786,-0.000995721889260004,0,0,0
13.605,9500.26307388829,1.76184101996538,9500,9500.26208212868,1.76184101996538,1.76184101996538,0,0.0169920234360273,24.8837055466637,9,0,17805.6737008348,-17805.577140994,1.76184101996538,1.77057117810113,1.77106928891509,-0.000498110813965447,0.0173322677446959,-0.00776777896911396,1.76180717750408,0,280.922222531077,84.2336043967881,2.02136087130676e-10,1,0.962170186153947,0,-0.000471033035196244,-0.000996221627930893,0,0,0
13.62,9500.26332876864,1.76163793144389,9500,9500.26233915558,1.76163793144389,1.76163793144389,0,0.0169595840007405,24.8798463487888,9,0,17802.8980389625,-17802.8016634613,1.76163793144389,1.77033470898891,1.77083307063008,-0.00049836164116468,0.0172886603033246,-0.00773393650782284,1.76160404919876,0,280.909623266189,84.2073430805998,2.04280389740534e-10,1,0.962191789194833,0,-0.000471352057985097,-0.000996723282329359,0,0,0
13.635,9500.2635831624,1.76143466427901,9500,9500.26259562617,1.76143466427901,1.76143466427901,0,0.0169281943093799,24.8759874315267,9,0,17800.1209110038,-17800.0247138768,1.76143466427901,1.77009802382382,1.77059663720129,-0.000498613377467816,0.0172464951760121,-0.00770005426269327,1.76140074280619,0,280.897024001359,84.1810817644115,2.06445826505935e-10,1,0.962213393639204,0,-0.000471669736455294,-0.000997226754935632,0,0,0
13.65,9500.26383708531,1.76123121842919,9500,9500.26285155853,1.76123121842919,1.76123121842919,0,0.0168978281441417,24.8721287952768,9,0,17797.3423167874,-17797.2462922184,1.76123121842919,1.76986112301558,1.77035998898951,-0.000498865973927343,0.0172057197393448,-0.00766613278987194,1.76119725827786,0,280.884424736588,84.1548204482232,2.0863303946332e-10,1,0.962234999488814,0,-0.000471986106206801,-0.000997731947854685,0,0,0
13.665,9500.26409055274,1.76102759385453,9500,9500.26310697011,1.76102759385453,1.76102759385453,0,0.0168684607619414,24.8682704403994,9,0,17794.5622561473,-17794.4663984605,1.76102759385453,1.76962400697378,1.77012312636045,-0.000499119386662139,0.0171662841850923,-0.00763217263853688,1.76099359556192,0,280.871825471876,84.128559132035,2.10842346249181e-10,1,0.962256606745378,0,-0.000472301198611413,-0.000998238773324278,0,0,0
13.68,9500.26434357965,1.76082379051604,9500,9500.26336187785,1.76082379051604,1.76082379051604,0,0.016840068659338,24.8644123672314,9,0,17791.7807289199,-17791.6850325731,1.76082379051604,1.76938667610666,1.76988604967857,-0.000499373571904549,0.0171281415949133,-0.00759817434592458,1.76078975461693,0,280.859226207223,84.1022978158467,2.1307374026055e-10,1,0.962278215410572,0,-0.000472615047242719,-0.000998747143809098,0,0,0
13.695,9500.26459618068,1.76061980837468,9500,9500.26361629814,1.76061980837468,1.76061980837468,0,0.0168126286872403,24.8605545761033,9,0,17788.9977349393,-17788.9021945219,1.76061980837468,1.76914913081998,1.7696487593147,-0.000499628494721627,0.0170912480790085,-0.00756413844681569,1.76058573538372,0,280.846626942629,84.0760364996584,2.15327701017373e-10,1,0.962299825486039,0,-0.000472927679522117,-0.000999256989443253,0,0,0
13.71,9500.26484837011,1.76041564739097,9500,9500.26387024695,1.76041564739097,1.76041564739097,0,0.0167861176519738,24.8566970673479,9,0,17786.2132740339,-17786.1178842672,1.76041564739097,1.76891137151431,1.76941125563525,-0.000499884120942262,0.0170555625622166,-0.00753006545585388,1.76038153781657,0,280.834027678094,84.0497751834702,2.17604707848906e-10,1,0.962321436973385,0,-0.00047323913308972,-0.000999768241884524,0,0,0
13.725,9500.26510016188,1.76021130752439,9500,9500.26412373979,1.76021130752439,1.76021130752439,0,0.0167605125920438,24.852839841312,9,0,17783.4273460278,-17783.3321017634,1.76021130752439,1.7686733985954,1.76917353901448,-0.000500140419082973,0.0170210467247209,-0.0074959558814478,1.76017716187578,0,280.821428413618,84.0235138672819,2.19904105835505e-10,1,0.962343049874181,0,-0.000473549430362707,-0.00100028083816595,0,0,0
13.74,9500.26535156957,1.76000678873324,9500,9500.26437679178,1.76000678873324,1.76000678873324,0,0.0167357897619865,24.8489828983584,9,0,17780.6399507351,-17780.5448469595,1.76000678873324,1.7684352124622,1.76893560982276,-0.000500397360557514,0.0169876646339847,-0.00746181023283987,1.75997260750825,0,280.808829149202,83.9972525510937,2.22227022231062e-10,1,0.962364664189965,0,-0.000473858601505839,-0.00100079472111503,0,0,0
13.755,9500.26560260641,1.75980209097451,9500,9500.26462941763,1.75980209097451,1.75980209097451,0,0.0167119252519016,24.8451262388682,9,0,17777.8510879622,-17777.756119798,1.75980209097451,1.76819681351178,1.76869746843541,-0.000500654923623944,0.0169553824849265,-0.00742762900785054,1.75976787465668,0,280.796229884845,83.9709912349054,2.24573126056037e-10,1,0.962386279922237,0,-0.000474166676410981,-0.00100130984724789,0,0,0
13.77,9500.26585328529,1.75959721420384,9500,9500.26488163167,1.75959721420384,1.75959721420384,0,0.0166888946817389,24.8412698632426,9,0,17775.0607575072,-17774.9659202154,1.75959721420384,1.76795820214289,1.76845911522553,-0.000500913082646326,0.0169241683439198,-0.00739341269002347,1.75956296328757,0,280.783630620548,83.9447299187171,2.26942896262139e-10,1,0.962407897072461,0,-0.000474473679714649,-0.00100182616529265,0,0,0
13.785,9500.26610361871,1.75939215837578,9500,9500.26513344785,1.75939215837578,1.75939215837578,0,0.0166666736309179,24.8374137718967,9,0,17772.2689591616,-17772.1742481419,1.75939215837578,1.76771937874753,1.7682205505658,-0.000501171818266588,0.0168939917080047,-0.00735916177375806,1.75935787333724,0,280.771031356309,83.9184686025288,2.29336001889539e-10,1,0.962429515642066,0,-0.000474779641083334,-0.00100234363653318,0,0,0
13.8,9500.26635361882,1.75918692344386,9500,9500.26538487975,1.75918692344386,1.75918692344386,0,0.0166452371125938,24.8335579652586,9,0,17769.4756927082,-17769.3811035025,1.75918692344386,1.76748034372186,1.76798177483091,-0.000501431109045436,0.0168648233493694,-0.00732487673522186,1.75915260476855,0,280.758432092131,83.8922072863406,2.31752921749404e-10,1,0.962451135632443,0,-0.000475084583465346,-0.00100286221809087,0,0,0
13.815,9500.26660329737,1.75898150936091,9500,9500.26563594059,1.75898150936091,1.75898150936091,0,0.0166245604166852,24.8297024437631,9,0,17766.680957925,-17766.5864862153,1.75898150936091,1.76724109745418,1.76774278839159,-0.000501690937408039,0.0168366350064645,-0.00729055805990875,1.75894715751945,0,280.745832828013,83.8659459701523,2.34194944023347e-10,1,0.962472757044943,0,-0.000475388532069188,-0.00100338187481608,0,0,0
13.83,9500.26685266578,1.75877591607933,9500,9500.26588664319,1.75877591607933,1.75877591607933,0,0.0166046191174005,24.8258472078464,9,0,17763.8847545867,-17763.7903961942,1.75877591607933,1.76700164033433,1.7675035916193,-0.000501951284964441,0.0168093991434425,-0.00725620621845247,1.75874153154595,0,280.733233563954,83.8396846539641,2.36660927939988e-10,1,0.962494379880883,0,-0.000475691514696397,-0.00100390256992888,0,0,0
13.845,9500.26710173506,1.75857014355136,9500,9500.26613700002,1.75857014355136,1.75857014355136,0,0.0165853888555337,24.8219922579416,9,0,17761.0870824633,-17760.9928333473,1.75857014355136,1.76676197275093,1.76726418488335,-0.000502212132418522,0.0167830888432807,-0.00722182168506769,1.75853572680103,0,280.720634299956,83.8134233377758,2.39151190099606e-10,1,0.962516004141542,0,-0.000475993550442588,-0.00100442426483704,0,0,0
13.86,9500.2673505159,1.75836419172928,9500,9500.26638702317,1.75836419172928,1.75836419172928,0,0.0165668459579961,24.8181375944737,9,0,17758.2879413239,-17758.1937975785,1.75836419172928,1.76652209508955,1.76702456854927,-0.000502473459714103,0.0167576776708982,-0.00718740493473424,1.75832974323539,0,280.708035036017,83.7871620215875,2.41667341889228e-10,1,0.962537629828161,0,-0.00047629466581256,-0.00100494691942821,0,0,0
13.875,9500.26759901859,1.7581580605657,9500,9500.26663672435,1.7581580605657,1.7581580605657,0,0.0165489674934014,24.8142832178554,9,0,17755.4873309373,-17755.3932887867,1.7581580605657,1.76628200773294,1.76678474298569,-0.000502735252748243,0.0167331395933742,-0.00715295644084457,1.7581235807866,0,280.69543577214,83.7609007053993,2.442072715508e-10,1,0.962559256941944,0,-0.000476594881346104,-0.00100547050549649,0,0,0
13.89,9500.2678472531,1.75795175001372,9500,9500.26688611493,1.75795175001372,1.75795175001372,0,0.0165317310589922,24.810429128484,9,0,17752.6852510717,-17752.5913068673,1.75795175001372,1.76604171106391,1.76654470855381,-0.000502997489897794,0.0167094489446389,-0.00711847666173959,1.75791723942238,0,280.682836508322,83.734639389211,2.46773561291707e-10,1,0.962580885484065,0,-0.000476894219078261,-0.00100599497979559,0,0,0
13.905,9500.26809522906,1.75774526002707,9500,9500.2671352059,1.75774526002707,1.75774526002707,0,0.016515115227051,24.806575326738,9,0,17749.8817014964,-17749.7878517117,1.75774526002707,1.76580120546213,1.76630446561741,-0.000503260155280794,0.0166865804247974,-0.00708396607039319,1.75771071908117,0,280.670237244565,83.7083780730227,2.49365555974888e-10,1,0.96260251545566,0,-0.000477192701571427,-0.00100652031056159,0,0,0
13.92,9500.26834295579,1.75753859056024,9500,9500.2673840079,1.75753859056024,1.75753859056024,0,0.0164990993607774,24.8027218129761,9,0,17747.0766819822,-17746.9829232078,1.75753859056024,1.76556049130741,1.76606401453455,-0.000503523227142866,0.0166645090996046,-0.00704942512449169,1.75750401972863,0,280.657637980868,83.6821167568345,2.51983571521959e-10,1,0.962624146857833,0,-0.000477490346124876,-0.00100704645428573,0,0,0
13.935,9500.26859044228,1.75733174156841,9500,9500.26763253124,1.75733174156841,1.75733174156841,0,0.016483663788568,24.7988685875376,9,0,17744.270192302,-17744.1765212403,1.75733174156841,1.76531956897548,1.76582335566386,-0.000503786688377472,0.0166432105073509,-0.00701485429288673,1.75729714130584,0,280.645038717231,83.6558554406462,2.54627438376291e-10,1,0.962645779691658,0,-0.000477787174431255,-0.00100757337675494,0,0,0
13.95,9500.26883769724,1.75712471300773,9500,9500.26788078586,1.75712471300773,1.75712471300773,0,0.0164687898503363,24.7950156507381,9,0,17741.4622322315,-17741.3686456908,1.75712471300773,1.76507843884241,1.76558248936222,-0.000504050519808841,0.016622660554338,-0.00698025403031854,1.75709008377248,0,280.632439453655,83.629594124458,2.57297472351554e-10,1,0.96266741395818,0,-0.000478083205935009,-0.00100810103961768,0,0,0
13.965,9500.26908472909,1.75691750483503,9500,9500.2681287814,1.75691750483503,1.75691750483503,0,0.0164544595437425,24.7911630028749,9,0,17738.6528015468,-17738.559296438,1.75691750483503,1.76483710127919,1.76534141598508,-0.000504314705889186,0.016602835755362,-0.00694562479506411,1.75688284707235,0,280.619840190141,83.6033328082697,2.59994636143794e-10,1,0.962689049658411,0,-0.000478378459783713,-0.00100862941177837,0,0,0
13.98,9500.26933154598,1.75671011700792,9500,9500.26837652719,1.75671011700792,1.75671011700792,0,0.0164406557905345,24.7873106442258,9,0,17735.8419000268,-17735.7484733576,1.75671011700792,1.76459555665885,1.76510013588555,-0.000504579226697111,0.016583713152763,-0.00691096703238459,1.75667543117307,0,280.607240926687,83.5770714920814,2.62717951234158e-10,1,0.962710686793342,0,-0.00047867295031101,-0.00100915845339422,0,0,0
13.995,9500.26957815582,1.75650254948465,9500,9500.26862403225,1.75650254948465,1.75650254948465,0,0.0164273622321599,24.7834585750508,9,0,17733.029527452,-17732.9361763232,1.75650254948465,1.76435380535092,1.76485864941539,-0.000504844064471488,0.0165652704411481,-0.00687628119754047,1.75646783602443,0,280.594641663294,83.5508101758931,2.65469188731347e-10,1,0.962732325363934,0,-0.000478966698304273,-0.00100968812894298,0,0,0
14.01,9500.26982456625,1.7562948022242,9500,9500.2688713053,1.7562948022242,1.7562948022242,0,0.0164145633345659,24.7796067955921,9,0,17730.2156836046,-17730.1224052051,1.7562948022242,1.7641118477221,1.76461695692599,-0.000505109203889464,0.0165474859035824,-0.00684156773732347,1.756260061577,0,280.582042399963,83.5245488597049,2.68247370072774e-10,1,0.962753965371124,0,-0.000479259720932212,-0.00101021840777893,0,0,0
14.025,9500.2700707847,1.75608687518596,9500,9500.26911835479,1.75608687518596,1.75608687518596,0,0.0164022440182162,24.7757553060798,9,0,17727.400368267,-17727.3071598717,1.75608687518596,1.7638696841388,1.7643750587652,-0.000505374626403876,0.0165303385764857,-0.00680682709012403,1.75605210779587,0,280.569443136692,83.4982875435166,2.71053457339103e-10,1,0.962775606815828,0,-0.000479552032006003,-0.00101074925280775,0,0,0
14.04,9500.27031681836,1.75587876832984,9500,9500.26936518891,1.75587876832984,1.75587876832984,0,0.0163903899412237,24.7719041067297,9,0,17724.5835812235,-17724.4904401884,1.75587876832984,1.76362731496685,1.7641329552845,-0.000505640317645772,0.0165138081634629,-0.00677205970002714,1.75584397463153,0,280.556843873482,83.4720262273284,2.73887442196685e-10,1,0.962797249698935,0,-0.000479843648613087,-0.00101128063529154,0,0,0
14.055,9500.27056267421,1.75567048161603,9500,9500.26961181557,1.75567048161603,1.75567048161603,0,0.0163789871936368,24.7680531977482,9,0,17721.7653222577,-17721.6722460182,1.75567048161603,1.76338474056621,1.7638906468283,-0.000505906262085798,0.0164978751291385,-0.0067372660017182,1.75563566204032,0,280.544244610334,83.4457649111401,2.76749154657927e-10,1,0.962818894021314,0,-0.00048013458702445,-0.0010118125241716,0,0,0
14.07,9500.27080835902,1.75546201500512,9500,9500.26985824247,1.75546201500512,1.75546201500512,0,0.0163680223095989,24.76420257933,9,0,17718.9455911539,-17718.8525772217,1.75546201500512,1.76314196129881,1.76364813374346,-0.000506172444642683,0.0164825205576436,-0.00670244642601436,1.75542716998351,0,280.531645347248,83.4195035949519,2.79640041202837e-10,1,0.962840539783816,0,-0.000480424862336903,-0.00101234488928537,0,0,0
14.085,9500.27105387935,1.75525336845785,9500,9500.27010447705,1.75525336845785,1.75525336845785,0,0.0163574822887709,24.7603522516637,9,0,17716.1243876963,-17716.0314336571,1.75525336845785,1.76289897752327,1.7634054163762,-0.000506438852934332,0.0164677263106452,-0.00666760140440803,1.75521849841299,0,280.519046084224,83.3932422787636,2.82559446624095e-10,1,0.962862186987266,0,-0.000480714486202682,-0.00101287770586866,0,0,0
14.1,9500.27129924159,1.7550445419352,9500,9500.27035052653,1.7550445419352,1.7550445419352,0,0.0163473544012083,24.7565022149297,9,0,17713.3017116686,-17713.2088151803,1.7550445419352,1.76265578959703,1.76316249506944,-0.000506705472413271,0.0164534748553553,-0.00663273135955,1.75500964729265,0,280.50644682126,83.3669809625753,2.85507685621455e-10,1,0.962883835632475,0,-0.000481003475605091,-0.00101341094482654,0,0,0
14.115,9500.2715444519,1.75483553539828,9500,9500.27059639789,1.75483553539828,1.75483553539828,0,0.0163376263338478,24.752652469302,9,0,17710.4775628539,-17710.3847216445,1.75483553539828,1.76241239787506,1.76291937016453,-0.000506972289463281,0.0164397493451765,-0.00659783671699987,1.75480061657914,0,280.493847558359,83.340719646387,2.88484911176885e-10,1,0.96290548572023,0,-0.000481291843516862,-0.00101394457892656,0,0,0
14.13,9500.2717895163,1.75462634880831,9500,9500.27084209794,1.75462634880831,1.75462634880831,0,0.0163282862148261,24.7488030149496,9,0,17707.6519410356,-17707.5591529006,1.75462634880831,1.76216880271044,1.76267604200536,-0.000507239294922135,0.0164265335215653,-0.00656291789785768,1.75459140622273,0,280.48124829552,83.3144583301988,2.9149224566809e-10,1,0.962927137251302,0,-0.000481579603048843,-0.00101447858984427,0,0,0
14.145,9500.27203444059,1.75441698212662,9500,9500.27108763325,1.75441698212662,1.75441698212662,0,0.0163193221433296,24.7449538520359,9,0,17704.8248459953,-17704.7321087977,1.75441698212662,1.7619250044554,1.76243251092998,-0.000507506474582309,0.0164138117180745,-0.00652797531228133,1.75438201619396,0,280.468649032743,83.2881970140105,2.94529518545727e-10,1,0.962948790226444,0,-0.000481866767925609,-0.00101501294916462,0,0,0
14.16,9500.27227923042,1.75420743531464,9500,9500.27133301021,1.75420743531464,1.75420743531464,0,0.016310722728067,24.7411049807192,9,0,17701.9962775147,-17701.9035891823,1.75420743531464,1.76168100346055,1.76218877727994,-0.000507773819385493,0.0164015688098536,-0.00649300937961628,1.75417244644217,0,280.456049770028,83.2619356978223,2.97596236238128e-10,1,0.962970444646389,0,-0.00048215334839985,-0.00101554763877099,0,0,0
14.175,9500.27252389126,1.75399770833388,9500,9500.271578235,1.75399770833388,1.75399770833388,0,0.0163024768585629,24.7372564011528,9,0,17699.1662353749,-17699.0735938986,1.75399770833388,1.76143680007411,1.76194484139096,-0.000508041316850338,0.0163897901743203,-0.00645802050714561,1.75396269693326,0,280.443450507374,83.235674381634,3.00694005235713e-10,1,0.962992100511856,0,-0.00048243935915826,-0.00101608263370068,0,0,0
14.19,9500.27276842842,1.75378780114604,9500,9500.27182331364,1.75378780114604,1.75378780114604,0,0.0162945735974638,24.7334081134839,9,0,17696.334719356,-17696.2421227888,1.75378780114604,1.76119239464064,1.76170070359991,-0.000508308959273007,0.0163784616337066,-0.00642300910652449,1.75375276761557,0,280.430851244784,83.2094130654457,3.03822008707286e-10,1,0.963013757823544,0,-0.000482724812706614,-0.00101661791854601,0,0,0
14.205,9500.27301284702,1.75357771371279,9500,9500.27206825195,1.75357771371279,1.75357771371279,0,0.0162870024630906,24.729560117857,9,0,17693.5017292386,-17693.4091756933,1.75357771371279,1.76094778750775,1.76145636424145,-0.00050857673370075,0.0163675695444338,-0.00638797557604831,1.7535426584643,0,280.418251982255,83.1831517492574,3.06981529596366e-10,1,0.963035416582138,0,-0.000483009716552907,-0.0010171534674015,0,0,0
14.22,9500.27325715206,1.7533674459961,9500,9500.27231305557,1.7533674459961,1.7533674459961,0,0.0162797529453937,24.725712414408,9,0,17690.6672648013,-17690.5747524502,1.7533674459961,1.76070297901575,1.76121182364918,-0.000508844633429817,0.0163571005716551,-0.00635292032755275,1.75333236942134,0,280.40565271979,83.1568904330692,3.10172074053408e-10,1,0.963057076788303,0,-0.000483294086086161,-0.00101768926685963,0,0,0
14.235,9500.27350134835,1.75315699795793,9500,9500.27255772998,1.75315699795793,1.75315699795793,0,0.0162728154219334,24.72186500327,9,0,17687.8313258256,-17687.7388528957,1.75315699795793,1.76045796950749,1.76096708215541,-0.00050911264792286,0.0163470418623788,-0.0063178437527962,1.75312190045885,0,280.393053457386,83.1306291168809,3.13393794280697e-10,1,0.963078738442694,0,-0.000483577930766366,-0.00101822529584572,0,0,0
14.25,9500.27374544058,1.75294636956046,9500,9500.27280228047,1.75294636956046,1.75294636956046,0,0.0162661797393254,24.718017884569,9,0,17684.9939120882,-17684.9014768643,1.75294636956046,1.76021275932129,1.76072214009185,-0.00050938077055851,0.0163373809120591,-0.0062827462537165,1.75291125152646,0,280.380454195046,83.1043678006927,3.16647649661613e-10,1,0.963100401545946,0,-0.000483861262766005,-0.00101876154111702,0,0,0
14.265,9500.27398943328,1.75273556076609,9500,9500.2730467122,1.75273556076609,1.75273556076609,0,0.0162598366821689,24.7141710584251,9,0,17682.1550233698,-17682.062624189,1.75273556076609,1.75996734879687,1.76047699778337,-0.000509648986500855,0.0163281055411681,-0.00624762821971481,1.75270042260416,0,280.367854932769,83.0781064845044,3.19933953468834e-10,1,0.963122066098683,0,-0.000484144088980232,-0.00101929797300171,0,0,0
14.28,9500.27423333083,1.75252457153728,9500,9500.27329103015,1.75252457153728,1.75252457153728,0,0.0162537769673198,24.7103245249535,9,0,17679.3146594486,-17679.2222947007,1.75252457153728,1.75972173826737,1.76023165556172,-0.000509917294349682,0.0163192039842449,-0.0062124900577829,1.75248941362089,0,280.355255670553,83.0518451683161,3.23252696016745e-10,1,0.963143732101515,0,-0.000484426421506701,-0.00101983458869936,0,0,0
14.295,9500.27447713748,1.75231340183668,9500,9500.27353523915,1.75231340183668,1.75231340183668,0,0.0162479919479576,24.7064782842633,9,0,17676.4728201042,-17676.3804882283,1.75231340183668,1.75947592806843,1.75998611375123,-0.000510185682808029,0.0163106647983052,-0.00617733214139671,1.75227822456141,0,280.342656408403,83.0255838521279,3.26604190423548e-10,1,0.96316539955503,0,-0.000484708271311085,-0.00102037136561606,0,0,0
14.31,9500.27472085736,1.75210205162724,9500,9500.27377934388,1.75210205162724,1.75210205162724,0,0.0162424728464074,24.7026323364566,9,0,17673.6295051154,-17673.5372046003,1.75210205162724,1.75922991853291,1.75974037267705,-0.000510454144146522,0.0163024767915092,-0.00614215486613268,1.75206685537848,0,280.330057146314,82.9993225359396,3.29988749682363e-10,1,0.963187068459814,0,-0.000484989645881173,-0.00102090828829304,0,0,0
14.325,9500.27496449445,1.75189052087198,9500,9500.27402334887,1.75189052087198,1.75189052087198,0,0.0162372114304142,24.6987866816303,9,0,17670.7847142611,-17670.6924436425,1.75189052087198,1.7589837099911,1.75949443266247,-0.000510722671368091,0.0162946291822003,-0.00610695861736898,1.751855306031,0,280.317457884289,82.9730612197513,3.33406525292563e-10,1,0.963208738816433,0,-0.000485270554336781,-0.00102144534273618,0,0,0
14.34,9500.27520805263,1.75167880953415,9500,9500.27426725851,1.75167880953415,1.75167880953415,0,0.0162321997323273,24.6949413198757,9,0,17667.938447321,-17667.8462051798,1.75167880953415,1.75873730277143,1.7592482940267,-0.000510991255275206,0.0162871114545251,-0.0060717437763842,1.75164357648449,0,280.304858622327,82.9467999035631,3.36858475456261e-10,1,0.963230410625443,0,-0.000485551007147755,-0.00102198251055041,0,0,0
14.355,9500.27545153562,1.7514669175772,9500,9500.27451107706,1.7514669175772,1.7514669175772,0,0.0162274300896302,24.6910962512775,9,0,17665.090704075,-17664.9984890358,1.7514669175772,1.75849069720186,1.75900195709334,-0.000511259891488036,0.0162799133801095,-0.00603651072673284,1.75143166669215,0,280.292259360429,82.9205385873748,3.40343944627057e-10,1,0.963252083887386,0,-0.000485831013329996,-0.00102251978297607,0,0,0
14.37,9500.27569494707,1.75125484496469,9500,9500.27475480866,1.75125484496469,1.75125484496469,0,0.0162228948288051,24.6872514759162,9,0,17662.2414843016,-17662.1492950324,1.75125484496469,1.75824389360795,1.75875542217784,-0.000511528569895336,0.0162730250885883,-0.00600125984168409,1.75121957662647,0,280.279660098593,82.8942772711865,3.43864052046227e-10,1,0.963273758602795,0,-0.000486110580335541,-0.00102305713979067,0,0,0
14.385,9500.2759382905,1.75104259166037,9500,9500.27499845728,1.75104259166037,1.75104259166037,0,0.0162185867314303,24.6834069938668,9,0,17659.3907877804,-17659.2986229902,1.75104259166037,1.757996892313,1.75850868960039,-0.000511797287386262,0.0162664369884141,-0.00596599150346755,1.75100730623476,0,280.267060836822,82.8680159549983,3.47418626071651e-10,1,0.963295434772188,0,-0.000486389714984048,-0.00102359457477252,0,0,0
14.4,9500.2761815693,1.75083015762816,9500,9500.2752420268,1.75083015762816,1.75083015762816,0,0.0162144990486549,24.6795628051986,9,0,17656.5386142922,-17656.4464727286,1.75083015762816,1.75774969363938,1.75826175967357,-0.000512066034195069,0.0162601397588306,-0.00593070607786084,1.75079485549312,0,280.254461575115,82.84175463881,3.51008946728877e-10,1,0.963317112396075,0,-0.000486668427478243,-0.00102413206839014,0,0,0
14.415,9500.27642478678,1.7506175428321,9500,9500.27548552099,1.7506175428321,1.7506175428321,0,0.0162106246373274,24.6757189099775,9,0,17653.6849636149,-17653.5928440659,1.7506175428321,1.75750229790611,1.75801463271231,-0.000512334806199277,0.0162541243972698,-0.00589540394282384,1.75058222435089,0,280.241862313472,82.8154933226218,3.54633874439882e-10,1,0.963338791474955,0,-0.000486946725949844,-0.00102466961239855,0,0,0
14.43,9500.27666794615,1.7504047472364,9500,9500.27572894346,1.7504047472364,1.7504047472364,0,0.0162069571955866,24.6718753082636,9,0,17650.8298355296,-17650.7377368191,1.7504047472364,1.75725470543376,1.75776730902996,-0.00051260359619576,0.0162483821489687,-0.0058600854616091,1.75036941277976,0,280.229263051892,82.7892320064335,3.58294688932894e-10,1,0.963360472009317,0,-0.000487224618226367,-0.00102520719239152,0,0,0
14.445,9500.27691105051,1.75019177080538,9500,9500.27597229774,1.75019177080538,1.75019177080538,0,0.0162034902281847,24.668032000113,9,0,17647.9732298152,-17647.881150804,1.75019177080538,1.75700691653837,1.75751978893595,-0.00051287239757869,0.0162429045594512,-0.00582475100496826,1.75015642073824,0,280.216663790377,82.7629706902452,3.61991701981693e-10,1,0.963382153999638,0,-0.000487502108141413,-0.00102574479515738,0,0,0
14.46,9500.27715410286,1.74997861350342,9500,9500.27621558726,1.74997861350342,1.74997861350342,0,0.0162002176996015,24.6641889855792,9,0,17645.1151462517,-17645.0230858348,1.74997861350342,1.75675893153436,1.75727207274155,-0.000513141207194368,0.0162376834617523,-0.00578940093782965,1.74994324818214,0,280.204064528926,82.736709374057,3.65724902784846e-10,1,0.963403837446386,0,-0.000487779207112293,-0.00102628241438874,0,0,0
14.475,9500.27739710613,1.74976527529513,9500,9500.27645881531,1.74976527529513,1.74976527529513,0,0.0161971334776235,24.6603462647096,9,0,17642.2555846182,-17642.1635417256,1.74976527529513,1.75651075073596,1.7570241607551,-0.000513410019135518,0.0162327108859973,-0.00575403561654619,1.74972989508114,0,280.191465267538,82.7104480578687,3.6949460296247e-10,1,0.963425522350023,0,-0.000488055920572439,-0.00102682003827104,0,0,0
14.49,9500.27764006313,1.74955175614518,9500,9500.2767019851,1.74955175614518,1.74955175614518,0,0.0161942320159877,24.6565038375486,9,0,17639.3945446953,-17639.3025182883,1.74955175614518,1.75626237445521,1.75677605328207,-0.00051367882685649,0.0162279791499249,-0.005718655402557,1.74951636139894,0,280.178866006216,82.6841867416804,3.73301758783866e-10,1,0.963447208710997,0,-0.0004883322545437,-0.00102735765371298,0,0,0
14.505,9500.27788297661,1.74933805601825,9500,9500.27694509975,1.74933805601825,1.74933805601825,0,0.0161915074575067,24.6526617041389,9,0,17636.5320262612,-17636.4400153347,1.74933805601825,1.75601380300027,1.75652775062765,-0.000513947627380107,0.0162234808489155,-0.0056832606563233,1.74930264708919,0,280.166266744957,82.6579254254922,3.77146036718894e-10,1,0.963468896529752,0,-0.000488608216688169,-0.00102789525476021,0,0,0
14.52,9500.27812584922,1.74912417487928,9500,9500.27718816226,1.74912417487928,1.74912417487928,0,0.0161889545923177,24.6488198645166,9,0,17633.6680290966,-17633.5760326747,1.74912417487928,1.75576503668114,1.75627925309557,-0.000514216414432278,0.0162192087409293,-0.00564785172726023,1.74908875212501,0,280.153667483764,82.6316641093039,3.81028070337279e-10,1,0.963490585806718,0,-0.000488883814306451,-0.00102843282886456,0,0,0
14.535,9500.27836868354,1.74891011269318,9500,9500.27743117556,1.74891011269318,1.74891011269318,0,-0.0172831484389099,24.6459858619289,9,0,17631.0825610692,-17631.1807754317,1.74891011269318,1.75551607580293,1.75603056098652,-0.000514485183586322,0.0162151558714868,-0.00561242897299286,1.74887467646277,0,280.141079887808,82.6078714419631,3.26553358525235e-10,1,0.963512256481829,0,-0.000489159053950416,-0.00102897036717264,0,0,0
14.55,9500.27810943631,1.74869586942498,9500,9500.27767414247,1.74869586942498,1.74869586942498,0,-0.0668955337745682,24.6436476332027,9,0,17628.6328290746,-17629.0129740492,1.74869586942498,1.75532194126338,1.75583670950102,-0.000514768237638741,0.0162113154832375,-0.00557699274258527,1.74871541204552,0,280.128498124503,82.5853130990462,3.00480340389892e-10,1,0.963533867664057,0,-0.000489448184510799,-0.00102953647527748,0,0,0
14.565,9500.27710600331,1.74848474908134,9500,9500.27778695431,1.74848474908134,1.74848474908134,0,-0.113493639973272,24.6412333390749,9,0,17626.1930014092,-17626.8379477889,1.74848474908134,1.755155154708,1.75566698704552,-0.000511832337520612,0.0142889779064504,-0.00559653536312421,1.74853495466983,0,280.115916361262,82.5627547561292,3.03519078875211e-10,1,0.963555404824546,0,-0.000489514786415457,-0.00102366467504122,0,0,0
14.58,9500.27540359871,1.74828089031055,9500,9500.27761047735,1.74828089031055,1.74828089031055,0,-0.154466487032114,24.6386637638469,9,0,17623.7828061253,-17624.6605873275,1.74828089031055,1.75498821234316,1.75549060008815,-0.000502387744994559,0.00852582943268224,-0.00564674095161588,1.74833669590155,0,280.103334598085,82.5401964132122,3.06494189243694e-10,1,0.963576872544277,0,-0.000489071526564633,-0.00100477548998912,0,0,0
14.595,9500.2730866014,1.74808720626568,9500,9500.27703853716,1.74808720626568,1.74808720626568,0,-0.188040296111239,24.6358840560224,9,0,17621.4164311078,-17622.4850007381,1.74808720626568,1.75482111432144,1.75530624372787,-0.000485129406434304,-0.00179425876764454,-0.00570254654262059,1.74814830896595,0,280.090752834975,82.5176380702952,3.09384427081611e-10,1,0.963598279377056,0,-0.000487931792251928,-0.000970258812868607,0,0,0
14.61,9500.27026599696,1.74790543566952,9500,9500.27601434361,1.74790543566952,1.74790543566952,0,-0.213230227750495,24.6328625300748,9,0,17619.1026918139,-17620.3144069765,1.74790543566952,1.75465386079543,1.75511408510466,-0.00046022430922954,-0.01650075755864,-0.00576364924288764,1.74796976293408,0,280.078171071929,82.4950797273783,3.12179339943137e-10,1,0.963619636576199,0,-0.00048599614607503,-0.00092044861845908,0,0,0
14.625,9500.26706754355,1.74773625567929,9500,9500.27452458772,1.74773625567929,1.74773625567929,0,-0.229753247821059,24.6295882845065,9,0,17616.8454942421,-17618.1511036919,1.74773625567929,1.75448645191617,1.7549153105741,-0.000428858657929299,-0.0348196586386279,-0.0058279765074527,1.74780075809286,0,280.065589308948,82.4725213844612,3.14877975430666e-10,1,0.963640956894456,0,-0.000483241806741086,-0.000857717315858597,0,0,0
14.64,9500.26362124483,1.74757943821136,9500,9500.27259200151,1.74757943821136,1.74757943821136,0,-0.237914597151423,24.6260680000773,9,0,17614.6445099622,-17615.99649709,1.74757943821136,1.75431888783507,1.75471173262964,-0.000392844794561364,-0.0556166811730153,-0.00589247892102684,1.74764071932492,0,280.053007546033,82.4499630415443,3.17484208421463e-10,1,0.963662253516373,0,-0.000479709457817057,-0.000785689589122729,0,0,0
14.655,9500.26005252587,1.74743403216166,9500,9500.27026711778,1.74743403216166,1.74743403216166,0,-0.238479661364058,24.6223222645447,9,0,17612.495982818,-17613.8511805029,1.74743403216166,1.75415116870123,1.75450546104037,-0.000354292339138862,-0.0775984788795874,-0.00595376003459114,1.74748882398836,0,280.040425783183,82.4274046986273,3.20009477884253e-10,1,0.963683539163233,0,-0.000475488657619039,-0.000708584678277724,0,0,0
14.67,9500.25647533095,1.74729855564872,9500,9500.26761987861,1.74729855564872,1.74729855564872,0,-0.232541729543809,24.6183817350373,9,0,17610.3935938594,-17611.7150478277,1.74729855564872,1.75398329466327,1.75429863978244,-0.000315345119167088,-0.0994715716399885,-0.00600855186129712,1.74734405256364,0,280.027844020398,82.4048463557103,3.22470047818331e-10,1,0.963704825392856,0,-0.00047070301028862,-0.000630690238334175,0,0,0
14.685,9500.25298720501,1.74717118474921,9500,9500.26473162978,1.74717118474921,1.74717118474921,0,-0.221394431259429,24.6142834014054,9,0,17608.329321165,-17609.5874284427,1.74717118474921,1.75381526586926,1.75409324848703,-0.000277982617769235,-0.120060429872808,-0.00605404877621374,1.74720525185751,0,280.01526225768,82.3822880127933,3.24882659656589e-10,1,0.963726122100512,0,-0.000465496041333502,-0.000555965235538469,0,0,0
14.7,9500.24966628854,1.74704992792133,9500,9500.26168791529,1.74704992792133,1.74704992792133,0,-0.206415726854776,24.6100671589491,9,0,17606.294243278,-17607.4672313967,1.74704992792133,1.75364708246572,1.75389096454427,-0.0002438820785442,-0.138387640817929,-0.00608811588450897,1.74707120242413,0,280.002680495026,82.3597296698763,3.27265820934966e-10,1,0.963747437213894,0,-0.000460018500583859,-0.000487764157088399,0,0,0
14.715,9500.24657005264,1.74693277818887,9500,9500.25857236045,1.74693277818887,1.74693277818887,0,-0.188968342122414,24.6057728413828,9,0,17604.2792479639,-17605.3530883697,1.74693277818887,1.75347874459825,1.753693079917,-0.000214335318745373,-0.153720289129622,-0.00610939038730507,1.74694068357346,0,279.990098732439,82.3371713269594,3.29638356617237e-10,1,0.963768776564558,0,-0.000454417600264545,-0.000428670637490747,0,0,0
14.73,9500.24373552751,1.74681783798159,9500,9500.25546181235,1.74681783798159,1.74681783798159,0,-0.170319637398196,24.6014378088466,9,0,17602.2756208341,-17603.2434869428,1.74681783798159,1.75331025241157,1.75350046516676,-0.000190212755192931,-0.165587535107728,-0.00611729577189002,1.7468125311293,0,279.977516969917,82.3146129840424,3.32016673410866e-10,1,0.96379014391088,0,-0.000448828479311603,-0.000380425510385862,0,0,0
14.745,9500.24118073294,1.74670341413512,9500,9500.25242279906,1.74670341413512,1.74670341413512,0,-0.151582160910626,24.5970951343731,9,0,17600.2755004346,-17601.1368878766,1.74670341413512,1.75314160605059,1.75331357225729,-0.000171966206697016,-0.173774859430583,-0.00611198891959708,1.7466856847176,0,279.964935207462,82.2920546411253,3.34416853164726e-10,1,0.963811541082946,0,-0.000443368002067013,-0.000343932413394032,0,0,0
14.76,9500.23890700053,1.7465880828295,9500,9500.2495092771,1.7465880828295,1.7465880828295,0,-0.133674651413713,24.5927723877293,9,0,17598.2721969846,-17599.0318222452,1.7465880828295,1.75297280565636,1.75313246730213,-0.000159661645770415,-0.17830058166234,-0.00609425950207831,1.74655922286274,0,279.952353445073,82.2694962982084,3.36850952032995e-10,1,0.963832968217921,0,-0.000438130823636085,-0.00031932329154083,0,0,0
14.775,9500.23690188076,1.74647072611036,9500,9500.2467615646,1.74647072611036,1.74647072611036,0,-0.117302056972422,24.5884909794369,9,0,17596.2603807592,-17596.9269662774,1.74647072611036,1.75280385137194,1.75295688460213,-0.000153033230184896,-0.179380089516608,-0.00606539953532081,1.74643238537625,0,279.93977168275,82.2469379552914,3.39328450232847e-10,1,0.963854424054818,0,-0.000433187552766112,-0.000306066460369792,0,0,0
14.79,9500.2351423499,1.74635054305683,9500,9500.24420630428,1.74635054305683,1.74635054305683,0,-0.102952247118324,24.5842660006481,9,0,17594.2361529134,-17594.8211935006,1.74635054305683,1.75263474333789,1.75278629384042,-0.000151550502522246,-0.177382792866723,-0.00602705880121657,1.74630458353163,0,279.927189920493,82.2243796123744,3.41856092029065e-10,1,0.963875906259692,0,-0.000428584712689695,-0.000303101005044493,0,0,0
14.805,9500.2335980662,1.74622703962863,9500,9500.24185726721,1.74622703962863,1.74622703962863,0,-0.0909065182860366,24.5801064764227,9,0,17592.1970162893,-17592.7136052486,1.74622703962863,1.75246548169406,1.7526199732503,-0.000154491556245917,-0.172786202116041,-0.00598109927601964,1.74617539930554,0,279.914608158303,82.2018212694574,3.44437243133885e-10,1,0.963897411755898,0,-0.000424346192713365,-0.000308983112491834,0,0,0
14.82,9500.23223446842,1.74610000177059,9500,9500.23971679202,1.74610000177059,1.74610000177059,0,-0.081260689629218,24.5760159401826,9,0,17590.1417665741,-17590.6035417015,1.74610000177059,1.75229606658063,1.75245708265768,-0.000161016077050435,-0.16613079179184,-0.00592945895293551,1.74604457547359,0,279.902026396179,82.1792629265404,3.47074304544497e-10,1,0.963918937038401,0,-0.000420475795306352,-0.000322032154100871,0,0,0
14.835,9500.23101555808,1.74596945651729,9500,9500.23777765433,1.74596945651729,1.74596945651729,0,-0.0739535417791767,24.5719932348023,9,0,17588.0703252132,-17588.4905764066,1.74596945651729,1.75212649813435,1.75229673159151,-0.000170233457157387,-0.157978506642556,-0.00587403265594078,1.7459119985641,0,279.889444634122,82.1567045836235,3.49765335015266e-10,1,0.963940478456011,0,-0.000416960552166445,-0.000340466914314774,0,0,0
14.85,9500.22990625495,1.74583562568857,9500,9500.23602517256,1.74583562568857,1.74583562568857,0,-0.0687995080158877,24.5680334496138,9,0,17585.9835350448,-17586.3744976853,1.74583562568857,1.75195677649232,1.75213803891296,-0.000181262420635431,-0.14887695770101,-0.00581657470274544,1.7457776769483,0,279.876862872132,82.1341462407065,3.52508394711127e-10,1,0.963962032450391,0,-0.000413774432201697,-0.000362524841270861,0,0,0
14.865,9500.22887426233,1.74569887636202,9500,9500.23443937858,1.74569887636202,1.74569887636202,0,-0.065522843547951,24.5641289112478,9,0,17583.8829379842,-17584.2552804891,1.74569887636202,1.75178690179133,1.75198018167426,-0.00019327988293516,-0.139330583754795,-0.00575862596248289,1.74564171606297,0,279.864281110209,82.1115878977895,3.5529897194767e-10,1,0.963983595745321,0,-0.000410882164487258,-0.00038655976587032,0,0,0
14.88,9500.22789141968,1.74555967172763,9500,9500.23299710914,1.74555967172763,1.74555967172763,0,-0.0637909254240549,24.5602701582053,9,0,17581.7705515831,-17582.1330521892,1.74555967172763,1.75161687416651,1.75182243204783,-0.00020555788132004,-0.129779359093556,-0.00570146566343932,1.74550429274043,0,279.851699348352,82.0890295548725,3.581328781861e-10,1,0.964005165483996,0,-0.000408242920919122,-0.00041111576264008,0,0,0
14.895,9500.2269345558,1.74541852523589,9500,9500.2316739059,1.74541852523589,1.74541852523589,0,-0.0632448218544919,24.5564468430708,9,0,17579.6486582379,-17580.0080555001,1.74541852523589,1.75144669375246,1.75166418215231,-0.000217488399852916,-0.120585034600162,-0.00564608667623667,1.74536563027651,0,279.839117586563,82.0664712119555,3.61004479108662e-10,1,0.964026739315637,0,-0.000405813645611985,-0.000434976799705833,0,0,0
14.91,9500.22598588347,1.74527596020997,9500,9500.23044564408,1.74527596020997,1.74527596020997,0,-0.0635257857617134,24.5526485210892,9,0,17577.5196174812,-17577.8806113228,1.74527596020997,1.75127636068192,1.75150495739038,-0.000228596708465423,-0.112024422877125,-0.00559319171686035,1.74522597554812,0,279.826535824841,82.0439128690385,3.63909749408134e-10,1,0.964048315435606,0,-0.000403551917833367,-0.000457193416930846,0,0,0
14.925,9500.22503299668,1.74513247635828,9500,9500.22928984137,1.74513247635828,1.74513247635828,0,-0.0642968193687539,24.5488652983649,9,0,17575.3857084668,-17575.7510837741,1.74513247635828,1.7511058750868,1.75134441953826,-0.000238544451459877,-0.104288885177183,-0.00554320705501476,1.74508557912887,0,279.813954063187,82.0213545261215,3.66842735632397e-10,1,0.964069892585175,0,-0.000401418237905293,-0.000477088902919753,0,0,0
14.94,9500.22406854439,1.74498852393725,9500,9500.22818662686,1.74498852393725,1.74498852393725,0,-0.0652589193382598,24.545088326433,9,0,17573.2490065886,-17573.6198491205,1.74498852393725,1.75093523710162,1.75118236124331,-0.00024712414168393,-0.0974889444937278,-0.00549630982560712,1.74494467899265,0,279.8013723016,81.9987961832045,3.69799735819886e-10,1,0.96409147001849,0,-0.000399377714182858,-0.00049424828336786,0,0,0
14.955,9500.2230896606,1.74484448571128,9500,9500.22711937431,1.74484448571128,1.74484448571128,0,-0.0661620031273982,24.5413101417151,9,0,17571.1112953869,-17571.4872697744,1.74484448571128,1.7507644468536,1.75101869377138,-0.000254246917781087,-0.0916628281673454,-0.0054524648810097,1.74480348813703,0,279.78879054008,81.9762378402876,3.72777048512441e-10,1,0.964113047444785,0,-0.000397401184313972,-0.000508493835562174,0,0,0
14.97,9500.22209723055,1.74470066635608,9500,9500.22607502363,1.74470066635608,1.74470066635608,0,-0.0668108420152634,24.5375248580598,9,0,17568.9740125304,-17569.3536739916,1.74470066635608,1.75059350447442,1.75085342999636,-0.000259925521937987,-0.086787719167613,-0.00541146730675934,1.74466218612379,0,279.776208778628,81.9536794973706,3.75771615569057e-10,1,0.964134624953963,0,-0.000395465742801582,-0.000519851043875974,0,0,0
14.985,9500.22109506793,1.74455728856613,9500,9500.22504412883,1.74455728856613,1.74455728856613,0,-0.06706656884921,24.5337282279439,9,0,17566.8382268201,-17567.2193414427,1.74455728856613,1.75042241009047,1.75068666448743,-0.000264254396957542,-0.0827925517934578,-0.0053729870744692,1.74452091422208,0,279.763627017244,81.9311211544536,3.78782468016999e-10,1,0.964156202933138,0,-0.000393554840827814,-0.000528508793915083,0,0,0
15,9500.22008906939,1.74441449485639,9500,9500.22402068034,1.74441449485639,1.74441449485639,0,-0.0668444909365815,24.5299175930131,9,0,17564.7046418453,-17565.0844944406,1.74441449485639,1.75025116383219,1.7505185524339,-0.000267388601710605,-0.0795713045911043,-0.00533661273042307,1.74437977389834,0,279.751045255928,81.9085628115366,3.81808475936483e-10,1,0.964177781980858,0,-0.000391657950988167,-0.000534777203421211,0,0,0
15.015,9500.21908640203,1.74427235389207,9500,9500.22300175422,1.74427235389207,1.74427235389207,0,-0.0661090257141553,24.5260917474804,9,0,17562.5736211302,-17562.9492943082,1.74427235389207,1.75007976582625,1.75034928886314,-0.000269523036887431,-0.0769959049986712,-0.0053018917723755,1.7442388279801,0,279.73846349468,81.8860044686196,3.84847866756851e-10,1,0.964199362824668,0,-0.00038976995077955,-0.000539046073774863,0,0,0
15.03,9500.21809476664,1.74413087012093,9500,9500.22198704175,1.74413087012093,1.74413087012093,0,-0.0648666029012584,24.5222507388485,9,0,17560.4452292368,-17560.8138421463,1.74413087012093,1.74990821619644,1.75017908936302,-0.000270873166581032,-0.0749280445620886,-0.00526836586040424,1.74409810400287,0,279.7258817335,81.8634461257026,3.87902402027855e-10,1,0.964220946246341,0,-0.000387890297793403,-0.000541746333162063,0,0,0
15.045,9500.2171217676,1.74398999551027,9500,9500.22097831001,1.74398999551027,1.74398999551027,0,-0.0631573394655945,24.5183956296775,9,0,17558.3192833809,-17558.6781831419,1.74398999551027,1.74973651506967,1.7500081731712,-0.000271658101529848,-0.0732293979590821,-0.005235599742345,1.74395759912426,0,279.713299972388,81.8408877827856,3.90972236272892e-10,1,0.964242533017939,0,-0.000386022071504177,-0.000543316203059696,0,0,0
15.06,9500.21617440751,1.74384964228591,9500,9500.21997883884,1.74384964228591,1.74384964228591,0,-0.0610462217573566,24.5145282420726,9,0,17556.1954104653,-17556.5423134918,1.74384964228591,1.74956466256973,1.74983674921499,-0.000272086645259018,-0.0717699284970114,-0.00520320335633717,1.74381728592287,0,279.700718211344,81.8183294398687,3.94058969228444e-10,1,0.964264123850512,0,-0.000384170993309008,-0.000544173290518035,0,0,0
15.075,9500.21525871418,1.74370969571382,9500,9500.2189928729,1.74370969571382,1.74370969571382,0,-0.0586144204027817,24.5106509036041,9,0,17554.0731050684,-17554.4061890381,1.74370969571382,1.74939265882081,1.74966500540008,-0.000272346579271554,-0.0704341360288124,-0.00517084699329384,1.74367711866897,0,279.688136450369,81.7957710969517,3.97163718294508e-10,1,0.964285719356229,0,-0.000382344461568263,-0.000544693158543108,0,0,0
15.09,9500.21437949787,1.74357002614114,9500,9500.21802511899,1.74357002614114,1.74357002614114,0,-0.0559512402011168,24.5067662098058,9,0,17551.9517846934,-17552.2697347703,1.74357002614114,1.74922050394348,1.74949310116569,-0.000272597222211957,-0.0691252540872917,-0.00513826994844147,1.74353703955061,0,279.675554689463,81.7732127540347,4.00288242814749e-10,1,0.964307320023732,0,-0.00038055067566356,-0.000545194444423913,0,0,0
15.105,9500.21354022927,1.74343049970408,9500,9500.21708031071,1.74343049970408,1.74343049970408,0,-0.0531470757132801,24.5028768145706,9,0,17549.8308394275,-17550.1328544544,1.74343049970408,1.74904819805966,1.74932116317935,-0.000272965119687552,-0.0677675254872157,-0.00510528335791283,1.74339698446237,0,279.662972928625,81.7506544111177,4.03434943832709e-10,1,0.96432892620573,0,-0.000378797871047887,-0.000545930239375103,0,0,0
15.12,9500.21274302314,1.7432909873001,9500,9500.21616285435,1.7432909873001,1.7432909873001,0,-0.0502876122358532,24.498985255991,9,0,17547.7096740465,-17547.9954397841,1.7432909873001,1.74887574129168,1.74914928381717,-0.000273542525493609,-0.0663067770650491,-0.0050717681162058,1.74325688812449,0,279.650391167856,81.7280960682007,4.06604455833205e-10,1,0.964350538117324,0,-0.000377093701593667,-0.000547085050987217,0,0,0
15.135,9500.21198870895,1.74315137160292,9500,9500.21527656235,1.74315137160292,1.74315137160292,0,-0.0474493935557684,24.4950938216205,9,0,17545.587741403,-17545.8573785813,1.74315137160292,1.74870313375661,1.7489775220193,-0.000274388262686109,-0.0647095764384688,-0.00503766894058777,1.74311668829065,0,279.637809407155,81.7055377252837,4.09798697453935e-10,1,0.964372155843172,0,-0.000375444779220135,-0.000548776525372219,0,0,0
15.15,9500.21127696805,1.74301155205809,9500,9500.21442447404,1.74301155205809,1.74301155205809,0,-0.0446967705172317,24.4912044540104,9,0,17543.4645666978,-17543.7185617286,1.74301155205809,1.74853037557574,1.74880590601677,-0.000275530441025129,-0.0629612865340332,-0.00500298562831447,1.74297632906538,0,279.625227646524,81.6829793823667,4.13018784343666e-10,1,0.964393779351379,0,-0.000373856357940738,-0.000551060882050258,0,0,0
15.165,9500.21060651649,1.74287144793131,9500,9500.21360875852,1.74287144793131,1.74287144793131,0,-0.0420801593208205,24.4873186947756,9,0,17541.3397628543,-17541.5788886454,1.74287144793131,1.74835746686355,1.74863443741859,-0.00027697055503606,-0.0610633415775107,-0.00496776263560594,1.74283576311787,0,279.612645885963,81.6604210394498,4.16265350513266e-10,1,0.964415408512064,0,-0.000372332175202272,-0.00055394111007212,0,0,0
15.18,9500.2099753141,1.74273099958632,9500,9500.21283068997,1.74273099958632,1.74273099958632,0,-0.0396354717869483,24.4834376634254,9,0,17539.2130377131,-17539.4382712453,1.74273099958632,1.74818440774106,1.74846309615441,-0.000278688413344774,-0.0590300551702211,-0.0049320778221682,1.7426949530922,0,279.60006412547,81.6378626965328,4.19540153242825e-10,1,0.96443704311856,0,-0.000370874395198006,-0.000557376826689548,0,0,0
15.195,9500.20938078202,1.74259016824357,9500,9500.21209068362,1.74259016824357,1.74259016824357,0,-0.037384534159236,24.4795620657888,9,0,17537.0841941347,-17537.2966364186,1.74259016824357,1.74801119832231,1.74829184581866,-0.000280647496348152,-0.0568852415012283,-0.00489603132805216,1.74255387200157,0,279.587482365046,81.6153043536158,4.22843665684727e-10,1,0.964458682909496,0,-0.000369483690055183,-0.000561294992696304,0,0,0
15.21,9500.20882001401,1.74244893451669,9500,9500.21138837875,1.74244893451669,1.74244893451669,0,-0.0353362859855371,24.4756922260291,9,0,17534.9531243128,-17535.1539271588,1.74244893451669,1.74783783872221,1.74812063901106,-0.000282800288847973,-0.0546588898217733,-0.00485973508604931,1.74241250305846,0,279.574900604693,81.5927460106988,4.26175077451861e-10,1,0.964480327590237,0,-0.00036815937855561,-0.000565600577695946,0,0,0
15.225,9500.20828996972,1.74230729604226,9500,9500.21072275492,1.74230729604226,1.74230729604226,0,-0.0334885403776008,24.4718281359282,9,0,17532.8197997297,-17533.0101025206,1.74230729604226,1.74766432905614,1.7479494223472,-0.000285093291056304,-0.0523840841281694,-0.00482330362782202,1.74227083884621,0,279.562318844408,81.5701876677818,4.29535984922086e-10,1,0.964501976852513,0,-0.000366899628782891,-0.000570186582112608,0,0,0
15.24,9500.20778764161,1.7421652645156,9500,9500.21009226823,1.7421652645156,1.7421652645156,0,-0.0318300954686385,24.4679695152358,9,0,17530.684258162,-17530.865136624,1.7421652645156,1.74749066943753,1.74777814090615,-0.000287471468621403,-0.050094309949858,-0.00478684643177085,1.74212888006852,0,279.549737084193,81.5476293248648,4.32925096590915e-10,1,0.964523630391354,0,-0.00036570170006911,-0.000574942937242806,0,0,0
15.255,9500.20731019018,1.74202286242225,9500,9500.20949499543,1.74202286242225,1.74202286242225,0,-0.0303430032645633,24.4641158773788,9,0,17528.5465890781,-17528.7190169457,1.74202286242225,1.74731685997701,1.74760674194597,-0.000289881968953187,-0.0478212394386479,-0.00475046198468831,1.74198663405442,0,279.537155324048,81.5250709819478,4.36344008526675e-10,1,0.96454528791882,0,-0.000364562199560714,-0.000579763937906375,0,0,0
15.27,9500.20685504513,1.74188011972041,9500,9500.20892877584,1.74188011972041,1.74188011972041,0,-0.0290048287894126,24.4602665955394,9,0,17526.4069186135,-17526.5717421314,1.74188011972041,1.7471429007906,1.74743517778156,-0.000292276990964568,-0.0455930407291177,-0.00471423361685286,1.74184411319181,0,279.524573563973,81.5025126390309,4.39790467156498e-10,1,0.964566949174283,0,-0.000363477315950433,-0.000584553981929137,0,0,0
15.285,9500.2064199727,1.74173707068437,9500,9500.20839134261,1.74173707068437,1.74173707068437,0,-0.0277907644911951,24.4564209650322,9,0,17524.2653951092,-17524.4233195497,1.74173707068437,1.74696879198465,1.74726340783231,-0.000294615847666435,-0.0434332165509357,-0.0046782270882566,1.74170133320106,0,279.511991803968,81.4799542961139,4.43266228745919e-10,1,0.964588613931257,0,-0.000362443066964202,-0.00058923169533287,0,0,0
15.3,9500.20600311123,1.74159375107078,9500,9500.20788043745,1.74159375107078,1.74159375107078,0,-0.026675498352893,24.4525782588791,9,0,17522.1221759897,-17522.2737627863,1.74159375107078,1.74679453367095,1.74709139985946,-0.000296866188513434,-0.0413599443735159,-0.00464248960494329,1.74155831168898,0,279.499410044034,81.4573959531969,4.46770162625428e-10,1,0.964610282001021,0,-0.000361455483111728,-0.000593732377026868,0,0,0
15.315,9500.20560297876,1.74145019571989,9500,9500.2073939049,1.74145019571989,1.74145019571989,0,-0.0256347682258999,24.4487377744674,9,0,17519.9774165249,-17520.1230892386,1.74145019571989,1.74662012596008,1.74691913044641,-0.000299004486328247,-0.0393858651109765,-0.00460705022314567,1.74141506676428,0,279.48682828417,81.4348376102799,4.50301619482538e-10,1,0.964631953233387,0,-0.000360510778339762,-0.000598008972656494,0,0,0
15.33,9500.20521845723,1.74130643665598,9500,9500.206929764,1.74130643665598,1.74130643665598,0,-0.0246465659000649,24.4448988701294,9,0,17517.8312608114,-17517.9713179386,1.74130643665598,1.74644556895892,1.74674658487142,-0.000301015912501645,-0.0375182494386379,-0.0045719212675317,1.74127161586638,0,279.474246524376,81.4122792673629,4.53860751742491e-10,1,0.964653627515108,0,-0.000359605479023362,-0.000602031825003291,0,0,0
15.345,9500.20484875875,1.74116250171021,9500,9500.20648625746,1.74116250171021,1.74116250171021,0,-0.0236919836178079,24.4410609912773,9,0,17515.6838351032,-17515.8184676945,1.74116250171021,1.7462708627733,1.74657375646484,-0.000302893691531914,-0.0357594620026858,-0.00453710047792866,1.74112797491231,0,279.461664764652,81.3897209244459,4.57447871986425e-10,1,0.964675304766451,0,-0.000358736497508838,-0.000605787383063827,0,0,0
15.36,9500.20449337899,1.74101841365202,9500,9500.2060618792,1.74101841365202,1.74101841365202,0,-0.0227557166620205,24.4372236864558,9,0,17513.5352434663,-17513.6645556014,1.74101841365202,1.74609600751326,1.74640064560207,-0.000304638088803433,-0.0341076396035775,-0.0045025736800266,1.74098415765563,0,279.449083004999,81.367162581529,4.61062491190619e-10,1,0.964696984936471,0,-0.000357901190785492,-0.000609276177606866,0,0,0
15.375,9500.20415204324,1.74087418978758,9500,9500.20565538276,1.74087418978758,1.74087418978758,0,-0.0218262570792381,24.4333866142042,9,0,17511.3855655836,-17511.5095959468,1.74087418978758,1.74592100328198,1.74622725844224,-0.000306255160261726,-0.0325575026533919,-0.0044683176836402,1.74084017527782,0,279.436501245417,81.344604238612,4.64704921778259e-10,1,0.964718667997532,0,-0.000357097367246428,-0.000612510320523452,0,0,0
15.39,9500.20382464938,1.74072984196281,9500,9500.20526577353,1.74072984196281,1.74072984196281,0,-0.0208958228867643,24.4295495420216,9,0,17509.2348564458,-17509.3535994993,1.74072984196281,1.74574585018582,1.74605360556113,-0.000307755375312135,-0.0311012256578834,-0.00443430317387294,1.74069603626132,0,279.423919485905,81.322045895695,4.68374514492633e-10,1,0.96474035393953,0,-0.000356323274237624,-0.000615510750624271,0,0,0
15.405,9500.20351121204,1.74058537689588,9500,9500.2048922882,1.74058537689588,1.74058537689588,0,-0.0199600761981346,24.42571233895,9,0,17507.0831475988,-17507.1965731543,1.74058537689588,1.74557054832807,1.74587970055918,-0.000309152231104504,-0.0297293031843747,-0.00440049747238036,1.74055174639348,0,279.411337726464,81.299487552778,4.72072222619412e-10,1,0.964762042764204,0,-0.000355577564548515,-0.000618304462209007,0,0,0
15.42,9500.2032118109,1.7404407967577,9500,9500.20453436505,1.7404407967577,1.7404407967577,0,-0.0190176868846592,24.4218749634245,9,0,17504.9304495817,-17505.0385198921,1.7404407967577,1.74539509781134,1.74570555874553,-0.000310460934187518,-0.0284313592830961,-0.00436686696997857,1.74040730897298,0,279.398755967095,81.276929209861,4.75797877507682e-10,1,0.964783734479911,0,-0.000354859241260108,-0.000620921868375035,0,0,0
15.435,9500.20292654559,1.7402960999194,9500,9500.20419160861,1.7402960999194,1.7402960999194,0,-0.018069796898119,24.4180374479886,9,0,17502.7767551839,-17502.8794389916,1.7402960999194,1.74521949873997,1.74553119596603,-0.000311697226062613,-0.0271968619313736,-0.00433337918526222,1.74026272510258,0,279.386174207797,81.254370866944,4.79551470750561e-10,1,0.96480542909703,0,-0.000354167596741783,-0.000623394452125225,0,0,0
15.45,9500.20265549864,1.74015128179029,9500,9500.20386375172,1.74015128179029,1.74015128179029,0,-0.0171194356214463,24.4141998823912,9,0,17500.6220431757,-17500.7193264376,1.74015128179029,1.74504375121463,1.74535662759855,-0.000312876383922189,-0.0260157165676467,-0.00430000436844225,1.74011799407834,0,279.37359244857,81.231812524027,4.83333634677445e-10,1,0.964827126624202,0,-0.000353502146183793,-0.000625752767844379,0,0,0
15.465,9500.20239870711,1.74000633567877,9500,9500.20355061783,1.74000633567877,1.74000633567877,0,-0.016170931254976,24.4103623963907,9,0,17498.4662821956,-17498.5581754643,1.74000633567877,1.74486785533437,1.74518186778393,-0.00031401244955398,-0.02487872514418,-0.00426671665649137,1.73997311377877,0,279.361010689415,81.20925418111,4.87145001366655e-10,1,0.964848827065455,0,-0.000352862564313439,-0.00062802489910796,0,0,0
15.48,9500.20215614314,1.73986125361985,9500,9500.20325208577,1.73986125361985,1.73986125361985,0,-0.015229354139307,24.4065251433529,9,0,17496.3094345314,-17496.3959771723,1.73986125361985,1.7446918112017,1.74500692885272,-0.000315117651016994,-0.0237779078545429,-0.00423349475649526,1.73982808114317,0,279.348428930331,81.1866958381931,4.90985241723968e-10,1,0.964870530418223,0,-0.000352248618862516,-0.000630235302033988,0,0,0
15.495,9500.20192770282,1.73971602712521,9500,9500.20296805853,1.73971602712521,1.73971602712521,0,-0.0143000204657879,24.4026882854976,9,0,17494.151459582,-17494.2327211703,1.73971602712521,1.74451561891433,1.74483182097739,-0.000316202063059157,-0.0227066933413689,-0.00420032227981704,1.7396828925084,0,279.335847171318,81.1641374952761,4.94854987632222e-10,1,0.964892236672215,0,-0.000351660122740904,-0.000632404126118313,0,0,0
15.51,9500.20171320252,1.7395706478248,9500,9500.20269843735,1.7395706478248,1.7395706478248,0,-0.013388074607411,24.398851981378,9,0,17491.9923168531,-17492.0683961975,1.7395706478248,1.74433927857011,1.74465655201756,-0.000317273447448807,-0.0216599902479715,-0.00416718766300228,1.73953754401221,0,279.323265412378,81.1415791523591,4.98754230248592e-10,1,0.964913945809039,0,-0.000351096884917856,-0.000634546894897614,0,0,0
15.525,9500.2015123814,1.73942510798113,9500,9500.20244310143,1.73942510798113,1.73942510798113,0,-0.012498160526895,24.3950163759375,9,0,17489.8319683918,-17489.902990691,1.73942510798113,1.74416279026673,1.74448112752707,-0.000318337260333479,-0.0206341577499799,-0.00413408385041247,1.73939203189566,0,279.31068365351,81.1190208094421,5.02684081507671e-10,1,0.964935657802464,0,-0.000350558677584267,-0.000636674520666958,0,0,0
15.54,9500.20132490899,1.73927940086901,9500,9500.2022018937,1.73927940086901,1.73927940086901,0,-0.0116341868551829,24.3911815932645,9,0,17487.6703806111,-17487.7364932747,1.73927940086901,1.74398615410299,1.7443055509002,-0.000319396797216598,-0.0196268956153311,-0.00410100776494193,1.73924635274361,0,279.298101894713,81.0964624665251,5.06644052006523e-10,1,0.964957372619185,0,-0.000350045205411931,-0.000638793594433196,0,0,0
15.555,9500.20115039619,1.73913352102212,9500,9500.20197461215,1.73913352102212,1.73913352102212,0,-0.0107991808520055,24.3873477319908,9,0,17485.5075255131,-17485.5688931537,1.73913352102212,1.74380937017159,1.7441298236302,-0.00032045345860654,-0.0186370750531701,-0.00406795963954809,1.73910050361483,0,279.285520135989,81.0739041236081,5.1063477308848e-10,1,0.964979090219929,0,-0.000349556103401705,-0.00064090691721308,0,0,0
15.57,9500.20098840847,1.73898746435701,9500,9500.20176100628,1.73898746435701,1.73898746435701,0,-0.00999522482332139,24.3835148631122,9,0,17483.3433813463,-17483.4001804093,1.73898746435701,1.74363243856931,1.74395394561409,-0.000321507044784397,-0.0176645320327664,-0.00403494223225742,1.73895448224748,0,279.272938377336,81.0513457806912,5.14656395684589e-10,1,0.96500081056082,0,-0.000349090918047912,-0.000643014089568794,0,0,0
15.585,9500.2008384801,1.73884122818917,9500,9500.2015607779,1.73884122818917,1.73884122818917,0,-0.0092234629622295,24.3796830299169,9,0,17481.1779327587,-17481.2303461917,1.73884122818917,1.74345535938987,1.74377791551311,-0.000322556123239615,-0.0167098420767982,-0.00400196012272591,1.73880828702066,0,279.260356618756,81.0287874377742,5.18709710861217e-10,1,0.965022533594797,0,-0.000348649112446919,-0.000645112246479229,0,0,0
15.6,9500.20070012816,1.73869481116041,9500,9500.2013735854,1.73869481116041,1.73869481116041,0,-0.00848416421182881,24.3758522496369,9,0,17479.0111705418,-17479.0593828204,1.73869481116041,1.7432781327255,1.74360173111218,-0.000323598386678281,-0.0157740937705887,-0.00396901895422119,1.73866191699792,0,279.247774860249,81.0062290948572,5.22794229152125e-10,1,0.965044259273049,0,-0.000348230080676082,-0.000647196773356562,0,0,0
15.615,9500.20057286569,1.73854821309868,9500,9500.20119905054,1.73854821309868,1.73854821309868,0,-0.00777682951439527,24.3720225163978,9,0,17476.8430910385,-17476.8872838024,1.73854821309868,1.7431007586703,1.74342538966558,-0.000324630995279795,-0.0148586748978845,-0.00393612479172956,1.73851537188801,0,279.235193101814,80.9836707519402,5.26910421372354e-10,1,0.965065987546359,0,-0.000347833150251775,-0.000649261990559591,0,0,0
15.63,9500.20045621325,1.73840143483104,9500,9500.20103676691,1.73840143483104,1.73840143483104,0,-0.00710032538547767,24.3681938050487,9,0,17474.6736953332,-17474.714043781,1.73840143483104,1.74292323731694,1.74324888820877,-0.0003256508918279,-0.0139650817416903,-0.00390328358105263,1.73836865195223,0,279.222611343452,80.9611124090232,5.31058918154353e-10,1,0.965087718366261,0,-0.000347457598012912,-0.0006513017836558,0,0,0
15.645,9500.20034970837,1.7382544779702,9500,9500.20088630917,1.7382544779702,1.7382544779702,0,-0.00645303295314529,24.3643660754712,9,0,17472.5029883012,-17472.5396584319,1.7382544779702,1.74274556875402,1.74307222382714,-0.000326655073121129,-0.0130947588455497,-0.00387050070224371,1.73822175790553,0,279.210029585163,80.9385540661062,5.35239389991916e-10,1,0.965109451686011,0,-0.000347102678481814,-0.000653310146242259,0,0,0
15.66,9500.20025291288,1.73810734469201,9500,9500.20074724237,1.73810734469201,1.73810734469201,0,-0.00583300028828464,24.3605392770292,9,0,17470.3309776027,-17470.3641243234,1.73810734469201,1.74256775307256,1.74289539386334,-0.000327640790779515,-0.0122489729856047,-0.00383778063757689,1.73807469085342,0,279.197447826947,80.9159957231892,5.39452147371881e-10,1,0.965131187461332,0,-0.000346767620413191,-0.000655281581559031,0,0,0
15.675,9500.20016541787,1.73796003751983,9500,9500.2006191307,1.73796003751983,1.73796003751983,0,-0.00523808699131929,24.3567133528439,9,0,17468.1576726983,-17468.1874387529,1.73796003751983,1.74238979036202,1.74271839608123,-0.000328605719211339,-0.0114287230939408,-0.00380512679898826,1.73792745212461,0,279.184866068804,80.8934373802722,5.43697980506734e-10,1,0.965152925650912,0,-0.000346451655291569,-0.000657211438422678,0,0,0
15.69,9500.20008684657,1.7378125591268,9500,9500.20050154535,1.7378125591268,1.7378125591268,0,-0.00466609514342533,24.3528882436846,9,0,17465.983083935,-17466.0095995774,1.7378125591268,1.74221168071263,1.74254122876,-0.00032954804737173,-0.0106346843235038,-0.00377254140376837,1.73778004321412,0,279.172284310733,80.8708790373553,5.47975600138913e-10,1,0.965174666216704,0,-0.000346154028500356,-0.000659096094743461,0,0,0
15.705,9500.20001685514,1.7376649121653,9500,9500.20039407098,1.7376649121653,1.7376649121653,0,-0.00411488001003602,24.3490638912982,9,0,17463.8072217493,-17463.8306050458,1.7376649121653,1.74203342421124,1.74236389074568,-0.00033046653443769,-0.00986718363810319,-0.00374002549107999,1.73763246565128,0,279.159702552736,80.8483206944383,5.52287235731703e-10,1,0.965196409124001,0,-0.000345874008975677,-0.00066093306887538,0,0,0
15.72,9500.19995513194,1.73751709912843,9500,9500.20029631078,1.73751709912843,1.73751709912843,0,-0.00358243837285526,24.3452402410867,9,0,17461.6300960115,-17461.6504536448,1.73751709912843,1.74185502094306,1.74218638145684,-0.000331360513781354,-0.00912620231468371,-0.00370757897706642,1.73748472093843,0,279.147120794814,80.8257623515213,5.56631757891496e-10,1,0.965218154341361,0,-0.000345610901355764,-0.000662721027562707,0,0,0
15.735,9500.19990139536,1.73736912224658,9500,9500.20020789002,1.73736912224658,1.73736912224658,0,-0.00306697258430406,24.3414172440835,9,0,17459.4517155281,-17459.4691439655,1.73736912224658,1.74167647099662,1.74200870085171,-0.000332229855089849,-0.0084114003705544,-0.00367520078706507,1.73733681049937,0,279.134539036963,80.8032040086043,5.61009636537322e-10,1,0.9652399018404,0,-0.000345364041344443,-0.000664459710179699,0,0,0
15.75,9500.19985539078,1.73722098341826,9500,9500.2001284581,1.73722098341826,1.73722098341826,0,-0.00256693130438613,24.3375948582428,9,0,17457.2720876988,-17457.2866745918,1.73722098341826,1.74149777445863,1.74183084936856,-0.000333074909928399,-0.00772215710012989,-0.00364288903985899,1.73718873559892,0,279.121957279188,80.7806456656873,5.65421181523099e-10,1,0.965261651595462,0,-0.000345132813410531,-0.000666149819856798,0,0,0
15.765,9500.19981688681,1.73707268417337,9500,9500.20005768929,1.73707268417337,1.73707268417337,0,-0.00208102889842326,24.3337730490917,9,0,17455.0912183224,-17455.103044017,1.73707268417337,1.74131893140935,1.74165282784746,-0.000333896438118098,-0.00705762233374491,-0.00361064122051347,1.7370404973126,0,279.109375521486,80.7580873227703,5.69866542716684e-10,1,0.965283403583259,0,-0.000344916647779803,-0.000667792876236195,0,0,0
15.78,9500.19978567137,1.73692422566515,9500,9500.19999528232,1.73692422566515,1.73692422566515,0,-0.00160824566807721,24.3299517898182,9,0,17452.9091115373,-17452.918250585,1.73692422566515,1.74113994193609,1.7414746374363,-0.000334695500210813,-0.00641677336443421,-0.00357845435973547,1.73689209657593,0,279.096793763857,80.7355289798533,5.74346189601079e-10,1,0.96530515778246,0,-0.000344715008122165,-0.000669391000421626,0,0,0
15.795,9500.19976154769,1.73677560868579,9500,9500.19994095902,1.73677560868579,1.73677560868579,0,-0.00114781301325754,24.3261310608986,9,0,17450.7257698722,-17450.7322924564,1.73677560868579,1.74096080612341,1.74129627950702,-0.000335473383611395,-0.0057984728286408,-0.00354632527051435,1.73674353408568,0,279.084212006303,80.7129706369364,5.78859792343929e-10,1,0.965326914173281,0,-0.0003445274062297,-0.000670946767222791,0,0,0
15.81,9500.19974433049,1.73662683370052,9500,9500.19989446233,1.73662683370052,1.73662683370052,0,-0.000699186960714989,24.3223108493713,9,0,17448.5411943852,-17448.5451675984,1.73662683370052,1.74078152405032,1.74111775555534,-0.00033623150502371,-0.00520152392320435,-0.00351425067039957,1.73659481036987,0,279.071630248823,80.6904122940194,5.83408459520138e-10,1,0.965348672737115,0,-0.000344353390540064,-0.000672463010047419,0,0,0
15.825,9500.19973384269,1.73647790089484,9500,9500.19985555379,1.73647790089484,1.73647790089484,0,-0.000262013636975732,24.3184911478591,9,0,17446.3553848668,-17446.3568737905,1.73647790089484,1.74060209580168,1.74093906712888,-0.000336971327199898,-0.00462472016802684,-0.00348222733974524,1.73644592580753,0,279.059048491417,80.6678539511024,5.87991861123139e-10,1,0.965370433456178,0,-0.000344192537632626,-0.000673942654399795,0,0,0
15.84,9500.19972991249,1.73632881022927,9500,9500.19982401084,1.73632881022927,1.73632881022927,0,0.000163909217942176,24.3146719534563,9,0,17444.16834008,-17444.1674086463,1.73632881022927,1.740422521455,1.74076021574804,-0.000337694293043311,-0.00406688746061952,-0.00345025225243845,1.73629688061648,0,279.046466734086,80.6452956081854,5.92610146606213e-10,1,0.965392196313222,0,-0.000344044456260351,-0.000675388586086623,0,0,0
15.855,9500.19973237112,1.73617956149709,9500,9500.19979962407,1.73617956149709,1.73617956149709,0,0.000578672393337953,24.3108532665674,9,0,17441.9800580205,-17441.9767696457,1.73617956149709,1.7402428010933,1.74058120285193,-0.000338401758628981,-0.00352691733787178,-0.00341832263963959,1.7361476749364,0,279.033884976829,80.6227372652684,5.97264104409986e-10,1,0.965413961291313,0,-0.000343908774834256,-0.000676803517257962,0,0,0
15.87,9500.19974105121,1.73603015438119,9500,9500.19978219463,1.73603015438119,1.73603015438119,0,0.000982293909500494,24.3070350897699,9,0,17439.7905361744,-17439.7849541723,1.73603015438119,1.74006293479536,1.74040202976355,-0.000339094968195175,-0.00300379124408281,-0.00338643607895173,1.73599830878002,0,279.021303219647,80.6001789223514,6.01953244692302e-10,1,0.965435728373646,0,-0.000343785141690534,-0.00067818993639035,0,0,0
15.885,9500.19975578562,1.73588058850651,9500,9500.1997715318,1.73588058850651,1.73588058850651,0,0.00137475379374511,24.3032174267786,9,0,17437.599771757,-17437.5919595548,1.73588058850651,1.73988292263955,1.74022269764677,-0.000339775007214715,-0.00249659564874867,-0.00335459047778097,1.73584878214734,0,279.008721462539,80.5776205794344,6.06678834840378e-10,1,0.965457497543449,0,-0.000343673220690732,-0.000679550014429431,0,0,0
15.9,9500.19977640693,1.73573086348572,9500,9500.19976745098,1.73573086348572,1.73573086348572,0,0.00175602451740698,24.2994002815442,9,0,17435.4077619256,-17435.397783107,1.73573086348572,1.73970276470348,1.7400432075081,-0.000340442804620977,-0.00200452891152657,-0.00332278411861564,1.73569909497563,0,278.996139705506,80.5550622365175,6.11440065447444e-10,1,0.965479268783911,0,-0.000343572687443006,-0.000680885609241955,0,0,0
15.915,9500.19980274729,1.73558097895701,9500,9500.19976977202,1.73558097895701,1.73558097895701,0,0.00212609505338711,24.2955836575178,9,0,17433.2145039551,-17433.2024221666,1.73558097895701,1.73952246106753,1.73986356018349,-0.000341099115960253,-0.00152690112976765,-0.0032910156085213,1.73554924722709,0,278.983557948548,80.5325038936005,6.16238363215122e-10,1,0.965501042078183,0,-0.000343483217661866,-0.000682198231920506,0,0,0
15.93,9500.19983463872,1.73543093461257,9500,9500.19977831798,1.73543093461257,1.73543093461257,0,0.0024849895159737,24.2917675571002,9,0,17431.0199953751,-17431.0058741261,1.73543093461257,1.73934201180365,1.73968375634969,-0.000341744546034528,-0.00106312790391808,-0.00325928387859253,1.73539923883299,0,278.970976191666,80.5099455506835,6.21072599345881e-10,1,0.965522817409394,0,-0.000343404505649181,-0.000683489092069056,0,0,0
15.945,9500.19987191356,1.73528073021849,9500,9500.1997929142,1.73528073021849,1.73528073021849,0,0.0028327789522242,24.2879519812629,9,0,17428.8242340658,-17428.8081364618,1.73528073021849,1.73916141699111,1.73950379653904,-0.000342379547929816,-0.0006127199562779,-0.00322758809901025,1.73524906979624,0,278.958394434859,80.4873872077665,6.25944359840755e-10,1,0.965544594760711,0,-0.000343336240171022,-0.000684759095859633,0,0,0
15.96,9500.19991440525,1.73513036562571,9500,9500.19981338787,1.73513036562571,1.73513036562571,0,0.00316958756508214,24.284136929348,9,0,17426.6272183116,-17426.6092067524,1.73513036562571,1.73898067670295,1.73932368115819,-0.000343004455245932,-0.000175269439879736,-0.00319592767675969,1.7350987401157,0,278.945812678127,80.4648288648496,6.30853154597723e-10,1,0.965566374115407,0,-0.000343278117481027,-0.000686008910491864,0,0,0
15.975,9500.19996194906,1.73497984077371,9500,9500.19983956779,1.73497984077371,1.73497984077371,0,0.00349559426568232,24.2803223990091,9,0,17424.4289468252,-17424.409082694,1.73497984077371,1.73879979101474,1.73914341051453,-0.000343619499792114,0.000249565123292594,-0.00316430216674535,1.73494824984841,0,278.933230921471,80.4422705219326,6.3579945152628e-10,1,0.965588155456943,0,-0.000343229835759296,-0.000687238999584228,0,0,0
15.99,9500.20001438297,1.73482915568761,9500,9500.19987128442,1.73482915568761,1.73482915568761,0,0.00381102973896708,24.2765083862816,9,0,17422.229418737,-17422.2077621059,1.73482915568761,1.7386187599994,1.73896298483794,-0.000344224838540796,0.000662074515549714,-0.00313271124144543,1.73479759908087,0,278.92064916489,80.4197121790155,6.40783877972154e-10,1,0.96560993876905,0,-0.000343191096695561,-0.000688449677081593,0,0,0
16.005,9500.20007154842,1.73467831047038,9500,9500.1999083702,1.73467831047038,1.73467831047038,0,0.00411617056681288,24.2726948857481,9,0,17420.0286335636,-17420.0052429332,1.73467831047038,1.73843758373097,1.73878240430219,-0.000344820571228421,0.00106251381952196,-0.00310115463470706,1.7346467879538,0,278.908067408385,80.3971538360986,6.45806103402173e-10,1,0.96563172403581,0,-0.00034316160447645,-0.000689641142456843,0,0,0
16.02,9500.20013329098,1.73452730529136,9500,9500.19995065988,1.73452730529136,1.73452730529136,0,0.00441133091761015,24.2688818907725,9,0,17417.8265911572,-17417.8015232428,1.73452730529136,1.73825626228034,1.73860166905743,-0.000345406777089607,0.00145111613569469,-0.00306963211813205,1.73449581660803,0,278.895485651956,80.3745954931816,6.50866914538398e-10,1,0.965653511241726,0,-0.000343141072813413,-0.000690813554179215,0,0,0
16.035,9500.20019946094,1.73437614037266,9500,9500.19999799101,1.73437614037266,1.73437614037266,0,0.00469685337718268,24.2650693937755,9,0,17415.623291646,-17415.596601216,1.73437614037266,1.73807479572004,1.73842077923524,-0.00034598351520021,0.00182810433859297,-0.00303814343479636,1.73434468525485,0,278.882903895602,80.3520371502646,6.55966299922817e-10,1,0.965675300371779,0,-0.000343129211692439,-0.00069196703040042,0,0,0
16.05,9500.20026991374,1.73422481597427,9500,9500.20005020446,1.73422481597427,1.73422481597427,0,0.00497309857017123,24.2612573865305,9,0,17413.4187353654,-17413.3904751389,1.73422481597427,1.73789318411929,1.73823973497802,-0.000346550858731032,0.00219370074216213,-0.00300668831698192,1.73419339408485,0,278.870322139325,80.3294788073476,6.61104886332704e-10,1,0.965697091411469,0,-0.000343125745848161,-0.000693101717462064,0,0,0
16.065,9500.20034451022,1.7340733323798,9500,9500.20010714487,1.7340733323798,1.7340733323798,0,0.005240435500538,24.2574458604471,9,0,17411.212922791,-17411.1831433902,1.7340733323798,1.73771142755121,1.73805853643754,-0.000347108886325609,0.00254813409069507,-0.00297526642755441,1.73404194335101,0,278.857740383125,80.3069204644306,6.662823430419e-10,1,0.965718884346844,0,-0.000343130400036751,-0.000694217772651218,0,0,0
16.08,9500.20042311675,1.73392168988266,9500,9500.20016866107,1.73392168988266,1.73392168988266,0,0.00549923316761317,24.2536348068404,9,0,17409.0058544789,-17408.9746044291,1.73392168988266,1.73752952608227,1.73787718379405,-0.000347657711783356,0.00289164449371711,-0.00294387739876489,1.73389033325994,0,278.845158627001,80.2843621215137,6.71499296612847e-10,1,0.965740679164517,0,-0.000343142910107064,-0.000695315423566711,0,0,0
16.095,9500.20050560525,1.73376988877425,9500,9500.20023460644,1.73376988877425,1.73376988877425,0,0.00574985220935454,24.249824217163,9,0,17406.7975310052,-17406.7648567825,1.73376988877425,1.73734747978273,1.73769567725842,-0.000348197475682488,0.00322448595490531,-0.00291252077604587,1.73373856405532,0,278.832576870953,80.2618037785966,6.76756692381655e-10,1,0.965762475851661,0,-0.000343163021302439,-0.000696394951364976,0,0,0
16.11,9500.20059185303,1.73361792933387,9500,9500.20030483917,1.73361792933387,1.73361792933387,0,0.00599263904747622,24.2460140831981,9,0,17404.5879529209,-17404.5538990327,1.73361792933387,1.73716528871999,1.73751401706715,-0.00034872834715971,0.00354692718818365,-0.00288119605711845,1.73358663596856,0,278.819995114981,80.2392454356796,6.82053720860125e-10,1,0.965784274395998,0,-0.000343190483262479,-0.00069745669431942,0,0,0
16.125,9500.20068174262,1.73346581182138,9500,9500.2003792224,1.73346581182138,1.73346581182138,0,0.00622792134807047,24.2422043971987,9,0,17402.3771207157,-17402.3417298073,1.73346581182138,1.73698295296212,1.73733220349101,-0.00034925052888668,0.00385925050974279,-0.00284990269180585,1.73343454921254,0,278.807413359087,80.2166870927627,6.87390848714079e-10,1,0.965806074785774,0,-0.000343225056771201,-0.00069850105777336,0,0,0
16.14,9500.20077516144,1.73331353647177,9500,9500.2004576243,1.73331353647177,1.73331353647177,0,0.00645600461533716,24.238395151989,9,0,17400.1650347895,-17400.1283477703,1.73331353647177,1.73680047257558,1.73715023682514,-0.000349764249555129,0.00416174984853881,-0.00281864008296751,1.7332823039935,0,278.794831603269,80.1941287498457,6.92768542423414e-10,1,0.965827877009737,0,-0.000343266510794304,-0.000699528499110258,0,0,0
16.155,9500.20087200151,1.73316110349199,9500,9500.20053991802,1.73316110349199,1.73316110349199,0,0.00667717082919128,24.2345863410201,9,0,17397.9516954374,-17397.9137516143,1.73316110349199,1.73661784762471,1.73696811738362,-0.000350269758907062,0.00445472780202358,-0.0027874076047063,1.73312990050219,0,278.782249847529,80.1715704069288,6.98187746627648e-10,1,0.9658496810571,0,-0.000343314625729896,-0.000700539517814125,0,0,0
16.17,9500.20097215907,1.73300851306012,9500,9500.2006259816,1.73300851306012,1.73300851306012,0,0.00689167817718491,24.2307779583803,9,0,17395.7371028429,-17395.6979400557,1.73300851306012,1.73643507817636,1.73678584550352,-0.000350767327154333,0.0047384920555962,-0.00275620461491188,1.73297733890714,0,278.769668091865,80.1490120640117,7.03647970697269e-10,1,0.965871486917504,0,-0.000343369186702747,-0.000701534654308666,0,0,0
16.185,9500.20107553424,1.73285576532593,9500,9500.20071569782,1.73285576532593,1.73285576532593,0,0.00709976191432562,24.2269699987775,9,0,17393.5212570779,-17393.4809118295,1.73285576532593,1.73625216429525,1.73660342152443,-0.000351257229183277,0.00501335178935107,-0.0027250304619364,1.73282461937495,0,278.757086336278,80.1264537210947,7.09149680696063e-10,1,0.965893294580982,0,-0.000343429988390653,-0.000702514458366554,0,0,0
16.2,9500.20118203067,1.73270286041284,9500,9500.20080895393,1.73270286041284,1.73270286041284,0,0.0073016361394556,24.2231624574964,9,0,17391.3041581125,-17391.2626656892,1.73270286041284,1.73606910604582,1.73642084579383,-0.000351739748001068,0.00527961415540409,-0.0026938845109552,1.73267174203887,0,278.74450458077,80.1038953781778,7.14693342502344e-10,1,0.965915104037926,0,-0.000343496833152157,-0.000703479496002135,0,0,0
16.215,9500.20129155521,1.73254979842105,9500,9500.20090564143,1.73254979842105,1.73254979842105,0,0.00749749580554764,24.2193553303302,9,0,17389.0858058238,-17389.0432004039,1.73254979842105,1.73588590349032,1.73623811865569,-0.000352215165361658,0.00553758094430504,-0.00266276613698335,1.73251870702262,0,278.731922825338,80.0813370352608,7.20279103037454e-10,1,0.965936915279054,0,-0.00034356953256065,-0.000704430330723316,0,0,0
16.23,9500.20140401765,1.73239657943105,9500,9500.20100565581,1.73239657943105,1.73239657943105,0,0.0076875198411066,24.2155486135088,9,0,17386.8662000147,-17386.8225147598,1.73239657943105,1.73570255669173,1.73605524044963,-0.000352683757905758,0.0057875459083651,-0.0026316747385462,1.73236551443737,0,278.719341069985,80.0587786923438,7.25907587273379e-10,1,0.96595872829538,0,-0.000343647903993549,-0.000705367515811517,0,0,0
16.245,9500.20151933045,1.73224320350766,9500,9500.20110889626,1.73224320350766,1.73224320350766,0,0.00787187375683781,24.2117423036145,9,0,17384.6453404294,-17384.6006075608,1.73224320350766,1.73551906571236,1.73587221150581,-0.000353145793456244,0.00602979240882288,-0.00260060974487186,1.73221216438057,0,278.70675931471,80.0362203494268,7.31578623161808e-10,1,0.965980543078187,0,-0.000343731771682121,-0.000706291586912489,0,0,0
16.26,9500.20163740856,1.73208967070394,9500,9500.20121526541,1.73208967070394,1.73208967070394,0,0.00805071242717417,24.2079363975037,9,0,17382.4232267711,-17382.3774776297,1.73208967070394,1.73533543061177,1.73568903213641,-0.000353601524645253,0.00626459190534269,-0.00256957061778063,1.73205865694469,0,278.694177559514,80.0136620065098,7.37292994753226e-10,1,0.966002359619014,0,-0.000343820965770014,-0.000707203049290506,0,0,0
16.275,9500.20175816924,1.73193598106489,9500,9500.20132466909,1.73193598106489,1.73193598106489,0,0.00822418258693408,24.2041308922307,9,0,17380.1998587179,-17380.1531238108,1.73193598106489,1.73515165145283,1.73550570264505,-0.000354051192214433,0.00649220286010644,-0.00253855685853943,1.73190499220987,0,278.6815958044,79.9911036635928,7.43050529848747e-10,1,0.96602417790963,0,-0.000343915321565857,-0.000708102384428866,0,0,0
16.29,9500.20188153198,1.7317821346308,9500,9500.20143701607,1.7317821346308,1.7317821346308,0,0.008392425461729,24.2003257849813,9,0,17377.9752359399,-17377.9275449718,1.7317821346308,1.73496772829453,1.73532222331312,-0.000354495018591194,0.00671287034032644,-0.00250756800351715,1.73175117025383,0,278.669014049368,79.9685453206758,7.48852012160611e-10,1,0.966045997942031,0,-0.000344014678509641,-0.000708990037182389,0,0,0
16.305,9500.20200741836,1.7316281314401,9500,9500.20155221792,1.7316281314401,1.7316281314401,0,0.00855557829768748,24.1965210730155,9,0,17375.7493581094,-17375.7007400051,1.7316281314401,1.73478366119658,1.73513859440668,-0.000354933210099606,0.00692682600374536,-0.00247660362655178,1.73159719114983,0,278.656432294418,79.9459869777588,7.54697428631593e-10,1,0.966067819708427,0,-0.00034411888476682,-0.000709866420199212,0,0,0
16.32,9500.20213575204,1.73147397153145,9500,9500.20167018881,1.73147397153145,1.73147397153145,0,0.00871377615578338,24.192716753625,9,0,17373.5222249127,-17373.4727078293,1.73147397153145,1.73459945021638,1.73495481617893,-0.000355365962559029,0.00713428865064621,-0.00244566333627727,1.73144305495498,0,278.643850539552,79.9234286348419,7.60587403312794e-10,1,0.966089643201236,0,-0.000344227791949647,-0.000710731925118058,0,0,0
16.335,9500.20226645868,1.73131965494549,9500,9500.20179084534,1.73131965494549,1.73131965494549,0,0.0088671526118496,24.1889128240996,9,0,17371.2938360555,-17371.2434473912,1.73131965494549,1.7344150954137,1.73477088886461,-0.000355793450908637,0.00733546492199752,-0.00241474675980458,1.73128876175208,0,278.631268784771,79.9008702919249,7.66522241486937e-10,1,0.96611146841308,0,-0.000344341251642843,-0.000711586901817274,0,0,0
16.35,9500.20239946597,1.73116518172577,9500,9500.20191410648,1.73116518172577,1.73116518172577,0,0.00901584094063787,24.1851092817081,9,0,17369.0641912705,-17369.0129576662,1.73116518172577,1.73423059684513,1.73458681268618,-0.000356215841045504,0.00753055037964805,-0.00238385356638826,1.73113431159665,0,278.618687030076,79.8783119490079,7.72502089069861e-10,1,0.966133295336788,0,-0.000344459124828278,-0.000712431682091008,0,0,0
16.365,9500.20253470359,1.73101055191926,9500,9500.20203989346,1.73101055191926,1.73101055191926,0,0.00915997399364922,24.1813061236869,9,0,17366.8332903165,-17366.7812376579,1.73101055191926,1.7340459545678,1.73440258784968,-0.000356633281879848,0.00771973061582265,-0.00235298343727286,1.73097970456676,0,278.606105275467,79.8557536060909,7.78526614230064e-10,1,0.966155123965388,0,-0.000344581273606925,-0.000713266563759696,0,0,0
16.38,9500.20267210319,1.73085576557644,9500,9500.20216812969,1.73085576557644,1.73085576557644,0,0.00929968461833166,24.1775033472406,9,0,17364.6011329814,-17364.5482863995,1.73085576557644,1.73386116863833,1.73421821456052,-0.000357045922184662,0.00790318246590963,-0.00232213608477516,1.73082494070919,0,278.593523520947,79.833195263174,7.84597555042718e-10,1,0.96617695429211,0,-0.000344707563936231,-0.000714091844369324,0,0,0
16.395,9500.20281159846,1.73070082275079,9500,9500.20229874072,1.73070082275079,1.73070082275079,0,0.00943510493953832,24.1737009495504,9,0,17362.3677190775,-17362.3141029526,1.73070082275079,1.73367623911058,1.73403369300427,-0.000357453893687687,0.00808107524804385,-0.00229131121752379,1.73067002010568,0,278.580941766515,79.8106369202569,7.90714420125101e-10,1,0.96619878631039,0,-0.000344837868784253,-0.000714907787375374,0,0,0
16.41,9500.20295312504,1.73054572349833,9500,9500.20243165422,1.73054572349833,1.73054572349833,0,0.00956636648980298,24.169898927783,9,0,17360.1330484414,-17360.078686406,1.73054572349833,1.73349116604094,1.73384902336653,-0.0003578573255969,0.00825357178214281,-0.002260508572411,1.73051494281733,0,278.568360012174,79.78807857734,7.96877514197673e-10,1,0.966220620013862,0,-0.000344972061451232,-0.0007157146511938,0,0,0
16.425,9500.20309662053,1.73039046787673,9500,9500.2025667999,1.73039046787673,1.73039046787673,0,0.00969359947053308,24.1660972791077,9,0,17357.8971209284,-17357.8420358754,1.73039046787673,1.73330594948264,1.73366420582573,-0.000358256343091279,0.00842082942494824,-0.00222972789140941,1.73035970890505,0,278.555778257923,79.765520234423,8.03087619359563e-10,1,0.966242455396359,0,-0.000345110020464556,-0.000716512686182558,0,0,0
16.44,9500.20324202453,1.73023505594438,9500,9500.20270410954,1.73023505594438,1.73023505594438,0,0.00981693194951257,24.162296000714,9,0,17355.6599364077,-17355.604150502,1.73023505594438,1.73312058949014,1.73347924055445,-0.000358651064307658,0.0085830009029412,-0.00219896891972615,1.7302043184418,0,278.543196503764,79.742961891506,8.09345039947026e-10,1,0.966264292451914,0,-0.000345251626991283,-0.000717302128615316,0,0,0
16.455,9500.20338927851,1.73007948775963,9500,9500.20284351693,1.73007948775963,1.73007948775963,0,0.00993648994891025,24.1584950898268,9,0,17353.4214947606,-17353.3650294513,1.73007948775963,1.73293508611626,1.73329412772595,-0.000359041609685695,0.00874023490736914,-0.00216823141714517,1.73004877147974,0,278.530614749698,79.720403548589,8.15649284496851e-10,1,0.966286131174755,0,-0.000345396767464701,-0.00071808321937139,0,0,0
16.47,9500.20353832586,1.72992376337973,9500,9500.20298495787,1.72992376337973,1.72992376337973,0,0.0100523961245754,24.1546945437255,9,0,17351.1817958723,-17351.1246719111,1.72992376337973,1.7327494394142,1.73310886750604,-0.000359428091833536,0.00889267671859705,-0.00213751513725491,1.72989306809328,0,278.518032995726,79.697845205672,8.22001452935981e-10,1,0.966307971559302,0,-0.000345545328239938,-0.000718856183667071,0,0,0
16.485,9500.2036891118,1.72976788286013,9500,9500.2031283701,1.72976788286013,1.72976788286013,0,0.0101647701169135,24.1508943597567,9,0,17348.9408396317,-17348.8830770907,1.72976788286013,1.73256364943515,1.73292346006181,-0.000359810626660018,0.00904046847776119,-0.00210681985080829,1.72973720833102,0,278.50545124185,79.675286862755,8.28401849235662e-10,1,0.966329813600157,0,-0.000345697202565054,-0.000719621253320035,0,0,0
16.5,9500.20384158335,1.72961184625384,9500,9500.20327369332,1.72961184625384,1.72961184625384,0,0.0102737276013219,24.1470945353475,9,0,17346.6986259262,-17346.6402442202,1.72961184625384,1.73237771623028,1.73273790555596,-0.000360189325681493,0.00918374942515707,-0.00207614532169531,1.72958119225722,0,278.492869488069,79.652728519838,8.34850459068165e-10,1,0.966351657292113,0,-0.000345852286100623,-0.000720378651362985,0,0,0
16.515,9500.20399568926,1.72945565361081,9500,9500.20342086912,1.72945565361081,1.72945565361081,0,0.0103793800785915,24.143295068014,9,0,17344.4551546374,-17344.3961725474,1.72945565361081,1.73219163985012,1.7325522041533,-0.000360564303182764,0.00932265603224843,-0.0020454913250767,1.72942501991868,0,278.480287734385,79.630170176921,8.41347586255314e-10,1,0.966373502630132,0,-0.000346010480341885,-0.000721128606365529,0,0,0
16.53,9500.20415137996,1.7292993049778,9500,9500.20356984094,1.7292993049778,1.7292993049778,0,0.0104818351800407,24.139495955365,9,0,17342.2104256428,-17342.1508613382,1.7292993049778,1.73200542034523,1.73236635601463,-0.000360935669405427,0.00945732188988437,-0.0020148576329424,1.72926869137347,0,278.467705980799,79.6076118340041,8.47894806956899e-10,1,0.966395349609346,0,-0.00034617168460338,-0.000721871338810853,0,0,0
16.545,9500.20430860749,1.72914280039796,9500,9500.20372055405,1.72914280039796,1.72914280039796,0,0.0105811961869436,24.1356971951078,9,0,17339.9644388118,-17339.9043098752,1.72914280039796,1.73181905776421,1.73218036129727,-0.000361303533056079,0.00958787775536249,-0.00198424402861463,1.72911220666948,0,278.455124227313,79.5850534910871,8.54490674916859e-10,1,0.966417198225054,0,-0.000346335804416675,-0.000722607066112158,0,0,0
16.56,9500.20446732543,1.72898613991082,9500,9500.20387295545,1.72898613991082,1.72898613991082,0,0.0106775620299509,24.1318987850478,9,0,17337.7171940054,-17337.6565174572,1.72898613991082,1.73163255215618,1.73199422016238,-0.000361668006202853,0.00971445140131412,-0.0019536503001425,1.72895556584363,0,278.442542473927,79.5624951481701,8.6113692496897e-10,1,0.966439048472711,0,-0.000346502751933819,-0.000723336012405706,0,0,0
16.575,9500.20462748886,1.7288293235525,9500,9500.20402699386,1.7288293235525,1.7288293235525,0,0.0107710278900943,24.1281007230835,9,0,17335.4686910776,-17335.4074833972,1.7288293235525,1.73144590357039,1.73180793275889,-0.000362029188494928,0.00983716741754424,-0.00192307623295163,1.72879876896045,0,278.429960720642,79.5399368052531,8.67833383136405e-10,1,0.966460900347921,0,-0.00034667243355746,-0.000724058376989856,0,0,0
16.59,9500.20478905428,1.72867235135565,9500,9500.20418261965,1.72867235135565,1.72867235135565,0,0.0108616846278902,24.1243030072059,9,0,17333.2189298728,-17333.1572070233,1.72867235135565,1.73125911205328,1.73162149924267,-0.000362387189393854,0.00995614716399997,-0.00189252164090248,1.72864181603359,0,278.417378967459,79.5173784623361,8.74580670483288e-10,1,0.966482753846435,0,-0.000346844767660004,-0.000724774378787707,0,0,0
16.605,9500.20495197955,1.72851522334984,9500,9500.20433978476,1.72851522334984,1.72851522334984,0,0.0109496199239746,24.1205056354905,9,0,17330.967910231,-17330.9056876774,1.72851522334984,1.73107217765431,1.73143491975999,-0.000362742105679104,0.0100715085731988,-0.00186198631883872,1.72848470712411,0,278.40479721438,79.4948201194191,8.81378930889504e-10,1,0.96650460896414,0,-0.000347019667886528,-0.000725484211358207,0,0,0
16.62,9500.20511622385,1.72835793956173,9500,9500.20449844269,1.72835793956173,1.72835793956173,0,0.011034917642779,24.1167086060931,9,0,17328.7156319844,-17328.652924715,1.72835793956173,1.730885100418,1.73124819445788,-0.000363094039885326,0.0101833661036553,-0.00183147009310836,1.72832744224512,0,278.392215461405,79.4722617765022,8.88228308176175e-10,1,0.96652646569706,0,-0.000347197057198434,-0.000726188079770651,0,0,0
16.635,9500.20528174761,1.72820050001541,9500,9500.2046585484,1.72820050001541,1.72820050001541,0,0.0111176584815924,24.1129119172413,9,0,17326.4620949602,-17326.3989175048,1.72820050001541,1.73069788038906,1.73106132347592,-0.000363443086856208,0.010291830649962,-0.00180097277649205,1.72817002143885,0,278.379633708536,79.4497034335852,8.95129581898338e-10,1,0.966548324041343,0,-0.000347376859356263,-0.000726886173712415,0,0,0
16.65,9500.20544851249,1.72804290473271,9500,9500.20482005827,1.72804290473271,1.72804290473271,0,0.0111979204372369,24.1091155672288,9,0,17324.207298983,-17324.1436654281,1.72804290473271,1.73051051761646,1.73087430695484,-0.000363789338375664,0.0103970094995837,-0.00177049419993747,1.72801244473977,0,278.367051955772,79.4271450906682,9.02083213437558e-10,1,0.966570183993261,0,-0.000347558995422714,-0.000727578676751328,0,0,0
16.665,9500.2056164813,1.72788515373357,9500,9500.20498293004,1.72788515373357,1.72788515373357,0,0.0112757786057331,24.1053195544063,9,0,17321.9512438742,-17321.8871678795,1.72788515373357,1.73032301214223,1.73068714502569,-0.000364132883465373,0.01049900629921,-0.00174003420700597,1.72785471216829,0,278.354470203116,79.4045867477512,9.09089028324168e-10,1,0.966592045549206,0,-0.000347743394571109,-0.000728265766930747,0,0,0
16.68,9500.20578561798,1.72772724703621,9500,9500.20514712276,1.72772724703621,1.72772724703621,0,0.0113513058261507,24.1015238771785,9,0,17319.693929454,-17319.6294242655,1.72772724703621,1.73013536401325,1.73049983782233,-0.000364473809082444,0.0105979211894931,-0.00170959264172144,1.72769682375336,0,278.34188845057,79.3820284048342,9.16148123365541e-10,1,0.966613908705681,0,-0.000347929986185935,-0.000728947618164888,0,0,0
16.695,9500.20595588757,1.72756918465739,9500,9500.20531259678,1.72756918465739,1.72756918465739,0,0.0114245724976436,24.0977285339982,9,0,17317.4353555419,-17317.3704340054,1.72756918465739,1.72994757326998,1.73031238546834,-0.000364812198357267,0.0106938508295104,-0.00167916935886847,1.7275387795144,0,278.329306698133,79.3594700619173,9.23260006078587e-10,1,0.966635773459304,0,-0.000348118703392908,-0.000729624396714534,0,0,0
16.71,9500.20612725615,1.72741096661261,9500,9500.20547931363,1.72741096661261,1.72741096661261,0,0.0114956470293345,24.0939335233606,9,0,17315.1755219573,-17315.1101965299,1.72741096661261,1.72975963995868,1.73012478809016,-0.000365148131480364,0.0107868884962876,-0.00164876421588089,1.72738057947984,0,278.316724945806,79.3369117190002,9.30425931743018e-10,1,0.966657639806799,0,-0.000348309479714093,-0.000730296262960728,0,0,0
16.725,9500.20629969086,1.7272525929164,9500,9500.20564723603,1.7272525929164,1.7272525929164,0,0.0115645959839082,24.0901388437984,9,0,17312.9144285216,-17312.848711282,1.7272525929164,1.72957156411875,1.72993704580233,-0.0003654816835863,0.0108771241623079,-0.00161837708311241,1.72722222366846,0,278.304143193591,79.3143533760833,9.37645725452356e-10,1,0.966679507744991,0,-0.000348502252260241,-0.000730963367172599,0,0,0
16.74,9500.2064731598,1.72709406358223,9500,9500.20581632786,1.72709406358223,1.72709406358223,0,0.011631483874381,24.0863444938828,9,0,17310.6520750555,-17310.5859777161,1.72709406358223,1.72938334579579,1.72974915872474,-0.000365812928951215,0.010964644743643,-0.00158800783517443,1.72706371210272,0,278.291561441488,79.2917950331663,9.44920483078219e-10,1,0.96670137727081,0,-0.00034869695718287,-0.000731625857902429,0,0,0
16.755,9500.20664763206,1.72693537862268,9500,9500.20598655407,1.72693537862268,1.72693537862268,0,0.0116963737425244,24.0825504722191,9,0,17308.388461383,-17308.3219952977,1.72693537862268,1.72919498502982,1.72956112696973,-0.000366141939906806,0.0110495341859025,-0.00155765635566008,1.72690504479435,0,278.2789796895,79.2692366902493,9.5224971182588e-10,1,0.966723248381282,0,-0.000348893535772943,-0.000732283879813611,0,0,0
16.77,9500.20682307766,1.72677653804958,9500,9500.20615788069,1.72677653804958,1.72677653804958,0,0.0117593265700196,24.0787567774443,9,0,17306.1235873272,-17306.0567635035,1.72677653804958,1.72900648186216,1.72937295064566,-0.000366468783499441,0.0111318735579952,-0.00152732252732957,1.72674622176784,0,278.266397937627,79.2466783473323,9.59634507169631e-10,1,0.966745121073531,0,-0.000349091929443102,-0.000732937566998881,0,0,0
16.785,9500.20699946756,1.72661754187383,9500,9500.2063302748,1.72661754187383,1.72661754187383,0,0.0118204020919561,24.07496340823,9,0,17303.8574527153,-17303.7902818211,1.72661754187383,1.72881783633243,1.72918462986011,-0.000366793527680986,0.0112117413397416,-0.00149700624558213,1.72658724303148,0,278.253816185869,79.2241200044153,9.67074376229313e-10,1,0.966766995344773,0,-0.000349292083184904,-0.000733587055361973,0,0,0
16.8,9500.20717677359,1.7264583901056,9500,9500.20650370447,1.7264583901056,1.7264583901056,0,0.0118796582797821,24.0711703632767,9,0,17301.5900573738,-17301.5225497478,1.7264583901056,1.72862904848202,1.7289961647168,-0.000367116234775589,0.0112892134044521,-0.00146670740323618,1.72642810860924,0,278.241234434229,79.2015616614984,9.74570890411964e-10,1,0.966788871192313,0,-0.000349493939977075,-0.000734232469551177,0,0,0
16.815,9500.20735496847,1.72629908275416,9500,9500.20667813875,1.72629908275416,1.72629908275416,0,0.0119371514628954,24.0673776413186,9,0,17299.321401131,-17299.2535667916,1.72629908275416,1.72844011834919,1.72880755531716,-0.000367436967972701,0.0113643632735975,-0.00143642590687643,1.72626881850637,0,278.228652682706,79.1790033185814,9.82123556611883e-10,1,0.966810748613547,0,-0.000349697449841591,-0.000734873935945402,0,0,0
16.83,9500.20753402574,1.72613961982796,9500,9500.20685354763,1.72613961982796,1.72613961982796,0,0.0119929364004393,24.0635852411212,9,0,17297.0514838153,-17296.9833324698,1.72613961982796,1.72825104597282,1.7286188017623,-0.000367755789479896,0.011437262181027,-0.00140616165907992,1.72610937273478,0,278.216070931303,79.1564449756644,9.89733786860016e-10,1,0.966832627605955,0,-0.000349902561671778,-0.000735511578959791,0,0,0
16.845,9500.20771391978,1.72598000133448,9500,9500.20702990204,1.72598000133448,1.72598000133448,0,0.0120470662975153,24.0597931614828,9,0,17294.7803052562,-17294.7118463096,1.72598000133448,1.72806183139274,1.72842990414541,-0.000368072752668924,0.0115079792034537,-0.0013759145659058,1.7259497713215,0,278.20348918002,79.1338866327474,9.97400452952572e-10,1,0.966854508167102,0,-0.000350109224104278,-0.000736145505337849,0,0,0
16.86,9500.20789462578,1.72582022728027,9500,9500.20720717379,1.72582022728027,1.72582022728027,0,0.0121014960083564,24.056001403371,10,0,17292.5078547242,-17292.4390864727,1.72582022728027,1.72787247464576,1.72824086256502,-0.000368387919255975,0.0115765813620757,-0.00134568455293094,1.72579001425432,0,278.190907428858,79.1113282898304,2.24349805870647e-10,1,0.966876390294631,0,-0.000350317390563015,-0.000736775838511949,0,0,0
16.875,9500.20807614822,1.72566029767094,9500,9500.20738533557,1.72566029767094,1.72566029767094,0,0.0121524502815707,24.0522099618959,10,0,17290.2341532414,-17290.1650954346,1.72566029767094,1.72768297576852,1.72805167711158,-0.00036870134305822,0.011643133674896,-0.00131547152698319,1.72563010155542,0,278.178325677819,79.0887699469134,2.26288671462082e-10,1,0.966898273989175,0,-0.000350527016183433,-0.00073740268611644,0,0,0
16.89,9500.20825843497,1.72550021232323,9500,9500.2075643683,1.72550021232323,1.72550021232323,0,0.012201779079912,24.0484188412392,10,0,17287.9591891171,-17287.8898509919,1.72550021232323,1.7274933347991,1.72786234805765,-0.000369013258542994,0.0117078083440616,-0.00128527541146783,1.72547003287055,0,278.165743926903,79.0662116039964,2.2824587958547e-10,1,0.966920159245595,0,-0.00035073806507957,-0.000738026517085988,0,0,0
16.905,9500.20844146166,1.72533997128581,9500,9500.20774424435,1.72533997128581,1.72533997128581,0,0.0122495606468573,24.0446280394166,10,0,17285.6829623816,-17285.6133527304,1.72533997128581,1.72730355177424,1.72767287540737,-0.000369323633131247,0.0117706131131794,-0.00125509595878337,1.72530980854919,0,278.153162176111,79.0436532610794,2.30219362124733e-10,1,0.966942046061584,0,-0.000350950491433188,-0.000738647266262493,0,0,0
16.92,9500.20862520507,1.72517957460649,9500,9500.20792493693,1.72517957460649,1.72517957460649,0,0.012295871230642,24.0408375544802,10,0,17283.4054730673,-17283.3356002491,1.72517957460649,1.72711362672921,1.72748325917707,-0.000369632447865254,0.0118315665397545,-0.00122493322216477,1.72514942861131,0,278.140580425446,79.0210949181624,2.32209431554905e-10,1,0.966963934434949,0,-0.000351164251135794,-0.000739264895730507,0,0,0
16.935,9500.20880964314,1.72501902232976,9500,9500.20810642018,1.72501902232976,1.72501902232976,0,0.0123407834283126,24.0370473845673,10,0,17281.1267211969,-17281.0565931582,1.72501902232976,1.72692355969865,1.72729349940596,-0.000369939707308697,0.0118906966761217,-0.00119478722699018,1.72498889305704,0,278.127998674907,78.9985365752455,2.34216558864097e-10,1,0.966985824363615,0,-0.000351379300294941,-0.000739879414617395,0,0,0
16.95,9500.20899475489,1.72485831449442,9500,9500.2082886692,1.72485831449442,1.72485831449442,0,0.0123843649767704,24.0332575279452,10,0,17278.8467067729,-17278.7763310752,1.72485831449442,1.72673335071809,1.72710359614042,-0.000370245422329996,0.0119480399348582,-0.00116465795427767,1.72482820191915,0,278.115416924496,78.9759782323285,2.36240421750426e-10,1,0.967007715845619,0,-0.000351595596830734,-0.000740490844659991,0,0,0
16.965,9500.20918052037,1.72469745113223,9500,9500.20847166013,1.72469745113223,1.72469745113223,0,0.0124266778136295,24.029467983037,10,0,17276.5654297703,-17276.4948136233,1.72469745113223,1.72654299982172,1.72691354944536,-0.000370549623633032,0.0120036396150397,-0.0011345453790077,1.72466735519545,0,278.102835174213,78.9534198894115,2.38281173853696e-10,1,0.967029608879099,0,-0.000351813100834875,-0.000741099247266064,0,0,0
16.98,9500.20936692053,1.72453643226719,9500,9500.20865537012,1.72453643226719,1.72453643226719,0,0.0124677779318873,24.0256787484338,10,0,17274.2828901338,-17274.2120404288,1.72453643226719,1.72635250704511,1.72672335938891,-0.00037085234379286,0.0120575443253044,-0.00110444944222299,1.7245063529153,0,278.090253424061,78.9308615464945,2.4033960311169e-10,1,0.967051503462289,0,-0.000352031771697625,-0.00074170468758572,0,0,0
16.995,9500.2095539372,1.72437525791517,9500,9500.2088397773,1.72437525791517,1.72437525791517,0,0.012507714788184,24.0218898228998,10,0,17271.9990877728,-17271.9280111203,1.72437525791517,1.72616187241839,1.72653302605177,-0.000371153633373478,0.0121098065947905,-0.00107437009033773,1.72434519506131,0,278.077671674039,78.9083032035775,2.42414752836072e-10,1,0.967073399593508,0,-0.000352251575707951,-0.000742307266746955,0,0,0
17.01,9500.20974155292,1.7242139280843,9500,9500.20902486077,1.7242139280843,1.7242139280843,0,0.0125465322645259,24.0181012053641,10,0,17269.7140225664,-17269.6427253273,1.7242139280843,1.72597109597659,1.72634254951728,-0.00037145354068957,0.0121604813621502,-0.00104430723647297,1.72418388165874,0,278.06508992415,78.8857448606606,2.44507727975483e-10,1,0.967095297271149,0,-0.000352472476058852,-0.000742907081379141,0,0,0
17.025,9500.20992975091,1.72405244277566,9500,9500.2092106005,1.72405244277566,1.72405244277566,0,0.0125842686144374,24.0143128949057,10,0,17267.4276943626,-17267.3561826806,1.72405244277566,1.72578017775217,1.72615192987137,-0.000371752119199265,0.0122096246110252,-0.00101426081091138,1.72402241270286,0,278.052508174393,78.8631865177436,2.4661852324265e-10,1,0.967117196493673,0,-0.0003526944394312,-0.000743504238398529,0,0,0
17.04,9500.21011851494,1.72389080198409,9500,9500.20939697732,1.72389080198409,1.72389080198409,0,0.0126209575914373,24.0105248907351,10,0,17265.1401029846,-17265.0683828114,1.72389080198409,1.72558911777662,1.7259611672013,-0.000372049424681276,0.0122572922805296,-0.000984230738105385,1.72386078818915,0,278.039926424772,78.8406281748266,2.48746816296564e-10,1,0.967139097259599,0,-0.000352917433299682,-0.000744098849362551,0,0,0
17.055,9500.2103078293,1.72372900569927,9500,9500.20958397281,1.72372900569927,1.72372900569927,0,0.0126566290390417,24.0067371921733,10,0,17262.8512482343,-17262.7793253522,1.72372900569927,1.72539791608212,1.72577026159462,-0.000372345512497985,0.0123035392826141,-0.000954216943169772,1.72369900811395,0,278.027344675286,78.8180698319096,2.50893077481849e-10,1,0.9671609995675,0,-0.000353141426605141,-0.000744691024995969,0,0,0
17.07,9500.21049767874,1.723567053907,9500,9500.20977156927,1.723567053907,1.723567053907,0,0.0126913095890407,24.0029497986244,10,0,17260.5611298968,-17260.4890099367,1.723567053907,1.7252065726989,1.72557921313228,-0.000372640433380589,0.0123484186563162,-0.000924219357857803,1.72353707247428,0,278.014762925936,78.7955114889926,2.53057459964989e-10,1,0.967182903415989,0,-0.000353366390443144,-0.000745280866761178,0,0,0
17.085,9500.21068804838,1.72340494659018,9500,9500.20995974961,1.72340494659018,1.72340494659018,0,0.0127250235971665,23.9991627095577,10,0,17258.2697477465,-17258.1974362009,1.72340494659018,1.72501508765795,1.72538802189934,-0.000372934241395839,0.012391981123681,-0.000894237925131769,1.72337498125002,0,278.002181176723,78.7729531460756,2.55239799889865e-10,1,0.967204808803725,0,-0.000353592297859917,-0.000745868482791678,0,0,0
17.1,9500.21087892374,1.72324268373001,9500,9500.21014849734,1.72324268373001,1.72324268373001,0,0.0127577939913317,23.995375924481,10,0,17255.9771015525,-17255.9046037836,1.72324268373001,1.72482346098959,1.72519668797283,-0.000373226983246155,0.0124342745829689,-0.000864272584977677,1.72321273443812,0,277.989599427649,78.7503948031586,2.57440725790598e-10,1,0.967226715729401,0,-0.000353819117644427,-0.000746453966492311,0,0,0
17.115,9500.21107029064,1.72308026530679,9500,9500.21033779647,1.72308026530679,1.72308026530679,0,0.01278964255534,23.9915894429261,10,0,17253.6831910806,-17253.6105123267,1.72308026530679,1.72463169272232,1.72500521142515,-0.000373518702823983,0.012475344062676,-0.000834323293087413,1.72305033202359,0,277.977017678715,78.7278364602416,2.5966007370501e-10,1,0.967248624191746,0,-0.000354046827048871,-0.000747037405647966,0,0,0
17.13,9500.21126213528,1.72291769130086,9500,9500.21052763149,1.72291769130086,1.72291769130086,0,0.0128205907325422,23.9878032644302,10,0,17251.388016099,-17251.3151614767,1.72291769130086,1.72443978288703,1.72481359232322,-0.00037380943618559,0.0125152315784296,-0.00080439000988175,1.72288777400478,0,277.964435929922,78.7052781173247,2.618976797345e-10,1,0.96727053418952,0,-0.000354275398123827,-0.000747618872371181,0,0,0
17.145,9500.21145444414,1.72275496169303,9500,9500.21071798733,1.72275496169303,1.72275496169303,0,0.0128506598788593,23.9840173885267,10,0,17249.0915763796,-17249.0185508842,1.72275496169303,1.72424773151073,1.72462183073627,-0.000374099225548541,0.0125539763166014,-0.000774472713801932,1.72272506034583,0,277.951854181272,78.6827197744077,2.64155439487286e-10,1,0.967292445721518,0,-0.000354504806947764,-0.000748198451097082,0,0,0
17.16,9500.21164720404,1.72259207646517,9500,9500.21090884932,1.72259207646517,1.72259207646517,0,0.0128798717364072,23.9802318147342,10,0,17246.7938717025,-17246.7206802054,1.72259207646517,1.72405553862435,1.72442992672154,-0.000374388097198031,0.0125916147504824,-0.000744571366602331,1.72256219106335,0,277.939272432764,78.6601614314907,2.66430812538286e-10,1,0.96731435878657,0,-0.000354735028222919,-0.000748776194396061,0,0,0
17.175,9500.21184040212,1.72242903560037,9500,9500.21110020318,1.72242903560037,1.72242903560037,0,0.0129082482441623,23.9764465425527,10,0,17244.4949018532,-17244.4215491015,1.72242903560037,1.72386320425337,1.72423788033918,-0.000374676085816761,0.0126281809721742,-0.000714685964779971,1.72239916611695,0,277.9266906844,78.6376030885737,2.68725852699757e-10,1,0.967336273383534,0,-0.000354966038244031,-0.000749352171633522,0,0,0
17.19,9500.21203402584,1.72226583908309,9500,9500.21129203498,1.72226583908309,1.72226583908309,0,0.0129358120880142,23.9726615714613,10,0,17242.1946666273,-17242.1211572392,1.72226583908309,1.72367072842687,1.72404569164352,-0.000374963216647428,0.0126637069510673,-0.000684816481361983,1.72223598551221,0,277.914108936182,78.6150447456567,2.71040237395974e-10,1,0.967358189511301,0,-0.000355197813916019,-0.000749926433294856,0,0,0
17.205,9500.21222806302,1.72210248689908,9500,9500.21148433119,1.72210248689908,1.72210248689908,0,0.0129625862028234,23.9688769009199,10,0,17239.8931658278,-17239.8195042908,1.72210248689908,1.72347811117008,1.72385336068284,-0.000375249512757803,0.0126982228960873,-0.000654962910485057,1.72207264923408,0,277.90152718811,78.5924864027397,2.73373644176953e-10,1,0.967380107168803,0,-0.000355430334248563,-0.000750499025515605,0,0,0
17.22,9500.21242250182,1.72193897903526,9500,9500.21167707859,1.72193897903526,1.72193897903526,0,0.0129885938737467,23.965092530372,10,0,17237.5903992651,-17237.5165899348,1.72193897903526,1.72328535250988,1.72366088751254,-0.000375535002658856,0.0127317575646364,-0.000625125245479197,1.72190915725908,0,277.888945440185,78.5699280598227,2.75727017446762e-10,1,0.967402026355002,0,-0.00035566357790362,-0.000751070005317711,0,0,0
17.235,9500.21261733073,1.72177531547962,9500,9500.21187026434,1.72177531547962,1.72177531547962,0,0.0130138586528611,23.9613084592451,10,0,17235.2863667559,-17235.2124138537,1.72177531547962,1.72309245247425,1.72346827217584,-0.000375819701596392,0.0127643384763737,-0.000595303469297592,1.72174550960176,0,277.87636369241,78.5473697169057,2.78100192959645e-10,1,0.967423947068894,0,-0.000355897521010506,-0.000751639403192783,0,0,0
17.25,9500.21281253861,1.72161149622072,9500,9500.21206387593,1.72161149622072,1.72161149622072,0,0.0130384040841376,23.9575246869626,10,0,17232.9810681228,-17232.9069757366,1.72161149622072,1.72289941108791,1.72327551472208,-0.000376103634167402,0.0127959923211227,-0.000565497591438424,1.72158170622814,0,277.863781944784,78.5248113739888,2.80493164843437e-10,1,0.967445869309517,0,-0.000356132145650889,-0.000752207268334804,0,0,0
17.265,9500.21300811467,1.72144752124771,9500,9500.21225790122,1.72144752124771,1.72144752124771,0,0.0130622535893776,23.9537412129424,10,0,17230.674503192,-17230.6002752765,1.72144752124771,1.72270622837518,1.72308261519743,-0.000376386822254604,0.0128267450083103,-0.000535707598853241,1.72141774713182,0,277.851200197309,78.5022530310718,2.82906560405339e-10,1,0.96746779307594,0,-0.00035636743133316,-0.000752773644509208,0,0,0
17.28,9500.21320404847,1.7212833905499,9500,9500.21245232841,1.7212833905499,1.7212833905499,0,0.0130854303773097,23.9499580366048,10,0,17228.3666717934,-17228.2923121713,1.7212833905499,1.72251290436157,1.72288957364503,-0.000376669283456588,0.0128566218932382,-0.000505933482958465,1.7212536323117,0,277.838618449986,78.4796946881548,2.85339265637312e-10,1,0.967489718367267,0,-0.00035660335819454,-0.000753338566913175,0,0,0
17.295,9500.21340032993,1.72111910411645,9500,9500.21264714606,1.72111910411645,1.72111910411645,0,0.0131079570967673,23.9461751573798,10,0,17226.0575737576,-17225.983086123,1.72111910411645,1.72231943907318,1.72269639011213,-0.00037695103894464,0.0128856479533026,-0.000476175244763066,1.72108936175053,0,277.826036702816,78.4571363452378,2.87793173972471e-10,1,0.967511645182642,0,-0.000356839907586171,-0.000753902077889279,0,0,0
17.31,9500.21359694928,1.7209546619362,9500,9500.21284234308,1.7209546619362,1.7209546619362,0,0.0131298557932632,23.9423925747091,10,0,17223.7472089156,-17223.6725968373,1.7209546619362,1.72212583253165,1.72250306464109,-0.000377232109440406,0.0129138478179386,-0.000446432878842051,1.72092493543393,0,277.813454955802,78.4345780023208,2.90267329638218e-10,1,0.967533573521237,0,-0.000357077061829081,-0.000754464218880813,0,0,0
17.325,9500.21379389712,1.72079006399752,9500,9500.21303790871,1.72079006399752,1.72079006399752,0,0.0131511477277624,23.9386102880501,10,0,17221.4355770986,-17221.3608440246,1.72079006399752,1.72193208476244,1.72230959727832,-0.000377512515889356,0.0129412457651174,-0.000416706376568987,1.72076035335409,0,277.800873208941,78.4120196594039,2.92762201327438e-10,1,0.967555503382268,0,-0.000357314803230313,-0.000755025031778711,0,0,0
17.34,9500.21399116434,1.72062531028813,9500,9500.21323383256,1.72062531028813,1.72062531028813,0,0.0131718534009997,23.9348282968778,10,0,17219.122678135,-17219.0478273969,1.72062531028813,1.72173819578707,1.72211598806483,-0.000377792277751698,0.0129678657722658,-0.000386995733131723,1.72059561549844,0,277.788291462237,78.3894613164868,2.95278099331509e-10,1,0.967577434764972,0,-0.000357553116455467,-0.000755584555503397,0,0,0
17.355,9500.21418874214,1.72046040079492,9500,9500.21343010455,1.72046040079492,1.72046040079492,0,0.013191992642646,23.9310466006865,10,0,17216.8085118531,-17216.7335466695,1.72046040079492,1.72154416563045,1.72192223704796,-0.000378071417505677,0.0129937315022745,-0.000357300943445882,1.720430721852,0,277.775709715699,78.3669029735699,2.97815333819288e-10,1,0.96759936766861,0,-0.000357791983141675,-0.000756142835011353,0,0,0
17.37,9500.21438662203,1.720295335504,9500,9500.21362671497,1.720295335504,1.720295335504,0,0.0132115840131996,23.9272651990011,10,0,17214.4930780788,-17214.4180015632,1.720295335504,1.72134999431426,1.72172834426672,-0.000378349952458779,0.0130188662389537,-0.000327622000526162,1.72026567240881,0,277.763127969301,78.3443446306529,3.00373740279493e-10,1,0.96762130209253,0,-0.000358031387323932,-0.000756699904917557,0,0,0
17.385,9500.21458479579,1.7201301144007,9500,9500.21382365438,1.7201301144007,1.7201301144007,0,0.0132306454310448,23.9234840913687,10,0,17212.1763766378,-17212.1011918018,1.7201301144007,1.72115568186032,1.72153430976661,-0.000378627906290285,0.0130432928099417,-0.000297958905335349,1.72010046714241,0,277.750546223013,78.3217862877359,3.02953628775503e-10,1,0.967643238036122,0,-0.000358271316826864,-0.000757255812580571,0,0,0
17.4,9500.21478325547,1.71996473746937,9500,9500.21402091369,1.71996473746937,1.71996473746937,0,0.0132491944086856,23.9197032773544,10,0,17209.858407349,-17209.7831171045,1.71996473746937,1.72096122829235,1.72134013358933,-0.00037890529697826,0.0130670336607857,-0.000268311647036779,1.71993510605136,0,277.737964476832,78.2992279448189,3.0555499293864e-10,1,0.967665175498746,0,-0.000358511753270507,-0.000757810593956521,0,0,0
17.415,9500.21498199339,1.71979920469373,9500,9500.21421848409,1.71979920469373,1.71979920469373,0,0.0132672479780539,23.9159227565411,10,0,17207.5391700321,-17207.4637771942,1.71979920469373,1.72076663363039,1.72114581577891,-0.00037918214852195,0.0130901105907493,-0.000238680229029509,1.71976958910432,0,277.725382730754,78.276669601902,3.08178458959175e-10,1,0.967687114479803,0,-0.000358752686428598,-0.000758364297043901,0,0,0
17.43,9500.21518100211,1.71963351605668,9500,9500.21441635707,1.71963351605668,1.71963351605668,0,0.0132848220269731,23.9121425285311,10,0,17205.2186645014,-17205.1431717952,1.71963351605668,1.72057189789686,1.72095135637403,-0.00037945847717058,0.0131125448957694,-0.000209064639621337,1.71960391630289,0,277.712800984778,78.254111258985,3.10822913418808e-10,1,0.967709054978705,0,-0.000358994098905052,-0.00075891695434116,0,0,0
17.445,9500.21538027444,1.71946767154041,9500,9500.21461452439,1.71946767154041,1.71946767154041,0,0.0133019319580626,23.9083625929452,10,0,17202.8968905709,-17202.8213006336,1.71946767154041,1.72037702111174,1.72075675541552,-0.000379734303788792,0.0131343572920246,-0.000179464885833314,1.71943808761832,0,277.700219238905,78.231552916068,3.1349040550159e-10,1,0.96773099699489,0,-0.000359235979781936,-0.000759468607577585,0,0,0
17.46,9500.21557980341,1.71930167112644,9500,9500.21481297809,1.71930167112644,1.71930167112644,0,0.0133185923772347,23.9045829494209,10,0,17200.5738480517,-17200.4981634379,1.71930167112644,1.72018200329527,1.72056201294045,-0.000380009645180479,0.0131555678832334,-0.000149880963743909,1.71927210304117,0,277.687637493134,78.208994573151,3.16180454101879e-10,1,0.96775294052782,0,-0.000359478317511153,-0.000760019290360958,0,0,0
17.475,9500.2157795823,1.71913551479554,9500,9500.21501171046,1.71913551479554,1.71913551479554,0,0.0133348171527528,23.9008035976142,10,0,17198.2495367531,-17198.1737599384,1.71913551479554,1.7199868444674,1.72036712898793,-0.000380284520529406,0.0131761962156581,-0.000120312878473694,1.71910596254787,0,277.675055747466,78.186436230234,3.18892420224393e-10,1,0.967774885576976,0,-0.000359721097531462,-0.000760569041058812,0,0,0
17.49,9500.21597960456,1.7189692025281,9500,9500.21521071404,1.7189692025281,1.7189692025281,0,0.013350619625988,23.8970245371922,10,0,17195.9239564838,-17195.8480898679,1.7189692025281,1.71979154464773,1.72017210359681,-0.00038055894908684,0.0131962611063504,-9.07606308027109e-05,1.71893966611875,0,277.6624740019,78.163877887317,3.21627719927446e-10,1,0.967796832141867,0,-0.000359964309805116,-0.00076111789817368,0,0,0
17.505,9500.21617986385,1.71880273430396,9500,9500.21540998163,1.71880273430396,1.71880273430396,0,0.0133660126855318,23.8932457678369,10,0,17193.5971070512,-17193.5211529606,1.71880273430396,1.71959610385595,1.71997693680171,-0.000380832945754417,0.0132157807776285,-6.12242214490522e-05,1.71877321374299,0,277.649892256437,78.1413195444,3.24385556064351e-10,1,0.967818780222014,0,-0.000360207940019341,-0.000761665891508834,0,0,0
17.52,9500.21638035404,1.71863611010252,9500,9500.21560950623,1.71863611010252,1.71863611010252,0,0.0133810085882841,23.8894672892412,10,0,17191.2689882614,-17191.192948953,1.71863611010252,1.71940052210947,1.71978162863834,-0.000381106528863695,0.0132347728008638,-3.1703660484883e-05,1.71860660539126,0,277.637310511078,78.118761201483,3.27165921954305e-10,1,0.967840729816963,0,-0.00036045198014456,-0.00076221305772739,0,0,0
17.535,9500.21658106917,1.71846932990295,9500,9500.21580928108,1.71846932990295,1.71846932990295,0,0.013395619153419,23.8856891011066,10,0,17188.9395999201,-17188.8634775837,1.71846932990295,1.71920479942684,1.71958617913924,-0.000381379712396379,0.0132532540527025,-2.19894922781627e-06,1.71843984105282,0,277.624728765822,78.096202858566,3.29970075041204e-10,1,0.967862680926278,0,-0.000360696420223849,-0.000762759424792758,0,0,0
17.55,9500.21678200346,1.7183023936841,9500,9500.21600929961,1.7183023936841,1.7183023936841,0,0.0134098559957229,23.8819112031439,10,0,17186.6089418335,-17186.5327385928,1.7183023936841,1.71900893582725,1.71939058833891,-0.000381652511658892,0.0132712408150902,2.728990090195e-05,1.71827292070483,0,277.612147020669,78.073644515649,3.32798008275988e-10,1,0.967884633549539,0,-0.000360941248614299,-0.000763305023317784,0,0,0
17.565,9500.2169831513,1.71813530142462,9500,9500.21620955547,1.71813530142462,1.71813530142462,0,0.013423730196142,23.8781335950702,10,0,17184.2770138068,-17184.2007317226,1.71813530142462,1.71881293132681,1.71919485627168,-0.000381924944877099,0.0132887487190519,5.67628801655395e-05,1.71810584431722,0,277.59956527562,78.0510861727321,3.35648608720567e-10,1,0.967906587686346,0,-0.000361186455442697,-0.000763849889754198,0,0,0
17.58,9500.21718450725,1.71796805310299,9500,9500.2164100425,1.71796805310299,1.71796805310299,0,0.0134372525710185,23.8743562766097,10,0,17181.9438156456,-17181.8674567172,1.71796805310299,1.71861678594478,1.71899898296625,-0.000382197021470576,0.0133057928350271,8.62199875708569e-05,1.71793861188941,0,277.586983530675,78.0285278298151,3.38523923250587e-10,1,0.967928543336314,0,-0.00036143203080452,-0.000764394042941152,0,0,0
17.595,9500.21738606604,1.71780064869759,9500,9500.21661075472,1.71780064869759,1.71780064869759,0,0.0134504337629937,23.8705792474905,10,0,17179.6093471565,-17179.5329133226,1.71780064869759,1.71842049969645,1.71880296845378,-0.000382468757324617,0.0133223876091033,0.000115661201146811,1.71777122338295,0,277.574401785835,78.0059694868981,3.41422996823056e-10,1,0.967950500499076,0,-0.000361677967939178,-0.000764937514649233,0,0,0
17.61,9500.21758782255,1.71763308818663,9500,9500.21681168634,1.71763308818663,1.71763308818663,0,0.0134632840273567,23.8668025074481,10,0,17177.2736081456,-17177.1971012868,1.71763308818663,1.71822407260104,1.71860681276306,-0.000382740162014894,0.0133385470279464,0.00014508651579126,1.7176036787928,0,277.561820041098,77.9834111439811,3.44346612085915e-10,1,0.967972459174282,0,-0.000361924251789603,-0.000765480324029788,0,0,0
17.625,9500.21778977181,1.71746537154822,9500,9500.21701283174,1.71746537154822,1.71746537154822,0,0.0134758133634772,23.8630260562206,10,0,17174.936598419,-17174.860020359,1.71746537154822,1.71802750467129,1.71841051592497,-0.000383011253675347,0.0133542845326563,0.000174495909614825,1.71743597807356,0,277.549238296467,77.9608528010641,3.47293814232041e-10,1,0.967994419361593,0,-0.000362170882191482,-0.000766022507350694,0,0,0
17.64,9500.21799190901,1.71729749876042,9500,9500.21721418547,1.71729749876042,1.71729749876042,0,0.0134880316236587,23.8592498935519,10,0,17172.5983177845,-17172.521670291,1.71729749876042,1.71783079592568,1.71821407796671,-0.000383282041034327,0.0133696130857983,0.000203889384277733,1.71726812122789,0,277.536656551939,77.9382944581471,3.50266333246742e-10,1,0.968016381060693,0,-0.000362417844606222,-0.000766564082068655,0,0,0
17.655,9500.21819422948,1.71712946980123,9500,9500.21741574225,1.71712946980123,1.71712946980123,0,0.013499948553668,23.8554740191884,10,0,17170.2587660503,-17170.1820508357,1.71712946980123,1.71763394637991,1.71801749891405,-0.000383552534134468,0.0133845451967827,0.000233266916814578,1.71710010822846,0,277.524074807517,77.9157361152301,3.53263687954785e-10,1,0.968038344271272,0,-0.000362665133484485,-0.000767105068268936,0,0,0
17.67,9500.21839672871,1.71696128464842,9500,9500.21761749694,1.71696128464842,1.71696128464842,0,0.0135115732125752,23.8516984328837,10,0,17167.9179430229,-17167.8411617479,1.71696128464842,1.71743695604895,1.71782077879493,-0.000383822745981144,0.013399093022102,0.000262628489585692,1.71693193904658,0,277.511493063199,77.8931777723132,3.56286344624905e-10,1,0.968060308993044,0,-0.000362912740544008,-0.000767645491962288,0,0,0
17.685,9500.21859940231,1.71679294327971,9500,9500.2178194446,1.71679294327971,1.71679294327971,0,0.0135229148771554,23.8479231343947,10,0,17165.575848511,-17165.499002784,1.71679294327971,1.71723982494617,1.71762391763318,-0.000384092687008231,0.0134132683092767,0.000291974091432001,1.71676361366359,0,277.498911318987,77.8706194293962,3.59333822178499e-10,1,0.968082275225729,0,-0.000363160659164308,-0.000768185374016461,0,0,0
17.7,9500.21880224603,1.71662444567269,9500,9500.21802158039,1.71662444567269,1.71662444567269,0,0.0135339822891854,23.8441481234836,10,0,17163.2324823225,-17163.1555737017,1.71662444567269,1.71704255308869,1.71742691545807,-0.000384362369374669,0.0134270824336716,0.0003213037075529,1.7165951320575,0,277.48632957488,77.8480610864792,3.6240674464041e-10,1,0.968104242969066,0,-0.000363408880601268,-0.000768724738749338,0,0,0
17.715,9500.21900525577,1.71645579180484,9500,9500.21822389965,1.71645579180484,1.71645579180484,0,0.0135447840757997,23.8403733999169,10,0,17160.8878442656,-17160.8108742607,1.71645579180484,1.71684514048936,1.71722977229091,-0.000384631801542801,0.0134405464271686,0.000350617322750324,1.71642649420903,0,277.473747830879,77.8255027435623,3.65505577960262e-10,1,0.968126212222806,0,-0.000363657399446549,-0.000769263603085601,0,0,0
17.73,9500.21920842753,1.71628698165338,9500,9500.21842639785,1.71628698165338,1.71628698165338,0,0.0135553286099506,23.836598963468,10,0,17158.5419341486,-17158.4649042214,1.71628698165338,1.71664758716393,1.71703248815615,-0.000384900992216997,0.0134536710541445,0.000379914918562152,1.71625770009806,0,277.461166086983,77.8029444006453,3.68629998833019e-10,1,0.968148182986713,0,-0.000363906207823561,-0.000769801984433993,0,0,0
17.745,9500.21941175746,1.71611801519552,9500,9500.21862907062,1.71611801519552,1.71611801519552,0,0.0135656238951871,23.8324656314994,10,0,17156.1947517794,-17156.1176633462,1.71611801519552,1.71644989312431,1.71683506307961,-0.000385169955296139,0.0134664666828758,0.0004091964738826,1.7160887496876,0,277.448584343194,77.7803860577282,3.71779684079291e-10,1,0.968170155260563,0,-0.000364155299823476,-0.000770339910592277,0,0,0
17.76,9500.21961524181,1.71594889240819,9500,9500.21883191369,1.71594889240819,1.71594889240819,0,0.0135756778603669,23.827928087703,10,0,17153.8462969664,-17153.7691513985,1.71594889240819,1.71625205838563,1.71663749708285,-0.000385438697215745,0.0134789434536273,0.000438461981799865,1.715919642973,0,277.436002599511,77.7578277148113,3.74957466311043e-10,1,0.968192129044146,0,-0.000364404668055096,-0.000770877394431491,0,0,0
17.775,9500.21981887698,1.71577961326815,9500,9500.21903492297,1.71577961326815,1.71577961326815,0,0.0135854980562589,23.8233909903568,10,0,17151.4965695171,-17151.419368143,1.71577961326815,1.7160540829594,1.71643979018811,-0.000385707228708565,0.0134911112217924,0.000467711416994199,1.71575037991898,0,277.423420855933,77.7352693718943,3.78160812923029e-10,1,0.968214104337263,0,-0.000364654310056611,-0.00077141445741713,0,0,0
17.79,9500.22002265945,1.71561017775209,9500,9500.21923809445,1.71561017775209,1.71561017775209,0,0.0135950918298237,23.818854339224,10,0,17149.1455692394,-17149.0683133458,1.71561017775209,1.71585596685989,1.71624194241902,-0.00038597555912534,0.0135029794867869,0.000496944766163354,1.71558096050781,0,277.410839112463,77.7127110289773,3.81390505101127e-10,1,0.968236081139726,0,-0.00036490421779245,-0.00077195111825068,0,0,0
17.805,9500.22022658583,1.71544058583637,9500,9500.21944142428,1.71544058583637,1.71544058583637,0,0.013604466192779,23.8143181340762,10,0,17146.79329594,-17146.7159867737,1.71544058583637,1.71565771009968,1.716043953794,-0.000386243694315613,0.0135145575780867,0.000526162010445974,1.71541138472149,0,277.398257369099,77.6901526860603,3.84647796934863e-10,1,0.96825805945136,0,-0.000365154382691246,-0.000772487388631227,0,0,0
17.82,9500.22043065282,1.7152708374973,9500,9500.21964490871,1.7152708374973,1.7152708374973,0,0.0136136280775197,23.8097823746875,10,0,17144.4397494269,-17144.3623881953,1.7152708374973,1.71545931269031,1.71584582433713,-0.000386511646819576,0.0135258544782266,0.000555363125323005,1.71524165252199,0,277.385675625842,77.6675943431433,3.87932049363665e-10,1,0.968280039272,0,-0.000365404803469582,-0.000773023293639152,0,0,0
17.835,9500.22063485725,1.71510093271098,9500,9500.21984854412,1.71510093271098,1.71510093271098,0,0.0136225842276855,23.805247060837,10,0,17142.0849295074,-17142.0075173797,1.71510093271098,1.71526077464425,1.71564755406728,-0.000386779423033445,0.0135368789263676,0.00058454810063302,1.71507176389881,0,277.373093882692,77.6450360002263,3.91243885224422e-10,1,0.96830202060149,0,-0.000365655472449822,-0.000773558846066891,0,0,0
17.85,9500.22083919601,1.71493087145333,9500,9500.22005232699,1.71493087145333,1.71493087145333,0,0.013631340776648,23.8007121923088,10,0,17139.7288359867,-17139.6513740971,1.71493087145333,1.71506209597355,1.7154491430058,-0.000387047032246901,0.0135476394184832,0.000613716912800433,1.71490171882186,0,277.36051213965,77.6224776573093,3.94582823274879e-10,1,0.968324003439685,0,-0.000365906387850279,-0.000774094064493802,0,0,0
17.865,9500.22104366612,1.71476065370017,9500,9500.22025625394,1.71476065370017,1.71476065370017,0,0.0136399041102236,23.7961777688908,10,0,17137.3714686728,-17137.2939581192,1.71476065370017,1.71486327668782,1.71525059117112,-0.000387314483307311,0.0135581441538563,0.000642869544268398,1.71473151726547,0,277.347930396715,77.5999193143924,3.97949643861255e-10,1,0.968345987786453,0,-0.000366157542882384,-0.000774628966614621,0,0,0
17.88,9500.22124826468,1.7145902794271,9500,9500.22046032165,1.7145902794271,1.7145902794271,0,0.0136482801892412,23.7916437903758,10,0,17135.0128273715,-17134.935269218,1.7145902794271,1.71466431680171,1.71505189858178,-0.000387581780077362,0.0135684011275309,0.000672005978965995,1.71456115922052,0,277.335348653887,77.5773609714754,4.01344969363287e-10,1,0.968367973641666,0,-0.000366408931550044,-0.000775163560154724,0,0,0
17.895,9500.22145298889,1.71441974860962,9500,9500.22066452693,1.71441974860962,1.71441974860962,0,0.0136564748124088,23.7871102565602,10,0,17132.6529118891,-17132.575307167,1.71441974860962,1.71446521632331,1.71485306525701,-0.000387848933699475,0.013578418068194,0.000701126185551626,1.71439064464147,0,277.322766911168,77.5548026285584,4.04768476050271e-10,1,0.968389961005207,0,-0.000366660551193831,-0.00077569786739895,0,0,0
17.91,9500.22165783601,1.71424906122312,9500,9500.2208688667,1.71424906122312,1.71424906122312,0,0.0136644934507193,23.7825771672438,10,0,17130.2917220312,-17130.2140717404,1.71424906122312,1.71426597526381,1.71465409121635,-0.000388115952541845,0.0135882024434456,0.000730230153710654,1.71421997351243,0,277.310185168556,77.5322442856414,4.08220313203601e-10,1,0.968411949876972,0,-0.000366912396781993,-0.000776231905083691,0,0,0
17.925,9500.22186280341,1.71407821724284,9500,9500.22107333796,1.71407821724284,1.71407821724284,0,0.013672341684018,23.77804452223,10,0,17127.9292576044,-17127.8515627133,1.71407821724284,1.71406659363576,1.71445497647513,-0.000388382839372037,0.013597761490727,0.000759317864394093,1.71404914582141,0,277.297603426053,77.5096859427244,4.11701102885177e-10,1,0.96843394025686,0,-0.000367164465616243,-0.000776765678744074,0,0,0
17.94,9500.22206788854,1.71390721664391,9500,9500.2212779378,1.71390721664391,1.71390721664391,0,0.0136800246897434,23.773512321326,10,0,17125.5655184141,-17125.4877798617,1.71390721664391,1.71386707144432,1.71425572105135,-0.000388649607026226,0.0136071022414078,0.00078838928582825,1.7138781615161,0,277.285021683658,77.4871275998074,4.15210678922399e-10,1,0.968455932144781,0,-0.000367416753469962,-0.000777299214052452,0,0,0
17.955,9500.22227308891,1.71373605940134,9500,9500.22148266341,1.71373605940134,1.71373605940134,0,0.0136875475828021,23.7689805643421,10,0,17123.2005042661,-17123.1227229622,1.71373605940134,1.71366740870414,1.71405632496216,-0.000388916258019067,0.013616231485897,0.000817444413640622,1.71370702060175,0,277.272439941372,77.4645692568904,4.187493479541e-10,1,0.968477925540652,0,-0.000367669254012881,-0.000777832516038135,0,0,0
17.97,9500.22247840212,1.71356474549009,9500,9500.22168751205,1.71356474549009,1.71356474549009,0,0.0136949153252437,23.7644492510907,10,0,17120.8342149666,-17120.7563917927,1.71356474549009,1.71346760542366,1.71385678822338,-0.000389182799727328,0.0136251557732954,0.000846483213236215,1.71353572303744,0,277.259858199194,77.4420109139735,4.2231757406492e-10,1,0.968499920444399,0,-0.000367921967521889,-0.000778365599454656,0,0,0
17.985,9500.22268382585,1.71339327488496,9500,9500.2218924811,1.71339327488496,1.71339327488496,0,0.0137021326816784,23.7599183813884,10,0,17118.4666503207,-17118.3887861316,1.71339327488496,1.71326766161095,1.71365711085,-0.000389449239042383,0.0136338814915967,0.000875505665890453,1.71336426879876,0,277.247276457126,77.4194525710565,4.2591566360491e-10,1,0.968521916855955,0,-0.000368174886025807,-0.000778898478084766,0,0,0
18,9500.22288935784,1.71322164756067,9500,9500.22209756798,1.71322164756067,1.71322164756067,0,0.0137092043067057,23.7553879550541,10,0,17116.0978101342,-17116.0199057579,1.71322164756067,1.71306757727683,1.71345729285898,-0.00038971558214973,0.0136424147960285,0.000904511752087833,1.71319265786462,0,277.234694715166,77.3968942281395,4.29543922802943e-10,1,0.96854391477526,0,-0.000368428007910371,-0.00077943116429946,0,0,0
18.015,9500.22309499591,1.71304986349191,9500,9500.22230277022,1.71304986349191,1.71304986349191,0,0.0137161346968574,23.7508579719086,10,0,17113.7276942125,-17113.6497504517,1.71304986349191,1.71286735242779,1.71325733426472,-0.000389981836933506,0.0136507616337163,0.000933501448134644,1.71302089020205,0,277.222112973317,77.3743358852225,4.33202027683578e-10,1,0.96856591420226,0,-0.000368681334993903,-0.000779963673867012,0,0,0
18.03,9500.22330073793,1.71287792265326,9500,9500.22250808541,1.71287792265326,1.71287792265326,0,0.0137229282293912,23.7463284317756,10,0,17111.3563023616,-17111.278319994,1.71287792265326,1.71266698707595,1.71305723508106,-0.000390248005112115,0.0136589277628912,0.000962474737986607,1.71284896580371,0,277.209531231576,77.3517775423055,4.36890756934629e-10,1,0.968587915136912,0,-0.000368934855329295,-0.00078049601022423,0,0,0
18.045,9500.22350658185,1.71270582501915,9500,9500.22271351122,1.71270582501915,1.71270582501915,0,0.0137295890406995,23.7417993344828,10,0,17108.9836343861,-17108.9056141658,1.71270582501915,1.71246648122501,1.71285699532228,-0.000390514097273087,0.0136669188214974,0.000991431587532565,1.71267688461799,0,277.196949489945,77.3292191993886,4.40610101488009e-10,1,0.968609917579175,0,-0.000369188574034451,-0.000781028194546174,0,0,0
18.06,9500.22371252569,1.71253357056397,9500,9500.22291904539,1.71253357056397,1.71253357056397,0,0.0137361215028286,23.7372706798591,10,0,17106.6096900929,-17106.5316327493,1.71253357056397,1.71226583488833,1.71265661500305,-0.000390780114714051,0.0136747402196797,0.00102037198868743,1.71250464664759,0,277.184367748424,77.3066608564716,4.44359894803417e-10,1,0.968631921529016,0,-0.000369442480471216,-0.000781560229428102,0,0,0
18.075,9500.22391856751,1.71236115926207,9500,9500.22312468573,1.71236115926207,1.71236115926207,0,0.0137425293161825,23.7327424677352,10,0,17104.2344692856,-17104.1563755271,1.71236115926207,1.71206504807091,1.71245609413612,-0.00039104606520568,0.0136823971901729,0.00104929590506497,1.71233225184557,0,277.171786007014,77.2841025135546,4.48141230077437e-10,1,0.96865392698641,0,-0.000369696578346179,-0.00078209213041136,0,0,0
18.09,9500.22412470545,1.71218859108773,9500,9500.22333043011,1.71218859108773,1.71218859108773,0,0.0137488165111962,23.7282146979444,10,0,17101.8579717707,-17101.7798422827,1.71218859108773,1.71186412078094,1.71225543273434,-0.000391311953404028,0.0136898948007203,0.0010782033215686,1.7121597001957,0,277.159204265714,77.2615441706376,4.51954255415146e-10,1,0.968675933951335,0,-0.000369950862782797,-0.000782623906808055,0,0,0
18.105,9500.2243309377,1.71201586601506,9500,9500.22353627649,1.71201586601506,1.71201586601506,0,0.0137549867975374,23.7236873703237,10,0,17099.4801973534,-17099.4020328003,1.71201586601506,1.71166305302436,1.71205463081158,-0.000391577787227204,0.013697238017394,0.00110709421359823,1.7119869916635,0,277.146622524524,77.2389858277206,4.55799276290638e-10,1,0.96869794242378,0,-0.000370205331573503,-0.000783155574454408,0,0,0
18.12,9500.2245372625,1.71184298401814,9500,9500.22374222288,1.71184298401814,1.71184298401814,0,0.0137610438009187,23.7191604847113,10,0,17097.1011458386,-17097.0229468639,1.71184298401814,1.71146184481049,1.71185368837874,-0.000391843568243511,0.0137044316197886,0.0011359685651573,1.71181412623916,0,277.134040783446,77.2164274848036,4.59675810992762e-10,1,0.968719952403733,0,-0.000370459981130944,-0.000783687136487021,0,0,0
18.135,9500.22474367816,1.71166994507104,9500,9500.22394826733,1.71166994507104,1.71166994507104,0,0.0137669911429995,23.7146340409473,10,0,17094.7208170323,-17094.6425842594,1.71166994507104,1.71126049614574,1.71165260544761,-0.000392109301868171,0.0137114802154462,0.00116482634413639,1.71164110388614,0,277.121459042477,77.1938691418866,4.63584007587539e-10,1,0.968741963891193,0,-0.000370714810899564,-0.000784218603736342,0,0,0
18.15,9500.22495018302,1.71149674914762,9500,9500.22415440799,1.71149674914762,1.71149674914762,0,0.0137728320285575,23.710108038875,10,0,17092.3392107382,-17092.260944772,1.71149674914762,1.71105900703686,1.71145138203198,-0.000392374995122236,0.0137183883315616,0.00119366752903227,1.71146792457565,0,277.108877301621,77.1713107989697,4.67525430520259e-10,1,0.968763976886163,0,-0.000370969817778288,-0.000784749990244471,0,0,0
18.165,9500.2251567755,1.7113233962218,9500,9500.22436064304,1.7113233962218,1.7113233962218,0,0.0137785699373967,23.7055824783387,10,0,17089.9563267624,-17089.8780281881,1.7113233962218,1.71085737749022,1.71125001813924,-0.000392640649025555,0.013725160298636,0.00122249210100822,1.71129458829317,0,277.096295560875,77.1487524560526,4.71499440489282e-10,1,0.968785991388648,0,-0.000371224998749753,-0.00078528129805111,0,0,0
18.18,9500.22536345405,1.7111498862674,9500,9500.22456697072,1.7111498862674,1.7111498862674,0,0.0137842079683374,23.7010573591846,10,0,17087.5721649095,-17087.4938342946,1.7111498862674,1.71065560751321,1.71104851378393,-0.000392906270717086,0.013731800320809,0.00125130002963392,1.71112109500141,0,277.08371382024,77.1261941131357,4.75506027846919e-10,1,0.968808007398664,0,-0.000371480353216214,-0.000785812541434172,0,0,0
18.195,9500.22557021717,1.7109762192581,9500,9500.22477338933,1.7109762192581,1.7109762192581,0,0.0137897493070504,23.6965326812626,10,0,17085.1867249847,-17085.1083628787,1.7109762192581,1.71045369711172,1.71084686897614,-0.00039317186442589,0.0137383125306337,0.00128009129562501,1.71094744467849,0,277.071132079718,77.1036357702187,4.79546756306416e-10,1,0.968830024916227,0,-0.000371735877588764,-0.000786343728851779,0,0,0
18.21,9500.22577706341,1.71080239516758,9500,9500.22497989722,1.71080239516758,1.71080239516758,0,0.0137951969533466,23.6920084444228,10,0,17082.8000067925,-17082.7216137278,1.71080239516758,1.71025164629017,1.71064508372494,-0.00039343743477005,0.0137447008707921,0.00130886587522938,1.71077363729586,0,277.058550339308,77.0810774273017,4.83620514519911e-10,1,0.968852043941358,0,-0.000371991573573371,-0.0007868748695401,0,0,0
18.225,9500.22598399137,1.71062841396944,9500,9500.22518649281,1.71062841396944,1.71062841396944,0,0.0138005537061231,23.6874846485179,10,0,17080.4120101376,-17080.3335866307,1.71062841396944,1.71004945505525,1.71044315804163,-0.000393702986373201,0.013750969189742,0.0013376237469469,1.71059967282945,0,277.045968599009,77.0585190843847,4.87727764623736e-10,1,0.968874064474087,0,-0.000372247437464779,-0.000787405972746402,0,0,0
18.24,9500.22619099967,1.71045427563718,9500,9500.22539317453,1.71045427563718,1.71045427563718,0,0.013805822575034,23.682961293403,10,0,17078.0227348253,-17077.9442813757,1.71045427563718,1.70984712341382,1.71024109193422,-0.000393968520397747,0.0137571212357356,0.00136636488693198,1.71042555125996,0,277.033386858823,77.0359607414677,4.91869597730602e-10,1,0.968896086514443,0,-0.000372503464234564,-0.000787937040795494,0,0,0
18.255,9500.22639808701,1.71027998014435,9500,9500.22559994089,1.71027998014435,1.71027998014435,0,0.0138110061036364,23.6784383789329,10,0,17075.6321806595,-17075.553697752,1.71027998014435,1.70964465137028,1.71003888541506,-0.000394234044781783,0.0137631605716892,0.00139508926415477,1.71025127254487,0,277.02080511875,77.0134023985507,4.96045846330646e-10,1,0.968918110062464,0,-0.000372759655750787,-0.000788468089563565,0,0,0
18.27,9500.2266052521,1.71010552746432,9500,9500.22580679043,1.71010552746432,1.71010552746432,0,0.0138161070375593,23.6739159049662,10,0,17073.2403474453,-17073.1618355494,1.71010552746432,1.70944203892877,1.70983653849,-0.000394499561231054,0.0137690907234748,0.00142379686362637,1.71007683666993,0,277.008223378788,76.9908440556337,5.00256657495924e-10,1,0.968940135118189,0,-0.000373016012040317,-0.000788999122462108,0,0,0
18.285,9500.22681249371,1.70993091757047,9500,9500.22601372175,1.70993091757047,1.70993091757047,0,0.0138211279857871,23.669393871362,10,0,17070.8472349873,-17070.7686945575,1.70993091757047,1.70923928609542,1.70963405117076,-0.000394765075341086,0.0137749150808189,0.00145248765801975,1.70990224360276,0,276.995641638941,76.9682857127167,5.04502492726503e-10,1,0.96896216168166,0,-0.000373272529151869,-0.000789530150682172,0,0,0
18.3,9500.22701981063,1.70975615043611,9500,9500.22622073349,1.70975615043611,1.70975615043611,0,0.013826071262013,23.6648722779818,10,0,17068.4528430891,-17068.3742745667,1.70975615043611,1.70903639287633,1.70943142346508,-0.00039503058874768,0.0137806369274174,0.00148116162573797,1.70972749332457,0,276.983059899206,76.9457273697998,5.08783184428032e-10,1,0.968984189752929,0,-0.000373529204707124,-0.00079006117749536,0,0,0
18.315,9500.2272272017,1.70958122603449,9500,9500.22642782432,1.70958122603449,1.70958122603449,0,0.0138309395088036,23.6603511246877,10,0,17066.0571715565,-17065.9785753679,1.70958122603449,1.70883335927364,1.70922865537987,-0.00039529610622524,0.0137862594375661,0.00150981873727063,1.70955258579846,0,276.970478159584,76.9231690268828,5.13099351133892e-10,1,0.969006219332045,0,-0.000373786040636093,-0.000790592212450481,0,0,0
18.33,9500.22743466579,1.70940614433883,9500,9500.22663499296,1.70940614433883,1.70940614433883,0,0.0138357348343062,23.6558304113436,10,0,17063.6602201926,-17063.5815967522,1.70940614433883,1.70863018529357,1.70902574692407,-0.000395561630506691,0.0137917857003592,0.00153845897329963,1.70937752100585,0,276.957896420077,76.9006106839658,5.17451768331274e-10,1,0.969028250419064,0,-0.000374043033029237,-0.000791123261013382,0,0,0
18.345,9500.22764220181,1.70923090532227,9500,9500.22684223817,1.70923090532227,1.70923090532227,0,0.0138404596963857,23.6513101378155,10,0,17061.2619888028,-17061.1833385111,1.70923090532227,1.70842687093936,1.70882269810706,-0.000395827167695373,0.0137972187117124,0.00156708230627989,1.70920229891025,0,276.945314680682,76.8780523410488,5.21840110928839e-10,1,0.969050283014046,0,-0.000374300182184539,-0.000791654335390746,0,0,0
18.36,9500.22784980871,1.70905550895791,9500,9500.22704955875,1.70905550895791,1.70905550895791,0,0.013845116081599,23.6467903039703,10,0,17058.8624771903,-17058.7838004362,1.70905550895791,1.70822341621669,1.70861950893429,-0.000396092717592778,0.01380256136815,0.00159568871829818,1.70902691949981,0,276.932732941401,76.8554939981318,5.26264682627266e-10,1,0.969072317117053,0,-0.000374557486267912,-0.000792185435185555,0,0,0
18.375,9500.22805748545,1.70887995521878,9500,9500.22725695353,1.70887995521878,1.70887995521878,0,0.0138497062816373,23.6422709096766,10,0,17056.46168516,-17056.3829823198,1.70887995521878,1.70801982112792,1.70841617941398,-0.000396358286051335,0.0138078164887897,0.00162427817639843,1.70885138273222,0,276.920151202235,76.8329356552149,5.30725944158113e-10,1,0.969094352728152,0,-0.000374814944481328,-0.00079271657210267,0,0,0
18.39,9500.22826523104,1.70870424407798,9500,9500.22746442138,1.70870424407798,1.70870424407798,0,0.0138542322436853,23.6377519548029,10,0,17054.0596125156,-17053.9808839543,1.70870424407798,1.7078160856769,1.70821270955333,-0.000396623876426583,0.0138129867519938,0.00165285066296361,1.70867568858701,0,276.907569463183,76.8103773122979,5.35224670342779e-10,1,0.969116389847409,0,-0.000375072556575429,-0.000793247752853166,0,0,0
18.405,9500.22847304453,1.70852837550845,9500,9500.22767196122,1.70852837550845,1.70852837550845,0,0.0138586960509933,23.6332334392202,10,0,17051.6562590618,-17051.5775051326,1.70852837550845,1.70761220986882,1.7080090993588,-0.000396889489977736,0.0138180748069753,0.00168140615392898,1.7084998370428,0,276.894987724245,76.7878189693809,5.39759593132327e-10,1,0.969138428474901,0,-0.000375330320896428,-0.000793778979955473,0,0,0
18.42,9500.22868092497,1.70835234948309,9500,9500.22787957197,1.70835234948309,1.70835234948309,0,0.0138630995285766,23.6287153628013,10,0,17049.2516246019,-17049.1728456476,1.70835234948309,1.70740819370618,1.70780534883621,-0.000397155130026361,0.0138230832265982,0.00170994461957874,1.70832382806571,0,276.882405985422,76.7652606264639,5.44333372599083e-10,1,0.969160468610699,0,-0.0003755882370029,-0.000794310260052722,0,0,0
18.435,9500.22888887146,1.70817616597481,9500,9500.22808725262,1.70817616597481,1.70817616597481,0,0.0138674446195669,23.6241977254189,10,0,17046.8457089406,-17046.766905293,1.70817616597481,1.70720403719064,1.70760145799456,-0.00039742080391969,0.013828014470618,0.00173846603695749,1.70814766161975,0,276.869824246714,76.7427022835469,5.4894458344098e-10,1,0.969182510254885,0,-0.000375846303816818,-0.000794841607839381,0,0,0
18.45,9500.22909688313,1.7079998249565,9500,9500.22829500216,1.7079998249565,1.7079998249565,0,0.0138717331263985,23.6196805269467,10,0,17044.4385118815,-17044.3596838622,1.7079998249565,1.70699974032966,1.70739742683843,-0.00039768650876848,0.013832870910701,0.00176697039201001,1.70797133770414,0,276.857242508121,76.72014394063,5.53593685804015e-10,1,0.969204553407539,0,-0.000376104518294396,-0.00079537301753696,0,0,0
18.465,9500.22930495913,1.70782332640093,9500,9500.22850281964,1.70782332640093,1.70782332640093,0,0.0138759668399255,23.6151637672609,10,0,17042.0300332289,-17041.9511811492,1.70782332640093,1.70679530312119,1.70719325537273,-0.000397952251531386,0.0138376549035576,0.00179545764437128,1.7077948562625,0,276.844660769643,76.697585597713,5.58281296711579e-10,1,0.969226598068744,0,-0.00037636288482723,-0.000795904503062772,0,0,0
18.48,9500.22951309863,1.70764667028089,9500,9500.22871070411,1.70764667028089,1.70764667028089,0,0.0138801474108835,23.6106474462379,10,0,17039.6202727863,-17039.5413969482,1.70764667028089,1.70659072557243,1.70698894360393,-0.000398218031502529,0.0138423686869548,0.0018239277827965,1.70761821729222,0,276.832079031282,76.6750272547959,5.63008347031281e-10,1,0.969248644238588,0,-0.000376621397181198,-0.000796436063005057,0,0,0
18.495,9500.22972130084,1.70746985656908,9500,9500.22891865468,1.70746985656908,1.70746985656908,0,0.0138842764309498,23.6061315637561,10,0,17037.2092303573,-17037.1303310537,1.70746985656908,1.7063860076839,1.70678449154102,-0.000398483857121379,0.0138470144596741,0.00185238077145877,1.70744142074111,0,276.819497293035,76.652468911879,5.67773882926182e-10,1,0.969270691917161,0,-0.000376880059523632,-0.000796967714242758,0,0,0
18.51,9500.22992956499,1.70729288523829,9500,9500.22912667047,1.70729288523829,1.70729288523829,0,0.0138883556585545,23.6016161196921,10,0,17034.7969057465,-17034.7179832604,1.70729288523829,1.70618114945876,1.70657989918362,-0.000398749724861203,0.0138515942828394,0.00188081659942729,1.70726446660846,0,276.806915554904,76.629910568962,5.72578992098288e-10,1,0.969292741104553,0,-0.000377138869367633,-0.000797499449722405,0,0,0
18.525,9500.23013789032,1.70711575626115,9500,9500.22933475062,1.70711575626115,1.70711575626115,0,0.0138923865742064,23.5971011139269,10,0,17032.3832987573,-17032.3043533632,1.70711575626115,1.70597615089832,1.70637516654014,-0.0003990156418201,0.0138561102444865,0.0019092352292589,1.70708735484394,0,276.79433381689,76.607352226045,5.77423819837403e-10,1,0.96931479180086,0,-0.000377397825616299,-0.000798031283640199,0,0,0
18.54,9500.23034627612,1.70693846961028,9500,9500.22954289431,1.70693846961028,1.70693846961028,0,0.0138963706161473,23.5925865463408,10,0,17029.9684091931,-17029.8894411574,1.70693846961028,1.70577101200841,1.70617029361437,-0.000399281605963919,0.0138605643194904,0.00193763664646407,1.70691008544295,0,276.781752078992,76.584793883128,5.82309139303522e-10,1,0.969336844006178,0,-0.00037765692743652,-0.000798563211927839,0,0,0
18.555,9500.23055472168,1.70676102525833,9500,9500.22975110075,1.70676102525833,1.70676102525833,0,0.0139003092863092,23.5880724168149,10,0,17027.5522368579,-17027.4732464385,1.70676102525833,1.70556573278613,1.70596528041259,-0.000399547626455776,0.0138649584214206,0.00196602081380304,1.70673265834702,0,276.76917034121,76.562235540211,5.87234310651336e-10,1,0.969358897720608,0,-0.000377916176752313,-0.000799095252911552,0,0,0
18.57,9500.23076322632,1.70658342317785,9500,9500.22995936916,1.70658342317785,1.70658342317785,0,0.0139042041109422,23.5835587252317,10,0,17025.1347815557,-17025.0557690017,1.70658342317785,1.70536031323837,1.70576012693829,-0.000399813699918594,0.0138692944161013,0.00199438772510896,1.70655507356364,0,276.756588603545,76.539677197294,5.92201048555982e-10,1,0.969380952944249,0,-0.000378175569281769,-0.000799627399837188,0,0,0
18.585,9500.23097178938,1.70640566334141,9500,9500.23016769879,1.70640566334141,1.70640566334141,0,0.0139080562080996,23.5790454714742,10,0,17022.716043089,-17022.6370086432,1.70640566334141,1.70515475336403,1.70555483319485,-0.000400079830818578,0.0138735741053493,0.00202273733932157,1.70637733104171,0,276.744006865997,76.517118854377,5.97208242170392e-10,1,0.969403009677206,0,-0.000378435109430475,-0.000800159661637156,0,0,0
18.6,9500.23118041022,1.70622774572151,9500,9500.23037608892,1.70622774572151,1.70622774572151,0,0.0139118670901357,23.5745326554265,10,0,17020.2960212625,-17020.216965159,1.70622774572151,1.70494905316679,1.70534939918963,-0.000400346022835008,0.013877799241132,0.00205106963901569,1.70619943076014,0,276.731425128567,76.4945605114601,6.02256664129412e-10,1,0.969425067919584,0,-0.000378694791649092,-0.000800692045670015,0,0,0
18.615,9500.23138908823,1.70604967029066,9500,9500.23058453884,1.70604967029066,1.70604967029066,0,0.0139156380378034,23.5700202769734,10,0,17017.8747158794,-17017.7956383453,1.70604967029066,1.70474321264793,1.70514382492325,-0.000400612275320844,0.0138819715097701,0.00207938460038637,1.70602137269767,0,276.718843391253,76.4720021685431,6.07347086764008e-10,1,0.969447127671493,0,-0.000378954618742267,-0.000801224550641688,0,0,0
18.63,9500.2315978228,1.70587143702129,9500,9500.23079304787,1.70587143702129,1.70587143702129,0,0.0139193702287935,23.5655083360009,10,0,17015.4521267427,-17015.3730279982,1.70587143702129,1.7045372318082,1.70493811040226,-0.000400878594069676,0.0138860925732828,0.00210768219337365,1.70584315681343,0,276.706261654057,76.4494438256261,6.12479654541139e-10,1,0.969469188933039,0,-0.000379214590607191,-0.000801757188139351,0,0,0
18.645,9500.23180661336,1.7056930458858,9500,9500.23100161535,1.7056930458858,1.7056930458858,0,0.0139230648494818,23.5609968323965,10,0,17013.028253656,-17012.9491339146,1.7056930458858,1.7043311106497,1.70473225562913,-0.000401144979433443,0.0138901640479391,0.00213596240123892,1.70566478309207,0,276.693679916979,76.4268854827091,6.17655453117857e-10,1,0.969491251704336,0,-0.00037947470756694,-0.000802289958866886,0,0,0
18.66,9500.23201545933,1.70551449685664,9500,9500.23121024065,1.70551449685664,1.70551449685664,0,0.0139267231516711,23.5564857660461,10,0,17010.603096423,-17010.523955891,1.70551449685664,1.70412484917356,1.704526260609,-0.00040141143544048,0.0138941874339059,0.00216422519496806,1.70548625149765,0,276.681098180019,76.4043271397921,6.22872587396705e-10,1,0.969513315985496,0,-0.000379734968171119,-0.000802822870880959,0,0,0
18.675,9500.23222436018,1.7053357899062,9500,9500.23141892313,1.7053357899062,1.7053357899062,0,0.0139303461960937,23.5519751368375,10,0,17008.1766548469,-17008.0974937247,1.7053357899062,1.70391844738165,1.70432012534259,-0.000401677960939262,0.0138981642214018,0.00219247055395422,1.70530756201373,0,276.668516443177,76.3817687968751,6.28133554652813e-10,1,0.969535381776636,0,-0.000379995371057262,-0.000803355921878524,0,0,0
18.69,9500.23243331537,1.70515692500685,9500,9500.23162766221,1.70515692500685,1.70515692500685,0,0.0139339351494394,23.5474649446597,10,0,17005.7489287312,-17005.6697472125,1.70515692500685,1.70371190527439,1.70411384983481,-0.000401944560421308,0.0139020958660733,0.00222069844642725,1.70512871459998,0,276.655934706453,76.3592104539582,6.33438185094958e-10,1,0.969557449077873,0,-0.000380255918748684,-0.000803889120842616,0,0,0
18.705,9500.2326423244,1.70497790213086,9500,9500.2318364573,1.70497790213086,1.70497790213086,0,0.0139374909699568,23.5429551894026,10,0,17003.3199178786,-17003.2407161518,1.70497790213086,1.70350522285471,1.70390743408939,-0.000402211234672878,0.0139059837966425,0.00224890885329754,1.70494970923867,0,276.643352969848,76.3366521110412,6.38785995369827e-10,1,0.969579517889326,0,-0.000380516607054737,-0.000804422469345756,0,0,0
18.72,9500.23285138676,1.7047987212506,9500,9500.23204530783,1.7047987212506,1.7047987212506,0,0.0139410147907536,23.5384458709552,10,0,17000.889622093,-17000.8104003398,1.7047987212506,1.70329840012084,1.70370087810807,-0.000402477987234917,0.0139098293403905,0.00227710174549256,1.70477054589186,0,276.630771233362,76.3140937681242,6.44178697483884e-10,1,0.969601588211113,0,-0.000380777441910674,-0.000804955974469834,0,0,0
18.735,9500.23306050198,1.70461938233834,9500,9500.23225421326,1.70461938233834,1.70461938233834,0,0.0139445075312854,23.5339369892085,10,0,16998.4580411772,-16998.3787995742,1.70461938233834,1.70309143707483,1.70349418189457,-0.000402744819741896,0.0139136338260685,0.00230527710423467,1.70459122453958,0,276.618189496995,76.2915354252072,6.49615337466321e-10,1,0.969623660043359,0,-0.000381038419735802,-0.000805489639483792,0,0,0
18.75,9500.23326966959,1.70443988536636,9500,9500.23246317306,1.70443988536636,1.70443988536636,0,0.0139479702580744,23.5294285440539,10,0,16996.0251749349,-16995.9459136528,1.70443988536636,1.70288433371826,1.70328734545204,-0.000403011733781433,0.0139173985299241,0.00233343490300153,1.7044117451537,0,276.605607760746,76.2689770822902,6.55096999693491e-10,1,0.969645733386186,0,-0.000381299538961821,-0.000806023467562866,0,0,0
18.765,9500.23347888915,1.70426023030684,9500,9500.23267218672,1.70426023030684,1.70426023030684,0,0.0139514037556689,23.5249205353837,10,0,16993.5910231681,-16993.5117423729,1.70426023030684,1.70267709005191,1.70308036878223,-0.000403278730327195,0.0139211247141395,0.00236157511566182,1.70423210770691,0,276.593026024618,76.2464187393732,6.60624454611822e-10,1,0.969667808239718,0,-0.000381560801266945,-0.000806557460654389,0,0,0
18.78,9500.2336881602,1.70408041713206,9500,9500.23288125374,1.70408041713206,1.70408041713206,0,0.0139548090187946,23.52041296309,10,0,16991.155585681,-16991.0762855332,1.70408041713206,1.70246970607513,1.70287325188889,-0.000403545813763229,0.0139248135494705,0.00238969771558928,1.70405231216319,0,276.580444288609,76.2238603964563,6.66196904997383e-10,1,0.969689884604085,0,-0.000381822208044502,-0.000807091627526457,0,0,0
18.795,9500.23389748234,1.70390044581423,9500,9500.23309037363,1.70390044581423,1.70390044581423,0,0.0139581869616964,23.5159058270651,10,0,16988.7188622763,-16988.6395429311,1.70390044581423,1.70226218178953,1.70266599477295,-0.000403812983423402,0.0139284661891183,0.00241780268445502,1.70387235850713,0,276.56786255272,76.2013020535393,6.71815591314387e-10,1,0.969711962479412,0,-0.000382083758255325,-0.000807625966846803,0,0,0
18.81,9500.23410685515,1.70372031632552,9500,9500.23329954594,1.70372031632552,1.70372031632552,0,0.0139615384650367,23.5113991272033,10,0,16986.2808527574,-16986.2015143651,1.70372031632552,1.70205451719578,1.70245859743685,-0.000404080241078297,0.0139320837726122,0.0024458899915516,1.70369224670517,0,276.555280816951,76.1787437106223,6.77480656597594e-10,1,0.96973404186583,0,-0.000382345451618527,-0.000808160482156595,0,0,0
18.825,9500.23431627822,1.70354002863809,9500,9500.23350877021,1.70354002863809,1.70354002863809,0,0.0139648642473574,23.5068928633988,10,0,16983.8415569266,-16983.7621996334,1.70354002863809,1.70184671229377,1.70225105988401,-0.000404347590239107,0.01393566740201,0.00247395961190566,1.7035119767252,0,276.542699081302,76.1561853677053,6.83192557205508e-10,1,0.969756122763469,0,-0.00038260728660755,-0.000808695180478214,0,0,0
18.84,9500.23452575119,1.70335958272408,9500,9500.23371804601,1.70335958272408,1.70335958272408,0,0.0139681651314208,23.5023870355461,10,0,16981.4009745872,-16981.3215985344,1.70335958272408,1.70163876708297,1.70204338211717,-0.000404615034196754,0.0139392181233627,0.00250201152479179,1.70333154853937,0,276.530117345774,76.1336270247883,6.88951749316318e-10,1,0.96977820517246,0,-0.000382869267628205,-0.000809230068393507,0,0,0
18.855,9500.23473527366,1.70317897855561,9500,9500.2339273729,1.70317897855561,1.70317897855561,0,0.013971441926093,23.4978816435404,10,0,16978.9591055421,-16978.8797108667,1.70317897855561,1.70143068156493,1.70183556413451,-0.000404882569575493,0.0139427369659271,0.00253004570949988,1.70315096213528,0,276.517535610366,76.1110686818713,6.9475790562732e-10,1,0.969800289092938,0,-0.000383131392123204,-0.000809765139150986,0,0,0
18.87,9500.23494484529,1.70299821610477,9500,9500.23413675048,1.70299821610477,1.70299821610477,0,0.0139746952746457,23.4933766872782,10,0,16976.5159495936,-16976.4365364289,1.70299821610477,1.70122245573989,1.70162760594222,-0.000405150202334337,0.0139462249458809,0.00255806212983201,1.70297021746505,0,276.504953875079,76.0885103389544,7.00612265410041e-10,1,0.969822374525035,0,-0.000383393657999331,-0.000810300404668673,0,0,0
18.885,9500.23515446572,1.70281729534369,9500,9500.23434617835,1.70281729534369,1.70281729534369,0,0.0139779260235802,23.4888721666546,10,0,16974.0715065452,-16973.9920750196,1.70281729534369,1.70101408960717,1.70141950754025,-0.000405417933078356,0.0139496829887434,0.00258606076955226,1.70278931451057,0,276.492372139913,76.0659519960373,7.06515127672557e-10,1,0.96984446146889,0,-0.000383656069134597,-0.000810835866156712,0,0,0
18.9,9500.23536413461,1.70263621624445,9500,9500.23455565613,1.70263621624445,1.70263621624445,0,0.0139811349383376,23.4843680815661,10,0,16971.6257762001,-16971.5463264376,1.70263621624445,1.70080558316856,1.70121126893,-0.000405685761432517,0.0139531120299015,0.00261404160267786,1.70260825324838,0,276.47979040487,76.0433936531203,7.12466321461527e-10,1,0.969866549924635,0,-0.000383918623496404,-0.000811371522865034,0,0,0
18.915,9500.23557385163,1.70245497877913,9500,9500.23476518343,1.70245497877913,1.70245497877913,0,0.0139843225139649,23.4798644319095,10,0,16969.1787583602,-16969.0992904821,1.70245497877913,1.70059693642148,1.7010028901142,-0.000405953692725225,0.0139565129587789,0.00264200459874875,1.70242703363478,0,276.467208669947,76.0208353102034,7.18466615481808e-10,1,0.969888639892411,0,-0.000384181322495403,-0.00081190738545045,0,0,0
18.93,9500.23578361647,1.70227358291978,9500,9500.23497475991,1.70227358291978,1.70227358291978,0,0.0139874896149125,23.4753612175822,10,0,16966.7304528293,-16966.6509669519,1.70227358291978,1.70038814936828,1.70079437109284,-0.000406221724556399,0.0139598866558268,0.00266994974310153,1.70224565566227,0,276.454626935146,75.9982769672864,7.24516621552217e-10,1,0.969910731372358,0,-0.000384444165905107,-0.000812443449112799,0,0,0
18.945,9500.23599342882,1.7020920286384,9500,9500.2351843852,1.7020920286384,1.7020920286384,0,0.0139906367767576,23.4708584384825,10,0,16964.2808594094,-16964.2013556461,1.7020920286384,1.7001792220063,1.7005857118684,-0.000406489862099457,0.013963233994509,0.00269787700061497,1.70206411928272,0,276.442045200467,75.9757186243694,7.30616481545585e-10,1,0.969932824364614,0,-0.000384707155782316,-0.000812979724198915,0,0,0
18.96,9500.23620328837,1.70191031590701,9500,9500.23539405896,1.70191031590701,1.70191031590701,0,0.0139937645877664,23.4663560945087,10,0,16961.8299779031,-16961.7504563638,1.70191031590701,1.69997015433853,1.70037691244133,-0.000406758102801552,0.0139665557891995,0.00272578635629817,1.70188242448922,0,276.42946346591,75.9531602814524,7.36766337277276e-10,1,0.969954918869319,0,-0.000384970287447883,-0.000813516205603104,0,0,0
18.975,9500.23641319484,1.70172844469765,9500,9500.23560378088,1.70172844469765,1.70172844469765,0,0.0139968736865786,23.4618541855589,10,0,16959.3778081133,-16959.2982689043,1.70172844469765,1.69976094636201,1.70016797281499,-0.000407026452983628,0.0139698528082529,0.00275367777408242,1.70170057123013,0,276.416881731476,75.9306019385354,7.42967113193603e-10,1,0.969977014886617,0,-0.000385233566649656,-0.000814052905967255,0,0,0
18.99,9500.23662314794,1.70154641498225,9500,9500.23581355062,1.70154641498225,1.70154641498225,0,0.0139999646631975,23.457352711533,10,0,16956.9243498427,-16956.8447930671,1.70154641498225,1.69955159807901,1.69995889298889,-0.000407294909882561,0.013973125864656,0.00278155124160206,1.70151855950084,0,276.404299997164,75.9080435956184,7.49219107287981e-10,1,0.969999112416651,0,-0.000385496988971168,-0.000814589819765121,0,0,0
19.005,9500.23683314741,1.70136422673284,9500,9500.23602336789,1.70136422673284,1.70136422673284,0,0.0140030381886868,23.4528516723295,10,0,16954.4696028944,-16954.3900286513,1.70136422673284,1.69934210948687,1.69974967296329,-0.000407563476424455,0.0139763756720353,0.00280940672301067,1.70133638925703,0,276.391718262975,75.8854852527015,7.55521834899873e-10,1,0.970021211459563,0,-0.000385760559246107,-0.00081512695284891,0,0,0
19.02,9500.23704319299,1.70118187992136,9500,9500.23623323237,1.70118187992136,1.70118187992136,0,0.014006094653873,23.4483510678487,10,0,16952.0135670701,-16951.9339754564,1.70118187992136,1.69913248058682,1.69954031274189,-0.000407832155072896,0.0139796029739313,0.00283724419882625,1.7011540604755,0,276.379136528909,75.8629269097845,7.61877158932997e-10,1,0.970043312015499,0,-0.000386024273304253,-0.000815664310145792,0,0,0
19.035,9500.23725328441,1.70099937451974,9500,9500.23644314379,1.70099937451974,1.70099937451974,0,0.0140091345659622,23.4438508979913,10,0,16949.5562421721,-16949.476633282,1.70099937451974,1.6989227113779,1.69933081232495,-0.000408100947043799,0.0139828084835335,0.0028650636446883,1.70097157312851,0,276.366554794966,75.8403685668675,7.68284594413387e-10,1,0.970065414084603,0,-0.000386288133761514,-0.000816201894087598,0,0,0
19.05,9500.23746342142,1.70081671049993,9500,9500.23665310186,1.70081671049993,1.70081671049993,0,0.0140121585751739,23.4393511626571,10,0,16947.0976280038,-16947.0180019275,1.70081671049993,1.69871280186063,1.6991211717115,-0.000408369850870338,0.0139859928635702,0.00289286503592079,1.70078892719481,0,276.353973061147,75.8178102239505,7.74745064705417e-10,1,0.970087517667022,0,-0.000386552141421914,-0.000816739701740676,0,0,0
19.065,9500.2376736038,1.70063388783387,9500,9500.2368631063,1.70063388783387,1.70063388783387,0,0.014015167140078,23.4348518617468,10,0,16944.6377243676,-16944.558081193,1.70063388783387,1.69850275203195,1.69891139090475,-0.000408638872798184,0.0139891567642945,0.00292064834104133,1.7006061226274,0,276.341391327451,75.7952518810335,7.81258554134925e-10,1,0.970109622762905,0,-0.000386816296644277,-0.000817277745596368,0,0,0
19.08,9500.23788383131,1.70045090649344,9500,9500.23707315686,1.70045090649344,1.70045090649344,0,0.014018160647448,23.4303529951621,10,0,16942.1765310651,-16942.0968708777,1.70045090649344,1.69829256189535,1.69870146990584,-0.000408908010486542,0.0139923008530676,0.00294841354751529,1.70042315942189,0,276.328809593879,75.7726935381165,7.87825672754307e-10,1,0.970131729372398,0,-0.000387080597400891,-0.000817816020973083,0,0,0
19.095,9500.23809410372,1.70026776645056,9500,9500.23728325328,1.70026776645056,1.70026776645056,0,0.0140211397648736,23.4258545628043,10,0,16939.7140479,-16939.6343707815,1.70026776645056,1.69808223144823,1.69849140871349,-0.000409177265263017,0.0139954257301025,0.00297616061906236,1.70024003753677,0,276.316227860432,75.7501351951995,7.94446404713986e-10,1,0.97015383749565,0,-0.000387345046195087,-0.000818354530526033,0,0,0
19.11,9500.23830442082,1.70008446767717,9500,9500.23749339531,1.70008446767717,1.70008446767717,0,0.0140241047343778,23.4213565645742,10,0,16937.2502746734,-16937.1705807043,1.70008446767717,1.69787176068911,1.69828120732961,-0.000409446640499134,0.0139985319701417,0.00300388953286101,1.70005675694098,0,276.303646127109,75.7275768522825,8.01122298169136e-10,1,0.970175947132811,0,-0.000387609643459186,-0.000818893280998267,0,0,0
19.125,9500.23851478239,1.69990101014506,9500,9500.2377035827,1.69990101014506,1.69990101014506,0,0.0140270560666405,23.4168590003754,10,0,16934.7852111883,-16934.705500446,1.69990101014506,1.69766114961905,1.69807086575498,-0.000409716135927107,0.0140016202085624,0.00303160026905558,1.69987331761625,0,276.29106439391,75.7050185093656,8.07852867665477e-10,1,0.970198058284031,0,-0.000387874388652509,-0.000819432271854215,0,0,0
19.14,9500.23872518823,1.69971739382617,9500,9500.23791381524,1.69971739382617,1.69971739382617,0,0.0140299942497608,23.4123618701089,10,0,16932.3188572471,-16932.2391298065,1.69971739382617,1.6974503982378,1.69786038398975,-0.000409985751956832,0.0140046909670207,0.00305929279786499,1.69968971953175,0,276.278482660836,75.6824601664486,8.14638878892331e-10,1,0.97022017094946,0,-0.000388139280945277,-0.000819971503913663,0,0,0
19.155,9500.23893563814,1.69953361869232,9500,9500.2381240927,1.69953361869232,1.69953361869232,0,0.0140329195836619,23.4078651736782,10,0,16929.8512126515,-16929.7714685854,1.69953361869232,1.69723950654288,1.69764976203616,-0.000410255493282996,0.0140077448127267,0.00308696709228595,1.6995059626486,0,276.265900927888,75.6599018235316,8.21480471820655e-10,1,0.97024228512925,0,-0.000388404324737524,-0.000820510986565992,0,0,0
19.17,9500.23914613194,1.69934968471536,9500,9500.23833441484,1.69934968471536,1.69934968471536,0,0.0140358326004468,23.403368910986,10,0,16927.3822772046,-16927.3025165832,1.69934968471536,1.69702847453692,1.69743899989316,-0.000410525356239644,0.0140107822678956,0.00311462313600086,1.69932204696044,0,276.253319195064,75.6373434806146,8.28378411720335e-10,1,0.970264400823555,0,-0.000388669514178153,-0.000821050712479288,0,0,0
19.185,9500.23935666943,1.69916559186718,9500,9500.23854478148,1.69916559186718,1.69916559186718,0,0.0140387336052497,23.3988730819344,10,0,16924.9120507083,-16924.8322735998,1.69916559186718,1.6968173022155,1.69722809756165,-0.000410795346147852,0.014013803819701,0.0031422608909164,1.69913797241412,0,276.240737462366,75.6147851376976,8.35333307236307e-10,1,0.970286518032526,0,-0.00038893485596514,-0.000821590692295704,0,0,0
19.2,9500.23956725043,1.6989813401196,9500,9500.23875519239,1.6989813401196,1.6989813401196,0,0.0140416230161105,23.3943776864274,10,0,16922.4405329648,-16922.360739435,1.6989813401196,1.69660598957996,1.69701705504297,-0.000411065463009397,0.0140168099816737,0.00316988034398169,1.69895373899792,0,276.228155729793,75.5922267947806,8.42344985231318e-10,1,0.970308636756316,0,-0.00038920034785761,-0.000822130926018794,0,0,0
19.215,9500.23977787478,1.69879692944443,9500,9500.23896564738,1.69879692944443,1.69879692944443,0,0.0140445012140124,23.3898827243684,10,0,16919.9677237766,-16919.8879138893,1.69879692944443,1.69639453663111,1.69680587233757,-0.000411335706464788,0.0140198012342236,0.00319748146565701,1.69876934668384,0,276.215573997346,75.5696684518636,8.49414366685534e-10,1,0.970330756995081,0,-0.000389465987855164,-0.000822671412929576,0,0,0
19.23,9500.23998854229,1.69861235981351,9500,9500.23917614626,1.69861235981351,1.69861235981351,0,0.0140473685133539,23.3853881956609,10,0,16917.4936229455,-16917.4137967625,1.69861235981351,1.69618294336537,1.6965945494454,-0.00041160608002766,0.0140227780319662,0.00322506422625102,1.69858479543157,0,276.202992265026,75.5471101089467,8.56542372217008e-10,1,0.970352878748974,0,-0.00038973178158952,-0.00082321216005532,0,0,0
19.245,9500.24019925282,1.6984276311986,9500,9500.23938668885,1.6984276311986,1.6984276311986,0,0.0140502252644313,23.3808941002099,10,0,16915.0182302737,-16914.938387855,1.6984276311986,1.6959712097853,1.69638308636693,-0.000411876581629667,0.0140257408630762,0.00325262860819531,1.69840008523024,0,276.190410532832,75.5245517660297,8.6372835945556e-10,1,0.970375002018151,0,-0.000389997724056901,-0.000823753163259333,0,0,0
19.26,9500.2404100062,1.69824274357148,9500,9500.23959727496,1.69824274357148,1.69824274357148,0,0.0140530717347437,23.3764004379201,10,0,16912.541545563,-16912.4616869671,1.69824274357148,1.69575933588761,1.69617148310349,-0.0004121472158789,0.014028690161392,0.00328017457655738,1.69821521603241,0,276.177828800764,75.5019934231127,8.70973873742646e-10,1,0.970397126802769,0,-0.00039026381968954,-0.000824294431757799,0,0,0
19.275,9500.24062080228,1.69805769690399,9500,9500.23980790442,1.69805769690399,1.69805769690399,0,0.0140559083330668,23.3719072086948,10,0,16910.0635686159,-16909.9836938989,1.69805769690399,1.69554732167389,1.69595973965518,-0.000412417981289881,0.0140316263184355,0.00330770211562026,1.69803018782693,0,276.165247068824,75.4794350801957,8.78279053724789e-10,1,0.970419253102981,0,-0.000390530067068795,-0.000824835962579762,0,0,0
19.29,9500.2408316409,1.69787249116786,9500,9500.24001857706,1.69787249116786,1.69787249116786,0,0.0140587353778517,23.3674144124397,10,0,16907.5842992346,-16907.5044084507,1.69787249116786,1.69533516714286,1.69574785602397,-0.000412688881108902,0.0140345497732437,0.00333521119267988,1.69784500057332,0,276.152665337009,75.4568767372787,8.85644037991928e-10,1,0.970441380918947,0,-0.000390796464662779,-0.000825377762217805,0,0,0
19.305,9500.24104252193,1.69768712633489,9500,9500.24022929272,1.69768712633489,1.69768712633489,0,0.0140615530659592,23.3629220490595,10,0,16905.1037372204,-16905.0238304228,1.69768712633489,1.69512287229251,1.69553583220715,-0.000412959914636302,0.0140374609213869,0.0033627017872262,1.69765965425047,0,276.140083605323,75.4343183943617,8.93069277480648e-10,1,0.970463510250823,0,-0.000391063017646909,-0.000825919829272603,0,0,0
19.32,9500.24125344523,1.6975016023768,9500,9500.24044005124,1.6975016023768,1.6975016023768,0,0.0140643617025237,23.3584301184599,10,0,16902.6218823754,-16902.5419596155,1.6975016023768,1.69491043712338,1.69532366820698,-0.000413231083595367,0.0140403601514074,0.00339017387164398,1.69747414882784,0,276.127501873763,75.4117600514447,9.00555535321619e-10,1,0.970485641098768,0,-0.000391329723908207,-0.000826462167190734,0,0,0
19.335,9500.24146441065,1.6973159192654,9500,9500.24065085246,1.6973159192654,1.6973159192654,0,0.0140671616957417,23.3539386205453,10,0,16900.1387345023,-16900.0587958293,1.6973159192654,1.69469786163638,1.69511136402443,-0.000413502388046494,0.0140432478195501,0.00341762742061258,1.6972884842809,0,276.114920142332,75.3892017085278,9.08103262002839e-10,1,0.970507773462938,0,-0.000391596581872378,-0.000827004776092988,0,0,0
19.35,9500.24167541808,1.69713007697244,9500,9500.24086169623,1.69713007697244,1.69713007697244,0,0.014069953260423,23.3494475552215,10,0,16897.6542934026,-16897.5743388643,1.69713007697244,1.69448514582879,1.69489891965927,-0.000413773830471698,0.0140461242837306,0.00344506240511544,1.69710266057297,0,276.102338411028,75.3666433656108,9.15713376301355e-10,1,0.970529907343494,0,-0.000391863596238551,-0.000827547660943395,0,0,0
19.365,9500.24188646738,1.69694407546964,9500,9500.24107258242,1.69694407546964,1.69694407546964,0,0.0140727366640668,23.3449569223941,10,0,16895.1685588782,-16895.0885885212,1.69694407546964,1.69427228970183,1.69468633511216,-0.000414045410337183,0.0140489899031657,0.00347247880458634,1.69691667768574,0,276.089756679852,75.3440850226938,9.23385703648826e-10,1,0.970552042740593,0,-0.000392130763825271,-0.000828090820674365,0,0,0
19.38,9500.24209755843,1.69675791472873,9500,9500.24128351088,1.69675791472873,1.69675791472873,0,0.0140755120195785,23.3404667219696,10,0,16892.6815307305,-16892.6015446002,1.69675791472873,1.69405929325414,1.69447361038414,-0.000414317129999509,0.0140518450380854,0.00349987658849216,1.69673053558263,0,276.077174948805,75.3215266797768,9.31120694043895e-10,1,0.970574179654397,0,-0.000392398085630852,-0.000828634259999017,0,0,0
19.395,9500.24230869111,1.69657159472148,9500,9500.24149448148,1.69657159472148,1.69657159472148,0,0.014078279827795,23.3359769538529,10,0,16890.1932087624,-16890.1132069019,1.69657159472148,1.69384615648572,1.69426074547459,-0.000414588988870035,0.0140546899690373,0.00352725573458801,1.69654423424257,0,276.064593217886,75.2989683368598,9.38919890077549e-10,1,0.970596318085064,0,-0.000392665563036632,-0.00082917797774007,0,0,0
19.41,9500.24251986531,1.6963851154196,9500,9500.24170549408,1.6963851154196,1.6963851154196,0,0.0140810402404151,23.3314876179508,10,0,16887.7035927753,-16887.6235752266,1.6963851154196,1.69363287939557,1.69404774038614,-0.000414860990574306,0.0140575250486317,0.00355461621350139,1.69635777362792,0,276.052011487096,75.2764099939428,9.46782648407962e-10,1,0.970618458032756,0,-0.000392933196866396,-0.000829721981148612,0,0,0
19.425,9500.24273108091,1.69619847679475,9500,9500.24191654856,1.69619847679475,1.69619847679475,0,0.014083793345447,23.3269987141706,10,0,16885.2126825704,-16885.132649375,1.69619847679475,1.69341946198263,1.69383459511655,-0.000415133133925494,0.0140603506051295,0.00358195800517613,1.69617115371995,0,276.039429756435,75.2538516510259,9.54710042817598e-10,1,0.970640599497633,0,-0.000393200987944375,-0.000830266267850988,0,0,0
19.44,9500.24294233781,1.69601167881868,9500,9500.2421276448,1.69601167881868,1.69601167881868,0,0.0140865395800375,23.3225102424182,10,0,16882.7204779503,-16882.6404291473,1.69601167881868,1.69320590424904,1.69362130966659,-0.000415405417547365,0.0140631669210047,0.0036092810799786,1.69598437449393,0,276.026848025904,75.2312933081089,9.62702210280836e-10,1,0.970662742479856,0,-0.000393468933745256,-0.000830810835094731,0,0,0
19.455,9500.2431536359,1.69582472146311,9500,9500.24233878268,1.69582472146311,1.69582472146311,0,0.0140892790055608,23.3180222025999,10,0,16880.2269787162,-16880.1469143442,1.69582472146311,1.6929922061929,1.69340788403926,-0.000415677846358431,0.014065974269896,0.00363658540472955,1.69579743590492,0,276.014266295501,75.2087349651919,9.70760067961572e-10,1,0.970684886979589,0,-0.000393737037495123,-0.000831355692716862,0,0,0
19.47,9500.24336497509,1.69563760469972,9500,9500.24254996208,1.69563760469972,1.69563760469972,0,0.0140920118999381,23.3135345946228,10,0,16877.73218467,-16877.6521047661,1.69563760469972,1.69277836781324,1.69319431823443,-0.000415950421185807,0.0140687729453852,0.00366387096292042,1.69561033793379,0,276.001684565229,75.1861766222749,9.78884376629043e-10,1,0.97070703299699,0,-0.000394005298983036,-0.000831900842371613,0,0,0
19.485,9500.24357635527,1.69545032850019,9500,9500.24276118289,1.69545032850019,1.69545032850019,0,0.0140947385491964,23.3090474183944,10,0,16875.2360956138,-16875.1560002136,1.69545032850019,1.69256438911158,1.69298061225189,-0.000416223140312644,0.0140715632297622,0.00369113772884777,1.6954230805598,0,275.989102835086,75.163618279358,9.87074804622145e-10,1,0.970729180532224,0,-0.000394273717619464,-0.000832446280625287,0,0,0
19.5,9500.24378777634,1.69526289283623,9500,9500.242972445,1.69526289283623,1.69526289283623,0,0.014097458978812,23.3045606738211,10,0,16872.7387113485,-16872.6586004873,1.69526289283623,1.69235027008558,1.69276676609288,-0.00041649600730076,0.0140743453696981,0.00371838566923377,1.69523566374021,0,275.976521105073,75.141059936441,9.95332580440865e-10,1,0.970751329585453,0,-0.000394542297264877,-0.000832992014601519,0,0,0
19.515,9500.24399923823,1.6950752976795,9500,9500.24318374831,1.6950752976795,1.6950752976795,0,0.0140982568162031,23.300074358443,11,0,16870.2400422575,-16870.1599268606,1.6950752976795,1.69213601073739,1.69255277975697,-0.000416769019587759,0.0140771196377727,0.00374561476525237,1.69504808746346,0,275.963939375191,75.1185015935239,2.61912758375028e-10,1,0.970773480156841,0,-0.00039481103310135,-0.000833538039175519,0,0,0
19.53,9500.24421071208,1.6948875430017,9500,9500.24339509272,1.6948875430017,1.6948875430017,0,0.014100982114649,23.2955884764895,11,0,16867.7400669158,-16867.6599360302,1.6948875430017,1.69192161106594,1.69233865324718,-0.000417042181239724,0.0140798862730952,0.0037728249812945,1.69486035168476,0,275.95135764544,75.095943250607,2.64334562383505e-10,1,0.970795632243612,0,-0.00039507992897847,-0.000834084362479448,0,0,0
19.545,9500.24442222681,1.69469962896368,9500,9500.24360647067,1.69469962896368,1.69469962896368,0,0.0141038233814677,23.2911030221703,11,0,16865.2387966594,-16865.1586496262,1.69469962896368,1.69170707107052,1.69212438637734,-0.000417315306820987,0.0140825356446922,0.0038000162982319,1.69467245675511,0,275.938775915819,75.07338490769,2.66776166342284e-10,1,0.970817785848892,0,-0.000395348971944598,-0.000834630613641973,0,0,0
19.56,9500.24463378416,1.69451155549202,9500,9500.24381788407,1.69451155549202,1.69451155549202,0,0.014106749552027,23.2866179963098,11,0,16862.736231088,-16862.6560674245,1.69451155549202,1.69149239075305,1.69190997923976,-0.000417588486707476,0.0140851217222205,0.00382718850680153,1.69448440228644,0,275.926194186329,75.050826564773,2.69240215427123e-10,1,0.970839940973034,0,-0.000395618166084244,-0.000835176973414953,0,0,0
19.575,9500.24484538541,1.69432332251297,9500,9500.24402933478,1.69432332251297,1.69432332251297,0,0.0141097299693128,23.2821333997328,11,0,16860.2323697967,-16860.1521891949,1.69432332251297,1.69127757011007,1.69169543189846,-0.000417861788389873,0.0140876858935167,0.00385434171237886,1.69429618824567,0,275.913612456971,75.028268221856,2.71726235234316e-10,1,0.970862097616339,0,-0.000395887516328131,-0.000835723576779746,0,0,0
19.59,9500.24505703136,1.69413492995517,9500,9500.2442408245,1.69413492995517,1.69413492995517,0,0.0141127363322712,23.2776492332108,11,0,16857.7272123919,-16857.6470147041,1.69413492995517,1.69106260914449,1.69148074440679,-0.000418135262300279,0.0140902581918975,0.00388147597967814,1.69410781459957,0,275.901030727744,75.005709878939,2.74234687016988e-10,1,0.970884255779062,0,-0.000396157025395638,-0.000836270524600558,0,0,0
19.605,9500.2452687224,1.69394637775192,9500,9500.24445235471,1.69394637775192,1.69394637775192,0,0.0141157433275,23.273165497418,11,0,16855.2207584963,-16855.140543719,1.69394637775192,1.69084750785483,1.69126591679729,-0.000418408942458592,0.0140928585738698,0.00390859133528521,1.6939192813052,0,275.888448998649,74.983151536022,2.7676634364107e-10,1,0.970906415461417,0,-0.000396426696337882,-0.000836817884917185,0,0,0
19.62,9500.24548045855,1.69375766584253,9500,9500.2446639266,1.69375766584253,1.69375766584253,0,0.0141187302741948,23.268682192904,11,0,16852.7130077605,-16852.6327760078,1.69375766584253,1.69063226624333,1.69105094909178,-0.00041868284844937,0.0140954984238669,0.00393568778200826,1.69373058832844,0,275.875867269686,74.9605931931051,2.79320574735136e-10,1,0.970928576663576,0,-0.000396696529695983,-0.00083736569689874,0,0,0
19.635,9500.24569223951,1.69356879417326,9500,9500.24487554106,1.69356879417326,1.69356879417326,0,0.014121681206946,23.2641993200769,11,0,16850.203959866,-16850.1237113423,1.69356879417326,1.69041688431003,1.69083584129751,-0.000418956987477515,0.014098182074849,0.00396276529610162,1.69354173563118,0,275.863285540855,74.9380348501881,2.81897529505121e-10,1,0.970950739385682,0,-0.000396966528398712,-0.000837913974955029,0,0,0
19.65,9500.24590406472,1.69337976269739,9500,9500.24508719867,1.69337976269739,1.69337976269739,0,0.0141245850749154,23.2597168792026,11,0,16847.6936145258,-16847.6133494987,1.69337976269739,1.69020136205283,1.69062059341461,-0.000419231361774353,0.014100908421732,0.00398982383817925,1.69335272316746,0,275.850703812156,74.9154765072711,2.84498603907588e-10,1,0.970972903627853,0,-0.000397236695696801,-0.000838462723548705,0,0,0
19.665,9500.2461159335,1.69319057137526,9500,9500.24529889972,1.69319057137526,1.69319057137526,0,0.0141274352942678,23.2552348704048,11,0,16845.1819714842,-16845.1016902585,1.69319057137526,1.68998569947613,1.69040520543927,-0.00041950596313578,0.0141036722583978,0.00401686336810014,1.69316355091796,0,275.838122083591,74.8929181643541,2.87123011649187e-10,1,0.970995069390187,0,-0.000397507028977007,-0.00083901192627156,0,0,0
19.68,9500.24632784503,1.69300122017351,9500,9500.24551064424,1.69300122017351,1.69300122017351,0,0.014130229842548,23.2507532936814,11,0,16842.6690305165,-16842.5887334086,1.69300122017351,1.6897698965763,1.69018967735807,-0.000419780781761636,0.0141064657481428,0.00404388382539578,1.69297421883818,0,275.825540355157,74.8703598214371,2.89771369129758e-10,1,0.971017236672778,0,-0.000397777533217125,-0.000839561563523272,0,0,0
19.695,9500.24653979848,1.69281170906426,9500,9500.24572243204,1.69281170906426,1.69281170906426,0,0.0141329698962888,23.2462721489214,11,0,16840.1547914212,-16840.0744787408,1.69281170906426,1.6895539533564,1.68997400915759,-0.000420055801190644,0.0141092795956875,0.00407088516073117,1.69278472691475,0,275.812958626858,74.8478014785201,2.92443825090835e-10,1,0.97103940547571,0,-0.000398048205188628,-0.000840111602381288,0,0,0
19.71,9500.24675179303,1.69262203802399,9500,9500.24593426277,1.69262203802399,1.69262203802399,0,0.0141356595907248,23.2417914359268,11,0,16837.6392540186,-16837.5589260518,1.69262203802399,1.68933786981598,1.68975820082202,-0.000420331006033337,0.0141121040940593,0.00409786731023898,1.69259507511416,0,275.800376898691,74.8252431356031,2.95140216634168e-10,1,0.971061575799075,0,-0.000398319047367757,-0.000840662012066673,0,0,0
19.725,9500.24696382792,1.69243220703257,9500,9500.24614613595,1.69243220703257,1.69243220703257,0,0.0141383052028198,23.2373111544339,11,0,16835.1224181453,-16835.0420751426,1.69243220703257,1.68912164595583,1.68954225234061,-0.000420606384786693,0.0141149298862562,0.00412483022007137,1.69240526340633,0,275.787795170659,74.8026847926862,2.97860692474497e-10,1,0.971083747642966,0,-0.000398590057740789,-0.000841212769573385,0,0,0
19.74,9500.2471759025,1.69224221607201,9500,9500.24635805105,1.69224221607201,1.69224221607201,0,0.0141409141692797,23.2328313041376,11,0,16832.6042836478,-16832.5239258175,1.69224221607201,1.68890528177726,1.68932616369785,-0.000420881920584648,0.0141177486389046,0.0041517738463146,1.69221529178241,0,275.775213442759,74.7801264497692,3.00606491587445e-10,1,0.97110592100749,0,-0.00039886123674493,-0.000841763841169296,0,0,0
19.755,9500.24738801621,1.69205206512553,9500,9500.24657000747,1.69205206512553,1.69205206512553,0,0.0141434947628893,23.2283518847104,11,0,16830.0848503796,-16830.0044778828,1.69205206512553,1.68868877728255,1.68910993488472,-0.000421157602165101,0.0141205534059596,0.0041786981359222,1.69202516021415,0,275.762631714994,74.7575681068522,3.03376827781856e-10,1,0.971128095892763,0,-0.00039913258273705,-0.000842315204330202,0,0,0
19.77,9500.24760016863,1.69186175417663,9500,9500.24678200466,1.69186175417663,1.69186175417663,0,0.0141460551006821,23.2238728958204,11,0,16827.5641181953,-16827.4837311473,1.69186175417663,1.68847213246887,1.68889356589138,-0.000421433422502782,0.0141233388583077,0.00420560304731099,1.69183486867118,0,275.750049987364,74.7350097639352,3.06172316738697e-10,1,0.971150272298914,0,-0.000399404098042622,-0.000842866845005563,0,0,0
19.785,9500.24781235946,1.69167128320823,9500,9500.24699404208,1.69167128320823,1.69167128320823,0,0.014148602915234,23.2193943371494,11,0,16825.0420869483,-16824.9616854201,1.69167128320823,1.68825534733875,1.68867705671634,-0.000421709377594004,0.0141261014357579,0.00423248855276581,1.69164441713633,0,275.737468259868,74.7124514210182,3.0899248389687e-10,1,0.971172450226087,0,-0.000399675781947106,-0.000843418755188008,0,0,0
19.8,9500.2480245885,1.69148065220215,9500,9500.24720611926,1.69148065220215,1.69148065220215,0,0.0141511449409208,23.2149162084013,11,0,16822.518756486,-16822.4383405106,1.69148065220215,1.68803842189605,1.68846040735404,-0.000421985457994545,0.0141288392239964,0.00425935462466476,1.69145380560472,0,275.724886532507,74.6898930781012,3.11839034668302e-10,1,0.971194629674432,0,-0.000399947629368347,-0.00084397091598909,0,0,0
19.815,9500.24823685568,1.69128986113871,9500,9500.24741823579,1.69128986113871,1.69128986113871,0,0.0141536870517209,23.2104385093127,11,0,16819.994126651,-16819.9136962279,1.69128986113871,1.68782135613767,1.68824361780893,-0.000422261671254587,0.0141315518319355,0.00428620122209566,1.69126303401726,0,275.71230480528,74.6673347351842,3.14711027170147e-10,1,0.971216810644115,0,-0.000400219647287869,-0.000844523342509174,0,0,0
19.83,9500.24844916098,1.69109890999651,9500,9500.24763039137,1.69109890999651,1.69109890999651,0,0.0141562338038035,23.2059612396542,11,0,16817.4681972776,-16817.3877523804,1.69109890999651,1.68760415006898,1.68802668807929,-0.000422538010318441,0.0141342401084252,0.0043130283435453,1.69107210239188,0,275.699723078189,74.6447763922672,3.17608765236632e-10,1,0.97123899313531,0,-0.000400491829471994,-0.000845076020636881,0,0,0
19.845,9500.24866150449,1.69090779875222,9500,9500.24784258575,1.69090779875222,1.69090779875222,0,0.0141587884812698,23.201484399236,11,0,16814.9409681916,-16814.8605087752,1.69090779875222,1.68738680368814,1.68780961817245,-0.000422814484311251,0.0141369059752753,0.00433983594816656,1.69088101066768,0,275.687141351233,74.6222180493503,3.20533330850565e-10,1,0.971261177148196,0,-0.000400764178692725,-0.000845628968622503,0,0,0
19.86,9500.24887388632,1.69071652738073,9500,9500.24805481878,1.69071652738073,1.69071652738073,0,0.0141613530370944,23.1970079879042,11,0,16812.4124392095,-16812.3319652179,1.69071652738073,1.68716931699709,1.68759240809276,-0.000423091095669514,0.0141395520826221,0.00436662403270827,1.69068975883846,0,275.674559624414,74.5996597064333,3.23483626633166e-10,1,0.971283362682957,0,-0.000401036696643597,-0.000846182191339029,0,0,0
19.875,9500.24908630661,1.69052509585516,9500,9500.24826709037,1.69052509585516,1.69052509585516,0,0.0141639282760907,23.1925320055406,11,0,16809.8826101408,-16809.8021215132,1.69052509585516,1.68695168999985,1.68737505784681,-0.000423367846964506,0.0141421815673513,0.00439339257497706,1.69049834688089,0,275.66197789773,74.5771013635163,3.264608899818e-10,1,0.971305549739784,0,-0.000401309381219184,-0.000846735693929013,0,0,0
19.89,9500.24929876554,1.69033350414729,9500,9500.2484794005,1.69033350414729,1.69033350414729,0,0.0141665144124895,23.188056452053,11,0,16807.3514807894,-16807.2709774639,1.69033350414729,1.68673392269577,1.6871575674432,-0.000423644747435281,0.0141447977040138,0.0044201415492422,1.69030677475014,0,275.649396171183,74.5545430205993,3.29465424161439e-10,1,0.971327738318863,0,-0.000401582231585929,-0.000847289494870562,0,0,0
19.905,9500.24951126325,1.69014175222756,9500,9500.24869174919,1.69014175222756,1.69014175222756,0,0.0141691103016031,23.1835813273767,11,0,16804.8190509508,-16804.738532872,1.69014175222756,1.68651601508762,1.68693993688907,-0.000423921801455451,0.0141474038207265,0.00444687094638918,1.6901150424311,0,275.636814444771,74.5319846776823,3.32496754353079e-10,1,0.971349928420387,0,-0.000401855253078232,-0.000847843602910903,0,0,0
19.92,9500.24972379991,1.68994984006559,9500,9500.2489041365,1.68994984006559,1.68994984006559,0,0.0141717148149562,23.179106631463,11,0,16802.2853204191,-16802.2047875379,1.68994984006559,1.68629796717692,1.68672216619122,-0.000424199014293247,0.0141500029922606,0.00447358074285487,1.68992314989119,0,275.624232718496,74.5094263347653,3.35555650543743e-10,1,0.971372120044543,0,-0.0004021284418676,-0.000848398028586494,0,0,0
19.935,9500.24993637563,1.68975776763027,9500,9500.24911656252,1.68975776763027,1.68975776763027,0,0.0141743259283566,23.1746323642765,11,0,16799.7502889825,-16799.6697412615,1.68975776763027,1.68607977896444,1.68650425535573,-0.000424476391287509,0.014152597988785,0.00450027091724969,1.68973109709911,0,275.611650992359,74.4868679918484,3.38642260168719e-10,1,0.971394313191516,0,-0.000402401801330443,-0.000848952782575019,0,0,0
19.95,9500.25014899052,1.68956553489022,9500,9500.24932902734,1.68956553489022,1.68956553489022,0,0.0141769417490458,23.1701585257876,11,0,16797.2139564293,-16797.1333938417,1.68956553489022,1.68586145045405,1.68628620439034,-0.000424753936288713,0.0141551911018294,0.00452694144840238,1.68953888402987,0,275.599069266359,74.4643096489314,3.41756575057291e-10,1,0.97141650786149,0,-0.000402675330461122,-0.000849507872577426,0,0,0
19.965,9500.25036164464,1.6893731418139,9500,9500.24954153104,1.6893731418139,1.6893731418139,0,0.0141795602690438,23.1656851159698,11,0,16794.6763225467,-16794.5957450771,1.6893731418139,1.6856429816463,1.68606801329876,-0.000425031652451224,0.0141577841696866,0.00455359230874763,1.68934651065015,0,275.586487540495,74.4417513060144,3.44898898105229e-10,1,0.971438704054647,0,-0.000402949030850142,-0.000850063304902449,0,0,0
19.98,9500.25057433805,1.68918058836987,9500,9500.24975407373,1.68918058836987,1.68918058836987,0,0.0141821794867395,23.161212134793,11,0,16792.1373871215,-16792.056794766,1.68918058836987,1.68542437254515,1.68584968208744,-0.00042530954228881,0.0141603785167249,0.00458022347249587,1.68915397693307,0,275.57390581477,74.4191929630974,3.48069687606073e-10,1,0.971460901771163,0,-0.000403222901555367,-0.00085061908457762,0,0,0
19.995,9500.25078707074,1.68898787452696,9500,9500.24996665548,1.68898787452696,1.68898787452696,0,0.0141847976726531,23.1567395822224,11,0,16789.5971499418,-16789.5165427063,1.68898787452696,1.68520562315208,1.68563121076034,-0.000425587608265054,0.0141629749865957,0.0046068349092947,1.68896128284484,0,275.561324089183,74.3966346201804,3.51269401673449e-10,1,0.971483101011211,0,-0.000403496944685111,-0.000851175216530109,0,0,0
20.01,9500.2509998427,1.68879500025439,9500,9500.25017927635,1.68879500025439,1.68879500025439,0,0.0141874134284941,23.1522674582149,11,0,16787.0556107984,-16786.9749886967,1.68879500025439,1.68498673346979,1.68541259932118,-0.000425865851388041,0.014165573968096,0.00463342659141119,1.68876842835842,0,275.548742363733,74.3740762772634,3.5449834275441e-10,1,0.971505301774966,0,-0.000403771159166677,-0.000851731702776082,0,0,0
20.025,9500.2512126539,1.68860196552177,9500,9500.25039193638,1.68860196552177,1.68860196552177,0,0.0141900254827732,23.1477957627191,11,0,16784.512769482,-16784.4321325351,1.68860196552177,1.68476770350045,1.68519384777278,-0.00042614427233012,0.0141681755226058,0.00465999848737808,1.68857541344317,0,275.536160638422,74.3515179343464,3.57755258461443e-10,1,0.971527504062594,0,-0.000404045547574228,-0.00085228854466024,0,0,0
20.04,9500.25142550429,1.68840877029921,9500,9500.25060463558,1.68840877029921,1.68840877029921,0,0.0141926330961047,23.1433244956735,11,0,16781.9686257872,-16781.8879740203,1.68840877029921,1.68454853324693,1.68497495611792,-0.000426422870994481,0.0141707793760409,0.00468655056597855,1.68838223807092,0,275.523578913249,74.3289595914295,3.61042316934793e-10,1,0.971549707874266,0,-0.000404320108261746,-0.000852845741988961,0,0,0
20.055,9500.25163839378,1.68821541455733,9500,9500.25081737397,1.68821541455733,1.68821541455733,0,0.0141952357994965,23.1388536570062,11,0,16779.4231795104,-16779.3425129515,1.68821541455733,1.68432922271289,1.68475592435933,-0.000426701646436545,0.0141733850198806,0.00471308279426808,1.68818890221429,0,275.510997188216,74.3064012485125,3.64359042967075e-10,1,0.971571913210145,0,-0.000404594843438577,-0.000853403292873089,0,0,0
20.07,9500.25185132232,1.68802189826716,9500,9500.25103015152,1.68802189826716,1.68802189826716,0,0.0141978332936046,23.1343832466375,11,0,16776.876430449,-16776.7957491276,1.68802189826716,1.68410977189975,1.68453675249867,-0.000426980598925208,0.0141759918166735,0.00473959513730993,1.6879954058392,0,275.498415463322,74.2838429055955,3.67705894091439e-10,1,0.971594120070399,0,-0.0004048697526986,-0.000853961197850417,0,0,0
20.085,9500.25206428982,1.68782822140017,9500,9500.2512429682,1.68782822140017,1.68782822140017,0,0.0142004256369081,23.1299132644786,11,0,16774.3283784034,-16774.2476823488,1.68782822140017,1.68389018081205,1.68431744053859,-0.000427259726534457,0.0141785990285564,0.00476608756526975,1.68780174892426,0,275.485833738566,74.2612845626785,3.71082861428653e-10,1,0.971616328455194,0,-0.000405144834705995,-0.000854519453068914,0,0,0
20.1,9500.2522772962,1.68763438392811,9500,9500.25145582396,1.68763438392811,1.68763438392811,0,0.0142030132069166,23.1254437104351,11,0,16771.7790231755,-16771.6983124148,1.68763438392811,1.68367044945239,1.6840979884814,-0.000427539029007384,0.0141812059199373,0.00479256004118578,1.68760793143556,0,275.47325201395,74.2387262197615,3.74490246893247e-10,1,0.971638538364695,0,-0.000405420091286857,-0.000855078058014769,0,0,0
20.115,9500.2524903414,1.68744038582296,9500,9500.25166871876,1.68744038582296,1.68744038582296,0,0.0142055962583911,23.1209745844079,11,0,16769.2283645669,-16769.1476391259,1.68744038582296,1.68345057782432,1.68387839632949,-0.000427818505162936,0.0141838118106407,0.00481901253373263,1.68741395334773,0,275.460670289474,74.2161678768445,3.77928507661388e-10,1,0.971660749799067,0,-0.000405695523112648,-0.000855637010325871,0,0,0
20.13,9500.25270342534,1.68724622705692,9500,9500.25188165254,1.68724622705692,1.68724622705692,0,0.0142081753807558,23.1165058862941,11,0,16766.6764023817,-16766.5956622826,1.68724622705692,1.68323056593096,1.68365866408518,-0.000428098154213963,0.0141864160636499,0.00484544500896256,1.6872198146315,0,275.448088565139,74.1936095339276,3.81397479267902e-10,1,0.971682962758477,0,-0.000405971129566307,-0.000856196308427926,0,0,0
20.145,9500.25291654797,1.68705190760229,9500,9500.25209462523,1.68705190760229,1.68705190760229,0,0.0142107512224935,23.1120376159884,11,0,16764.123136424,-16764.0423816855,1.68705190760229,1.68301041377485,1.68343879175345,-0.000428377978598071,0.0141890181560315,0.00487185743438667,1.68702551525204,0,275.435506840943,74.1710511910106,3.84897774062027e-10,1,0.971705177243093,0,-0.000406246913051467,-0.000856755957196143,0,0,0
20.16,9500.25312970924,1.6868574274314,9500,9500.25230763678,1.6868574274314,1.6868574274314,0,0.0142133242224879,23.1075697733853,11,0,16761.5685664974,-16761.4877971356,1.6868574274314,1.68279012136155,1.68321877933585,-0.000428657974306024,0.014191617680525,0.00489824978463793,1.68683105519757,0,275.422925116888,74.1484928480936,3.88430004152953e-10,1,0.971727393253083,0,-0.000406522871363224,-0.000857315948612047,0,0,0
20.175,9500.25334290911,1.68666278651649,9500,9500.25252068714,1.68666278651649,1.68666278651649,0,0.0142158950871217,23.103102358381,11,0,16759.0126924066,-16758.9319084336,1.68666278651649,1.68256968869534,1.68299862683585,-0.00042893814051248,0.014194214400427,0.00492462201846466,1.68663643443278,0,275.410343392974,74.1259345051766,3.91993538849796e-10,1,0.971749610788617,0,-0.000406799003893621,-0.000857876281024961,0,0,0
20.19,9500.25355614753,1.68646798482989,9500,9500.25273377624,1.68646798482989,1.68646798482989,0,0.0142184643594992,23.0986353708701,11,0,16756.4555139555,-16756.3747153804,1.68646798482989,1.68234911577766,1.68277833425813,-0.000429218480467508,0.014196808104569,0.00495097410217538,1.6864416529189,0,275.397761669202,74.1033761622596,3.95589611364773e-10,1,0.971771829849864,0,-0.000407075313951344,-0.000858436960935016,0,0,0
20.205,9500.2537694245,1.68627302234375,9500,9500.25294690404,1.68627302234375,1.68627302234375,0,0.0142210323928117,23.094168810751,11,0,16753.8970309472,-16753.8162177771,1.68627302234375,1.68212840261369,1.68255790160685,-0.000429498993157917,0.0141993987626124,0.00497730601316704,1.68624671064054,0,275.38517994557,74.0808178193426,3.99218367399823e-10,1,0.971794050436998,0,-0.000407351800482791,-0.000858997986315835,0,0,0
20.22,9500.25398273999,1.68607789903006,9500,9500.2531600705,1.68607789903006,1.68607789903006,0,0.014223599618995,23.0897026779253,11,0,16751.3372431848,-16751.2564154243,1.68607789903006,1.68190754920869,1.68233732888546,-0.000429779676774267,0.0142019864582253,0.00500361771637925,1.68605160757152,0,275.372598222079,74.0582594764256,4.02879020951234e-10,1,0.971816272550187,0,-0.000407628461842169,-0.000859559353548534,0,0,0
20.235,9500.25419609398,1.68588261486074,9500,9500.25337327558,1.68588261486074,1.68588261486074,0,0.0142261663252343,23.0852369722955,11,0,16748.7761504706,-16748.6953081226,1.68588261486074,1.68168655556564,1.6821166161004,-0.000430060534753141,0.0142045713102162,0.00502990917491597,1.68585634367105,0,275.360016498731,74.0357011335086,4.06573425731153e-10,1,0.971838496189605,0,-0.000407905300674249,-0.000860121069506281,0,0,0
20.25,9500.25440948648,1.68568716980757,9500,9500.25358651925,1.68568716980757,1.68568716980757,0,0.0142287326794401,23.080771693768,11,0,16746.2137526063,-16746.1328956728,1.68568716980757,1.68146542168992,1.68189576325679,-0.000430341566869608,0.0142071535184092,0.00505618036460276,1.68566091892078,0,275.347434775525,74.0131427905916,4.10300950818551e-10,1,0.971860721355426,0,-0.000408182317055861,-0.000860683133739215,0,0,0
20.265,9500.25462291747,1.68549156384225,9500,9500.2537998015,1.68549156384225,1.68549156384225,0,0.0142312989236355,23.07630684225,11,0,16743.6500493937,-16743.5691778753,1.68549156384225,1.68124414758639,1.68167477035802,-0.000430622771628419,0.0142097332920752,0.00508243125139085,1.68546533329453,0,275.33485305246,73.9905844476747,4.14062052141333e-10,1,0.971882948047822,0,-0.000408459510760073,-0.000861245543256839,0,0,0
20.28,9500.25483638695,1.68529579693631,9500,9500.25401312229,1.68529579693631,1.68529579693631,0,0.0142338650196063,23.071842417652,11,0,16741.085040633,-16741.0041545305,1.68529579693631,1.68102273325786,1.68145363741178,-0.000430904153922551,0.0142123109014903,0.00510866179911207,1.68526958674913,0,275.322271329539,73.9680261047577,4.17857495876415e-10,1,0.971905176266966,0,-0.000408736881593263,-0.000861808307845102,0,0,0
20.295,9500.25504989493,1.68509986906122,9500,9500.25422648162,1.68509986906122,1.68509986906122,0,0.0142364309326124,23.0673784198866,11,0,16738.5187261242,-16738.4378254387,1.68509986906122,1.68080117871088,1.68123236442274,-0.000431185711861515,0.0142148866107936,0.00513487198629825,1.68507367927345,0,275.30968960676,73.9454677618407,4.21685875115685e-10,1,0.971927406013034,0,-0.000409014428959464,-0.00086237142372303,0,0,0
20.31,9500.25526344139,1.68490378018835,9500,9500.25443987947,1.68490378018835,1.68490378018835,0,0.0142389966672858,23.0629148488674,11,0,16735.9511056675,-16735.8701904,1.68490378018835,1.68057948395088,1.68101095139499,-0.000431467444105937,0.0142174606793448,0.00516106177406539,1.68487761083673,0,275.297107884125,73.9229094189237,4.2555028382829e-10,1,0.971949637286196,0,-0.00040929215753871,-0.000862934888211875,0,0,0
20.325,9500.25547702634,1.68470753028908,9500,9500.25465331583,1.68470753028908,1.68470753028908,0,0.014241562130986,23.0584517045084,11,0,16733.3821790628,-16733.3012492149,1.68470753028908,1.68035764898289,1.68078939833693,-0.000431749354042665,0.0142200333091333,0.00518723112567998,1.68468138140048,0,275.284526161632,73.9003510760067,4.29448539040971e-10,1,0.971971870086629,0,-0.000409570059503039,-0.000863498708085331,0,0,0
20.34,9500.25569064977,1.68451111933466,9500,9500.25486679071,1.68451111933466,1.68451111933466,0,0.0142441272391789,23.0539889867256,11,0,16730.8119461092,-16730.7310016828,1.68451111933466,1.68013567381068,1.68056770525125,-0.000432031440568803,0.0142226047379405,0.00521338001427574,1.68448499094382,0,275.271944439283,73.8777927330897,4.33382182315223e-10,1,0.971994104414504,0,-0.000409848143423375,-0.000864062881137606,0,0,0
20.355,9500.25590431168,1.6843145472964,9500,9500.25508030408,1.6843145472964,1.6843145472964,0,0.0142466918476928,23.0495266954341,11,0,16728.2404066061,-16728.1594476041,1.6843145472964,1.67991355844164,1.68034587214809,-0.000432313706449694,0.0142251751241267,0.00523950840512133,1.68428843943387,0,275.259362717078,73.8552343901728,4.37351513502793e-10,1,0.972016340269995,0,-0.000410126405739675,-0.000864627412899388,0,0,0
20.37,9500.25611801206,1.68411781414562,9500,9500.25529385595,1.68411781414562,1.68411781414562,0,0.0142492558274101,23.0450648305494,11,0,16725.6675603527,-16725.5865867787,1.68411781414562,1.679691302881,1.68012389903132,-0.000432596150311992,0.0142277445910233,0.00526561626765898,1.68409172684804,0,275.246780995017,73.8326760472558,4.41356056720573e-10,1,0.972038577653275,0,-0.000410404846082679,-0.000865192300623985,0,0,0
20.385,9500.2563317509,1.68392091985357,9500,9500.25550744631,1.68392091985357,1.68392091985357,0,0.0142518191354848,23.0406033919869,11,0,16723.0934071486,-16723.0124190064,1.68392091985357,1.67946890713461,1.67990178590713,-0.000432878772528067,0.0142303132615044,0.00529170356523689,1.68389485315479,0,275.2341992731,73.8101177043388,4.45396732243229e-10,1,0.972060816564518,0,-0.000410683465237316,-0.000865757545056134,0,0,0
20.4,9500.25654552818,1.68372386439153,9500,9500.25572107515,1.68372386439153,1.68372386439153,0,0.014254381569845,23.0361423796628,11,0,16720.5179467925,-16720.436944087,1.68372386439153,1.6792463712067,1.67967953278168,-0.000433161574979302,0.0142328812312649,0.00531777026401659,1.68369781832076,0,275.221617551328,73.7875593614218,4.49474304892204e-10,1,0.972083057003896,0,-0.000410962264848047,-0.000866323149958603,0,0,0
20.415,9500.25675934391,1.68352664773091,9500,9500.25593474246,1.68352664773091,1.68352664773091,0,0.0142569432381852,23.0316817934897,11,0,16717.941179085,-16717.8601618206,1.68352664773091,1.67902369510581,1.67945713966016,-0.000433444554342799,0.0142354484943599,0.00534381633478409,1.68350062233191,0,275.2090358297,73.7650010185048,4.53588453643636e-10,1,0.972105298971583,0,-0.000411241242317839,-0.000866889108685598,0,0,0
20.43,9500.25697319805,1.6833292698431,9500,9500.25614844823,1.6833292698431,1.6833292698431,0,0.0142595040235468,23.0272216333811,11,0,16715.3631038251,-16715.2820720069,1.6833292698431,1.67880087883621,1.67923460655217,-0.00043372771595318,0.0142380150729836,0.00536984173378063,1.68330326513809,0,275.196454108218,73.7424426755878,4.57739477848709e-10,1,0.972127542467749,0,-0.000411520401513155,-0.000867455431906361,0,0,0
20.445,9500.25718709062,1.68313173069947,9500,9500.25636219245,1.68313173069947,1.68313173069947,0,0.0142620638344475,23.0227618992507,11,0,16712.7837208125,-16712.7026744459,1.68313173069947,1.67857792240564,1.67901193346242,-0.000434011056779093,0.0142405809844208,0.00539584643879021,1.68310574673087,0,275.18387238688,73.7198843326708,4.61927831788176e-10,1,0.97214978749257,0,-0.000411799739191032,-0.000868022113558187,0,0,0
20.46,9500.25740102157,1.68293403027142,9500,9500.25657597513,1.68293403027142,1.68293403027142,0,0.0142646227727918,23.0183025910117,11,0,16710.2030298474,-16710.1219689374,1.68293403027142,1.67835482582149,1.67878912039809,-0.000434294576598493,0.014243146242133,0.00542183040738675,1.68290806707568,0,275.171290665689,73.6973259897539,4.66153969564249e-10,1,0.972172034046217,0,-0.000412079255822873,-0.000868589153196986,0,0,0
20.475,9500.25761499092,1.68273616853048,9500,9500.25678979623,1.68273616853048,1.68273616853048,0,0.0142671807575192,23.0138437085742,11,0,16707.6210307293,-16707.5399552813,1.68273616853048,1.67813158908645,1.67856616736488,-0.000434578278430298,0.0142457107761322,0.00544779360312364,1.68271022613271,0,275.158708944643,73.6747676468369,4.70418190083125e-10,1,0.972194282128861,0,-0.000412358955864889,-0.000869156556860595,0,0,0
20.49,9500.25782899863,1.68253814544812,9500,9500.25700365574,1.68253814544812,1.68253814544812,0,0.0142697378812702,23.0093852518508,11,0,16705.0377232587,-16704.9566332776,1.68253814544812,1.67790821221317,1.67834307436941,-0.000434862156235338,0.0142482745855596,0.00547373600089451,1.6825122239016,0,275.146127223743,73.6522093039199,4.74720327125716e-10,1,0.972216531740679,0,-0.000412638832383516,-0.000869724312470677,0,0,0
20.505,9500.2580430447,1.68233996099583,9500,9500.25721755367,1.68233996099583,1.68233996099583,0,0.014272294203103,23.0049272207519,11,0,16702.4531072355,-16702.372002726,1.68233996099583,1.67768469520308,1.67811984142171,-0.000435146218628057,0.0142508376429222,0.00549965754741377,1.68231406031324,0,275.133545502989,73.6296509610029,4.79061454434721e-10,1,0.97223878288184,0,-0.00041291889247308,-0.000870292437256115,0,0,0
20.52,9500.25825712911,1.68214161514513,9500,9500.25743148999,1.68214161514513,1.68214161514513,0,0.0142748497942349,23.0004696151882,11,0,16699.8671824604,-16699.7860634265,1.68214161514513,1.67746103806695,1.67789646852811,-0.00043543046115424,0.0142533999268086,0.00552555823000289,1.68211573537465,0,275.120963782382,73.6070926180859,4.83441560527336e-10,1,0.972261035552518,0,-0.000413199133340925,-0.000870860922308481,0,0,0
20.535,9500.25847125186,1.68194310786756,9500,9500.25764546469,1.68194310786756,1.68194310786756,0,0.01427740469288,22.9960124350705,11,0,16697.2799487334,-16697.198815179,1.68194310786756,1.67723724081256,1.67767295569378,-0.000435714881221072,0.0142559614205438,0.00555143800048885,1.6819172490506,0,275.108382061922,73.5845342751689,4.87861563666357e-10,1,0.972283289752886,0,-0.000413479553086127,-0.000871429762442144,0,0,0
20.55,9500.25868541293,1.68174443913465,9500,9500.25785947776,1.68174443913465,1.68174443913465,0,0.0142799588637193,22.9915556803089,11,0,16694.691405854,-16694.6102577834,1.68174443913465,1.67701330344585,1.67744930293046,-0.00043599948461015,0.0142585221111408,0.0055772968174479,1.68171860129408,0,275.09580034161,73.561975932252,4.92320677392948e-10,1,0.972305545483117,0,-0.000413760153255005,-0.0008719989692203,0,0,0
20.565,9500.25889961231,1.68154560891791,9500,9500.25807352918,1.68154560891791,1.68154560891791,0,0.0142825125597766,22.9870993508145,11,0,16692.1015536237,-16692.0203910395,1.68154560891791,1.67678922597286,1.67722551024158,-0.000436284268721332,0.0142610820153098,0.00560313465802587,1.68151979209344,0,275.083218621444,73.539417589335,4.96820439457013e-10,1,0.972327802743385,0,-0.000414040936636217,-0.000872568537442664,0,0,0
20.58,9500.25911385,1.68134661718889,9500,9500.25828761895,1.68134661718889,1.68134661718889,0,0.0142850656918857,22.9826434464975,11,0,16689.5103918419,-16689.4292147473,1.68134661718889,1.67656500840468,1.67700157763631,-0.000436569231624162,0.0142636411192403,0.00562895148249209,1.68132082142393,0,275.070636901426,73.516859246418,5.01360373153835e-10,1,0.972350061533864,0,-0.000414321899106618,-0.000873138463248324,0,0,0
20.595,9500.25932812599,1.68114746391905,9500,9500.25850174705,1.68114746391905,1.68114746391905,0,0.0142876183138937,22.9781879672693,11,0,16686.9179203087,-16686.8367287065,1.68114746391905,1.67634065074859,1.67677750512511,-0.000436854376518081,0.0142661994658248,0.00565474724745085,1.68112168924301,0,275.058055181556,73.494300903501,5.05941086240001e-10,1,0.972372321854727,0,-0.00041460304352392,-0.000873708753036162,0,0,0
20.61,9500.25954244026,1.68094814907989,9500,9500.25871591348,1.68094814907989,1.68094814907989,0,0.01429017049007,22.9737329130412,11,0,16684.3241388241,-16684.2429327169,1.68094814907989,1.67611615301165,1.67655329271403,-0.000437139702378131,0.014268757088468,0.00568052192349611,1.68092239553039,0,275.045473461834,73.471742560584,5.10562876470367e-10,1,0.972394583706146,0,-0.00041488436980508,-0.000874279404756262,0,0,0
20.625,9500.25975679282,1.68074867264289,9500,9500.25893011823,1.68074867264289,1.68074867264289,0,0.0142927222539966,22.9692782837249,11,0,16681.7290471881,-16681.6478265783,1.68074867264289,1.67589151520191,1.67632894041279,-0.000437425210883857,0.0142713140131855,0.00570627547299551,1.68072294025314,0,275.03289174226,73.449184217667,5.15226351215247e-10,1,0.972416847088297,0,-0.000415165879471102,-0.000874850421767714,0,0,0
20.64,9500.25997118365,1.68054903457958,9500,9500.25914436128,1.68054903457958,1.68054903457958,0,0.014295273711052,22.9648240792304,11,0,16679.1326452011,-16679.0514100905,1.68054903457958,1.67566673733101,1.6761044482294,-0.000437710898395949,0.0142738702334142,0.00573200786274608,1.68052332339696,0,275.020310022835,73.42662587475,5.19931498200737e-10,1,0.972439112001352,0,-0.00041544756494849,-0.000875421796791898,0,0,0
20.655,9500.26018561276,1.68034923486143,9500,9500.25935864263,1.68034923486143,1.68034923486143,0,0.0142978247199596,22.9603702994698,11,0,16676.5349326622,-16676.4536830533,1.68034923486143,1.67544181940442,1.67587981617253,-0.000437996768103188,0.0142764257976909,0.00575771904536326,1.68032354491358,0,275.007728303559,73.4040675318331,5.24679389010805e-10,1,0.972461378445485,0,-0.000415729435078838,-0.000875993536206376,0,0,0
20.67,9500.26040008013,1.68014927345984,9500,9500.25957296228,1.68014927345984,1.68014927345984,0,0.0143003754277861,22.9559169443557,11,0,16673.9359093718,-16673.8546452662,1.68014927345984,1.67521676143109,1.67565504425171,-0.000438282820614422,0.0142789807706397,0.00578340899320784,1.68012360478307,0,274.995146584431,73.381509188916,5.29470011061036e-10,1,0.972483646420871,0,-0.00041601148728998,-0.000876565641228844,0,0,0
20.685,9500.26061458576,1.67994915034633,9500,9500.25978732021,1.67994915034633,1.67994915034633,0,0.0143029258623234,22.951464013799,11,0,16671.3355751296,-16671.2542965289,1.67994915034633,1.67499156342247,1.6754301324765,-0.000438569054028282,0.0142815351489422,0.00580907766997529,1.67992350298439,0,274.982564865454,73.3589508459991,5.34302887351489e-10,1,0.972505915927683,0,-0.000416293720249428,-0.000877138108056563,0,0,0
20.7,9500.26082912965,1.67974886549232,9500,9500.26000171642,1.67974886549232,1.67974886549232,0,0.0143054759170352,22.9470115077121,11,0,16668.7339297348,-16668.6526366412,1.67974886549232,1.67476622538524,1.67520508085505,-0.000438855469810706,0.014284088983662,0.00583472503191484,1.67972323947753,0,274.969983146626,73.3363925030821,5.39180327307177e-10,1,0.972528186966096,0,-0.000416576135704005,-0.000877710939621412,0,0,0
20.715,9500.26104371179,1.67954841886925,9500,9500.2602161509,1.67954841886925,1.67954841886925,0,0.01430802572625,22.9425594260075,11,0,16666.1309729878,-16666.0496654027,1.67954841886925,1.67454074733008,1.67497988939929,-0.000439142069213805,0.0142866423145673,0.00586035104670457,1.67952281423836,0,274.957401427948,73.3138341601651,5.44100770049653e-10,1,0.972550459536283,0,-0.000416858731806746,-0.00087828413842761,0,0,0
20.73,9500.26125833217,1.67934781044854,9500,9500.26043062365,1.67934781044854,1.67934781044854,0,0.0143105752384367,22.9381077685976,11,0,16663.5267046878,-16663.4453826129,1.67934781044854,1.67431512926741,1.67475455811397,-0.000439428846563006,0.0142891951726296,0.00588595567759409,1.67932222725188,0,274.94481970942,73.2912758172481,5.49065750526912e-10,1,0.972572733638418,0,-0.00041714151151262,-0.000878857693126012,0,0,0
20.745,9500.2614729908,1.67914704020168,9500,9500.26064513466,1.67914704020168,1.67914704020168,0,0.01431312442175,22.9336565353935,11,0,16660.9211246344,-16660.8397880715,1.67914704020168,1.67408937120545,1.67452908701365,-0.000439715808197239,0.0142917475551458,0.00591153887425788,1.67912147846332,0,274.932237991043,73.2687174743312,5.54074791390091e-10,1,0.972595009272677,0,-0.000417424471033545,-0.000879431616394477,0,0,0
20.76,9500.26168768767,1.67894610810007,9500,9500.26085968393,1.67894610810007,1.67894610810007,0,0.0143156733983595,22.9292057263084,11,0,16658.3142326277,-16658.232881578,1.67894610810007,1.6738634731551,1.67430347610777,-0.000440002952665886,0.0142942995136584,0.00593710061262342,1.67892056786239,0,274.919656272816,73.2461591314142,5.5912927224488e-10,1,0.972617286439232,0,-0.000417707613438179,-0.000880005905331771,0,0,0
20.775,9500.26190242277,1.67874501411511,9500,9500.26107427145,1.67874501411511,1.67874501411511,0,0.0143182220055655,22.9247553412551,11,0,16655.7060284662,-16655.6246629318,1.67874501411511,1.67363743512484,1.67407772540388,-0.000440290279039468,0.0142968510883087,0.00596264085030151,1.67871949541706,0,274.90707455474,73.2236007884972,5.64228715568213e-10,1,0.972639565138258,0,-0.00041799093771,-0.000880580558078936,0,0,0
20.79,9500.2621171961,1.67854375821828,9500,9500.26128889721,1.67854375821828,1.67854375821828,0,0.0143207704072257,22.9203053801447,11,0,16653.0965119506,-16653.0151319327,1.67854375821828,1.67341125712764,1.67385183491535,-0.000440577787707674,0.0142994022567111,0.00598815954834708,1.67851826110057,0,274.894492836816,73.2010424455802,5.69374655130716e-10,1,0.97266184536993,0,-0.00041827444192255,-0.000881155575415349,0,0,0
20.805,9500.26233200765,1.67834234038096,9500,9500.26150356122,1.67834234038096,1.67834234038096,0,0.0143233185054887,22.9158558428909,11,0,16650.4856828796,-16650.4042883798,1.67834234038096,1.67318493917184,1.67362580465044,-0.00044086547859945,0.0143019530819034,0.0060136566660558,1.6783168648807,0,274.881911119043,73.1784841026632,5.74566458504434e-10,1,0.972684127134421,0,-0.000418558129802182,-0.000881730957198901,0,0,0
20.82,9500.26254685743,1.67814076057465,9500,9500.26171826347,1.67814076057465,1.67814076057465,0,0.0143258664352621,22.9114067294047,11,0,16647.8735410534,-16647.7921320728,1.67814076057465,1.67295848126861,1.67339963462171,-0.000441153353102131,0.0143045035325076,0.00603913216631646,1.67811530672872,0,274.869329401422,73.1559257597462,5.79804421529496e-10,1,0.972706410431906,0,-0.000418842000221353,-0.000882306706204261,0,0,0
20.835,9500.26276174543,1.6779390187707,9500,9500.26193300395,1.6779390187707,1.6779390187707,0,0.0143284139614708,22.9069580395993,11,0,16645.2600862705,-16645.1786628113,1.6779390187707,1.67273188343014,1.67317332483723,-0.000441441407090126,0.0143070536645583,0.00606458601223991,1.6779135866282,0,274.856747683953,73.1333674168292,5.8509023182887e-10,1,0.972728695262559,0,-0.000419126049221452,-0.000882882814180252,0,0,0
20.85,9500.26297667164,1.6777371149406,9500,9500.26214778267,1.6777371149406,1.6777371149406,0,0.0143309613041358,22.9025097733867,11,0,16642.6453183311,-16642.5638803945,1.6777371149406,1.67250514566556,1.67294687531072,-0.000441729645160871,0.0143096034680476,0.00609001815474697,1.67771170452998,0,274.844165966636,73.1108090739122,5.90422792837612e-10,1,0.972750981626555,0,-0.000419410282329835,-0.000883459290321742,0,0,0
20.865,9500.26319163606,1.67753504905579,9500,9500.2623625996,1.67753504905579,1.67753504905579,0,0.0143335084389389,22.8980619306783,11,0,16640.0292370349,-16639.9477846219,1.67753504905579,1.67227826798756,1.67272028605117,-0.000442018063609106,0.0143121529351812,0.00611542856536218,1.67750966042571,0,274.831584249471,73.0882507309952,5.95803018546512e-10,1,0.972773269524068,0,-0.000419694696819128,-0.000884036127218213,0,0,0
20.88,9500.26340663868,1.67733282108766,9500,9500.26257745476,1.67733282108766,1.67733282108766,0,0.014336055309717,22.8936145113873,11,0,16637.4118421807,-16637.3303752929,1.67733282108766,1.67205125040572,1.67249355707288,-0.000442306667163717,0.0143147021135367,0.00614081719544268,1.67730745426683,0,274.81900253246,73.0656923880782,6.01232286419648e-10,1,0.972795558955273,0,-0.00041997929382398,-0.000884613334327433,0,0,0
20.895,9500.26362167951,1.67713043100769,9500,9500.26279234814,1.67713043100769,1.67713043100769,0,0.0143386020496406,22.8891675154252,11,0,16634.7931335686,-16634.7116522066,1.67713043100769,1.67182409293352,1.67226668838453,-0.000442595451010552,0.0143172509865199,0.00616618401627189,1.67710508604777,0,274.806420815602,73.0431340451613,6.0670934526225e-10,1,0.972817849920343,0,-0.000420264071332221,-0.000885190902021105,0,0,0
20.91,9500.26383675854,1.67692787878724,9500,9500.26300727973,1.67692787878724,1.67692787878724,0,0.0143411485110641,22.8847209427052,11,0,16632.1731109971,-16632.0916151627,1.67692787878724,1.67159679558202,1.67203967999987,-0.000442884417847234,0.0143197995948549,0.00619152897618624,1.67690255572251,0,274.793839098897,73.0205757022443,6.12236035970256e-10,1,0.972840142419454,0,-0.00042054902939892,-0.000885768835694467,0,0,0
20.925,9500.26405187577,1.67672516439777,9500,9500.26322224953,1.67672516439777,1.67672516439777,0,0.0143436947652047,22.8802747931395,11,0,16629.5517742663,-16629.4702639605,1.67672516439777,1.67136935836288,1.67181253193001,-0.0004431735671242,0.0143223479434338,0.00621685204091804,1.67669986326955,0,274.781257382346,72.9980173593273,6.17812498503348e-10,1,0.97286243645278,0,-0.000420834170993922,-0.0008863471342484,0,0,0
20.94,9500.26426703119,1.67652228781074,9500,9500.26343725754,1.67652228781074,1.67652228781074,0,0.01434624092381,22.8758290666392,11,0,16626.9291231756,-16626.8475983991,1.67652228781074,1.67114178128925,1.6715852441865,-0.000443462897252056,0.0143248960092427,0.00624215316913301,1.67649700866388,0,274.768675665948,72.9754590164103,6.23439181865061e-10,1,0.972884732020497,0,-0.000421119492931998,-0.000886925794504112,0,0,0
20.955,9500.26448222481,1.67631924899755,9500,9500.26365230376,1.67631924899755,1.67631924899755,0,0.0143487868178112,22.8713837631174,11,0,16624.3051575237,-16624.2236182778,1.67631924899755,1.67091406437196,1.67135781678057,-0.000443752408608944,0.0143274438280061,0.00626743231599125,1.67629399187073,0,274.756093949705,72.9529006734933,6.29115607671297e-10,1,0.972907029122777,0,-0.000421404995256225,-0.000887504817217888,0,0,0
20.97,9500.26469745661,1.67611604792963,9500,9500.26386738817,1.67611604792963,1.67611604792963,0,0.0143513326597022,22.866938882486,11,0,16621.679877111,-16621.5983233961,1.67611604792963,1.67068620762459,1.67113024972827,-0.00044404210367488,0.0143299914007224,0.00629268944280437,1.67609081286005,0,274.743512233616,72.9303423305763,6.34843306483337e-10,1,0.972929327759798,0,-0.000421690679228259,-0.00088808420734976,0,0,0
20.985,9500.2649127266,1.67591268457839,9500,9500.26408251078,1.67591268457839,1.67591268457839,0,0.0143538782514642,22.8624944246579,11,0,16619.0532817354,-16618.971713553,1.67591268457839,1.67045821105909,1.67090254303948,-0.00044433198038818,0.0143325387549932,0.00631792451238899,1.6758874716107,0,274.730930517682,72.9077839876594,6.40622108709002e-10,1,0.972951627931731,0,-0.000421976545160518,-0.000888663960776359,0,0,0
21,9500.26512803477,1.67570915891531,9500,9500.26429767159,1.67570915891531,1.67570915891531,0,0.0143564237563759,22.858050389544,11,0,16616.4253711974,-16616.3437885478,1.67570915891531,1.67023007468913,1.67067469672742,-0.000444622038285436,0.0143350858586665,0.00634313748007309,1.67568396809263,0,274.718348801903,72.8852256447424,6.46452617270101e-10,1,0.972973929638754,0,-0.000422262590907163,-0.000889244076570872,0,0,0
21.015,9500.26534338113,1.67550547091174,9500,9500.26451287059,1.67550547091174,1.67550547091174,0,0.0143589691831222,22.8536067770581,11,0,16613.7961452958,-16613.7145481797,1.67550547091174,1.67000179852672,1.67044671080457,-0.000444912277848708,0.0143376327671744,0.00636832830274514,1.67548030227377,0,274.705767086279,72.8626673018254,6.5233543485164e-10,1,0.97299623288104,0,-0.000422548819352109,-0.000889824555697416,0,0,0
21.03,9500.26555876567,1.67530162053919,9500,9500.26472810778,1.67530162053919,1.67530162053919,0,0.0143615144413789,22.849163587111,11,0,16611.1656038298,-16611.083992248,1.67530162053919,1.66977338258728,1.67021858528595,-0.000445202698671654,0.0143401794432155,0.006393496940718,1.67527647413066,0,274.69318537081,72.8401089589084,6.58271472821748e-10,1,0.973018537658766,0,-0.000422835225994733,-0.000890405397343308,0,0,0
21.045,9500.26577418838,1.675097607769,9500,9500.26494338315,1.675097607769,1.675097607769,0,0.0143640596156802,22.8447208196162,11,0,16608.5337465986,-16608.4521205515,1.675097607769,1.66954482688231,1.66999032018405,-0.000445493301743038,0.0143427259382112,0.00641864334924835,1.67507248362807,0,274.680603655498,72.8175506159914,6.64260097742645e-10,1,0.973040843972104,0,-0.000423121814945526,-0.000890986603486077,0,0,0
21.06,9500.26598964928,1.67489343257259,9500,9500.26515869671,1.67489343257259,1.67489343257259,0,0.0143666046973412,22.8402784744864,11,0,16605.9005734015,-16605.8189328898,1.67489343257259,1.66931613142605,1.66976191551074,-0.000445784084686984,0.0143452722653848,0.00644376749017739,1.67486833074685,0,274.668021940342,72.7949922730745,6.70302529579404e-10,1,0.973063151821232,0,-0.000423408583369644,-0.000891568169373969,0,0,0
21.075,9500.26620514835,1.67468909492141,9500,9500.26537404845,1.67468909492141,1.67468909492141,0,0.0143691496574116,22.8358365516331,11,0,16603.2660840375,-16603.1844290618,1.67468909492141,1.66908729623226,1.66953337128192,-0.000446075049657324,0.0143478184082104,0.0064688693159145,1.67466401544886,0,274.655440225341,72.7724339301574,6.76399833405209e-10,1,0.973085461206324,0,-0.00042369553241639,-0.000892150099314648,0,0,0
21.09,9500.26642068559,1.67448459478681,9500,9500.26558943838,1.67448459478681,1.67448459478681,0,0.0143716945121037,22.8313950509698,11,0,16600.6302783054,-16600.5486088663,1.67448459478681,1.66885832131518,1.66930468751145,-0.000446366196267478,0.0143503644074657,0.006493948788455,1.6744595377111,0,274.642858510498,72.7498755872405,6.82551066678936e-10,1,0.973107772127553,0,-0.000423982661671651,-0.000892732392534956,0,0,0
21.105,9500.26663626101,1.67427993214027,9500,9500.26580486649,1.67427993214027,1.67427993214027,0,0.0143742393586897,22.826953972408,11,0,16597.9931560052,-16597.9114721028,1.67427993214027,1.66862920668935,1.66907586421174,-0.000446657522390481,0.0143529102412605,0.00651900586416532,1.67425489750874,0,274.630276795811,72.7273172443235,6.8875729422632e-10,1,0.973130084585097,0,-0.000424269969564461,-0.000893315044780962,0,0,0
21.12,9500.2668518746,1.67407510695313,9500,9500.26602033277,1.67407510695313,1.67407510695313,0,0.0143767841178464,22.8225133158611,11,0,16595.3547169353,-16595.27301857,1.67407510695313,1.66839995236858,1.66884690139929,-0.000446949030716404,0.0143554559461945,0.0065440404956929,1.67405009480284,0,274.617695081282,72.7047589014065,6.95019117347155e-10,1,0.973152398579129,0,-0.000424557458403196,-0.000893898061432807,0,0,0
21.135,9500.26706752636,1.67387011919682,9500,9500.26623583723,1.67387011919682,1.67387011919682,0,0.0143793287988378,22.8180730812416,11,0,16592.7149608949,-16592.6332480671,1.67387011919682,1.66817055836861,1.66861779908598,-0.000447240717361908,0.0143580015239477,0.00656905264598784,1.67384512957988,0,274.60511336691,72.6822005584895,7.01336982750207e-10,1,0.973174714109826,0,-0.000424845124801232,-0.000894481434723815,0,0,0
21.15,9500.26728321629,1.67366496884275,9500,9500.26645137986,1.67366496884275,1.67366496884275,0,0.0143818733779247,22.8136332684617,11,0,16590.0738876827,-16589.9921603931,1.67366496884275,1.66794102470256,1.66838855728845,-0.000447532585887034,0.0143605469758284,0.00659404226293203,1.67364000179372,0,274.592531652695,72.6596422155726,7.07711491307842e-10,1,0.973197031177362,0,-0.000425132972668774,-0.000895065171774068,0,0,0
21.165,9500.26749894439,1.67345965586233,9500,9500.26666696067,1.67345965586233,1.67345965586233,0,0.0143844179668547,22.8091938774336,11,0,16587.4314970983,-16587.3497553469,1.67345965586233,1.66771135138604,1.66815917602091,-0.000447824634870697,0.0143630923028556,0.00661900931196713,1.67343471142827,0,274.579949938639,72.6370838726555,7.14143397980978e-10,1,0.973219349781912,0,-0.000425421001178261,-0.000895649269741394,0,0,0
21.18,9500.26771471066,1.67325418022698,9500,9500.26688257965,1.67325418022698,1.67325418022698,0,0.0143869625222026,22.8047549080699,11,0,16584.7877889405,-16584.7060327274,1.67325418022698,1.66748153843528,1.6679296552974,-0.000448116862120873,0.0143656375058228,0.00664395374603366,1.67322925845707,0,274.567368224741,72.6145255297385,7.20632222956952e-10,1,0.973241669923653,0,-0.000425709206154368,-0.000896233724241746,0,0,0
21.195,9500.2679305151,1.67304854190803,9500,9500.26709823681,1.67304854190803,1.67304854190803,0,0.0143895069918581,22.8003163602847,11,0,16582.1427630081,-16582.0609923337,1.67304854190803,1.6672515858656,1.66769999513484,-0.000448409269235395,0.014368182638996,0.00666887551594275,1.67302364284308,0,274.554786511001,72.5919671868216,7.27179492438179e-10,1,0.973263991602759,0,-0.000425997588195948,-0.000896818538470789,0,0,0
21.21,9500.26814635771,1.67284274087693,9500,9500.26731393213,1.67284274087693,1.67284274087693,0,0.0143920513509242,22.795878233989,11,0,16579.4964190997,-16579.4146339648,1.67284274087693,1.66702149369217,1.66747019554673,-0.000448701854557809,0.0143707276641657,0.00669377458089415,1.67281786456395,0,274.54220479742,72.5694088439046,7.33786114912172e-10,1,0.973286314819406,0,-0.000426286150972288,-0.000897403709115618,0,0,0
21.225,9500.26836223848,1.67263677710506,9500,9500.26752966562,1.67263677710506,1.67263677710506,0,0.0143945957974196,22.7914405290961,11,0,16576.8487570151,-16576.766957419,1.67263677710506,1.66679126193054,1.66724025655224,-0.000448994621693011,0.0143732726052222,0.00671865089387413,1.67261192358103,0,274.529623083998,72.5468505009876,7.40450838805542e-10,1,0.973308639573768,0,-0.000426574891565057,-0.000897989243386021,0,0,0
21.24,9500.26857815741,1.67243065056379,9500,9500.26774543729,1.67243065056379,1.67243065056379,0,0.0143971401310096,22.787003245519,11,0,16574.1997765522,-16574.1179624957,1.67243065056379,1.66656089059641,1.66701017816276,-0.000449287566353762,0.0143758174807712,0.00674350441789984,1.6724058198816,0,274.517041370736,72.5242921580706,7.47175343772581e-10,1,0.973330965866022,0,-0.000426863807767131,-0.000898575132707524,0,0,0
21.255,9500.26879411452,1.67222436122454,9500,9500.26796124712,1.67222436122454,1.67222436122454,0,0.0143996844333335,22.78256638317,11,0,16571.5494775102,-16571.4676489934,1.67222436122454,1.66633037970679,1.66677996039717,-0.000449580690380369,0.014378362278479,0.00676833510008712,1.67219955342612,0,274.504459657634,72.5017338151536,7.53959612230706e-10,1,0.973353293696341,0,-0.000427152904080907,-0.000899161380760738,0,0,0
21.27,9500.26901010978,1.67201790905874,9500,9500.26817709511,1.67201790905874,1.67201790905874,0,0.0144022287767665,22.7781299419611,11,0,16568.8978596886,-16568.8160167114,1.67201790905874,1.66609972927777,1.66654960327019,-0.000449873992423244,0.0143809069887401,0.00679314289851218,1.67199312419144,0,274.49187794469,72.4791754722366,7.60805477237182e-10,1,0.973375623064905,0,-0.000427442177926896,-0.000899747984846488,0,0,0
21.285,9500.26922614321,1.6718112940377,9500,9500.26839298128,1.6718112940377,1.6718112940377,0,0.0144047730437712,22.7736939218063,11,0,16566.2449228853,-16566.1630654479,1.6718112940377,1.66586893932564,1.66631910679782,-0.00045016747217641,0.0143834516577215,0.00681792776581291,1.6717865321471,0,274.479296231908,72.4566171293196,7.67712458064309e-10,1,0.973397953971886,0,-0.000427731627313355,-0.000900334944352821,0,0,0
21.3,9500.26944221481,1.67160451613286,9500,9500.26860890561,1.67160451613286,1.67160451613286,0,0.014407317319461,22.7692583226176,11,0,16563.5906668995,-16563.508795002,1.67160451613286,1.66563800986756,1.66608847099888,-0.000450461131321411,0.0143859962677305,0.00684268965641155,1.67157977726133,0,274.466714519286,72.4340587864027,7.74680999306657e-10,1,0.973420286417459,0,-0.000428021254171629,-0.000900922262642823,0,0,0
21.315,9500.26965832457,1.67139757531558,9500,9500.2688248681,1.67139757531558,1.67139757531558,0,0.0144098615754646,22.764823144308,11,0,16560.9350915299,-16560.8532051724,1.67139757531558,1.66540694092132,1.66585769588708,-0.000450754965761302,0.0143885408318115,0.00686742852793798,1.67137285951774,0,274.454132806824,72.4115004434857,7.81711545383311e-10,1,0.973442620401803,0,-0.00042831105881258,-0.000901509931522604,0,0,0
21.33,9500.26987447249,1.67119047155729,9500,9500.26904086876,1.67119047155729,1.67119047155729,0,0.0144124058650505,22.7603883867897,11,0,16558.2781965755,-16558.1962957578,1.67119047155729,1.66517573250227,1.66562678148246,-0.000451048980182778,0.0143910853333,0.00689214432577989,1.67116577886769,0,274.441551094524,72.3889421005687,7.88805619655266e-10,1,0.973464955925091,0,-0.000428601038414911,-0.000902097960365555,0,0,0
21.345,9500.27009065858,1.67098320482931,9500,9500.26925690759,1.67098320482931,1.67098320482931,0,0.014414950095578,22.7559540499764,11,0,16555.6199818343,-16555.5380665568,1.67098320482931,1.6649443846302,1.66539572779922,-0.000451343169029172,0.0143936298128652,0.00691683701537893,1.67095853530752,0,274.428969382385,72.3663837576517,7.95962586863583e-10,1,0.973487292987499,0,-0.000428891192090219,-0.000902686338058345,0,0,0
21.36,9500.27030688283,1.67077577510308,9500,9500.26947298458,1.67077577510308,1.67077577510308,0,0.0144174943214736,22.7515201337799,11,0,16552.9604471057,-16552.8785173684,1.67077577510308,1.6647128973215,1.66516453485695,-0.000451637535451965,0.0143961742485326,0.0069415065371774,1.67075112878777,0,274.416387670407,72.3438254147347,8.03183815679071e-10,1,0.973509631589203,0,-0.00042918152248661,-0.000903275070903931,0,0,0
21.375,9500.27052314525,1.67056818234997,9500,9500.26968909974,1.67056818234997,1.67056818234997,0,0.0144200386990677,22.7470866381133,11,0,16550.2995921889,-16550.2176479909,1.67056818234997,1.66448127059351,1.66493320267168,-0.000451932078164408,0.0143987186500125,0.00696615285249047,1.67054355928967,0,274.403805958592,72.3212670718177,8.10469441320412e-10,1,0.973531971730379,0,-0.000429472028236955,-0.000903864156328815,0,0,0
21.39,9500.27073944583,1.67036042654135,9500,9500.26990525306,1.67036042654135,1.67036042654135,0,0.0144225829458074,22.7426535628896,11,0,16547.637416881,-16547.555458223,1.67036042654135,1.6642495044642,1.6647017312612,-0.000452226797007071,0.014401263024867,0.00699077591278363,1.67033582678297,0,274.391224246938,72.2987087289008,8.17820369449293e-10,1,0.973554313411203,0,-0.00042976270970696,-0.000904453594014143,0,0,0
21.405,9500.27095578457,1.6701525076486,9500,9500.27012144454,1.6701525076486,1.6701525076486,0,0.0144251273019784,22.7382209080213,11,0,16544.9739209819,-16544.8919478633,1.6701525076486,1.66401759895232,1.66447012064425,-0.000452521691932217,0.0144038073789857,0.00701537567116395,1.67012793123962,0,274.378642535447,72.2761503859838,8.25236426779868e-10,1,0.973576656631849,0,-0.000430053564896449,-0.000905043383864435,0,0,0
21.42,9500.27117216148,1.66994442564305,9500,9500.27033767419,1.66994442564305,1.66994442564305,0,0.0144276716095133,22.7337886734225,11,0,16542.3091042895,-16542.2271167106,1.66994442564305,1.66378555407633,1.66423837083744,-0.000452816761106867,0.0144063517437792,0.0070399520801443,1.66991987263426,0,274.366060824119,72.2535920430668,8.32719442996751e-10,1,0.973599001392496,0,-0.000430344593059573,-0.000905633522213733,0,0,0
21.435,9500.27138857656,1.66973618049612,9500,9500.270553942,1.66973618049612,1.66973618049612,0,0.014430215870149,22.729356859005,11,0,16539.6429666021,-16539.5609645632,1.66973618049612,1.66355336985375,1.66400648186067,-0.000453112006922884,0.0144088960900624,0.00706450508893308,1.66971165092884,0,274.353479112953,72.2310337001498,8.40269090304553e-10,1,0.973621347693318,0,-0.00043063579686109,-0.000906224013845769,0,0,0
21.45,9500.27160502979,1.66952777217924,9500,9500.27077024798,1.66952777217924,1.66952777217924,0,0.0144327603143284,22.7249254646805,11,0,16536.9755077198,-16536.8934912198,1.66952777217924,1.66332104630668,1.66377445373101,-0.000453407424322094,0.0144114403951058,0.00708903465621979,1.66950326611426,0,274.340897401951,72.2084753572328,8.47886119310605e-10,1,0.973643695534489,0,-0.000430927171296114,-0.000906814848644188,0,0,0
21.465,9500.2718215212,1.6693192006637,9500,9500.27098659212,1.6693192006637,1.6693192006637,0,0.0144353047185567,22.7204944903641,11,0,16534.3067274396,-16534.2246964788,1.6693192006637,1.66308858344901,1.66354228646864,-0.000453703019623442,0.0144139847216794,0.00711354072120418,1.66929471813097,0,274.328315691113,72.1859170143158,8.55570972278104e-10,1,0.973666044916188,0,-0.000431218722237281,-0.000907406039246883,0,0,0
21.48,9500.27203805077,1.6691104659209,9500,9500.27120297443,1.6691104659209,1.6691104659209,0,0.014437849138997,22.7160639359672,11,0,16531.6366255606,-16531.5545801387,1.6691104659209,1.66285598130522,1.66330998009029,-0.000453998785073573,0.014416529038197,0.0071380232539322,1.669086006989,0,274.315733980438,72.1633586713988,8.63325015353939e-10,1,0.973688395838591,0,-0.000431510442096439,-0.000907997570147145,0,0,0
21.495,9500.27225461851,1.66890156792219,9500,9500.2714193949,1.66890156792219,1.66890156792219,0,0.0144403936277596,22.7116338014039,11,0,16528.9652018812,-16528.883141998,1.66890156792219,1.66262323989184,1.66307753461784,-0.000454294725997118,0.0144190733737067,0.00716248218583138,1.66887713262568,0,274.303152269928,72.1408003284819,8.71148074203202e-10,1,0.973710748301871,0,-0.00043180233417095,-0.000908589451994235,0,0,0
21.51,9500.27247122441,1.66869250663895,9500,9500.27163585354,1.66869250663895,1.66869250663895,0,0.0144429381495253,22.7072040865867,11,0,16526.2924561998,-16526.2103818551,1.66869250663895,1.66239035922789,1.6628449500659,-0.000454590838010471,0.0144216177240075,0.00718691748234734,1.66866809503422,0,274.290570559582,72.1182419855649,8.79040282515573e-10,1,0.973733102306206,0,-0.000432094400690808,-0.000909181676020943,0,0,0
21.525,9500.27268786848,1.66848328204258,9500,9500.27185235034,1.66848328204258,1.66848328204258,0,0.0144454827042942,22.7027747914274,11,0,16523.6183883151,-16523.5362995087,1.66848328204258,1.66215733933404,1.66261222645928,-0.000454887125249215,0.0144241620590038,0.00721132908707256,1.66845889417061,0,274.2779888494,72.0956836426479,8.8700392943337e-10,1,0.973755457851773,0,-0.000432386636766813,-0.00090977425049843,0,0,0
21.54,9500.27290455072,1.66827389410437,9500,9500.27206888531,1.66827389410437,1.66827389410437,0,0.0144480272926452,22.6983459158408,11,0,16520.9429980252,-16520.8608947568,1.66827389410437,1.66192418023133,1.66237936381382,-0.000455183582492413,0.0144267064357287,0.00723571695903935,1.66824953002539,0,274.265407139384,72.0731252997309,8.95038686058382e-10,1,0.973777814938747,0,-0.000432679043129047,-0.000910367164984827,0,0,0
21.555,9500.27312127113,1.66806434279576,9500,9500.27228545845,1.66806434279576,1.66806434279576,0,0.0144505719643725,22.6939174597385,11,0,16518.2662851287,-16518.184167398,1.66806434279576,1.66169088193842,1.66214636215061,-0.000455480212189441,0.014429250818128,0.00726008103802678,1.66804000255207,0,274.252825429533,72.0505669568139,9.03144993291819e-10,1,0.973800173567303,0,-0.000432971621331601,-0.000910960424378882,0,0,0
21.57,9500.27333802971,1.66785462808806,9500,9500.27250206975,1.66785462808806,1.66785462808806,0,0.0144531166343629,22.6894894230346,11,0,16515.5882494238,-16515.5061172307,1.66785462808806,1.66145744447662,1.66191322148875,-0.000455777012129843,0.0144317952317704,0.00728442128171647,1.66783031173408,0,274.240243719847,72.0280086138969,9.11323291860523e-10,1,0.97382253373762,0,-0.000433264368280284,-0.000911554024259686,0,0,0
21.585,9500.27355482646,1.66764474995264,9500,9500.27271871923,1.66764474995264,1.66764474995264,0,0.0144556613622534,22.6850618056412,11,0,16512.9088907087,-16512.8267440529,1.66764474995264,1.66122386786629,1.66167994184971,-0.000456073983418293,0.014434339669745,0.00730873763569329,1.66762045753515,0,274.227662010328,72.0054502709799,9.19574791841762e-10,1,0.97384489544987,0,-0.000433557284545749,-0.000912147966836585,0,0,0
21.6,9500.27377166138,1.6674347083609,9500,9500.27293540687,1.6674347083609,1.6674347083609,0,0.0144582062042074,22.6806346074716,11,0,16510.2282087825,-16510.1460476634,1.6674347083609,1.66099015212805,1.66144652325331,-0.000456371125262756,0.0144368841266696,0.00733303005318997,1.66741043993071,0,274.215080300974,71.982891928063,9.27900395059303e-10,1,0.973867258704234,0,-0.000433850369295108,-0.000912742250525511,0,0,0
21.615,9500.27398853447,1.66722450328414,9500,9500.27315213268,1.66722450328414,1.66722450328414,0,0.0144607510496355,22.676207828439,11,0,16507.5462034425,-16507.46402786,1.66722450328414,1.66075629728243,1.66121296571915,-0.00045666843671377,0.0144394286251762,0.00735729848337519,1.66720025889238,0,274.202498591787,71.960333585146,9.36299156483074e-10,1,0.973889623500885,0,-0.00043414362488603,-0.000913336873427539,0,0,0
21.63,9500.27420544574,1.6670141346937,9500,9500.27336889666,1.6670141346937,1.6670141346937,0,0.0144632959280666,22.6717814684573,11,0,16504.8628744872,-16504.7806844411,1.6670141346937,1.66052230335288,1.660979269269,-0.000456965916125762,0.0144419731828911,0.00738154287513604,1.66698991439576,0,274.189916882767,71.937775242229,9.44773977948891e-10,1,0.973911989839999,0,-0.000434437044132929,-0.000913931832251524,0,0,0
21.645,9500.27442239518,1.666803602561,9500,9500.27358569881,1.666803602561,1.666803602561,0,0.0144658408945061,22.6673555274382,11,0,16502.1782217153,-16502.0960172051,1.666803602561,1.66028817035844,1.66074543392346,-0.000457263565012855,0.0144445177598933,0.00740576317307662,1.6667794064015,0,274.177335173914,71.915216899312,9.53324529414114e-10,1,0.973934357721755,0,-0.000434730634185643,-0.000914527130025711,0,0,0
21.66,9500.27463938279,1.66659290685736,9500,9500.27380253913,1.66659290685736,1.66659290685736,0,0.0144683859842731,22.6629300052953,11,0,16499.4922449251,-16499.4100259502,1.66659290685736,1.66005389832092,1.66051145970409,-0.00045756138316122,0.0144470623787405,0.00742995933258084,1.66656873488718,0,274.164753465228,71.892658556395,9.6195048096138e-10,1,0.973956727146328,0,-0.000435024389736416,-0.00091512276632244,0,0,0
21.675,9500.27485640858,1.66638204755415,9500,9500.27401941763,1.66638204755415,1.66638204755415,0,0.0144709309929798,22.6585049019415,11,0,16496.8049439137,-16496.7227104745,1.66638204755415,1.65981948726415,1.66027734663251,-0.000457859368356184,0.0144496070301767,0.00745413130275785,1.6663578998302,0,274.15217175671,71.8701002134781,9.70654117656714e-10,1,0.973979098113894,0,-0.000435318311655886,-0.000915718736712368,0,0,0
21.69,9500.27507347255,1.66617102462266,9500,9500.27423633429,1.66617102462266,1.66617102462266,0,0.014473476129067,22.654080217291,11,0,16494.1163184803,-16494.034070576,1.66617102462266,1.6595849372077,1.66004309472736,-0.000458157519667379,0.014452151760641,0.00747827902671316,1.66614690119508,0,274.139590048359,71.847541870561,9.79434801470124e-10,1,0.974001470624629,0,-0.00043561239877743,-0.000916315039334759,0,0,0
21.705,9500.27529057469,1.66595983803429,9500,9500.27445328914,1.66595983803429,1.66595983803429,0,0.0144760214249588,22.6496559512559,11,0,16491.4263684232,-16491.344106053,1.66595983803429,1.65935024817407,1.65980870401318,-0.000458455839109417,0.0144546965258285,0.00750240245429623,1.66593573895014,0,274.127008340177,71.8249835276441,9.88294201395812e-10,1,0.974023844678711,0,-0.000435906652998641,-0.000916911678218835,0,0,0
21.72,9500.27550771501,1.66574848776038,9500,9500.27467028216,1.66574848776038,1.66574848776038,0,0.0144785666791624,22.6452321037496,11,0,16488.7350935398,-16488.6528167039,1.66574848776038,1.6591154201875,1.65957417451028,-0.000458754322774757,0.0144572413448825,0.0075265015384447,1.6657244130804,0,274.114426632163,71.8024251847271,9.97232755613239e-10,1,0.974046220276315,0,-0.000436201070045605,-0.000917508645549514,0,0,0
21.735,9500.27572489351,1.66553697377228,9500,9500.27488731335,1.66553697377228,1.66553697377228,0,0.014483046178591,22.6408086771772,12,0,16486.0424829896,-16485.9601806963,1.66553697377228,1.65888045326786,1.65933950624209,-0.000459052974231655,0.0144597862058876,0.00755057621842603,1.66551292353782,0,274.101844924318,71.7798668418101,2.9810940182805e-10,1,0.974068597417618,0,-0.000436495653238556,-0.00091810594846331,0,0,0
21.75,9500.2759421392,1.66532529604133,9500,9500.27510438272,1.66532529604133,1.66532529604133,0,0.0144855772877683,22.6363856668809,12,0,16483.3485579003,-16483.2662412217,1.66532529604133,1.65864534744093,1.65910469923063,-0.000459351789707574,0.0144623311263884,0.0075746264528882,1.6653012703144,0,274.089263216642,71.7573084988931,3.01057916647783e-10,1,0.974090976105772,0,-0.000436790398924636,-0.000918703579415148,0,0,0
21.765,9500.27615942286,1.66511345434793,9500,9500.27532149778,1.66511345434793,1.66511345434793,0,0.014487985948958,22.6319630786904,12,0,16480.6533064839,-16480.5709761158,1.66511345434793,1.65841010272817,1.65886975368119,-0.000459650953018365,0.0144649869833734,0.00759865217981903,1.66508945300195,0,274.076681509135,71.7347501559761,3.04037677480056e-10,1,0.974113356337955,0,-0.000437085317935182,-0.000919301906036729,0,0,0
21.78,9500.27637674265,1.66490144870872,9500,9500.27553865654,1.66490144870872,1.66490144870872,0,0.014490303203632,22.6275409115844,12,0,16477.9567287401,-16477.8743852019,1.66490144870872,1.65817471915186,1.65863466953211,-0.000459950380250262,0.0144676996778025,0.00762265352580105,1.66487747191716,0,274.064099801798,71.7121918130591,3.0704575465454e-10,1,0.974135738114157,0,-0.000437380409656907,-0.000919900760500525,0,0,0
21.795,9500.2765940972,1.66468927914067,9500,9500.27575585703,1.66468927914067,1.66468927914067,0,0.0144925600481,22.6231191645407,12,0,16475.2588246742,-16475.1764683092,1.66468927914067,1.6579391967379,1.65839944673435,-0.000460249996454998,0.014470427747899,0.00764663031736257,1.66466532706235,0,274.051518094631,71.6896334701421,3.1008413789835e-10,1,0.974158121434413,0,-0.000437675668081727,-0.000920499992909996,0,0,0
21.81,9500.2768114856,1.6644769456584,9500,9500.27597309745,1.6644769456584,1.6644769456584,0,0.0144947853444691,22.6186978365901,12,0,16472.5595942819,-16472.4772252694,1.6644769456584,1.6577035355084,1.65816408526494,-0.000460549756534645,0.0144731411295855,0.00767058239568486,1.66445301839102,0,274.038936387635,71.6670751272252,3.13151127827536e-10,1,0.974180506298806,0,-0.000437971090281319,-0.00092109951306929,0,0,0
21.825,9500.27702890738,1.66426444827187,9500,9500.27619037622,1.66426444827187,1.66426444827187,0,0.0144970045167308,22.6142769268629,12,0,16469.8590375399,-16469.7766559148,1.66426444827187,1.65746773548487,1.65792858511142,-0.000460849626540805,0.0144758198960465,0.00769450966306562,1.66424054589486,0,274.026354680808,71.6445167843082,3.1624856002962e-10,1,0.974202892707467,0,-0.00043826667307334,-0.000921699253081609,0,0,0
21.84,9500.27724636245,1.66405178698512,9500,9500.27640769205,1.66405178698512,1.66405178698512,0,0.0144992386834153,22.609856434613,12,0,16467.1571543982,-16467.0747600752,1.66405178698512,1.65723179669549,1.65769294627831,-0.000461149582821285,0.0144784526591487,0.00771841204008017,1.66402790956993,0,274.013772974153,71.6219584413912,3.19376732869241e-10,1,0.974225280660559,0,-0.000438562413503263,-0.000922299165642571,0,0,0
21.855,9500.27746385103,1.66383896179515,9500,9500.27662504397,1.66383896179515,1.66383896179515,0,0.014501504203654,22.60543635924,12,0,16464.4539447766,-16464.3715375775,1.66383896179515,1.65699571916153,1.65745716877912,-0.0004614496175952,0.0144810351903457,0.00774228945527411,1.66381510938161,0,274.001191267669,71.5994000984742,3.22534561870839e-10,1,0.974247670158284,0,-0.00043885831124868,-0.0009228992351904,0,0,0
21.87,9500.27768137359,1.66362597269186,9500,9500.2768424313,1.66362597269186,1.66362597269186,0,0.0145038124837922,22.6010167002897,12,0,16461.749408562,-16461.6669882438,1.66362597269186,1.65675950290809,1.6572212526394,-0.000461749731309302,0.0144835687565113,0.00776614186881797,1.66360214531429,0,273.988609561356,71.5768417555572,3.257237281562e-10,1,0.974270061200865,0,-0.000439154361902228,-0.000923499462618604,0,0,0
21.885,9500.27789893078,1.66341281965809,9500,9500.27705985368,1.66341281965809,1.66341281965809,0,0.0145061702437308,22.5965974574516,12,0,16459.0435456094,-16458.961111891,1.66341281965809,1.65652314796092,1.6569851978913,-0.000462049930380459,0.0144860587165892,0.00778996924638342,1.66338901734655,0,273.976027855215,71.5542834126402,3.2894406892015e-10,1,0.974292453788548,0,-0.000439450565303812,-0.000924099860760919,0,0,0
21.9,9500.27811652333,1.66319950267034,9500,9500.277277311,1.66319950267034,1.66319950267034,0,0.0145085800918752,22.5921786305446,12,0,16456.3363557452,-16456.2539083305,1.66319950267034,1.65628665434308,1.65674900457209,-0.000462350229017305,0.0144885131067758,0.00781377155792717,1.66317572544297,0,273.963446149246,71.5317250697232,3.32195728601687e-10,1,0.974314847921582,0,-0.000439746921438555,-0.000924700458034611,0,0,0
21.915,9500.27833415204,1.66298602169964,9500,9500.27749480337,1.66298602169964,1.66298602169964,0,0.0145110408592198,22.5877602194979,12,0,16453.627838769,-16453.5453773687,1.66298602169964,1.65605002207913,1.65651267271981,-0.000462650640680407,0.0144909414045392,0.00783754878529908,1.66296226958307,0,273.950864443449,71.5091667268062,3.35479312310892e-10,1,0.974337243600226,0,-0.00044004342961812,-0.000925301281360813,0,0,0
21.93,9500.27855181765,1.66277237671239,9500,9500.27771233107,1.66277237671239,1.66277237671239,0,0.0145135485251725,22.5833422243338,12,0,16450.9179944595,-16450.835518807,1.66277237671239,1.65581325119646,1.65627620237461,-0.000462951178146431,0.014493353619685,0.00786130090187021,1.66274864974204,0,273.938282737825,71.4866083838893,3.38795117798878e-10,1,0.974359640824735,0,-0.000440340087259461,-0.000925902356292863,0,0,0
21.945,9500.27876952088,1.66255856767172,9500,9500.27792989451,1.66255856767172,1.66255856767172,0,0.0145160972134389,22.5789246451399,12,0,16448.2068225804,-16448.1243324427,1.66255856767172,1.65557634171825,1.65603959357633,-0.00046325185808116,0.0144957593450609,0.00788502787222312,1.66253486587431,0,273.925701032373,71.4640500409723,3.42142367875455e-10,1,0.974382039595356,0,-0.000440636897073077,-0.000926503716162319,0,0,0
21.96,9500.27898726233,1.66234459453851,9500,9500.27814749418,1.66234459453851,1.66234459453851,0,0.0145186793807768,22.5745074820472,12,0,16445.4943228831,-16445.41181807,1.66234459453851,1.65533929367234,1.65580284636524,-0.000463552692903324,0.0144981671513658,0.00790872966963074,1.66232091795616,0,273.913119327095,71.4414916980553,3.45522742153714e-10,1,0.974404439912331,0,-0.000440933856946657,-0.000927105385806648,0,0,0
21.975,9500.27920504253,1.66213045727244,9500,9500.27836513059,1.66213045727244,1.66213045727244,0,0.00437883383801142,22.568804717834,12,0,16442.6465308376,-16442.6216473846,1.66213045727244,1.65510210708148,1.65556596077818,-0.000463853696696992,0.0145005842231215,0.00793240625198099,1.66210680594007,0,273.895965826189,71.4147634619572,3.75129282165057e-10,1,0.974434974173789,0,-0.000441230970459117,-0.000927707393393984,0,0,0
21.99,9500.27927072503,1.66191615583284,9500,9500.27858280427,1.66191615583284,1.66191615583284,0,0.00454749549070212,22.5643848904887,12,0,16439.9304545619,-16439.9046126608,1.66191615583284,1.65487605274767,1.65534020983808,-0.000464157090413586,0.0145030161288151,0.00795605758435802,1.6619037961512,0,273.88337941095,71.3922019562251,3.52784947479152e-10,1,0.974457370919291,0,-0.000441530344010177,-0.000928314180827172,0,0,0
22.005,9500.27933893746,1.66170269141558,9500,9500.27876108753,1.66170269141558,1.66170269141558,0,0.0053585754833273,22.5599453374942,12,0,16437.2177491542,-16437.1872981556,1.66170269141558,1.65463858949002,1.65510207839901,-0.000463488908991172,0.0139240349066644,0.00796841726599395,1.66168002893804,0,273.870792990689,71.3696404481826,3.56269706417709e-10,1,0.974479769477005,0,-0.000441765337954259,-0.000926977817982344,0,0,0
22.02,9500.2794193161,1.66148981767926,9500,9500.27891084456,1.66148981767926,1.66148981767926,0,0.00664279233832839,22.5554911447233,12,0,16434.5073105745,-16434.4695617992,1.66148981767926,1.65440098776578,1.65486330688648,-0.000462319120699828,0.0130524585023489,0.00799107974353608,1.66146742926792,0,273.858206565439,71.3470789378632,3.59780029568346e-10,1,0.974502170835525,0,-0.000441955232130864,-0.000924638241399656,0,0,0
22.035,9500.27951895798,1.66127728821525,9500,9500.27904262132,1.66127728821525,1.66127728821525,0,0.00823364249284872,22.5510273675824,12,0,16431.7980213201,-16431.751232273,1.66127728821525,1.65416324760207,1.65462425565523,-0.000461008053154632,0.0121085258715664,0.00801346815487824,1.66125469965064,0,273.845620135147,71.3245174252246,3.63318362597719e-10,1,0.974524575723212,0,-0.000442116747756849,-0.000922016106309265,0,0,0
22.05,9500.27964246262,1.66106487140325,9500,9500.27916606992,1.66106487140325,1.66106487140325,0,0.00997688713925659,22.5465587321524,12,0,16429.0888204126,-16429.0321250862,1.66106487140325,1.65392536902624,1.65438518707268,-0.000459818046446792,0.011250578352311,0.00803605671948704,1.66104178965283,0,273.833033699889,71.3019559103376,3.6688669030618e-10,1,0.97454698461207,0,-0.000442265185556456,-0.000919636092893583,0,0,0
22.065,9500.27979211593,1.660852361636,9500,9500.27928953304,1.660852361636,1.660852361636,0,0.011737579611501,22.5420894111449,12,0,16426.3787568748,-16426.3120561185,1.660852361636,1.6536873520656,1.6541462766548,-0.000458924589202381,0.0105826223147813,0.00805913846990647,1.6608286413571,0,273.820447259578,71.2793943931286,3.70487610832553e-10,1,0.974569397737096,0,-0.000442413764988991,-0.000917849178404762,0,0,0
22.08,9500.27996817962,1.66063958690972,9500,9500.27941978368,1.66063958690972,1.66063958690972,0,0.0134046385821683,22.5376228745439,12,0,16423.6670267515,-16423.5908526529,1.66063958690972,1.65344919674477,1.65390762542375,-0.00045842867897905,0.0101625104742082,0.00808285874880998,1.66061519813562,0,273.807860814227,71.2568328736108,3.74123261509948e-10,1,0.974591815125483,0,-0.00044257321842367,-0.000916857357958101,0,0,0
22.095,9500.2801692492,1.66042641299259,9500,9500.27956190734,1.66042641299259,1.66042641299259,0,0.0148931405289089,22.5331618099653,12,0,16420.9529944437,-16420.8683616822,1.66042641299259,1.65321090309304,1.65366927293626,-0.000458369843217232,0.0100104139787808,0.00810724752291314,1.66040141092952,0,273.795274363852,71.234271351806,3.77794552104895e-10,1,0.97461423663348,0,-0.000442751591191559,-0.000916739686434465,0,0,0
22.11,9500.28039264631,1.66021274455042,9500,9500.27971930758,1.66021274455042,1.66021274455042,0,0.0161446148055948,22.5287081047861,12,0,16418.2361999735,-16418.144455498,1.66021274455042,1.65297247113791,1.65343121042019,-0.000458739282277021,0.0101172388192926,0.00813224958598457,1.66018724215934,0,273.782687908431,71.2117098276961,3.81503466022624e-10,1,0.974636661986711,0,-0.000442954268755624,-0.000917478564554042,0,0,0
22.125,9500.28063481553,1.65999852372235,9500,9500.27989381172,1.65999852372235,1.65999852372235,0,0.0171256916117095,22.5242628797797,12,0,16415.5163543363,-16415.4190347251,1.65999852372235,1.65273390090634,1.65319339347949,-0.000459492573146703,0.0104526589099437,0.00815775197706037,1.65997266773711,0,273.770101447975,71.1891483012953,3.85250912659433e-10,1,0.974659090820735,0,-0.000443184136536878,-0.000918985146293405,0,0,0
22.14,9500.2808917009,1.65978372670177,9500,9500.28008585212,1.65978372670177,1.65978372670177,0,0.0178254869087285,22.5198265626857,12,0,16412.7933254052,-16412.6920290873,1.65978372670177,1.65249519242649,1.65295575387922,-0.000460561452733099,0.0109724846465623,0.00818360796230633,1.65975767748333,0,273.757514982463,71.1665867725882,3.8903933475928e-10,1,0.97468152271978,0,-0.000443441870568773,-0.000921122905466198,0,0,0
22.155,9500.28115908321,1.65956835889595,9500,9500.28029469791,1.65956835889595,1.65956835889595,0,0.0182521154169217,22.5153989899916,12,0,16410.0671169882,-16409.9633962794,1.65956835889595,1.65225634572567,1.65271821002535,-0.000461864299680093,0.0116251478946973,0.00820965718074818,1.65954227430706,0,273.744928511873,71.1440252415591,3.92867340972902e-10,1,0.974703957251286,0,-0.000443726301848413,-0.000923728599360185,0,0,0
22.17,9500.28143286494,1.65935244921779,9500,9500.28051871416,1.65935244921779,1.65935244921779,0,0.0184287011724788,22.5109795256009,12,0,16407.3378435514,-16407.2331193613,1.65935244921779,1.65201736083096,1.65248067589456,-0.000463315063597536,0.0123571556403493,0.00823574176963993,1.65932647247341,0,273.732342036254,71.1214637082573,3.96735840346834e-10,1,0.974726393995018,0,-0.000444034835788365,-0.000926630127195072,0,0,0
22.185,9500.28170929545,1.65913604401309,9500,9500.28075562776,1.65913604401309,1.65913604401309,0,0.0183892193517814,22.5065671860508,12,0,16404.60570293,-16404.501203099,1.65913604401309,1.65177823777393,1.65224306821945,-0.000464830445516151,0.013117436009513,0.00826171851401902,1.65911029539692,0,273.71975555555,71.0989021726336,4.00645588305685e-10,1,0.974748832566479,0,-0.000444363864289476,-0.000929660891032302,0,0,0
22.2,9500.28198513374,1.65891920105617,9500,9500.28100278267,1.65891920105617,1.65891920105617,0,0.0181744504145971,22.5021607637107,12,0,16401.8709490507,-16401.7676696774,1.65891920105617,1.65153897658038,1.65200531195434,-0.000466335373957572,0.0138605675068934,0.00828746713018469,1.65889377296265,0,273.707169069798,71.0763406347287,4.04596573524405e-10,1,0.974771272633255,0,-0.00044470917633288,-0.000932670747915143,0,0,0
22.215,9500.2822577505,1.65870198396322,9500,9500.28125737123,1.65870198396322,1.65870198396322,0,0.017828269477451,22.4977589406986,12,0,16399.1338662904,-16399.0325541456,1.65870198396322,1.65129957728039,1.65176734399347,-0.000467766713077467,0.0145489401954871,0.00831289522370571,1.65867693907794,0,273.694582578933,71.0537790944846,4.08588784620335e-10,1,0.974793713925856,0,-0.000445066323588206,-0.000935533426154933,0,0,0
22.23,9500.28252517454,1.65848445728247,9500,9500.28151663202,1.65848445728247,1.65848445728247,0,0.0173944330030825,22.493360388589,12,0,16396.3947467329,-16396.2958999341,1.65848445728247,1.65106003990112,1.65152911535161,-0.000469075450491019,0.01515394499628,0.00833794010898514,1.65845982910912,0,273.681996082994,71.0312175519407,4.12621443833068e-10,1,0.974816156242108,0,-0.00044543093115057,-0.000938150900982038,0,0,0
22.245,9500.28278609104,1.65826668243255,9500,9500.28177800842,1.65826668243255,1.65826668243255,0,0.0169139641232865,22.4889638503192,12,0,16393.653871141,-16393.5577546851,1.65826668243255,1.65082036447446,1.65129059195495,-0.000470227480489305,0.0156563212430251,0.00836256828233894,1.65824247779582,0,273.669409581973,71.0086560070965,4.16694846288982e-10,1,0.97483859944725,0,-0.000445798949600507,-0.000940454960978609,0,0,0
22.26,9500.2830398005,1.658048714577,9500,9500.28203926563,1.658048714577,1.658048714577,0,0.0164231842041801,22.4845682027739,12,0,16390.9114941177,-16390.818166599,1.658048714577,1.6505805510279,1.65105175429206,-0.000471203264157172,0.0160458146190166,0.00838677291906054,1.65802491741865,0,273.656823075842,70.986094459928,4.20808367505772e-10,1,0.974861043469688,0,-0.000446166843333762,-0.000942406528314343,0,0,0
22.275,9500.28328614826,1.65783060045148,9500,9500.28229856675,1.65783060045148,1.65783060045148,0,0.0159523901519032,22.4801724998027,12,0,16388.1678335777,-16388.0771814233,1.65783060045148,1.65034059959118,1.65081259617574,-0.000471996584560985,0.0163203066024853,0.00841057007741774,1.65780717649947,0,273.644236564615,70.9635329104534,4.24962762033361e-10,1,0.974883488293655,0,-0.000446531702928965,-0.000943993169121971,0,0,0
22.29,9500.28352543412,1.6576123770982,9500,9500.28255451084,1.6576123770982,1.6576123770982,0,0.0155251381769175,22.4757759966444,12,0,16385.423064365,-16385.33484014,1.6576123770982,1.65010051019109,1.65057312287533,-0.000472612684235596,0.0164845764210418,0.00843399402942691,1.65758927885205,0,273.631650048306,70.9409713586881,4.29157864817237e-10,1,0.974905933950021,0,-0.000446891316595144,-0.000945225368471192,0,0,0
22.305,9500.28375831119,1.65739407141729,9500,9500.28280613775,1.65739407141729,1.65739407141729,0,0.0151580648608702,22.4713781577292,12,0,16382.6773156365,-16382.5911773657,1.65739407141729,1.64986028286198,1.65033334884625,-0.000473065984271326,0.0165488459559849,0.00845709227557601,1.65737124316902,0,273.619063526867,70.9184098045936,4.3339289802354e-10,1,0.974928380506021,0,-0.000447244164494043,-0.000946131968542652,0,0,0
22.32,9500.28398568216,1.65717570041178,9500,9500.2830529054,1.65717570041178,1.65717570041178,0,0.0148611587190989,22.4669786504904,12,0,16379.9306714874,-16379.8462204339,1.65717570041178,1.6496199176311,1.6500932953028,-0.00047337767170319,0.0165272415785083,0.00847992052384616,1.65715308281154,0,273.606477000308,70.8958482481817,4.37668309374367e-10,1,0.974950828054413,0,-0.000447589389133141,-0.00094675534340638,0,0,0
22.335,9500.28420859954,1.65695727198311,9500,9500.28329464615,1.65695727198311,1.65695727198311,0,0.0146383813045157,22.4625773280642,12,0,16377.1831741671,-16377.0999890821,1.65695727198311,1.6493794145283,1.64985298779305,-0.000473573264749172,0.0164362864369033,0.00850253812408863,1.65693480612289,0,273.593890468654,70.8732866894805,4.4198454634333e-10,1,0.974973276703303,0,-0.000447926727581427,-0.000947146529498344,0,0,0
22.35,9500.28442817526,1.65673878612845,9500,9500.2835315086,1.65673878612845,1.65673878612845,0,0.0144885372101093,22.4581742039697,12,0,16374.434829225,-16374.3524956526,1.65673878612845,1.64913877358443,1.64961245393105,-0.000473680346613881,0.0162935118985834,0.00852500398431277,1.65671641687552,0,273.58130393186,70.8507251284514,4.46341443620937e-10,1,0.974995726567039,0,-0.000448256417177717,-0.000947360693227761,0,0,0
22.365,9500.28464550332,1.6565202363936,9500,9500.28376389097,1.6565202363936,1.6565202363936,0,0.0270176757391944,22.453568326351,12,0,16371.6257609289,-16371.4722283963,1.6565202363936,1.64889799483016,1.64937172143186,-0.000473726601694091,0.0161162530986541,0.00854737323724764,1.65649791486402,0,273.568717389926,70.8281635651001,4.67475065506149e-10,1,0.975018177758051,0,-0.000448579089741274,-0.000947453203388182,0,0,0
22.38,9500.28505076845,1.65630161144676,9500,9500.28399237183,1.65630161144676,1.65630161144676,0,0.0423727272067238,22.4489160946658,12,0,16368.8026258252,-16368.5618355935,1.65630161144676,1.64865707829672,1.64913081645316,-0.000473738156436809,0.015920669683807,0.00856969476682212,1.65627929675067,0,273.556130842835,70.8056019994142,4.75991913486265e-10,1,0.975040649795725,0,-0.000448895656983472,-0.000947476312873619,0,0,0
22.395,9500.28568635936,1.65608165169433,9500,9500.28426666855,1.65608165169433,1.65608165169433,0,0.0567335915356239,22.4442907626412,12,0,16365.9738024034,-16365.6514040953,1.65608165169433,1.64841602401351,1.64889096797519,-0.000474943961684904,0.0164439779263635,0.00859200946291239,1.65605814555305,0,273.543544290639,70.7830404314461,4.80604423801006e-10,1,0.975063147032047,0,-0.000449284710073439,-0.000949887923369808,0,0,0
22.41,9500.28653736324,1.65585910848583,9500,9500.28463459917,1.65585910848583,1.65585910848583,0,0.0693109636135957,22.4397173932428,12,0,16363.1333759358,-16362.7395045308,1.65585910848583,1.64817483201117,1.64865310381015,-0.000478271798972862,0.0182323139024193,0.00861551560418716,1.65583380401742,0,273.530957733258,70.7604788611256,4.85271616907584e-10,1,0.975085667938359,0,-0.000449821806856487,-0.000956543597945725,0,0,0
22.425,9500.28757702769,1.6556331101488,9500,9500.28512772426,1.6556331101488,1.6556331101488,0,0.0795704486410698,22.4352132962085,12,0,16360.2771403774,-16359.8249676446,1.6556331101488,1.64793350232075,1.64841756347352,-0.000484061152774773,0.0214712659763724,0.00864082007260092,1.6556062000878,0,273.518371170752,70.7379172885125,4.90004498807063e-10,1,0.9751082097704,0,-0.000450556779746369,-0.000968122305549546,0,0,0
22.44,9500.28877058442,1.65540314510706,9500,9500.28576249186,1.65540314510706,1.65540314510706,0,0.0872177987911017,22.430788411873,12,0,16357.4025373373,-16356.9069071623,1.65540314510706,1.64769203497556,1.64818425077131,-0.000492215795743656,0.026082511810814,0.00866773013360511,1.65537533351768,0,273.505784603081,70.7153557135734,4.94813768857049e-10,1,0.975130768961062,0,-0.000451515558906657,-0.000984431591487311,0,0,0
22.455,9500.2900788514,1.65516902651104,9500,9500.28654207665,1.65516902651104,1.65516902651104,0,0.0921724603088317,22.4264460662993,12,0,16354.5085075117,-16353.9847215465,1.65516902651104,1.64745043000466,1.64795277012223,-0.000502340117572331,0.0318093169150592,0.00869554172298459,1.6551412914925,0,273.493198030237,70.6927941363058,4.9970568699476e-10,1,0.975153341489807,0,-0.000452703096137208,-0.00100468023514466,0,0,0
22.47,9500.2914614383,1.65493084388628,9500,9500.28745867604,1.65493084388628,1.65493084388628,0,0.094533162146029,22.4221839843421,12,0,16351.5952794763,-16351.058078336,1.65493084388628,1.64720868744052,1.64772254459995,-0.000513857159424314,0.0382898586982704,0.00872327674152418,1.6549042498632,0,273.480611452223,70.6702325567155,5.0468329916456e-10,1,0.975175923211682,0,-0.000454106998856174,-0.00102771431884863,0,0,0
22.485,9500.29287943574,1.65468890707532,9500,9500.28849604191,1.65468890707532,1.65468890707532,0,0.0945390663124865,22.4179954527822,12,0,16348.6641199792,-16348.1268852072,1.65468890707532,1.64696680731564,1.64749291447113,-0.000526107155492728,0.0451178065817006,0.00874987076461142,1.65466446376926,0,273.468024869012,70.6476709747839,5.09748733214703e-10,1,0.975198510133414,0,-0.000455701533700337,-0.00105221431098546,0,0,0
22.5,9500.29429752173,1.65444368724422,9500,9500.28963205321,1.65444368724422,1.65444368724422,0,0.0925296205112752,22.4138705364472,12,0,16345.7170677503,-16345.1912519269,1.65444368724422,1.64672478966147,1.64726321580719,-0.00053842614571642,0.0518901037934819,0.00877431407067109,1.65442225144071,0,273.455438280638,70.6251093905441,5.14899679592769e-10,1,0.975221098629522,0,-0.000457451703466782,-0.00107685229143284,0,0,0
22.515,9500.29568546604,1.65419575902704,9500,9500.2908411677,1.65419575902704,1.65419575902704,0,0.0889057564170551,22.4097972647102,12,0,16342.7566697914,-16342.2514471385,1.65419575902704,1.64648263450734,1.64703283967194,-0.000550205164602691,0.0582423985975663,0.00879574987417975,1.65417797405231,0,273.442851687081,70.6025478039835,5.20133217413551e-10,1,0.97524368559696,0,-0.000459317122907255,-0.00110041032920538,0,0,0
22.53,9500.29701905238,1.65394574706696,9500,9500.29209662817,1.65394574706696,1.65394574706696,0,0.0840945135011211,22.4057627228449,12,0,16339.785735512,-16339.307853529,1.65394574706696,1.64624034188865,1.64680127300565,-0.00056093111700628,0.0638730171458767,0.00881353484891401,1.65393201450355,0,273.430265088331,70.5799862150959,5.25444896404192e-10,1,0.975266268549763,0,-0.000461255497377966,-0.00112186223401256,0,0,0
22.545,9500.29828047009,1.65369427935294,9500,9500.29337233593,1.65369427935294,1.65369427935294,0,0.0785185798708665,22.4017540002219,12,0,16336.8071201658,-16336.3609243551,1.65369427935294,1.64599791183667,1.64656812307976,-0.000570211243092755,0.0685567263567602,0.0088272674123242,1.65368475676281,0,273.417678484372,70.5574246238715,5.30830113857985e-10,1,0.975288845659329,0,-0.0004632255926178,-0.00114042248618551,0,0,0
22.56,9500.29945824878,1.65344194890323,9500,9500.29464434025,1.65344194890323,1.65344194890323,0,0.0725716741459249,22.3977589648005,12,0,16333.823545199,-16333.4111436878,1.65344194890323,1.6457553443834,1.64633312774343,-0.000577783360031781,0.0721497894399018,0.00883679000246085,1.6534365676658,0,273.405091875208,70.5348630303175,5.36284267402325e-10,1,0.975311415747763,0,-0.000465189583556125,-0.00115556672006356,0,0,0
22.575,9500.3005468239,1.6531892845638,9500,9500.29589192482,1.6531892845638,1.6531892845638,0,0.0666001757691734,22.3937668492668,12,0,16330.8374595267,-16330.4589920791,1.6531892845638,1.64551263956211,1.64609615400949,-0.000583514447383138,0.0745879611853779,0.00884217123989117,1.65318778190723,0,273.392505260845,70.5123014344436,5.41800613826372e-10,1,0.975333978243362,0,-0.000467114760567044,-0.00116702889476628,0,0,0
22.59,9500.30154582653,1.65293673100203,9500,9500.2970983001,1.65293673100203,1.65293673100203,0,0.0608909576286952,22.3897686481755,12,0,16327.8509425425,-16327.5049187149,1.65293673100203,1.64526979740584,1.64585718765401,-0.000587390248171005,0.0758791137586238,0.0088436738964599,1.65293869080596,0,273.379918641251,70.4897398362253,5.47375316312377e-10,1,0.975356533107857,0,-0.000468974629962648,-0.00117478049634201,0,0,0
22.605,9500.3024591909,1.65268463741059,9500,9500.29825093217,1.65268463741059,1.65268463741059,0,0.0556650157209295,22.3857573369039,12,0,16324.8656470441,-16324.5493205418,1.65268463741059,1.6450268179462,1.64561631639991,-0.000589498453711368,0.0760921339464136,0.00884171409253764,1.65268953513131,0,273.367332016429,70.4671782356688,5.53003926398013e-10,1,0.975379080744709,0,-0.000470749425013128,-0.00117899690742274,0,0,0
22.62,9500.30329416613,1.65243325400323,9500,9500.29934155502,1.65243325400323,1.65243325400323,0,0.0510762153599617,22.381727931833,12,0,16321.8827781783,-16321.592528337,1.65243325400323,1.64478370121691,1.64537370916279,-0.000590007945879156,0.0753436082343225,0.0088368163718151,1.65244050169696,0,273.354745386397,70.4446166327959,5.58683524854125e-10,1,0.97540162189773,0,-0.000472426121117531,-0.00118001589175831,0,0,0
22.635,9500.30406030937,1.65218273508563,9500,9500.3003659236,1.65218273508563,1.65218273508563,0,0.0472142913810558,22.377677417196,12,0,16318.9031030683,-16318.6347992876,1.65218273508563,1.64454044725152,1.64512959351522,-0.000589146263702878,0.0737836295703976,0.00882956867808105,1.6521917234022,0,273.342158751141,70.4220550275956,5.64411498173043e-10,1,0.975424157547831,0,-0.000473998046788271,-0.00117829252740576,0,0,0
22.65,9500.30476852374,1.65193314731296,9500,9500.30132336985,1.65193314731296,1.65193314731296,0,0.044111144438742,22.3736045673856,12,0,16315.9269849375,-16315.6763153339,1.65193314731296,1.64429705608227,1.64488423318337,-0.000587177101103009,0.0715818392195079,0.00882058036151934,1.65194328224158,0,273.329572110623,70.399493420039,5.701861501041e-10,1,0.975446688814256,0,-0.000475464177623452,-0.00117435420220602,0,0,0
22.665,9500.3054301909,1.65168448168954,9500,9500.30221622455,1.65168448168954,1.65168448168954,0,0.0417494515759799,22.3695096944811,12,0,16312.9544351925,-16312.7171863217,1.65168448168954,1.64405352774405,1.64463790709656,-0.000584379352503328,0.068914576381203,0.00881044543290099,1.65169521447195,0,273.316985464855,70.3769318101418,5.76007160024195e-10,1,0.975469216865394,0,-0.000476828218056724,-0.00116875870500666,0,0,0
22.68,9500.30605643268,1.65143666790638,9500,9500.3030491641,1.65143666790638,1.65143666790638,0,0.0400726519631799,22.3653943497571,12,0,16309.9851770564,-16309.7574568901,1.65143666790638,1.64380986227043,1.6443908909939,-0.000581028723472432,0.0659537645389477,0.00879971265049329,1.65144751747398,0,273.304398813873,70.3543701979392,5.81874359870357e-10,1,0.975491742843021,0,-0.000478097574898584,-0.00116205744694486,0,0,0
22.695,9500.30665752246,1.65118958972895,9500,9500.30382853534,1.65118958972895,1.65118958972895,0,0.0389954565156202,22.3612610054673,12,0,16307.0187148157,-16306.7971159954,1.65118958972895,1.64356605969243,1.64414344235245,-0.000577382660018166,0.0628579306853942,0.00878886308289073,1.65120015745529,0,273.29181215761,70.3318085833756,5.87788651218001e-10,1,0.975514267802082,0,-0.000479282292273897,-0.00115476532003633,0,0,0
22.71,9500.3072424543,1.6509431003212,9500,9500.30456170272,1.6509431003212,1.6509431003212,0,0.038414157497989,22.3571127396952,12,0,16304.0544035278,-16303.836108032,1.6509431003212,1.64332212004789,1.64389578894908,-0.000573668901186819,0.0597655422294751,0.0087782953565485,1.65095307760207,0,273.279225496099,70.3092469664849,5.93752921839785e-10,1,0.975536792666075,0,-0.000480394004578333,-0.00114733780237364,0,0,0
22.725,9500.30781866667,1.65069703659908,9500,9500.305256453,1.65069703659908,1.65069703659908,0,0.038216155037567,22.3529529423979,12,0,16301.0915148928,-16300.8743445692,1.65069703659908,1.64307804336817,1.6436481211441,-0.00057007777593121,0.056790665679028,0.00876831807568368,1.65070620589199,0,273.266638829294,70.2866853472288,5.99767308354916e-10,1,0.975559318198981,0,-0.000481445016584869,-0.00114015555186242,0,0,0
22.74,9500.30839190899,1.65045123193083,9500,9500.3059204827,1.65045123193083,1.65045123193083,0,0.0382882744576707,22.3487850565902,12,0,16298.1292960779,-16297.9117159093,1.65045123193083,1.64283382968934,1.64340058769781,-0.000566758008471169,0.0540208048745873,0.00875914878277406,1.65045946245517,0,273.254052157251,70.2641237256639,6.05834544900086e-10,1,0.975581844991225,0,-0.000482447483346027,-0.00113351601694234,0,0,0
22.755,9500.30896623311,1.65020552672624,9500,9500.30656098372,1.65020552672624,1.65020552672624,0,0.0385235966978443,22.3446123635276,12,0,16295.167019228,-16294.9481017842,1.65020552672624,1.64258947904376,1.64315329475585,-0.000563815712090632,0.051516666674575,0.0087509182584371,1.65021276587802,0,273.241465479912,70.2415621017398,6.11957365012782e-10,1,0.975604373459163,0,-0.000483412758884194,-0.00112763142418126,0,0,0
22.77,9500.30954408706,1.64995977666641,9500,9500.30718433416,1.64995977666641,1.64995977666641,0,0.0388266652706325,22.3404378169369,12,0,16292.2040204311,-16291.9833807309,1.64995977666641,1.6423449914665,1.64290630749022,-0.000561316023712344,0.0493135290283331,0.00874367910666618,1.64996603852575,0,273.228878797276,70.2190004754604,6.18137890667857e-10,1,0.975626903854385,0,-0.000484350914663922,-0.00112263204742469,0,0,0
22.785,9500.31012648704,1.64971385851326,9500,9500.30779589362,1.64971385851326,1.64971385851326,0,0.0391170548427301,22.3362639270897,12,0,16289.2397277147,-16289.0174378084,1.64971385851326,1.64210036699162,1.6426596538365,-0.000559286844882934,0.0474238466091978,0.00873741724733357,1.64971921054919,0,273.216292109369,70.1964388468548,6.24378396261701e-10,1,0.975649436281408,0,-0.000485270405372384,-0.00111857368976587,0,0,0
22.8,9500.31071324286,1.64946767359361,9500,9500.30839989604,1.64946767359361,1.64946767359361,0,0.0393313874310355,22.3320926925904,12,0,16286.2736784064,-16286.0501705017,1.64946767359361,1.64185560565478,1.64241332975687,-0.000557724102087098,0.0458407196437212,0.00873206521140091,1.64947222266201,0,273.203705416181,70.1738772159158,6.30680544901485e-10,1,0.975671970720934,0,-0.000486177909665431,-0.0011154482041742,0,0,0
22.815,9500.31130321367,1.64922114917467,9500,9500.30899942878,1.64922114917467,1.64922114917467,0,0.0394239597528119,22.3279255752805,12,0,16283.3055267727,-16283.0814927947,1.64922114917467,1.64161070749129,1.64216730538703,-0.00055659789574225,0.0445418666248863,0.00872751614300049,1.64922502784281,0,273.19111871768,70.1513155826209,6.37046457624054e-10,1,0.975694507056063,0,-0.000487078298059274,-0.0011131957914845,0,0,0
22.83,9500.31189457307,1.64897423803475,9500,9500.30959648344,1.64897423803475,1.64897423803475,0,0.0393661983451416,22.323763511846,12,0,16280.3350432538,-16280.1113375018,1.64897423803475,1.64136567253412,1.6419215316076,-0.000555859073473108,0.0434937753687422,0.00872363747485938,1.64897759186204,0,273.178532013845,70.1287539469537,6.43478102343766e-10,1,0.975717045099459,0,-0.000487974713072381,-0.00111171814694622,0,0,0
22.845,9500.31248506604,1.64872691658522,9500,9500.31019206209,1.64872691658522,1.64872691658522,0,0.0391451897617713,22.3196069547402,12,0,16277.3621068809,-16277.1396570375,1.64872691658522,1.64112050081933,1.64167594653457,-0.000555445715245906,0.0426557551171978,0.00872028364757038,1.64872989303641,0,273.165945304719,70.1061923089575,6.49976377750634e-10,1,0.975739584619634,0,-0.000488868730643022,-0.00111089143049181,0,0,0
22.86,9500.31307224389,1.64847918192136,9500,9500.31078632273,1.64847918192136,1.64847918192136,0,0.0387615429753288,22.3154559345387,12,0,16274.3866925706,-16274.166422858,1.64847918192136,1.64087519238344,1.64143048156371,-0.000555289180263596,0.0419836679873295,0.00871730719638197,1.6484819212193,0,273.153358590266,70.083630668604,6.56542793095251e-10,1,0.975762125365325,0,-0.00048976060146666,-0.00111057836052719,0,0,0
22.875,9500.31365366703,1.64823104817496,9500,9500.31137874777,1.64823104817496,1.64823104817496,0,0.0382268344115128,22.3113101362077,12,0,16271.4088550101,-16271.1916238655,1.64823104817496,1.64062974725926,1.6411850667221,-0.000555319462838932,0.0414331772199687,0.0087145678984426,1.64823367623202,0,273.140771870515,70.0610690259244,6.63176872678732e-10,1,0.975784667086064,0,-0.000490649508687824,-0.00111063892567786,0,0,0
22.89,9500.31422706955,1.64798254251502,9500,9500.31196832153,1.64798254251502,1.64798254251502,0,0.0375608651242475,22.3071689820164,12,0,16268.4287107063,-16268.2152640441,1.64798254251502,1.64038416548239,1.64093963508593,-0.000555469603538805,0.040962407845874,0.00871193984138219,1.64798516611669,0,273.128185145411,70.0385073808726,6.69881193898917e-10,1,0.975807209549353,0,-0.000491533853304471,-0.00111093920707761,0,0,0
22.905,9500.31479048253,1.64773370110025,9500,9500.31255370432,1.64773370110025,1.64773370110025,0,0.036788928662114,22.3030317150914,12,0,16265.4464196287,-16265.2373596279,1.64773370110025,1.64013844708899,1.64069412622134,-0.000555679132350884,0.0405339695122362,0.00870931623970472,1.647736405064,0,273.115598414998,70.0159457334917,6.76653906981036e-10,1,0.975829752552999,0,-0.000492411523677294,-0.00111135826470177,0,0,0
22.92,9500.31534231646,1.64748456523512,9500,9500.31313339335,1.64748456523512,1.64748456523512,0,0.0359392510443771,22.2988974782799,12,0,16262.4621675969,-16262.2579360369,1.64748456523512,1.63989259211681,1.64044848859402,-0.000555896477202333,0.0401163378708435,0.00870661227595781,1.64748741143837,0,273.103011679195,69.9933840837145,6.83497130776563e-10,1,0.975852295933984,0,-0.000493280148870623,-0.00111179295440467,0,0,0
22.935,9500.31588140522,1.64723517792199,9500,9500.31370586338,1.64723517792199,1.64723517792199,0,0.0350407253073317,22.2947653847171,12,0,16259.4761503613,-16259.2770248317,1.64723517792199,1.63964660059834,1.64020268100089,-0.000556080402554837,0.0396846302444284,0.0087037660727094,1.64723820586594,0,273.090424938088,69.9708224316209,6.90410541661212e-10,1,0.975874839572474,0,-0.000494137332598399,-0.00111216080510967,0,0,0
22.95,9500.3164070161,1.64698558094369,9500,9500.31426968225,1.64698558094369,1.64698558094369,0,0.0341210215950217,22.2906345770839,12,0,16256.4885599865,-16256.2946608359,1.64698558094369,1.63940047257235,1.63995667311389,-0.000556200541544927,0.0392208404847551,0.00870073812875916,1.64698880961802,0,273.077838191618,69.9482607771637,6.97394426367464e-10,1,0.975897383393394,0,-0.000494980816266866,-0.00111240108308985,0,0,0
22.965,9500.31691883143,1.64673581255395,9500,9500.31482359903,1.64673581255395,1.64673581255395,0,0.0332051179831457,22.2865042743715,12,0,16253.4995739642,-16253.3108795987,1.64673581255395,1.63915420807091,1.63971044528395,-0.000556237213041655,0.0387136185555879,0.00869750945443482,1.64673924309926,0,273.065251439785,69.9256991203459,7.04447850800491e-10,1,0.975919927364199,0,-0.000495808638622197,-0.00111247442608331,0,0,0
22.98,9500.3174169082,1.64648590580289,9500,9500.3153666047,1.64648590580289,1.64648590580289,0,0.0323142622028507,22.2823738054375,12,0,16250.5093471858,-16250.3257152672,1.64648590580289,1.63890780713439,1.63946398772674,-0.000556180592355071,0.0381576916575713,0.00869407890913099,1.64648952485881,0,273.052664682589,69.9031374611726,7.11572932282576e-10,1,0.975942471490828,0,-0.000496619203302462,-0.00111236118471014,0,0,0
22.995,9500.31790162213,1.64623588748169,9500,9500.31589796648,1.64623588748169,1.64623588748169,0,0.0314653481889933,22.2782426298284,12,0,16247.5180067403,-16247.3391989274,1.64623588748169,1.63866126979499,1.63921729927733,-0.000556029482344123,0.0375530274570489,0.00869045985321648,1.64623967068351,0,273.040077920011,69.8805757996289,7.18767973565044e-10,1,0.975965015811997,0,-0.000497411369196676,-0.00111205896468825,0,0,0
23.01,9500.31837360235,1.64598577763593,9500,9500.31641723888,1.64598577763593,1.64598577763593,0,0.0306706685693907,22.2741103469829,12,0,16244.5256493363,-16244.3513574325,1.64598577763593,1.6384145960919,1.63897038584308,-0.00055578975118098,0.0369038371839646,0.00868667665139244,1.64598969324093,0,273.027491152085,69.8580141357531,7.26034481088251e-10,1,0.975987560392361,0,-0.000498184433411097,-0.00111157950236196,0,0,0
23.025,9500.31883366238,1.64573558957309,9500,9500.31692425493,1.64573558957309,1.64573558957309,0,0.0299379890683545,22.2699766952835,12,0,16241.5323410082,-16241.3622126867,1.64573558957309,1.63816778606009,1.63872325873187,-0.000555472671780022,0.0362175074797803,0.00868276104639154,1.64573960176292,0,273.014904378761,69.8354524695019,7.33372587966131e-10,1,0.976010105315678,0,-0.000498938138170146,-0.00111094534356004,0,0,0
23.04,9500.31928273222,1.64548533027311,9500,9500.31741910174,1.64548533027311,1.64548533027311,0,0.0292708812604758,22.2658415430207,12,0,16238.5381187248,-16238.3717813625,1.64548533027311,1.63792083973645,1.63847593294631,-0.000555093209856583,0.0355035382899605,0.00867874885655651,1.64548940217329,0,273.002317600044,69.8128908008842,7.40782732188609e-10,1,0.976032650677582,0,-0.000499672623745839,-0.00111018641971317,0,0,0
23.055,9500.31972179543,1.64523500110342,9500,9500.31790208487,1.64523500110342,1.64523500110342,0,0.0286692470083373,22.2617048731593,12,0,16235.5429934417,-16235.3800749732,1.64523500110342,1.63767375715722,1.63822842558516,-0.000554668427934946,0.0347725494927038,0.00867467695636792,1.64523909725772,0,272.98973081594,69.79032912991,7.48265199028305e-10,1,0.976055196579216,0,-0.000500388375520355,-0.00110933685586989,0,0,0
23.07,9500.32015183414,1.64498459874022,9500,9500.31837368561,1.64498459874022,1.64498459874022,0,0.0281299671135893,22.257566764004,12,0,16232.5469541518,-16232.387100237,1.64498459874022,1.63742653835945,1.63798075440182,-0.000554216042367717,0.034035403049631,0.00867058080207195,1.64498868707679,0,272.977144026427,69.7677674565645,7.5582149343789e-10,1,0.976077743121633,0,-0.000501086153706032,-0.00110843208473543,0,0,0
23.085,9500.32057378365,1.64473411620274,9500,9500.31883451503,1.64473411620274,1.64473411620274,0,0.0276476136403324,22.253427367706,12,0,16229.5499725193,-16229.3928596633,1.64473411620274,1.63717918337882,1.63773293658944,-0.000553753210621899,0.033302472286872,0.0086664924655051,1.64473816942308,0,272.964557231544,69.7452057808859,7.63451137759527e-10,1,0.976100290400979,0,-0.000501766924190239,-0.0011075064212438,0,0,0
23.1,9500.32098849785,1.64448354391794,9500,9500.31928526823,1.64448354391794,1.64448354391794,0,0.0272151704504887,22.2492868881869,12,0,16226.5520076927,-16226.3973522712,1.64448354391794,1.63693169225554,1.6374849878293,-0.000553295573767487,0.0325830751979332,0.00866243924516574,1.64448754035317,0,272.95197043122,69.7226441028149,7.71156093718714e-10,1,0.976122838505241,0,-0.000502431782144486,-0.00110659114753497,0,0,0
23.115,9500.32139672541,1.64423287074653,9500,9500.31972668148,1.64423287074653,1.64423287074653,0,0.0268247184634579,22.2451455600789,12,0,16223.553011004,-16223.4005743942,1.64423287074653,1.63668406502231,1.63723692159451,-0.000552856572203719,0.0318850754276978,0.00865844280993877,1.64423679468784,0,272.939383625489,69.7000824223873,7.78936340656622e-10,1,0.97614538751141,0,-0.000503081892661461,-0.00110571314440744,0,0,0
23.13,9500.32179909618,1.64398208491538,9500,9500.32015949424,1.64398208491538,1.64398208491538,0,0.0264680498113945,22.2410036295585,12,0,16220.5529302606,-16220.4025204825,1.64398208491538,1.63643630171677,1.6369887487233,-0.000552447006530343,0.0312146446136766,0.00865451886862867,1.64398592657234,0,272.92679681431,69.6775207395686,7.86793077332931e-10,1,0.976167937484414,0,-0.000503718420479471,-0.00110489401306069,0,0,0
23.145,9500.32219611693,1.64373117481812,9500,9500.32058441758,1.64373117481812,1.64373117481812,0,0.0261371881885839,22.2368613380683,12,0,16217.5517134799,-16217.4031838803,1.64373117481812,1.63618840237853,1.63674047722472,-0.000552074846192241,0.0305761703225959,0.00865067721167323,1.64373492989782,0,272.914209997742,69.654959054418,7.94727502106988e-10,1,0.97619048847636,0,-0.000504342483014009,-0.00110414969238448,0,0,0
23.16,9500.32258817475,1.64348012965966,9500,9500.32100210961,1.64348012965966,1.64348012965966,0,0.0258248004763436,22.2327189091728,12,0,16214.5493119123,-16214.4025575099,1.64348012965966,1.63594036704206,1.63649211229113,-0.000551745249069091,0.029972288776921,0.00864692213197626,1.6434837986759,0,272.901623175725,69.6323973668847,8.02739746166716e-10,1,0.976213040527276,0,-0.000504955121426898,-0.00110349049813818,0,0,0
23.175,9500.32297554676,1.64322893993492,9500,9500.32141315822,1.64322893993492,1.64322893993492,0,0.0255244953872037,22.22857653898,12,0,16211.5456823328,-16211.400634466,1.64322893993492,1.63569219574776,1.63624365647463,-0.00055146072686596,0.029404017316153,0.00864325311573633,1.64323252740977,0,272.889036348261,69.6098356769752,8.10831464519597e-10,1,0.976235593665778,0,-0.000505557259205425,-0.00110292145373192,0,0,0
23.19,9500.32335841419,1.64297759774315,9500,9500.32181807074,1.64297759774315,1.64297759774315,0,0.0252310119828478,22.2244343898796,12,0,16208.5407885767,-16208.3974084801,1.64297759774315,1.6354438885297,1.63599510999548,-0.000551221465786345,0.0288709605348785,0.00863966564088514,1.64298111123901,0,272.876449515362,69.5872739847043,8.19004311616655e-10,1,0.97625814791062,0,-0.000506149699007308,-0.00110244293157269,0,0,0
23.205,9500.32373687937,1.64272609694916,9500,9500.32221727,1.64272609694916,1.64272609694916,0,0.0249403063993955,22.2202925874391,12,0,16205.5346023718,-16205.3928742602,1.64272609694916,1.63519544542662,1.63574647113188,-0.000551025705264774,0.028371564251011,0.00863615214502267,1.64272954616111,0,272.863862677022,69.5647122900714,8.27257808372885e-10,1,0.976280703272476,0,-0.000506733103297297,-0.00110205141052955,0,0,0
23.22,9500.32411098397,1.64247443320996,9500,9500.32261109576,1.64247443320996,1.64247443320996,0,0.0246495504699553,22.2161512200545,12,0,16202.527103547,-16202.3870277067,1.64247443320996,1.63494686647533,1.63549773665601,-0.000550870180675789,0.0279033931513125,0.00863270293306551,1.64247782904705,0,272.851275833204,69.5421505930483,8.35592846982347e-10,1,0.976303259755843,0,-0.000507308008758089,-0.00110174036135158,0,0,0
23.235,9500.32448072722,1.64222260388948,9500,9500.32299981054,1.64222260388948,1.64222260388948,0,0.0243570586892736,22.2120103409079,12,0,16199.5182797216,-16199.379866017,1.64222260388948,1.63469815171491,1.63524890228219,-0.000550750567274827,0.0274634113993878,0.00862930709597487,1.64222595767634,0,272.838688983921,69.5195888936484,8.44011233313452e-10,1,0.976325817360776,0,-0.00050787482737924,-0.00110150113454965,0,0,0
23.25,9500.3248460831,1.64197060788746,9500,9500.32338360861,1.64197060788746,1.64197060788746,0,0.0240621607753264,22.2078699716247,12,0,16196.5081255832,-16196.3713876879,1.64197060788746,1.63444930118162,1.63499996309089,-0.000550661909272998,0.0270482484908329,0.00862595330911797,1.64197393067219,0,272.826102129184,69.4970271918879,8.52513249460581e-10,1,0.976348376084727,0,-0.000508433868619651,-0.001101323818546,0,0,0
23.265,9500.32520701552,1.64171844540786,9500,9500.32376262716,1.64171844540786,1.64171844540786,0,0.0237650367636708,22.2037301071398,12,0,16193.4966418719,-16193.3615924362,1.64171844540786,1.63420031491402,1.63475091392689,-0.000550599012868913,0.0266544374708446,0.00862263052438794,1.64172174741267,0,272.813515268961,69.4744654877428,8.61100091234252e-10,1,0.976370935924194,0,-0.000508985343324664,-0.00110119802573783,0,0,0
23.28,9500.32556349107,1.64146611769203,9500,9500.32413695845,1.64146611769203,1.64146611769203,0,0.0234665328053878,22.1995907212932,12,0,16190.4838341952,-16190.3504810613,1.64146611769203,1.63395119294896,1.6345017497232,-0.00055055677423721,0.0262786160966372,0.00861932851957392,1.64146940792006,0,272.800928403252,69.4519037812154,8.6977204029939e-10,1,0.976393496875899,0,-0.000509529402811015,-0.00110111354847442,0,0,0
23.295,9500.32591548906,1.64121362673915,9500,9500.32450666221,1.64121362673915,1.64121362673915,0,0.0231679707002187,22.1954517726289,12,0,16187.4697117655,-16187.3380552639,1.64121362673915,1.63370193532524,1.63425246577336,-0.000550530448122144,0.025917685595156,0.00861603829154478,1.64121691272054,0,272.788341532066,69.4293420723203,8.78530596408676e-10,1,0.976416058937845,0,-0.000510066135722909,-0.00110106089624429,0,0,0
23.31,9500.32626300862,1.64096097503289,9500,9500.3248717773,1.64096097503289,1.64096097503289,0,0.0228709645624324,22.1913132100243,12,0,16184.4542861511,-16184.3243174399,1.64096097503289,1.63345254207953,1.63400305793183,-0.000550515852297595,0.0255689252640433,0.00861275231015091,1.64096426268509,0,272.775754655378,69.4067803610377,8.87376192953187e-10,1,0.97643862211014,0,-0.000510595605683895,-0.00110103170459519,0,0,0
23.325,9500.32660607309,1.64070816528919,9500,9500.32523233229,1.64070816528919,1.64070816528919,0,0.0225772541387978,22.1871749779093,12,0,16181.4375701223,-16181.3092704732,1.64070816528919,1.63320301325112,1.63375352273514,-0.00055050948402191,0.0252300644215216,0.00860946465795398,1.64071145894103,0,272.763167773224,69.3842186474052,8.96309263160562e-10,1,0.976461186395268,0,-0.000511117856713428,-0.00110101896804382,0,0,0
23.34,9500.3269447319,1.64045520023714,9500,9500.32558835439,1.64045520023714,1.64045520023714,0,0.022288561386817,22.1830370206938,12,0,16178.4195766256,-16178.2929175248,1.64045520023714,1.63295334887763,1.63350385747355,-0.000550508595919652,0.0248993145677169,0.00860617100611449,1.6404585026919,0,272.750580885518,69.3616569313499,9.05331610183732e-10,1,0.976483751798615,0,-0.000511632934105499,-0.0011010171918393,0,0,0
23.355,9500.32727906032,1.640202082439,9500,9500.32593987657,1.640202082439,1.640202082439,0,0.022006475472128,22.1788992865171,12,0,16175.4003179537,-16175.2752618568,1.640202082439,1.63270354899652,1.63325406019286,-0.000550511196335313,0.0245753678494021,0.00860286855134595,1.6402053951552,0,272.737993992322,69.3390952129317,9.14443362108624e-10,1,0.976506318327954,0,-0.000512140887153567,-0.00110102239267063,0,0,0
23.37,9500.32760915746,1.63994881415407,9500,9500.32628694278,1.63994881415407,1.63994881415407,0,0.0217323660455394,22.1747617299366,12,0,16172.3798050869,-16172.2563066661,1.63994881415407,1.63245361364659,1.6330041296648,-0.000550516018211766,0.024257367296847,0.00859955583515037,1.63995213744531,0,272.725407093634,69.3165334921525,9.23645407986561e-10,1,0.976528885993631,0,-0.000512641785986201,-0.00110103203642353,0,0,0
23.385,9500.32793514295,1.63969539724563,9500,9500.32662961124,1.63969539724563,1.63969539724563,0,0.0214673275076884,22.170624313783,12,0,16169.358047247,-16169.2360549553,1.63969539724563,1.63220354286573,1.63275406530566,-0.000550522439930257,0.0239448563106634,0.00859623254390107,1.63969873052977,0,272.712820189367,69.2939717689408,9.32939245301144e-10,1,0.976551454808249,0,-0.000513135720714653,-0.00110104487986051,0,0,0
23.4,9500.32825715286,1.63944183312906,9500,9500.3269679561,1.63944183312906,1.63944183312906,0,0.0212121492425324,22.1664870102546,12,0,16166.3350516403,-16166.214509445,1.63944183312906,1.63195333669045,1.63250386707963,-0.000550530389186621,0.0236377140539729,0.00859289925975881,1.63944517517183,0,272.700233279618,69.271410043385,9.42325001384605e-10,1,0.976574024785776,0,-0.000513622809977798,-0.00110106077837324,0,0,0
23.415,9500.3285753351,1.63918812275667,9500,9500.32730206756,1.63918812275667,1.63918812275667,0,0.0209673103432167,22.1623498010693,12,0,16163.3108233553,-16163.191672501,1.63918812275667,1.63170299516123,1.63225353539206,-0.000550540230827679,0.0233360830328548,0.00858955721699095,1.63919147191657,0,272.687646364306,69.2488483154183,9.51803412166547e-10,1,0.976596595941716,0,-0.00051410319605516,-0.00110108046165536,0,0,0
23.43,9500.32888984475,1.63893426663338,9500,9500.32763205076,1.63893426663338,1.63893426663338,0,0.0207329947784614,22.1582126771852,12,0,16160.2853654244,-16160.1675461104,1.63893426663338,1.63145251831559,1.6320030709641,-0.000550552648511893,0.0230402947507286,0.00858620805709642,1.63893762107566,0,272.675059443474,69.2262865850841,9.61375974055265e-10,1,0.976619168292086,0,-0.000514577040878983,-0.00110110529702379,0,0,0
23.445,9500.32920083967,1.63868026485649,9500,9500.32795802379,1.63868026485649,1.63868026485649,0,0.0205091210756933,22.1540756378802,12,0,16157.2586789827,-16157.1421318712,1.63868026485649,1.63120190619265,1.63175247471796,-0.000550568525313766,0.0227507982886653,0.00858285361481648,1.63868362275684,0,272.662472517091,69.2037248523583,9.71043117953228e-10,1,0.976641741853329,0,-0.000515044531731013,-0.00110113705062753,0,0,0
23.46,9500.32950847649,1.63842611717313,9500,9500.32828011507,1.63842611717313,1.63842611717313,0,0.0202953834400536,22.1499386895735,12,0,16154.2307635217,-16154.1154310125,1.63842611717313,1.63095115882932,1.63150174767953,-0.00055058885020598,0.0224680953221251,0.00857949571446937,1.63842947684338,0,272.649885585163,69.1811631172511,9.80805730970946e-10,1,0.976664316641689,0,-0.000515505868681432,-0.00110117770041196,0,0,0
23.475,9500.32981290724,1.63817182304838,9500,9500.32859846028,1.63817182304838,1.63817182304838,0,0.0200912990299358,22.1458018443746,12,0,16151.2016171902,-16151.0874444271,1.63817182304838,1.63070027626606,1.63125089087818,-0.000550614612113476,0.0221926844153938,0.00857613604422136,1.63817518308606,0,272.637298647659,69.1586013797383,9.90665308333436e-10,1,0.976686892673017,0,-0.000515961263378717,-0.00110122922422695,0,0,0
23.49,9500.33011427673,1.63791738173795,9500,9500.32891319939,1.63791738173795,1.63791738173795,0,0.0198943264461336,22.1416651161924,13,0,16148.1712477236,-16148.0581942925,1.63791738173795,1.63044925853816,1.63099990527417,-0.000550646736003468,0.0219250163236732,0.00857277600653994,1.6379207410727,0,272.624711704596,69.1360396398405,3.27840807088003e-10,1,0.976709469962322,0,-0.000516410939549239,-0.00110129347200694,0,0,0
23.505,9500.33041269162,1.63766279236079,9500,9500.3292244736,1.63766279236079,1.63766279236079,0,0.019707647916609,22.137528528458,13,0,16145.1396303517,-16145.0276377546,1.63766279236079,1.63019810568797,1.63074879170661,-0.000550686018636615,0.0216654605771588,0.00856941667179378,1.63766615032249,0,272.61212475596,69.1134778975496,3.31423220263508e-10,1,0.976732048520761,0,-0.000516855113400272,-0.00110137203727323,0,0,0
23.52,9500.33070830634,1.63740805415709,9500,9500.32953241515,1.63740805415709,1.63740805415709,0,0.0195287219454623,22.1333920955472,13,0,16142.1067726742,-16141.9957968557,1.63740805415709,1.62994681774943,1.63049755066458,-0.000550732915144625,0.021414173046142,0.00856605871009064,1.63741141062924,0,272.599537801751,69.0909161528692,3.35042398551492e-10,1,0.97675462836437,0,-0.00051729399825784,-0.00110146583028925,0,0,0
23.535,9500.33100123717,1.63715316612208,9500,9500.32983716205,1.63715316612208,1.63715316612208,0,0.0193567991080017,22.1292558387613,13,0,16139.0726704752,-16138.9626716389,1.63715316612208,1.62969539476563,1.63024618272427,-0.000550787958636834,0.0211713597788677,0.00856270223794242,1.6371565210863,0,272.586950841951,69.0683544057888,3.38700916933648e-10,1,0.976777209505299,0,-0.000517727803893697,-0.00110157591727367,0,0,0
23.55,9500.33129158916,1.63689812729029,9500,9500.33013884667,1.63689812729029,1.63689812729029,0,0.0191911664798407,22.1251197784823,13,0,16136.0373196707,-16135.9282620711,1.63689812729029,1.62944383677108,1.62999468825318,-0.000550851482101322,0.0209370983330862,0.00855934727372754,1.6369014810806,0,272.574363876577,69.0457926563256,3.42398460679032e-10,1,0.976799791954485,0,-0.000518156740716869,-0.00110170296420264,0,0,0
23.565,9500.33157945666,1.63664293677689,9500,9500.3304375943,1.63664293677689,1.63664293677689,0,0.0190311739218666,22.1209839333154,13,0,16133.0007165031,-16132.8925680897,1.63664293677689,1.62919214380822,1.62974306741701,-0.000550923608789056,0.0207113446047815,0.00855599348340963,1.63664629007405,0,272.561776905609,69.0232309044694,3.46136235448541e-10,1,0.976822375721824,0,-0.000518581002223462,-0.00110184721757811,0,0,0
23.58,9500.33186492426,1.63638759380654,9500,9500.3307335222,1.63638759380654,1.63638759380654,0,0.0188762517594966,22.1168483195193,13,0,16129.9628576825,-16129.8555896416,1.63638759380654,1.62894031591277,1.62949132019978,-0.000551004287004941,0.0204939461130999,0.00855264018624813,1.63639094752501,0,272.549189929029,69.0006691502067,3.49913622299363e-10,1,0.976844960816217,0,-0.00051900077471867,-0.00110200857400988,0,0,0
23.595,9500.33214806804,1.63613209773111,9500,9500.33102673919,1.63613209773111,1.63613209773111,0,0.0187269012431364,22.112712950681,13,0,16126.9237460445,-16126.8173267144,1.63613209773111,1.62868835312489,1.62923944642939,-0.00055109330449632,0.0202846591599417,0.0085492864677803,1.63613545298368,0,272.536602946837,68.978107393542,3.53732434521099e-10,1,0.976867547245646,0,-0.000519416225528424,-0.00110218660899264,0,0,0
23.61,9500.33242897156,1.63587644803632,9500,9500.33131734558,1.63587644803632,1.63587644803632,0,0.0185828009471808,22.1085778377387,13,0,16123.8833799634,-16123.7777795087,1.63587644803632,1.62843625548007,1.62898744581024,-0.000551190330169371,0.0200831688193771,0.00854593121520986,1.63587980603494,0,272.524015959047,68.9555456344925,3.57591900971314e-10,1,0.976890135018849,0,-0.00051982751512103,-0.00110238066033874,0,0,0
23.625,9500.33270771357,1.63562064424284,9500,9500.33160543735,1.63562064424284,1.63562064424284,0,0.0184425175612542,22.1044429908297,13,0,16120.8417514801,-16120.7369482105,1.63562064424284,1.62818402302323,1.62873531804837,-0.000551295025141396,0.0198891658517595,0.00854257321658647,1.63562400618953,0,272.511428965632,68.9329838730379,3.61493682357566e-10,1,0.976912724144139,0,-0.000520234785958751,-0.00110259005028279,0,0,0
23.64,9500.33298435134,1.63536468591276,9500,9500.33189110601,1.63536468591276,1.63536468591276,0,0.0183057263935994,22.1003084190207,13,0,16117.7988587561,-16117.6948328265,1.63536468591276,1.62793165578588,1.62848306284648,-0.0005514070606083,0.0197023435682484,0.00853921126990054,1.63536805293456,0,272.498841966604,68.9104221091952,3.65436095678452e-10,1,0.976935314627546,0,-0.000520638187750944,-0.0011028141212166,0,0,0
23.655,9500.33325893723,1.63510857276493,9500,9500.3321744342,1.63510857276493,1.63510857276493,0,0.0181722084545415,22.0961741281009,13,0,16114.7547006604,-16114.65143347,1.63510857276493,1.627679153812,1.62823067979304,-0.000551525981033141,0.0195223322185297,0.0085358442481005,1.63511194609804,0,272.486254961924,68.887860342932,3.69422472759072e-10,1,0.976957906474699,0,-0.000521037844609218,-0.00110305196206628,0,0,0
23.67,9500.33353152036,1.63485230465536,9500,9500.33245549672,1.63485230465536,1.63485230465536,0,0.01804183674224,22.092040121034,13,0,16111.7092766913,-16111.6067503612,1.63485230465536,1.62742651713742,1.62797816841354,-0.000551651276120335,0.0193487282027834,0.00853247091499143,1.63485568550017,0,272.473667951602,68.865298574263,3.73451130455423e-10,1,0.976980499690792,0,-0.000521433874842492,-0.00110330255224067,0,0,0
23.685,9500.33380214791,1.63459588155308,9500,9500.3327343617,1.63459588155308,1.63459588155308,0,0.0179145588627758,22.0879063984499,13,0,16108.6625868658,-16108.5607838147,1.63459588155308,1.62717374580023,1.62772552820874,-0.000551782408511503,0.0191811189947261,0.00852909007018354,1.63459927105339,0,272.461080935646,68.8427368031986,3.77522968847859e-10,1,0.977003094280839,0,-0.000521826385301294,-0.00110356481702301,0,0,0
23.7,9500.3340708663,1.63433930351389,9500,9500.33301109184,1.63433930351389,1.63433930351389,0,0.0177903792912577,22.0837729591909,13,0,16105.6146316032,-16105.5135342243,1.63433930351389,1.62692083984365,1.62747275868927,-0.000551918845620003,0.019019103249118,0.00852570056987245,1.63434270272228,0,272.448493914053,68.8201750297425,3.81638735787628e-10,1,0.977025690249781,0,-0.000522215467342324,-0.00110383769124001,0,0,0
23.715,9500.33433772199,1.63408257065372,9500,9500.33328574564,1.63408257065372,1.63408257065372,0,0.0176693411778329,22.0796398008579,13,0,16102.565411602,-16102.4650020435,1.63408257065372,1.62666779930111,1.62721985939756,-0.000552060096454365,0.0188623061664417,0.00852230136148213,1.63408598046968,0,272.435906886789,68.7976132538667,3.8579917885645e-10,1,0.977048287602631,0,-0.000522601216966123,-0.00110412019290873,0,0,0
23.73,9500.3346027621,1.63382568312378,9500,9500.33355837846,1.63382568312378,1.63382568312378,0,0.0175515098629121,22.0755069203513,13,0,16099.5149277311,-16099.4151877699,1.63382568312378,1.62641462421315,1.62696682993004,-0.000552205716887633,0.0187103899031382,0.00851889154552277,1.6338291043249,0,272.423319853862,68.7750514755849,3.90004134098003e-10,1,0.977070886344389,0,-0.000522983718339587,-0.00110441143377527,0,0,0
23.745,9500.33486603475,1.63356864108799,9500,9500.33382904353,1.63356864108799,1.63356864108799,0,0.0174369579302248,22.0713743143222,13,0,16096.4631809228,-16096.364091923,1.63356864108799,1.62616131461848,1.626713669948,-0.000552355329519028,0.018563059828255,0.00851547034440037,1.63357207430384,0,272.410732815293,68.7524896949188,3.94254652528954e-10,1,0.977093486480135,0,-0.000523363052534975,-0.00110471065903806,0,0,0
23.76,9500.33512758912,1.63331144470412,9500,9500.33409779277,1.63331144470412,1.63331144470412,0,0.0173257529696058,22.0672419795339,13,0,16093.4101720824,-16093.3117150243,1.63331144470412,1.62590787055716,1.62646037918194,-0.000552508624781733,0.0184200669015029,0.00851203712855564,1.63331489043615,0,272.398145771015,68.7299279118137,3.98550873681859e-10,1,0.97711608801522,0,-0.000523739301405479,-0.00110501724956347,0,0,0
23.775,9500.33538747542,1.63305409410888,9500,9500.33436467737,1.63305409410888,1.63305409410888,0,0.0172179480332996,22.063109913225,13,0,16090.3559020251,-16090.2580575875,1.63305409410888,1.62565429206479,1.62620695742843,-0.000552665363640292,0.0182812067624224,0.00850859139652571,1.63305755273403,0,272.38555872108,68.7073661263203,4.02893392549486e-10,1,0.977138690954885,0,-0.000524112541071542,-0.00110533072728058,0,0,0
23.79,9500.33564574464,1.63279658940709,9500,9500.33462974827,1.63279658940709,1.63279658940709,0,0.0171135749884355,22.0589781132661,13,0,16087.3003714177,-16087.2031200982,1.63279658940709,1.62540057918179,1.62595340455382,-0.000552825372029719,0.0181463164995769,0.00850513277137854,1.63280006120911,0,272.372971665443,68.6848043384032,4.0728234843807e-10,1,0.977161295304626,0,-0.000524482854050712,-0.00110565074405944,0,0,0
23.805,9500.33590244826,1.63253893066504,9500,9500.33489305642,1.63253893066504,1.63253893066504,0,0.017012640269466,22.054846578338,13,0,16084.2435807496,-16084.1469030093,1.63253893066504,1.62514673194521,1.62569972047302,-0.000552988527809051,0.0180152693983555,0.00850166096935601,1.63254241585895,0,272.36038460412,68.6622425480807,4.11718791462548e-10,1,0.977183901069882,0,-0.000524850314768788,-0.0011059770556181,0,0,0
23.82,9500.33615763786,1.63228111790734,9500,9500.33515465294,1.63228111790734,1.63228111790734,0,0.0169151234659809,22.0507153079681,13,0,16081.1855303152,-16081.089406731,1.63228111790734,1.62489275039631,1.6254459051561,-0.000553154759795005,0.0178879688119391,0.00849817577545209,1.63228461665217,0,272.347797537101,68.6396807553486,4.16202860580637e-10,1,0.977206508256149,0,-0.000525215005525048,-0.00110630951959001,0,0,0
23.835,9500.33641136472,1.63202315111712,9500,9500.33541458902,1.63202315111712,1.63202315111712,0,0.0168209779306588,22.0465843025306,13,0,16078.126220214,-16078.0306316282,1.63202315111712,1.62463863457236,1.62519195860545,-0.000553324033091052,0.0177643412957369,0.00849467703062645,1.63202666353681,0,272.335210464382,68.6171189602095,4.20734542915456e-10,1,0.977229116868877,0,-0.000525576999961253,-0.0011066480661821,0,0,0
23.85,9500.33666367939,1.63176503023875,9500,9500.3356729159,1.63176503023875,1.63176503023875,0,0.016730132486167,22.0424535631713,13,0,16075.0656503578,-16074.9705780169,1.63176503023875,1.62438438451166,1.62493788084562,-0.000553496333961956,0.0176443298388117,0.00849116461093402,1.63176855645467,0,272.322623385922,68.5945571626294,4.25316102131899e-10,1,0.977251726913515,0,-0.000525936380017855,-0.00110699266792391,0,0,0
23.865,9500.33691463137,1.6315067551825,9500,9500.33592968464,1.6315067551825,1.6315067551825,0,0.0166424954283825,22.0383230917521,13,0,16072.0038204988,-16071.9092461706,1.6315067551825,1.62413000025109,1.62468367192473,-0.000553671673641398,0.0175278875463749,0.00848763839501121,1.63151029529882,0,272.310036301773,68.5719953626598,4.29946614212861e-10,1,0.977274338395237,0,-0.000526293226759789,-0.0011073433472828,0,0,0
23.88,9500.3371642688,1.63124832583069,9500,9500.3361849459,1.63124832583069,1.63124832583069,0,0.0165579581966881,22.0341928906691,13,0,16068.940730248,-16068.8466363172,1.63124832583069,1.62387548183119,1.62442933188987,-0.000553850058679251,0.0174149718881668,0.00848409827869423,1.63125187999253,0,272.297449211918,68.5494335602892,4.34626672891188e-10,1,0.977296951319196,0,-0.000526647613137143,-0.0011077001173585,0,0,0
23.895,9500.33741263818,1.63098974204423,9500,9500.33643874967,1.63098974204423,1.63098974204423,0,0.0164764001785338,22.0300629627297,13,0,16065.8763791085,-16065.7827486451,1.63098974204423,1.62362082928974,1.62417486079132,-0.000554031501579066,0.0173055401117953,0.0084805441168585,1.63099331040344,0,272.284862116307,68.5268717554798,4.39356871685178e-10,1,0.977319565690438,0,-0.000526999617029178,-0.00110806300315813,0,0,0
23.91,9500.33765978418,1.63073100366953,9500,9500.33669114505,1.63073100366953,1.63073100366953,0,0.016397693183966,22.0259333110343,13,0,16062.8107665083,-16062.7175833108,1.63073100366953,1.62336604266516,1.62392025866957,-0.000554216004407415,0.0171995455633438,0.00847697575764972,1.630734586414,0,272.272275014952,68.5043099482448,4.44138865903335e-10,1,0.977342181513716,0,-0.000527349315421644,-0.00110843200881483,0,0,0
23.925,9500.33790574958,1.63047211054528,9500,9500.33694217999,1.63047211054528,1.63047211054528,0,0.0163217061048598,22.0218039388213,13,0,16059.7438918308,-16059.6511404429,1.63047211054528,1.62311112199494,1.62366552555263,-0.000554403557694316,0.0170969350096263,0.00847339301318373,1.63047570789273,0,272.259687907866,68.481748138601,4.48971427934452e-10,1,0.977364798793578,0,-0.000527696781557285,-0.00110880711538863,0,0,0
23.94,9500.33815057517,1.63021306250829,9500,9500.33719190109,1.63021306250829,1.63021306250829,0,0.0162483085805819,22.0176748493347,13,0,16056.6757544405,-16056.5834201464,1.63021306250829,1.62285606731981,1.62341066145592,-0.000554594136112474,0.0169976471965316,0.00846979566572936,1.63021667471331,0,272.247100795029,68.4591863265359,4.53856212672261e-10,1,0.977387417534432,0,-0.000528042083144165,-0.00110918827222495,0,0,0
23.955,9500.3383942998,1.62995385939858,9500,9500.33744035346,1.62995385939858,1.62995385939858,0,0.0161773742768814,22.0135460457352,13,0,16053.6063537078,-16053.5144225098,1.62995385939858,1.62260087867462,1.62315566637587,-0.000554787701247061,0.016901612262739,0.00846618346070516,1.62995748673283,0,272.234513676437,68.43662451205,4.58793661022935e-10,1,0.977410037740459,0,-0.00052838529355137,-0.00110957540249412,0,0,0
23.97,9500.33863696041,1.6296945010636,9500,9500.33768758058,1.6296945010636,1.6296945010636,0,0.0161087835284558,22.0094175310156,13,0,16050.5356890297,-16050.4441476102,1.6296945010636,1.62234555610005,1.62290054029572,-0.000554984195669128,0.0168087518464232,0.0084625561264533,1.62969814383517,0,272.221926552105,68.4140626951615,4.63783910412034e-10,1,0.977432659415608,0,-0.000528726476437535,-0.00110996839133826,0,0,0
23.985,9500.33887859216,1.62943498736117,9500,9500.33793362423,1.62943498736117,1.62943498736117,0,0.0160424251622297,22.0052893079111,13,0,16047.4637598405,-16047.3725955135,1.62943498736117,1.62209009963328,1.62264528318218,-0.000555183548898164,0.0167189799462491,0.00845891335488491,1.62943864589037,0,272.209339421973,68.3915008758201,4.68828159742872e-10,1,0.977455282563779,0,-0.000529065696582398,-0.00111036709779633,0,0,0
24,9500.33911922854,1.62917531816135,9500,9500.33817852448,1.62917531816135,1.62917531816135,0,0.0159781976744659,22.0011613789139,13,0,16044.3905656274,-16044.2997662838,1.62917531816135,1.62183450931097,1.6223898949916,-0.000555385680623743,0.0166322042893387,0.00845525482568843,1.62917899277542,0,272.196752286061,68.3689390540498,4.73926242787352e-10,1,0.977477907188558,0,-0.000529403014342344,-0.00111077136124749,0,0,0
24.015,9500.33935890151,1.6289154933476,9500,9500.3384223197,1.6289154933476,1.6289154933476,0,0.015916009659228,21.9970337462261,13,0,16041.3161059329,-16041.225659983,1.6289154933476,1.6215787851729,1.62213437566822,-0.00055559049532361,0.016548327772179,0.00845158021162229,1.62891918439387,0,272.184165144401,68.3463772298842,4.79079054714029e-10,1,0.97750053329335,0,-0.000529738490011589,-0.00111118099064722,0,0,0
24.03,9500.33959764165,1.62865551281661,9500,9500.33866504658,1.62865551281661,1.62865551281661,0,0.0158557796833149,21.9929064117434,13,0,16038.2403803533,-16038.1502766702,1.62865551281661,1.62132292725786,1.62187872514869,-0.000555797890838372,0.0164672503875206,0.00844788916534989,1.62865922064153,0,272.171577996963,68.3238154032998,4.84287793581382e-10,1,0.977523160881537,0,-0.000530072174033114,-0.00111159578167674,0,0,0
24.045,9500.33983547835,1.62839537647781,9500,9500.33890674025,1.62839537647781,1.62839537647781,0,0.0157974355150306,21.9887793770783,13,0,16035.1633885365,-16035.0736164037,1.62839537647781,1.62106693560178,1.62162294336686,-0.000556007765079913,0.0163888708591678,0.0084441813404299,1.62839910141205,0,272.158990843691,68.301253574252,4.89552292682949e-10,1,0.977545789956418,0,-0.000530404123836981,-0.00111201553015983,0,0,0
24.06,9500.34007243988,1.62813508425208,9500,9500.33914743434,1.62813508425208,1.62813508425208,0,-0.017949333221571,21.9857253206492,13,0,16032.3553518751,-16032.4573526058,1.62813508425208,1.62081081024233,1.62136703025188,-0.000556220009549913,0.0163130883711609,0.0084404564061844,1.62813882662942,0,272.146403768373,68.2808836574999,4.213084117807e-10,1,0.977568420370595,0,-0.000530734390306042,-0.00111244001909983,0,0,0
24.075,9500.33980319988,1.62787463607032,9500,9500.33938716109,1.62787463607032,1.62787463607032,0,-0.0680554705224061,21.9832025635056,13,0,16029.678923883,-16030.0656629021,1.62787463607032,1.62060847324258,1.62116492126309,-0.000556448020515576,0.0162398039412887,0.00843671402884505,1.62793229123039,0,272.133816729404,68.2616096954793,3.88655862407115e-10,1,0.977591000200535,0,-0.000531076497813476,-0.00111289604103115,0,0,0
24.09,9500.33878236782,1.6276173576832,9500,9500.33949498274,1.6276173576832,1.6276173576832,0,-0.115293108828907,21.9806036787605,13,0,16027.0134418883,-16027.6686183009,1.6276173576832,1.62043297902557,1.62098644162929,-0.000553462603723576,0.014237576384574,0.00837905886877066,1.62770511268689,0,272.12122968494,68.2423357307694,3.92684085411374e-10,1,0.977613504266535,0,-0.000531218826533397,-0.00110692520744715,0,0,0
24.105,9500.33705297119,1.62736742627626,9500,9500.33931029968,1.62736742627626,1.62736742627626,0,-0.157012406053748,21.9778433956387,13,0,16024.3786405742,-16025.2708951698,1.62736742627626,1.62025736967506,1.62080134174428,-0.000543972069216192,0.00836478569920288,0.00829130386507249,1.6274607294017,0,272.108642635017,68.223061763407,3.96737492228363e-10,1,0.977635936991104,0,-0.000530903336841027,-0.00108794413843238,0,0,0
24.12,9500.3346977851,1.62712779938298,9500,9500.33872528478,1.62712779938298,1.62712779938298,0,-0.191388913484005,21.9748619239225,13,0,16021.7887322654,-16022.876338013,1.62712779938298,1.62008164519576,1.62060830606506,-0.000526660869295981,-0.00211248743849589,0.00819800073963184,1.6272263241968,0,272.096055579573,68.2037877933385,4.00773499744966e-10,1,0.977658306887684,0,-0.000529961359245101,-0.00105332173859196,0,0,0
24.135,9500.3318269514,1.62690026102407,9500,9500.3376815079,1.62690026102407,1.62690026102407,0,-0.217381538273216,21.9716238762805,13,0,16019.2525655375,-16020.4878791965,1.62690026102407,1.61990580559844,1.62040748813047,-0.000501682532030534,-0.0170373821805337,0.00809947592580929,1.62700191646019,0,272.083468518667,68.1845138206203,4.04758772774793e-10,1,0.977680625286595,0,-0.00052830154843253,-0.00100336506406107,0,0,0
24.15,9500.32856622833,1.62668552964423,9500,9500.3361642264,1.62668552964423,1.62668552964423,0,-0.234651363055474,21.9681159267873,13,0,16016.7740761227,-16018.1075285249,1.62668552964423,1.6197298508924,1.62020006227786,-0.000470211385457109,-0.0356434918694311,0.00799782048968911,1.62678724861117,0,272.070881452248,68.1652398452133,4.08670736808051e-10,1,0.977702905126526,0,-0.000525900947597746,-0.000940422770914218,0,0,0
24.165,9500.32504645788,1.62648341008694,9500,9500.33419511022,1.62648341008694,1.62648341008694,0,-0.243453292524872,21.9643435761314,13,0,16014.3529494975,-16015.736420078,1.62648341008694,1.61955378108403,1.61998783396324,-0.000434052879210167,-0.0567969764581069,0.00789610152274212,1.62658177684835,0,272.058294380312,68.1459658671148,4.12495757490367e-10,1,0.977725159870479,0,-0.000522793575336244,-0.000868105758420334,0,0,0
24.18,9500.32139465849,1.62629297246483,9500,9500.33182412261,1.62629297246483,1.62629297246483,0,-0.244511977869006,21.9603273797668,13,0,16011.9854167952,-16013.3749030265,1.62629297246483,1.61937759618389,1.61977291298039,-0.000395316796500289,-0.0791975699671255,0.00779773476133827,1.62638469735223,0,272.04570730288,68.1266918863479,4.16230350525241e-10,1,0.97774740258914,0,-0.000519057708923354,-0.000790633593000578,0,0,0
24.195,9500.31772697882,1.62611274230584,9500,9500.32912119662,1.62611274230584,1.62611274230584,0,-0.23889231576093,21.9560989629025,13,0,16009.6651120397,-16011.0226629387,1.62611274230584,1.61920129619724,1.61955745109969,-0.000356154902446004,-0.101538137068098,0.00770600987394188,1.62619499626629,0,272.033120219911,68.1074179028805,4.19879058757446e-10,1,0.977769645235803,0,-0.000514802859669539,-0.000712309804892008,0,0,0
24.21,9500.31414359409,1.625940888536,9500,9500.32616824265,1.625940888536,1.625940888536,0,-0.227873260951798,21.9516971001301,13,0,16007.3839281914,-16008.6788607328,1.625940888536,1.61902488113291,1.61934344303465,-0.000318561901740955,-0.122624054348714,0.00762375591349196,1.62601151324292,0,272.020533131445,68.0881439167502,4.23451421486447e-10,1,0.977791898120706,0,-0.000510157248508891,-0.000637123803481909,0,0,0
24.225,9500.31072549517,1.62577539844504,9500,9500.32305190466,1.62577539844504,1.62577539844504,0,-0.212831899011407,21.9471640827311,13,0,16005.1328209465,-16006.3422776926,1.62577539844504,1.61884835099808,1.61913258709289,-0.00028423609480499,-0.141455144313254,0.00755313120657441,1.62583301001505,0,272.007946037442,68.0688699279268,4.26962730850722e-10,1,0.977814169580646,0,-0.000505256479810035,-0.000568472189609981,0,0,0
24.24,9500.30753301669,1.62561423154342,9500,9500.31985736156,1.62561423154342,1.62561423154342,0,-0.195142838251644,21.9425425390203,13,0,16002.9025217484,-16004.0114567529,1.62561423154342,1.61867170579946,1.61892619987303,-0.000254494073567813,-0.157274072639872,0.00749551963656936,1.62565823728889,0,271.995358937875,68.0495959363892,4.30430396337054e-10,1,0.977836465827083,0,-0.000500233834927144,-0.000508988147135625,0,0,0
24.255,9500.30460587411,1.62545544696157,9500,9500.31666335353,1.62545544696157,1.62545544696157,0,-0.17609614254644,21.9378728154458,13,0,16000.684133906,-16001.684832257,1.62545544696157,1.61849494554518,1.61872517782637,-0.000230232281193343,-0.16958597593279,0.00745151389109511,1.62548599487389,0,271.982771832797,68.0303219421879,4.33873944552265e-10,1,0.9778587909496,0,-0.000495212491546493,-0.000460464562386687,0,0,0
24.27,9500.30196443197,1.62529730160249,9500,9500.31353850702,1.62529730160249,1.62529730160249,0,-0.156835326335687,21.9331909728141,13,0,15998.4695974988,-15999.3608425116,1.62529730160249,1.6183180702411,1.61852999756211,-0.000211927321009275,-0.178154597606616,0.00742096597878339,1.62531518157786,0,271.970184722163,68.0110479452864,4.37313050557806e-10,1,0.977881147046508,0,-0.000490299789369208,-0.000423854642018551,0,0,0
24.285,9500.29961190208,1.62513831851856,9500,9500.3105389408,1.62513831851856,1.62513831851856,0,-0.138315456661482,21.9285274053938,13,0,15996.2520192389,-15997.0380215592,1.62513831851856,1.61814107989456,1.61834074631059,-0.000199666416033972,-0.182980386787826,0.00740308600341177,1.6251448330659,0,271.957597606005,67.991773945718,4.40764661667721e-10,1,0.977903534450578,0,-0.00048558347780947,-0.000399332832067945,0,0,0
24.3,9500.29753717023,1.62497732686211,9500,9500.30770706213,1.62497732686211,1.62497732686211,0,-0.121280193854045,21.923906051526,13,0,15994.0258722123,-15994.7150684545,1.62497732686211,1.61796397451044,1.61815717411056,-0.000193199600115879,-0.184265891491724,0.00739657145606643,1.62497414676628,0,271.945010484283,67.9724999434496,4.44246177100087e-10,1,0.977925952020074,0,-0.000481129848056483,-0.000386399200231757,0,0,0
24.315,9500.29571796732,1.62481347621315,9500,9500.30507140752,1.62481347621315,1.62481347621315,0,-0.106255685006846,21.9193441350117,13,0,15991.7870773413,-15992.3908940278,1.62481347621315,1.61778675409677,1.61797875971297,-0.000192005616199475,-0.182373402968864,0.0073997515519002,1.62480249441627,0,271.93242335695,67.9532259384438,4.47771209539155e-10,1,0.977948397464896,0,-0.000476983479476889,-0.000384011232398951,0,0,0
24.33,9500.29412413205,1.62464622910894,9500,9500.30264734657,1.62464622910894,1.62464622910894,0,-0.0935585953917591,21.9148523556898,13,0,15989.5329833079,-15990.0646464521,1.62464622910894,1.61760941865945,1.61780478309375,-0.000195364434301792,-0.1777792412388,0.00741073334878095,1.62462942313962,0,271.9198362241,67.9339519307869,4.51350645637988e-10,1,0.977970867682044,0,-0.000473168358346543,-0.000390728868603585,0,0,0
24.345,9500.29272075312,1.62447533620558,9500,9500.30043844899,1.62447533620558,1.62447533620558,0,-0.0833152140906851,21.910435435537,13,0,15987.2622646793,-15987.7357179409,1.62447533620558,1.6174319682027,1.61763439847425,-0.000202430271551535,-0.171028373372188,0.00742753931809603,1.62445464697769,0,271.907249085657,67.9146779204167,4.54991738665484e-10,1,0.977993359079559,0,-0.000469690011745794,-0.000404860543103069,0,0,0
24.36,9500.2914710249,1.62430079873125,9500,9500.29843831163,1.62430079873125,1.62430079873125,0,-0.0754884670617167,21.9060929229348,13,0,15984.9747593102,-15985.4037356579,1.62430079873125,1.61725440273252,1.61746670299316,-0.000212300260637788,-0.162692285568523,0.0074482285459907,1.62427803075724,0,271.894661941626,67.8954039073393,4.58700076523335e-10,1,0.978015867869991,0,-0.000466538373318448,-0.000424600521275575,0,0,0
24.375,9500.2903386979,1.62412282280009,9500,9500.29663265219,1.62412282280009,1.62412282280009,0,-0.0699097760892913,21.901820159599,13,0,15982.671265825,-15983.0685402432,1.62412282280009,1.61707672225525,1.61730079738098,-0.000224075125723644,-0.153332243090976,0.00747099652000838,1.62409956852381,0,271.882074792039,67.8761298915878,4.6247746369738e-10,1,0.978038390322738,0,-0.000463691059542359,-0.000448150251447288,0,0,0
24.39,9500.28929005126,1.62394176980753,9500,9500.29500149526,1.62394176980753,1.62394176980753,0,-0.0663129719598469,21.8976093226833,13,0,15980.3533205959,-15980.7301555098,1.62394176980753,1.61689892677546,1.61713583621383,-0.000236909438371624,-0.143469313319169,0.00749425079628807,1.623919358695,0,271.869487636828,67.8568558731068,4.66324040342856e-10,1,0.978060922967361,0,-0.000461116788677884,-0.000473818876743248,0,0,0
24.405,9500.28829535668,1.62375810659147,9500,9500.29352130315,1.62375810659147,1.62375810659147,0,-0.0643678572820227,21.8934504661307,13,0,15978.0229713221,-15978.3887527477,1.62375810659147,1.61672101629802,1.61697106645735,-0.00025005015932833,-0.13356183587791,0.00751666190881228,1.62373757788818,0,271.856900476025,67.8375818519261,4.7023616473667e-10,1,0.97808346274397,0,-0.000458778723880338,-0.00050010031865666,0,0,0
24.42,9500.28732983882,1.62357235838441,9500,9500.2921669338,1.62357235838441,1.62357235838441,0,-0.0637114745174762,21.8893324989594,13,0,15975.6825613585,-15976.0446127392,1.62357235838441,1.61654299082676,1.61680585397954,-0.000262863152783011,-0.123990425058863,0.00753719061210356,1.6235544551333,0,271.844313309621,67.8183078280422,4.7421246483646e-10,1,0.978106007102392,0,-0.000456637520939385,-0.000525726305566021,0,0,0
24.435,9500.2863741667,1.62338506686196,9500,9500.29091334017,1.62338506686196,1.62338506686196,0,-0.0639756271464737,21.8852440536389,13,0,15973.3345357535,-15973.6980881903,1.62338506686196,1.61636485036737,1.61663969851451,-0.000274848147144624,-0.115050102073444,0.00755509386321385,1.62337024793629,0,271.831726137634,67.7990338014751,4.78246274770983e-10,1,0.978128554052711,0,-0.000454653996490695,-0.000549696294289248,0,0,0
24.45,9500.28541453229,1.62319675486669,9500,9500.28973695663,1.62319675486669,1.62319675486669,0,-0.0648096924671792,21.8811742125956,13,0,15970.9812766195,-15971.3495687378,1.62319675486669,1.61618659492361,1.61647223820235,-0.000285643278738146,-0.106948784178629,0.00756991278887975,1.62318522115502,0,271.819138959999,67.7797597721709,4.82332896032429e-10,1,0.978151102173623,0,-0.000452791287123278,-0.000571286557476292,0,0,0
24.465,9500.2844423869,1.62300789869913,9500,9500.28861674633,1.62300789869913,1.62300789869913,0,-0.0658982203650763,21.8771130754193,13,0,15968.6249723476,-15968.9994501728,1.62300789869913,1.61600822449867,1.61630324527799,-0.0002950207793182,-0.0998111062181348,0.0075814465005497,1.62299962944059,0,271.806551776763,67.7604857401754,4.86467328227941e-10,1,0.978173650585002,0,-0.000451016496715084,-0.000590041558636401,0,0,0
24.48,9500.2834539136,1.62281890825101,9500,9500.2875349089,1.62281890825101,1.62281890825101,0,-0.066973218386543,21.8730521617323,13,0,15966.267522283,-15966.6481089274,1.62281890825101,1.6158297390967,1.61613261470268,-0.000302875605983521,-0.0936864070968213,0.00758971575908984,1.62281370364382,0,271.793964587888,67.7412117054572,4.90644117973347e-10,1,0.978196198894002,0,-0.000449301787547096,-0.000605751211967043,0,0,0
24.495,9500.28244931532,1.62263011473709,9500,9500.28647726796,1.62263011473709,1.62263011473709,0,-0.067821357525083,21.8689846558155,13,0,15963.9104761168,-15964.2958824146,1.62263011473709,1.61565113872102,1.61596034768754,-0.000309208966528862,-0.0885596704780744,0.00759492036627774,1.62262764115424,0,271.781377393399,67.721937668043,4.94859022220707e-10,1,0.97821874712154,0,-0.00044762499437434,-0.000618417933057724,0,0,0
24.51,9500.28143199496,1.6224417653718,9500,9500.28543337368,1.6224417653718,1.6224417653718,0,-0.068286596978336,21.8649055070549,13,0,15961.5550052515,-15961.9430553094,1.6224417653718,1.61547242337474,1.615786531973,-0.000314108598258978,-0.0843642471355723,0.0075973939491325,1.62244160012735,0,271.768790193273,67.7026636279164,4.9910810075659e-10,1,0.97824129561812,0,-0.000445969779062194,-0.000628217196517955,0,0,0
24.525,9500.28040769601,1.62225402404015,9500,9500.28439636637,1.62225402404015,1.62225402404015,0,-0.0682689064521012,21.860811406626,13,0,15959.2019020303,-15959.589851517,1.62225402404015,1.61529359306053,1.61561132062931,-0.000317727568781123,-0.0809952887884048,0.00759755919357641,1.62225569711654,0,271.756202987464,67.683389585041,5.03388169696041e-10,1,0.978263844975337,0,-0.000444325419743707,-0.000635455137562246,0,0,0
24.54,9500.27938366241,1.62206697682826,9500,9500.28336265259,1.62206697682826,1.62206697682826,0,-0.067719875248261,21.8567006643883,13,0,15956.8516017888,-15957.2364312723,1.62206697682826,1.61511464778251,1.61543491088267,-0.000320263100153984,-0.0783229729526706,0.00759588611717965,1.62207000769938,0,271.743615776064,67.6641155394997,5.07696347866232e-10,1,0.978286395939104,0,-0.000442686296015848,-0.000640526200307967,0,0,0
24.555,9500.27836786428,1.62188064119489,9500,9500.28233144754,1.62188064119489,1.62188064119489,0,-0.0666360405074349,21.8525730113788,13,0,15954.5042222133,-15954.8828925847,1.62188064119489,1.61493558754267,1.61525752421517,-0.00032193667250402,-0.0762047758495415,0.00759285524605091,1.62188456944371,0,271.731028558976,67.6448414912125,5.12033079574747e-10,1,0.978308949330516,0,-0.000441051183449392,-0.000643873345008039,0,0,0
24.57,9500.27736832367,1.62169497756999,9500,9500.2813042354,1.62169497756999,1.62169497756999,0,-0.0650507483871591,21.8484293536145,13,0,15952.1596145355,-15952.5292761821,1.62169497756999,1.61475641234171,1.61507938869456,-0.00032297635284384,-0.0744962406102241,0.00758892699722624,1.62169938663325,0,271.718441336239,67.6255674402166,5.16396088408705e-10,1,0.978331505975851,0,-0.000439422395666078,-0.00064595270568768,0,0,0
24.585,9500.27639256245,1.62150990224346,9500,9500.28028419468,1.62150990224346,1.62150990224346,0,-0.063025305215903,21.8442715004877,13,0,15949.8174212908,-15950.1755729844,1.62150990224346,1.6145771221831,1.61490072416306,-0.000323601979967725,-0.0730598777772592,0.00758451793395953,1.62151443615712,0,271.705854107824,67.6062933864915,5.20786876313123e-10,1,0.978354066650074,0,-0.000437804899229288,-0.00064720395993545,0,0,0
24.6,9500.27544718287,1.62132530053722,9500,9500.27927562954,1.62132530053722,1.62132530053722,0,-0.0606400756347918,21.8401018888633,13,0,15947.4771360199,-15947.8217332188,1.62132530053722,1.61439771706572,1.61472173064168,-0.000324013575957238,-0.071772011265782,0.00757998402029969,1.62132967393411,0,271.693266873748,67.5870193300542,5.25206189192393e-10,1,0.978376632033439,0,-0.00043620541673306,-0.000648027151914476,0,0,0
24.615,9500.27453758174,1.62114103942077,9500,9500.27828343973,1.62114103942077,1.62114103942077,0,-0.0579860705816525,21.8359233200336,13,0,15945.1381609696,-15945.4676763169,1.62114103942077,1.61421819699731,1.61454258005986,-0.000324383062546563,-0.0705275391633417,0.00757561062340972,1.62114504149563,0,271.680679633992,67.5677452708919,5.29654470622923e-10,1,0.978399202682177,0,-0.000434631591661905,-0.000648766125093125,0,0,0
24.63,9500.27366779068,1.62095697891773,9500,9500.27731265381,1.62095697891773,1.62095697891773,0,-0.0551574392557339,21.831738722991,13,0,15942.7998597108,-15943.1133008683,1.62095697891773,1.61403856197089,1.6143634111875,-0.000324849216615908,-0.0692427084544068,0.00757160854854688,1.6209604720862,0,271.668092388552,67.5484712090066,5.3413443026059e-10,1,0.978421779011948,0,-0.000433091283935205,-0.000649698433231816,0,0,0
24.645,9500.27284042909,1.62077298184112,9500,9500.27636804197,1.62077298184112,1.62077298184112,0,-0.0522451478321943,21.8275509533347,13,0,15940.4616024549,-15940.7584940149,1.62077298184112,1.61385881199219,1.61418432748288,-0.000325515490686712,-0.0678561021893918,0.00756811538006885,1.62077589639089,0,271.655505137418,67.5291971443909,5.38646964407675e-10,1,0.978444361293014,0,-0.000431591928025776,-0.000651030981373424,0,0,0
24.66,9500.27205675187,1.62058892158119,9500,9500.27545381699,1.62058892158119,1.62058892158119,0,-0.049332007257184,21.8233626333572,13,0,15938.1228026912,-15938.4031398325,1.62058892158119,1.61367894706146,1.61400539744927,-0.00032645038780843,-0.0663281087266429,0.00756520083030132,1.62059124711614,0,271.642917880608,67.509923077066,5.43195688123206e-10,1,0.978466949655078,0,-0.000430140101401744,-0.00065290077561686,0,0,0
24.675,9500.27131677176,1.62040468783481,9500,9500.2745734251,1.62040468783481,1.62040468783481,0,-0.0464891002292214,21.8191760353072,13,0,15935.7829445329,-15936.0471263727,1.62040468783481,1.61349896717848,1.61382665702771,-0.000327689849223045,-0.0646391827924404,0.00756287529534783,1.62040646277539,0,271.630330618057,67.4906490069768,5.47781043915738e-10,1,0.978489544100066,0,-0.000428741174553826,-0.00065537969844609,0,0,0
24.69,9500.27061943526,1.62022019031051,9500,9500.27372942268,1.62022019031051,1.62022019031051,0,-0.0437735659745696,21.8149930070585,13,0,15933.441600848,-15933.6903512064,1.62022019031051,1.61331887234232,1.61364811350035,-0.000329241158029125,-0.0627872245132856,0.00756110035477486,1.62022149038104,0,271.617743349824,67.4713749341804,5.52405286648697e-10,1,0.978512144519859,0,-0.000427399133129169,-0.000658482316058251,0,0,0
24.705,9500.26996283177,1.62003536055665,9500,9500.27292343057,1.62003536055665,1.62003536055665,0,-0.0412276271423719,21.8108149366836,13,0,15931.0984427493,-15931.332725383,1.62003536055665,1.61313866255407,1.61346975039001,-0.000331087835940602,-0.0607843945925316,0.00755980028425052,1.62003628716644,0,271.605156075876,67.4521008586516,5.57069613676496e-10,1,0.978534750718213,0,-0.000426116495036322,-0.000662175671881204,0,0,0
24.72,9500.26934441736,1.619850152147,9500,9500.27215615438,1.619850152147,1.619850152147,0,-0.0388786893119888,21.8066427511532,13,0,15928.753241483,-15928.9741758847,1.619850152147,1.61295833781235,1.61329153289649,-0.000333195084137206,-0.058653660204943,0.00755887367445984,1.61985082131854,0,271.592568796224,67.4328267804031,5.61776279112056e-10,1,0.978557362433552,0,-0.000424894353532768,-0.000666390168274411,0,0,0
24.735,9500.26876123702,1.61966453951189,9500,9500.27142745758,1.61966453951189,1.61966453951189,0,-0.0367403126051943,21.8024769428697,13,0,15926.4058639646,-15926.614646684,1.61966453951189,1.6127778981181,1.61311341342547,-0.000335515307376744,-0.0564253272034917,0.00755820450292588,1.61966507200627,0,271.579981510837,67.4135526994117,5.66525724787034e-10,1,0.978579979362008,0,-0.000423732480703931,-0.000671030614753487,0,0,0
24.75,9500.26821013233,1.61947851573282,9500,9500.2707364732,1.61947851573282,1.61947851573282,0,-0.0348138364685623,21.7983176174514,13,0,15924.0562634102,-15924.2540986085,1.61947851573282,1.61259734346629,1.61293533687879,-0.000337993412500737,-0.0541337693638403,0.00755767200854329,1.61947902864983,0,271.567394219709,67.3942786156754,5.7131899638709e-10,1,0.978602601178686,0,-0.000422629516683815,-0.000675986825001473,0,0,0
24.765,9500.26768792478,1.61929208962189,9500,9500.27008174038,1.61929208962189,1.61929208962189,0,-0.0330904418191438,21.7941645559756,13,0,15921.7044665082,-15921.8925082302,1.61929208962189,1.61241667385996,1.61275724542524,-0.000340571565282,-0.0518145143537165,0.00755715909153953,1.61929268982093,0,271.554806922843,67.3750045292019,5.76157290285168e-10,1,0.978625227556576,0,-0.000421583163189743,-0.000681143130563999,0,0,0
24.78,9500.26719156816,1.61910528239107,9500,9500.26946135315,1.61910528239107,1.61910528239107,0,-0.0315534470497562,21.7900172853363,13,0,15919.3505585335,-15919.5298660278,1.61910528239107,1.61223588929444,1.61257908255727,-0.000343193262826391,-0.0495017957166403,0.0075565588924924,1.61910606166128,0,271.542219620243,67.3557304399974,5.81039991275106e-10,1,0.978647858182262,0,-0.000420590439218049,-0.000686386525652782,0,0,0
24.795,9500.26671826645,1.61891812418588,9500,9500.26887311,1.61891812418588,1.61891812418588,0,-0.0301806578890143,21.7858751510291,13,0,15916.9946676702,-15917.1661740627,1.61891812418588,1.61205498976996,1.61240079632507,-0.000345806555112294,-0.0472266322455454,0.00755577962228204,1.61891915628201,0,271.529632311902,67.3364563480601,5.85967691751237e-10,1,0.978670492768097,0,-0.000419647893134201,-0.000691613110224587,0,0,0
24.81,9500.26626555658,1.61873065071544,9500,9500.26831465536,1.61873065071544,1.61873065071544,0,-0.0289466201997301,21.7817373875598,13,0,15914.636949629,-15914.801443398,1.61873065071544,1.61187397528192,1.61222234171252,-0.000348366430605429,-0.0450154534416384,0.00755474752614838,1.61873198994686,0,271.517044997794,67.3171822533702,5.90941134777897e-10,1,0.978693131060739,0,-0.000418751844456722,-0.000696732861210858,0,0,0
24.825,9500.26583135728,1.61854290016314,9500,9500.2677836058,1.61854290016314,1.61854290016314,0,-0.0278246591677278,21.7776031827197,13,0,15912.2775734211,-15912.4356914611,1.61854290016314,1.61169284582966,1.61204368215806,-0.000350836328399051,-0.0428892535370221,0.00755340829472684,1.61854458146759,0,271.504457677923,67.2979081559352,5.95958799685692e-10,1,0.978715772846098,0,-0.00041789855787977,-0.000701672656798102,0,0,0
24.84,9500.26541398739,1.61835491051129,9500,9500.26727765619,1.61835491051129,1.61835491051129,0,-0.0267886216767036,21.7734717329687,13,0,15909.9167089313,-15910.0689395171,1.61835491051129,1.61151160140913,1.61186479028341,-0.000353188874280264,-0.0408632280052057,0.00755172699027851,1.61835695065084,0,271.49187035231,67.2786340557775,6.01021882117182e-10,1,0.97873841795126,0,-0.000417084429699122,-0.000706377748560527,0,0,0
24.855,9500.26501215807,1.61816671736469,9500,9500.26679466313,1.61816671736469,1.61816671736469,0,-0.0258142714108184,21.7693422882197,13,0,15907.5545167007,-15907.7012103806,1.61816671736469,1.61133024201708,1.61168564794653,-0.000355405929446384,-0.0389468264718201,0.00754968685072788,1.61816911700891,0,271.479283020902,67.2593599528553,6.06130370255106e-10,1,0.97876106624384,0,-0.0004163061076492,-0.000710811858892768,0,0,0
24.87,9500.264624944,1.61797835231164,9500,9500.26633270466,1.61797835231164,1.61797835231164,0,-0.0248803167482342,21.7652141853807,13,0,15905.1911401398,-15905.3325264689,1.61797835231164,1.61114876765116,1.6115062457304,-0.000357478079243467,-0.0371441423644463,0.007547287206499,1.61798109869917,0,271.46669568373,67.2400858471982,6.11283196208071e-10,1,0.978783717628748,0,-0.000415560581378482,-0.000714956158486935,0,0,0
24.885,9500.26425173925,1.61778984182292,9500,9500.26589011714,1.61778984182292,1.61778984182292,0,-0.0239690779443182,21.7610868705474,13,0,15902.8267001722,-15902.9629082375,1.61778984182292,1.61096717830717,1.61132658198515,-0.000359403677979708,-0.0354545547293286,0.00754454081896982,1.61779291177018,0,271.454108340775,67.2208117387939,6.16480951605533e-10,1,0.97880637204388,0,-0.000414845250389817,-0.000718807355959417,0,0,0
24.9,9500.26389220308,1.61760120665598,9500,9500.26546551103,1.61760120665598,1.61760120665598,0,-0.0230668172422826,21.7569599107093,13,0,15900.4612922086,-15900.5923730302,1.61760120665598,1.61078547397981,1.61114666159903,-0.000361187619224657,-0.0338735376001244,0.00754147087170187,1.61760456961306,0,271.441520992013,67.201537627625,6.21723322808585e-10,1,0.978829029454455,0,-0.000414157937657977,-0.000722375238449313,0,0,0
24.915,9500.26354620082,1.61741246170816,9500,9500.2650577686,1.61741246170816,1.61741246170816,0,-0.0221637764017985,21.7528329961444,13,0,15898.0949851919,-15898.2209343372,1.61741246170816,1.61060365466511,1.61096649459104,-0.000362839925924785,-0.0323935579036762,0.00753810791461706,1.61741608272788,0,271.428933637468,67.1822635137169,6.27010599457716e-10,1,0.97885168984684,0,-0.000413496898144849,-0.00072567985184957,0,0,0
24.93,9500.26321374417,1.61722361624546,9500,9500.26466602692,1.61722361624546,1.61722361624546,0,-0.0212539703784708,21.7487059350105,13,0,15895.7278223963,-15895.8486014215,1.61722361624546,1.61042172035923,1.61078609464149,-0.000364374282256552,-0.0310049918626639,0.00753448689489744,1.61722745868962,0,271.416346277129,67.1629893970637,6.32342317017929e-10,1,0.978874353222539,0,-0.000412860774127832,-0.000728748564513104,0,0,0
24.945,9500.26289493462,1.61703467442495,9500,9500.26428964969,1.61703467442495,1.61703467442495,0,-0.0203347955060267,21.7445786419432,13,0,15893.3598236134,-15893.4753792792,1.61703467442495,1.61023967105768,1.61060547768986,-0.000365806632184329,-0.0296970018070591,0.00753064445074281,1.61703870224405,0,271.403758910973,67.143715277648,6.37719066567932e-10,1,0.978897019592335,0,-0.000412248567468465,-0.000731613264368658,0,0,0
24.96,9500.26258991268,1.61684563602551,9500,9500.26392819185,1.61684563602551,1.61684563602551,0,-0.0194065086686841,21.7404511224219,13,0,15890.9909883436,-15891.1012688702,1.61684563602551,1.61005750675354,1.61042466062936,-0.000367153875824977,-0.0284583277529828,0.00752661663164433,1.61684981563353,0,271.391171538999,67.1244411554743,6.43140986615497e-10,1,0.978919688970992,0,-0.000411659580524359,-0.000734307751649954,0,0,0
24.975,9500.26229881505,1.61665649730591,9500,9500.26358136007,1.61665649730591,1.61665649730591,0,-0.0184716325708227,21.7363234545752,13,0,15888.6212996111,-15888.7262675545,1.61665649730591,1.60987522744031,1.61024366020225,-0.000368432761941095,-0.0272779623879426,0.00752243702362265,1.61666079894005,0,271.378584161222,67.1051670305577,6.48609572429471e-10,1,0.978942361372852,0,-0.000411093350175307,-0.000736865523882191,0,0,0
24.99,9500.26202174056,1.61646725191502,9500,9500.2632489725,1.61646725191502,1.61646725191502,0,-0.0175343356486701,21.7321957699893,13,0,15886.2507280665,-15886.3503696706,1.61646725191502,1.60969283311269,1.61006249208244,-0.000369658969752829,-0.0261456898667691,0.00751813538948243,1.61647165056267,0,271.365996777595,67.0858929028622,6.54123454557206e-10,1,0.978965036808469,0,-0.000410549587347875,-0.000739317939505657,0,0,0
25.005,9500.26175872553,1.61627789179077,9500,9500.26293092,1.61627789179077,1.61627789179077,0,-0.0165998284036513,21.7280682349156,13,0,15883.8792360837,-15883.9735672016,1.61627789179077,1.60951032376574,1.6098811702073,-0.000370846441561268,-0.0250524812847703,0.00751373674183764,1.61628236762445,0,271.353409388155,67.0666187724246,6.59684429421978e-10,1,0.978987715281803,0,-0.000410028113282612,-0.000741692883122536,0,0,0
25.02,9500.2615097281,1.61608840799572,9500,9500.26262713115,1.61608840799572,1.61608840799572,0,-0.0156738097904881,21.7239410327944,13,0,15881.5067815893,-15881.5958504595,1.61608840799572,1.60932769939168,1.60969970631828,-0.000372006926597335,-0.0239907490783116,0.00750926090815462,1.61609294644664,0,271.340821992878,67.0473446392266,6.65291881309018e-10,1,0.979010396788871,0,-0.000409528816351257,-0.000744013853194669,0,0,0
25.035,9500.26127462096,1.61589879145144,9500,9500.26233754218,1.61589879145144,1.61589879145144,0,-0.0147619866331227,21.7198143490339,13,0,15879.1333214682,-15879.2172087589,1.61589879145144,1.60914495998391,1.60951810971414,-0.000373149730231948,-0.0229544710376528,0.00750472245723954,1.61590338298069,0,271.328234591762,67.0280705032709,6.70947153916887e-10,1,0.979033081316843,0,-0.000409051585497311,-0.000746299460463895,0,0,0
25.05,9500.26105319116,1.61570903354549,9500,9500.26206207286,1.61570903354549,1.61570903354549,0,-0.0138696818682807,21.715688358448,13,0,15876.7588143993,-15876.8376310272,1.61570903354549,1.60896210553281,1.60933638721375,-0.000374281680942889,-0.0219391999250437,0.00750013092798874,1.61571367309891,0,271.315647184767,67.0087963645248,6.76650837026144e-10,1,0.979055768844132,0,-0.000408596295817798,-0.000748563361885779,0,0,0
25.065,9500.26084514593,1.615519126599,9500,9500.26180060856,1.615519126599,1.615519126599,0,-0.0130015396098005,21.7115632157092,13,0,15874.38322307,-15874.4571063427,1.615519126599,1.60877913603464,1.60915454324932,-0.000375407214678658,-0.0209419793883896,0.00749549137457084,1.61552381297986,0,271.303059771957,66.9895222230509,6.82402766838753e-10,1,0.979078459340731,0,-0.000408162757698616,-0.000750814429357316,0,0,0
25.08,9500.26065012283,1.61532906419145,9500,9500.26155298847,1.61532906419145,1.61532906419145,0,-0.0121613246766104,21.7074390486667,13,0,15872.0065157362,-15872.0756243553,1.61532906419145,1.60859605147706,1.60897258008668,-0.00037652860962023,-0.0199611878634935,0.0074908049937128,1.61533379925153,0,271.290472353253,66.9702480787815,6.88203984964456e-10,1,0.979101152769713,0,-0.000407750718560695,-0.000753057219240461,0,0,0
25.095,9500.26046770296,1.61513884134994,9500,9500.26131899956,1.61513884134994,1.61513884134994,0,-0.0113518143279815,21.7033159546714,13,0,15869.6286671718,-15869.6931756213,1.61513884134994,1.60841285185324,1.60879049815393,-0.000377646300684376,-0.0189963330729064,0.00748606993363099,1.6151436291855,0,271.277884928705,66.9509739317657,6.94054930058875e-10,1,0.979123849088091,0,-0.000407359843183075,-0.000755292601368751,0,0,0
25.11,9500.26029742575,1.61494845461617,9500,9500.2610983754,1.61494845461617,1.61494845461617,0,-0.0105747690713897,21.6991939992815,13,0,15867.2496590443,-15867.3097518122,1.61494845461617,1.60822953715744,1.60860829638445,-0.000378759227010139,-0.018047818403416,0.00748128209806498,1.61495330080148,0,271.265297498272,66.9316997819702,6.99956341920025e-10,1,0.979146548248748,0,-0.000406989703366945,-0.000757518454020278,0,0,0
25.125,9500.26013880421,1.61475790200944,9500,9500.26089079929,1.61475790200944,1.61475790200944,0,-0.0098309713856109,21.6950732172384,13,0,15864.8694798137,-15864.9253458348,1.61475790200944,1.60804610737543,1.60842597261888,-0.000379865243449462,-0.0171167000434948,0.00747643591274993,1.61476281280128,0,271.252710061949,66.9124256293965,7.05908357599972e-10,1,0.979169250201772,0,-0.000406639806309617,-0.000759730486898924,0,0,0
25.14,9500.25999133964,1.61456718290707,9500,9500.26069591036,1.61456718290707,1.61456718290707,0,-0.0091203172783561,21.6909536150925,13,0,15862.488124238,-15862.539951856,1.61456718290707,1.60786256250186,1.60824352397501,-0.000380961473147368,-0.0162044512217543,0.00747152512091187,1.61457216467648,0,271.240122619754,66.8931514740627,7.11911867174539e-10,1,0.979191954896,0,-0.000406309581614472,-0.000761922946294735,0,0,0
25.155,9500.25985453488,1.61437629786429,9500,9500.26051331205,1.61437629786429,1.61437629786429,0,-0.0084419451362878,21.6868351750602,13,0,15860.1055925909,-15860.1535652532,1.61437629786429,1.6076789025238,1.60806094719575,-0.000382044671949577,-0.0153127461655305,0.00746654335150421,1.6143813565314,0,271.227535171684,66.8738773159695,7.17966706223309e-10,1,0.979214662280458,0,-0.000405998405716312,-0.000764089343899155,0,0,0
25.17,9500.2597279057,1.61418524839578,9500,9500.26034258171,1.61418524839578,1.61418524839578,0,-0.00779438789956495,21.6827178596537,13,0,15857.7218896884,-15857.7661825057,1.61418524839578,1.60749512743282,1.60787823896816,-0.000383111535334324,-0.0144432732050269,0.00746148468439656,1.61419038904655,0,271.214947717673,66.8546031550653,7.24074216237332e-10,1,0.979237372305615,0,-0.000405705615968754,-0.000766223070668648,0,0,0
25.185,9500.25961098989,1.61399403673835,9500,9500.26018328074,1.61399403673835,1.61399403673835,0,-0.00717573450332009,21.6786016167483,13,0,15855.3370238287,-15855.3778010517,1.61399403673835,1.60731123721844,1.60769539616187,-0.000384158943426138,-0.0135975824858655,0.00745634403362883,1.61399926336522,0,271.202360257797,66.8353289914183,7.30233780801975e-10,1,0.979260084923951,0,-0.000405430521406513,-0.000768317886852277,0,0,0
25.2,9500.25950335387,1.61380266561333,9500,9500.26003496441,1.61380266561333,1.61380266561333,0,-0.00658378961223761,21.6744863844822,13,0,15852.951005701,-15852.9884191051,1.61380266561333,1.60712723186824,1.60751241603757,-0.0003851841693292,-0.0127769716056855,0.00745111740676108,1.61380798093634,0,271.189772791989,66.816054824975,7.36446740972127e-10,1,0.979282800091148,0,-0.000405172426333866,-0.0007703683386584,0,0,0
25.215,9500.25940459703,1.61361113800211,9500,9500.2598971909,1.61361113800211,1.61361113800211,0,-0.00601622277212785,21.6703720960197,13,0,15850.5638473617,-15850.5980354789,1.61361113800211,1.60694311137275,1.60732929637469,-0.000386185001932882,-0.0119824084576628,0.00744580208375512,1.61361654345264,0,271.177185320279,66.7967806557647,7.4271278132842e-10,1,0.97930551776611,0,-0.000404930635924172,-0.000772370003865763,0,0,0
25.23,9500.25931435368,1.61341945694616,9500,9500.25976952904,1.61341945694616,1.61341945694616,0,-0.00547069881340629,21.6662586836572,13,0,15848.1755613053,-15848.2066493979,1.61341945694616,1.60675887571841,1.6071460355501,-0.000387159831690465,-0.0112144893007882,0.00744039663322127,1.61342495268825,0,271.164597842628,66.7775064837586,7.49032941334834e-10,1,0.979328237911458,0,-0.000404704473890849,-0.000774319663380929,0,0,0
25.245,9500.2592322932,1.6132276253795,9500,9500.25965156465,1.6132276253795,1.6132276253795,0,-0.00494498615637075,21.6621460823306,13,0,15845.7861596843,-15845.8142603331,1.6132276253795,1.6065745248945,1.60696263256348,-0.000388107668972459,-0.0104734283151844,0.00743490089113141,1.61323321044769,0,271.152010359062,66.7582323089819,7.55407055933048e-10,1,0.97935096049331,0,-0.000404493290074859,-0.000776215337944919,0,0,0
25.26,9500.25915811841,1.61303564599696,9500,9500.25954290522,1.61303564599696,1.61303564599696,0,-0.00443704029812339,21.6580342322932,13,0,15843.395653683,-15843.4208678507,1.61303564599696,1.60639005888941,1.60677908702096,-0.000389028131553504,-0.00975907301919533,0.00742931582293904,1.61304131844924,0,271.139422869573,66.7389581314324,7.61835712633366e-10,1,0.97937368548129,0,-0.000404296466936849,-0.000778056263107008,0,0,0
25.275,9500.2590915628,1.61284352116014,9500,9500.25944318291,1.61284352116014,1.61284352116014,0,-0.00394506142503759,21.6539230810396,13,0,15841.0040530666,-15841.0264714881,1.61284352116014,1.60620547768654,1.60659539908805,-0.000389921401503956,-0.00907094017635296,0.00742364337066137,1.6128492782542,0,271.126835374151,66.7196839511046,7.68319950197275e-10,1,0.979396412848184,0,-0.000404113432192377,-0.000779842803007913,0,0,0
25.29,9500.25903238688,1.61265125283981,9500,9500.25935205616,1.61265125283981,1.61265125283981,0,-0.00346752821722882,21.6498125844506,13,0,15838.6113658945,-15838.6310706596,1.61265125283981,1.60602078127711,1.60641156940482,-0.000390788127705655,-0.00840826629185727,0.00741788627660567,1.6126570912983,0,271.114247872762,66.7004097679731,7.74859603185139e-10,1,0.979419142569602,0,-0.000403943641975379,-0.000781576255411309,0,0,0
25.305,9500.25898037396,1.61245884259115,9500,9500.25926920987,1.61245884259115,1.61245884259115,0,-0.00300320942917987,21.6457027072812,13,0,15836.2175983889,-15836.2346645907,1.61245884259115,1.60583596964649,1.60622759900493,-0.000391629358442058,-0.00777006665486702,0.00741204781810922,1.61246475874771,0,271.101660365418,66.6811355820528,7.81454957597932e-10,1,0.979441874623421,0,-0.000403786603800915,-0.000783258716884117,0,0,0
25.32,9500.25893532582,1.61226629155802,9500,9500.25919435443,1.61226629155802,1.61226629155802,0,-0.00255115739507188,21.6415934230074,13,0,15833.8227549313,-15833.8372522774,1.61226629155802,1.60565104277824,1.60604348920124,-0.000392446423005621,-0.00715519827340904,0.00740613166154325,1.61227228159377,0,271.089072852126,66.6618613933528,7.88107202028155e-10,1,0.979464608989434,0,-0.000403641866137061,-0.000784892846011243,0,0,0
25.335,9500.25889705846,1.61207360050001,9500,9500.25912722393,1.61207360050001,1.61207360050001,0,-0.00211068592305519,21.6374847132152,13,0,15831.4268381713,-15831.4388324701,1.61207360050001,1.60546600065946,1.60585924149806,-0.000393240838601372,-0.00656242168315225,0.00740014162579894,1.61207966060806,0,271.076485332866,66.6425872018607,7.94816020264833e-10,1,0.979487345648938,0,-0.000403509007495639,-0.000786481677202744,0,0,0
25.35,9500.25886539817,1.61188076983701,9500,9500.25906757367,1.61188076983701,1.61188076983701,0,-0.00168133800139549,21.6333765666434,13,0,15829.0298492181,-15829.039403681,1.61188076983701,1.60528084327724,1.60567485749724,-0.000394014219992966,-0.00599045852615444,0.00739408151774845,1.61188689635501,0,271.063897807631,66.6233130075735,8.01581697897744e-10,1,0.979510084584272,0,-0.000403387640179442,-0.000788028439985933,0,0,0
25.365,9500.2588401781,1.61168779970531,9500,9500.25901517736,1.61168779970531,1.61168779970531,0,-0.00126284632904434,21.6292689779831,13,0,15826.631787886,-15826.6389642054,1.61168779970531,1.60509557061494,1.60549033880515,-0.00039476819020412,-0.00543804194579003,0.00738795499974643,1.61169398923428,0,271.051310276413,66.6040388104879,8.08406024511729e-10,1,0.979532825778482,0,-0.000403277411386682,-0.00078953638040824,0,0,0
25.38,9500.2588212354,1.61149469001979,9500,9500.25896982412,1.61149469001979,1.61149469001979,0,-0.000855090388986927,21.625161946559,13,0,15824.2326529733,-15824.2375121565,1.61149469001979,1.6049101826559,1.6053056869713,-0.000395504315390482,-0.00490395816804162,0.00738176547077796,1.6115009394959,0,271.038722739205,66.5847646106029,8.15287931509113e-10,1,0.97955556921502,0,-0.000403177986657566,-0.000791008630780965,0,0,0
25.395,9500.25880840905,1.61130144053724,9500,9500.25893131549,1.61130144053724,1.61130144053724,0,-0.000458053367575166,21.6210554750022,13,0,15821.8324425496,-15821.8350455086,1.61130144053724,1.60472467938565,1.60512090343168,-0.00039622404602957,-0.00438707826809194,0.00737551599466157,1.61130774728825,0,271.026135196034,66.5654904079448,8.22228606421811e-10,1,0.979578314877467,0,-0.000403089054788142,-0.000792448092059139,0,0,0
25.41,9500.25880153824,1.61110805091714,9500,9500.25889946275,1.61110805091714,1.61110805091714,0,-7.17818924440863e-05,21.6169495679491,13,0,15819.4311542281,-15819.4315621398,1.61110805091714,1.60453906078723,1.60493598947005,-0.000396928682828257,-0.0038863800936573,0.00736920924364215,1.61111441266521,0,271.013547646872,66.5462162024941,8.29229085985555e-10,1,0.979601062749523,0,-0.000403010318015706,-0.000793857365656514,0,0,0
25.425,9500.25880046152,1.61091452077656,9500,9500.25887408439,1.61091452077656,1.61091452077656,0,0.000303651091958291,21.6128442309079,13,0,15817.0287854236,-15817.0270598793,1.61091452077656,1.60435332684421,1.60475094619405,-0.000397619349834732,-0.00340096075200386,0.00736284749557137,1.61092093564011,0,271.000960091686,66.5269419942259,8.362889029991e-10,1,0.979623812814823,0,-0.000402941486608688,-0.000795238699669465,0,0,0
25.44,9500.25880501628,1.61072084973689,9500,9500.2588550041,1.61072084973689,1.61072084973689,0,0.000668175920074024,21.608739469301,13,0,15814.6253335663,-15814.6215365535,1.61072084973689,1.6041674775389,1.60456577452746,-0.00039829698856364,-0.00293004054087565,0.00735643263201702,1.61072731619379,0,270.988372530485,66.5076677831512,8.43409544888293e-10,1,0.979646565056818,0,-0.000402882286054229,-0.00079659397712728,0,0,0
25.455,9500.25881503892,1.6105270374615,9500,9500.25884204913,1.6105270374615,1.6105270374615,0,0.00102175113996974,21.6046352876793,13,0,15812.220796281,-15812.2149900223,1.6105270374615,1.60398151285512,1.60438047521336,-0.000398962358241883,-0.0024729598135753,0.00734996617511618,1.61053355431375,0,270.975784963298,66.4883935693001,8.50590694591074e-10,1,0.979669319458808,0,-0.000402832441130485,-0.000797924716483767,0,0,0
25.47,9500.25883036519,1.6103330836831,9500,9500.2588350491,1.6103330836831,1.6103330836831,0,0.00136438023434432,21.6005316891249,13,0,15809.8151715097,-15809.8074182083,1.6103330836831,1.60379543277411,1.60419504881832,-0.000399616044209905,-0.00202916985832654,0.00734344932287057,1.61033965000856,0,270.963197390064,66.4691193526236,8.5783308737188e-10,1,0.979692076004191,0,-0.000402791682168058,-0.00079923208841981,0,0,0
25.485,9500.25885083089,1.61013898822186,9500,9500.2588338352,1.61013898822186,1.61013898822186,0,0.00169612308130067,21.5964286749458,13,0,15807.4084576094,-15807.398819128,1.61013898822186,1.60360923727533,1.6040094957641,-0.000400258488770344,-0.00159821992067266,0.00733688299741209,1.6101456032952,0,270.950609810834,66.4498451331698,8.65137458233044e-10,1,0.979714834676168,0,-0.000402759745856685,-0.000800516977540688,0,0,0
25.5,9500.25887627274,1.60994475099419,9500,9500.25883823985,1.60994475099419,1.60994475099419,0,0.00201710051862088,21.5923262444327,13,0,15805.0006533871,-15804.9891909017,1.60994475099419,1.60342292634437,1.60382381634055,-0.000400889996185816,-0.00117974132936426,0.00733026792406966,1.60995141427606,0,270.938022225546,66.4305709108877,8.7250469220282e-10,1,0.979737595458235,0,-0.000402736364661926,-0.000801779992371632,0,0,0
25.515,9500.25890652924,1.60975037201393,9500,9500.25884809655,1.60975037201393,1.60975037201393,0,0.0023274944277216,21.5882243949069,13,0,15802.5917581176,-15802.5785317709,1.60975037201393,1.60323649995914,1.60363801074217,-0.000401510783025749,-0.000773430546695074,0.00732360464219406,1.60975708303529,0,270.925434634221,66.4112966858004,8.79934471784669e-10,1,0.979760358333922,0,-0.000402721276739904,-0.000803021566051498,0,0,0
25.53,9500.25894144166,1.60955585138683,9500,9500.25886324011,1.60955585138683,1.60955585138683,0,0.00262754287003461,21.5841231218137,13,0,15800.1817715162,-15800.1668400978,1.60955585138683,1.60304995810058,1.60345207908682,-0.000402120986240595,-0.000379032024971887,0.00731689362084165,1.60956260974894,0,270.912847036866,66.3920224579192,8.87427831958067e-10,1,0.979783123287064,0,-0.000402714220354872,-0.00080424197248119,0,0,0
25.545,9500.2589808548,1.60936118930013,9500,9500.25888350702,1.60936118930013,1.60936118930013,0,0.00291753336884302,21.580022418936,13,0,15797.7706936964,-15797.7541143621,1.60936118930013,1.60286330074842,1.60326602144358,-0.000402720695151793,3.67785409769589e-06,0.00731013525872659,1.60936799461685,0,270.900259433444,66.3727482272141,8.949849058357e-10,1,0.979805890301945,0,-0.000402714938869675,-0.000805441390303585,0,0,0
25.56,9500.2590246178,1.60916638600888,9500,9500.25890873591,1.60916638600888,1.60916638600888,0,0.00319779242702346,21.5759222787272,13,0,15795.3585251092,-15795.3403531594,1.60916638600888,1.60267652788156,1.60307983786131,-0.000403309979750688,0.000374905111450211,0.00730332994201288,1.60917323786407,0,270.887671823995,66.3534739937243,9.02607178603833e-10,1,0.979828659363151,0,-0.00040272317892498,-0.000806619959501376,0,0,0
25.575,9500.25907258469,1.60897144182011,9500,9500.25893876815,1.60897144182011,1.60897144182011,0,0.00346867535223848,21.5718226925809,13,0,15792.9452664675,-15792.9255551835,1.60897144182011,1.60248963948067,1.60289352838005,-0.000403888899384697,0.000734850271311914,0.00729647808681966,1.60897833976872,0,270.875084208436,66.3341997573831,9.10294182023793e-10,1,0.979851430455992,0,-0.000402738685937321,-0.000807777798769393,0,0,0
25.59,9500.25912461482,1.60877635707646,9500,9500.25897344838,1.60877635707646,1.60877635707646,0,0.00373055534563802,21.5677236512614,13,0,15790.530918681,-15790.5097192234,1.60877635707646,1.6023026355243,1.60270709305077,-0.000404457526472557,0.00108371791931072,0.00728958013820802,1.60878330060956,0,270.862496586837,66.3149255182536,9.18047100321586e-10,1,0.979874203566056,0,-0.000402761218907033,-0.000808915052945114,0,0,0
25.605,9500.25918057315,1.60858113214023,9500,9500.25901262505,1.60858113214023,1.60858113214023,0,0.0039838124209132,21.5636251451521,13,0,15788.1154827711,-15788.0928441409,1.60858113214023,1.6021155159883,1.60252053195053,-0.000405015962228417,0.00142172363668646,0.00728263660510597,1.60858812066895,0,270.849908959146,66.2956512762952,9.25866516514222e-10,1,0.979896978679722,0,-0.0004027905347328,-0.000810031924456833,0,0,0
25.62,9500.25924033034,1.60838576737879,9500,9500.2590561509,1.60838576737879,1.60838576737879,0,0.00422882452297989,21.5595271646218,13,0,15785.6989598132,-15785.6749288637,1.60838576737879,1.60192828085191,1.60233384518619,-0.000405564334278852,0.0017490983813498,0.00727564807638781,1.60839280025974,0,270.837321325388,66.2763770315339,9.33752262496703e-10,1,0.979919755783818,0,-0.000402826405244916,-0.000811128668557703,0,0,0
25.635,9500.25930376271,1.60819026315197,9500,9500.25910388331,1.60819026315197,1.60819026315197,0,0.00446595911449613,21.555429700242,13,0,15783.2813508705,-15783.2559723668,1.60819026315197,1.60174093009338,1.60214703289541,-0.000406102802034791,0.00206609053183351,0.00726861519543398,1.60819733968474,0,270.824733685533,66.2571027839463,9.41705371570772e-10,1,0.979942534865859,0,-0.000402868600767103,-0.000812205604069582,0,0,0
25.65,9500.25937075209,1.60799461980191,9500,9500.25915568455,1.60799461980191,1.60799461980191,0,0.00469556665166411,21.5513327430229,13,0,15780.8626569489,-15780.8359736647,1.60799461980191,1.60155346369051,1.6019600952527,-0.000406631562193338,0.00237296592333519,0.00726153866266221,1.60800173922878,0,270.812146039571,66.2378285335305,9.49726876665939e-10,1,0.979965315913882,0,-0.000402916905209105,-0.000813263124386676,0,0,0
25.665,9500.25944118559,1.60779883764539,9500,9500.25921142199,1.60779883764539,1.60779883764539,0,0.00491797633551123,21.5472362845721,13,0,15778.4428789622,-15778.4149318003,1.60779883764539,1.60136588161554,1.60177303246682,-0.000407150851278404,0.00267000629317511,0.00725441923579218,1.60780599914878,0,270.799558387531,66.2185542803139,9.57816308919421e-10,1,0.979988098916404,0,-0.000402971110924355,-0.000814301702556808,0,0,0
25.68,9500.25951495524,1.60760291696872,9500,9500.2592709681,1.60760291696872,1.60760291696872,0,0.00513349270040847,21.5431403171626,13,0,15776.0220177004,-15775.9928458331,1.60760291696872,1.60117818384844,1.60158584477055,-0.000407660922114861,0.00295750651432932,0.00724725773240009,1.60761011973661,0,270.786970729366,66.1992800242599,9.65975301432357e-10,1,0.980010883862583,0,-0.00040303101253647,-0.000815321844229722,0,0,0
25.695,9500.25959195763,1.6074068580252,9500,9500.25933420042,1.6074068580252,1.6074068580252,0,0.0053423944612768,21.5390448338261,13,0,15773.6000738226,-15773.5697148385,1.6074068580252,1.60099037036227,1.60139853242338,-0.00040816206111205,0.00323577096558662,0.0072400549645153,1.60741410120456,0,270.774383065095,66.1800057653888,9.74204135682798e-10,1,0.98003367074193,0,-0.00040309641995484,-0.000816324122224099,0,0,0
25.71,9500.25967209355,1.6072106610344,9500,9500.25940100142,1.6072106610344,1.6072106610344,0,0.00554493463575668,21.5349498283334,13,0,15771.1770478489,-15771.1455378985,1.6072106610344,1.60080244113368,1.60121109569701,-0.000408654563338828,0.00350510960484263,0.00723281178515633,1.60721794379215,0,270.761795394707,66.160731503696,9.82502492637267e-10,1,0.980056459544437,0,-0.000403167146109329,-0.000817309126677657,0,0,0
25.725,9500.25975526757,1.60701432618371,9500,9500.25947125833,1.60701432618371,1.60701432618371,0,0.0057413416130463,21.5308552951676,13,0,15768.7529401655,-15768.7203141018,1.60701432618371,1.60061439613559,1.6010235348743,-0.00040913873870374,0.003765833703901,0.00722552902740081,1.60702164768559,0,270.749207718194,66.141457239178,9.90872154610835e-10,1,0.980079250260487,0,-0.000403243012711441,-0.000818277477407481,0,0,0
25.74,9500.25984138769,1.60681785363084,9500,9500.25954486288,1.60681785363084,1.60681785363084,0,0.00593182135932139,21.5267612294625,13,0,15766.3277510357,-15766.294042541,1.60681785363084,1.60042623534479,1.60083585023965,-0.000409614894858468,0.00401825204390244,0.00721820752552649,1.6068252130806,0,270.73662003553,66.1221829718163,9.99313102378465e-10,1,0.980102042880844,0,-0.000403323845320491,-0.000819229789716935,0,0,0
25.755,9500.25993036501,1.60662124350757,9500,9500.25962171099,1.60662124350757,1.60662124350757,0,0.00611851412535477,21.5226676292236,14,0,15763.9014699238,-15763.8667005182,1.60662124350757,1.60023795873389,1.60064804207759,-0.000410083343700407,0.00426266730854744,0.00721084807576999,1.60662864012225,0,270.724032346753,66.102908701649,3.67954775341294e-10,1,0.980124837396472,0,-0.000403409481039674,-0.000820166687400814,0,0,0
25.77,9500.26002214272,1.60642449592401,9500,9500.25970170253,1.60642449592401,1.60642449592401,0,0.00629766958290899,21.5185744864453,14,0,15761.4741183227,-15761.4383308381,1.60642449592401,1.60004956627616,1.600460110657,-0.000410544380840649,0.00449937314101559,0.00720345146108481,1.60643192897557,0,270.711444651805,66.0836344286283,3.71334490443255e-10,1,0.980147633801828,0,-0.000403499760751602,-0.000821088761681299,0,0,0
25.785,9500.26011660777,1.60622761078018,9500,9500.25978474861,1.60622761078018,1.60622761078018,0,0.0064712850664587,21.5144818036343,14,0,15759.0456845966,-15759.0089105147,1.60622761078018,1.59986105794345,1.60027205643161,-0.000410998488165282,0.00472876384182253,0.00719601840952633,1.60623507937664,0,270.698856950717,66.064360152785,3.74748107878468e-10,1,0.980170432085396,0,-0.000403594542569996,-0.000821996976330563,0,0,0
25.8,9500.26021367704,1.60603058820178,9500,9500.25987075406,1.60603058820178,1.60603058820178,0,0.00663953700900879,21.510389576696,14,0,15756.6161689002,-15756.5784387001,1.60603058820178,1.59967243370807,1.60008387955508,-0.0004114458470037,0.00495105416453281,0.00718854981306394,1.60603809182713,0,270.686269243468,66.0450858741071,3.78193068149639e-10,1,0.980193232238844,0,-0.000403693677896388,-0.000822891694007399,0,0,0
25.815,9500.2603132701,1.60583342830651,9500,9500.25995962684,1.60583342830651,1.60583342830651,0,0.00680259414167545,21.5062978017364,14,0,15754.1855713637,-15754.1469145657,1.60583342830651,1.59948369354169,1.59989558018479,-0.000411886643095327,0.00516645744291174,0.00718104618771331,1.60584096644321,0,270.673681530055,66.0258115925939,3.81670262857978e-10,1,0.980216034254087,0,-0.000403797018134755,-0.000823773286190654,0,0,0
25.83,9500.26041530901,1.60563613120484,9500,9500.26005127791,1.60563613120484,1.60563613120484,0,0.00696061780808438,21.5022064750421,14,0,15751.7538920941,-15751.7143373017,1.60563613120484,1.59929483741789,1.59970715848058,-0.000412321062698062,0.00537518410778026,0.00717350805100558,1.6056437033435,0,270.661093810474,66.0065373082481,3.85179083338069e-10,1,0.980238838123294,0,-0.000403904421664159,-0.000824642125396124,0,0,0
25.845,9500.26051971828,1.60543869700087,9500,9500.26014562112,1.60543869700087,1.60543869700087,0,0.00711376309979434,21.4981155930555,14,0,15749.3211311803,-15749.2807061155,1.60543869700087,1.59910586530674,1.59951861460198,-0.000412749295237713,0.0055774405319402,0.00716593591235237,1.60544630262862,0,270.648506084708,65.9872630210564,3.8872012099108e-10,1,0.980261643838915,0,-0.000404015752152098,-0.000825498590475426,0,0,0
25.86,9500.26062642472,1.60524112579317,9500,9500.26024257307,1.60524112579317,1.60524112579317,0,0.00726217915506234,21.4940251523742,14,0,15746.8872886971,-15746.8460202346,1.60524112579317,1.59891677717702,1.59932994869852,-0.00041317152150655,0.00577342815742526,0.00715833028459967,1.6052487644186,0,270.635918352779,65.9679887310449,3.92294116973943e-10,1,0.980284451393557,0,-0.000404130878107756,-0.0008263430430131,0,0,0
25.875,9500.26073535741,1.60504341767571,9500,9500.26034205303,1.60504341767571,1.60504341767571,0,0.00740600985480441,21.4899351496951,14,0,15744.452364705,-15744.4102789017,1.60504341767571,1.59872757300035,1.59914116091642,-0.00041358791607049,0.00596334286945117,0.00715069165916504,1.60505108882738,0,270.623330614642,65.948714438176,3.95900462586484e-10,1,0.980307260780192,0,-0.000404249668851442,-0.000827175832140981,0,0,0
25.89,9500.26084644756,1.60484557273834,9500,9500.26044398277,1.60484557273834,1.60484557273834,0,0.00754539433038063,21.4858455818456,14,0,15742.0163592579,-15741.9734813801,1.60484557273834,1.59853825274461,1.59895225140104,-0.000413998656431325,0.00614737477708693,0.00714302050749605,1.60485327593924,0,270.61074287031,65.929440142468,3.99540348638976e-10,1,0.980330071991897,0,-0.000404372001850506,-0.000827997312862649,0,0,0
25.905,9500.26095962847,1.60464759106765,9500,9500.26054828655,1.60464759106765,1.60464759106765,0,0.00768046761439374,21.4817564457364,14,0,15739.5792724028,-15739.5356269495,1.60464759106765,1.59834881637983,1.59876322028607,-0.000414403906235705,0.0063257079083218,0.00713531730659667,1.60465532587396,0,270.598155119772,65.9101658439128,4.03213766092875e-10,1,0.980352885022015,0,-0.000404497756079314,-0.00082880781247141,0,0,0
25.92,9500.26107483549,1.60444947274728,9500,9500.26065489095,1.60444947274728,1.60444947274728,0,0.00781136077964967,21.4776677383654,14,0,15737.1411041828,-15737.0967149081,1.60444947274728,1.59815926387634,1.59857406770265,-0.000414803826307875,0.00649852026764643,0.00712758250028611,1.60445723872401,0,270.585567363022,65.890891542511,4.06921155654913e-10,1,0.980375699864088,0,-0.000404626810881048,-0.000829607652615749,0,0,0
25.935,9500.2611920059,1.60425121785845,9500,9500.26076372483,1.60425121785845,1.60425121785845,0,0.00793820144983759,21.4735794568102,14,0,15734.701854639,-15734.6567445719,1.60425121785845,1.59796959519899,1.59838479377084,-0.000415198571849684,0.00666598388089719,0.00711981652355242,1.60425901457884,0,270.572979600076,65.8716172382798,4.10662508170143e-10,1,0.980398516511816,0,-0.000404759057130555,-0.000830397143699368,0,0,0
25.95,9500.26131107892,1.60405282648018,9500,9500.26087471922,1.60405282648018,1.60405282648018,0,0.00806111379837192,21.4694915981956,14,0,15732.2615238083,-15732.215715272,1.60405282648018,1.59777981031679,1.59819539861252,-0.000415588295731739,0.00682826499112446,0.007112019803166,1.60406065352849,0,270.560391830881,65.8523429311782,4.14438414036153e-10,1,0.980421334959223,0,-0.000404894382656007,-0.000831176591463478,0,0,0
25.965,9500.26143199563,1.60385429868941,9500,9500.26098780729,1.60385429868941,1.60385429868941,0,0.00818021907354738,21.4654041597446,14,0,15729.8201117313,-15729.7736263602,1.60385429868941,1.59758990919621,1.59800588233658,-0.000415973140377002,0.00698552429160693,0.00710419275485741,1.60386215567031,0,270.547804055494,65.8330686212583,4.18249163690229e-10,1,0.980444155200328,0,-0.000405032681524364,-0.000831946280754003,0,0,0
25.98,9500.26155469891,1.60365563456109,9500,9500.26110292425,1.60365563456109,1.60365563456109,0,0.00829563510175507,21.4613171386996,14,0,15727.377618441,-15727.3304771997,1.60365563456109,1.59739989180493,1.59781624504768,-0.000416353242756351,0.00713791721461899,0.00709633577396285,1.60366352109338,0,270.535216273831,65.813794308453,4.22094597881459e-10,1,0.980466977229587,0,-0.000405173850325902,-0.000832706485512702,0,0,0
25.995,9500.26167913344,1.60345683416826,9500,9500.2612200073,1.60345683416826,1.60345683416826,0,0.0084074770616085,21.4572305324104,14,0,15724.9340439768,-15724.8862671754,1.60345683416826,1.59720975810626,1.59762648684907,-0.000416728742809402,0.0072855941294991,0.00708844924167962,1.60346474986232,0,270.522628485958,65.7945199928232,4.25975906043071e-10,1,0.980489801041373,0,-0.000405317789448301,-0.000833457485618805,0,0,0
26.01,9500.2618052456,1.60325789758195,9500,9500.26133899558,1.60325789758195,1.60325789758195,0,0.00851585696226255,21.4531443382528,14,0,15722.4893883711,-15722.4409956834,1.60325789758195,1.59701950806877,1.59743660783466,-0.000417099765895879,0.00742870065784916,0.00708053354761806,1.60326584208459,0,270.51004069183,65.7752456743338,4.29892778840122e-10,1,0.980512626630433,0,-0.000405464398107291,-0.000834199531791757,0,0,0
26.025,9500.26193298345,1.60305882487105,9500,9500.2614598301,1.60305882487105,1.60305882487105,0,0.00862088374705488,21.4490585536769,14,0,15720.0436516556,-15719.9946621362,1.60305882487105,1.5968291416564,1.59724660809702,-0.000417466440617575,0.00756737797265997,0.0070725890449761,1.60306679782014,0,270.497452891431,65.7559713529759,4.33845506330147e-10,1,0.980535453991636,0,-0.000405613585463538,-0.000834932881235151,0,0,0
26.04,9500.26206229671,1.60285961610234,9500,9500.26158245371,1.60285961610234,1.60285961610234,0,0.00872266351410576,21.4449731762071,14,0,15717.5968338609,-15717.5472659613,1.60285961610234,1.59663865883321,1.59705648771987,-0.000417828886667193,0.00770176292397454,0.00706461609588049,1.60286761715575,0,270.484865084785,65.7366970287726,4.37834528273435e-10,1,0.980558283119948,0,-0.00040576525682301,-0.000835657773334386,0,0,0
26.055,9500.26219313666,1.6026602713403,9500,9500.26170681102,1.6026602713403,1.6026602713403,0,0.00882129929629726,21.440888203422,14,0,15715.148935013,-15715.0988065995,1.6026602713403,1.59644805956399,1.59686624679016,-0.000418187226164379,0.00783198832452241,0.00705661504246469,1.60266830015413,0,270.472277271874,65.7174227017142,4.41860733654233e-10,1,0.980581114010571,0,-0.000405919325856763,-0.000836374452328759,0,0,0
26.07,9500.26232545615,1.60246079064702,9500,9500.26183284839,1.60246079064702,1.60246079064702,0,0.00891689088641453,21.4368036329668,14,0,15712.6999551328,-15712.6492835045,1.60246079064702,1.59625734381162,1.59667588538312,-0.00041854157150123,0.00795818311852396,0.00704858622863425,1.60246884689725,0,270.459689452676,65.698148371786,4.45923812892168e-10,1,0.980603946658877,0,-0.00040607570501372,-0.000837083143002459,0,0,0
26.085,9500.26245920951,1.60226117408205,9500,9500.26196051385,1.60226117408205,1.60226117408205,0,0.00900953521349727,21.4327194625646,14,0,15710.2498942381,-15710.1986961431,1.60226117408205,1.59606651153805,1.59648540357675,-0.000418892038701157,0.00808047256680321,0.00704052997840177,1.60226925743905,0,270.447101627198,65.6788740389967,4.50024804422549e-10,1,0.98062678106034,0,-0.000406234311106202,-0.000837784077402315,0,0,0
26.1,9500.26259435254,1.60206142170257,9500,9500.26208975706,1.60206142170257,1.60206142170257,0,0.00909932606260266,21.4286356900087,14,0,15707.7987523418,-15707.7470439955,1.60206142170257,1.59587556270811,1.59629480144147,-0.000419238733356586,0.0081989782300102,0.00703244662140157,1.6020695318628,0,270.434513795456,65.6595997033656,4.54162799506392e-10,1,0.980649617210564,0,-0.000406395063048848,-0.000838477466713172,0,0,0
26.115,9500.26273084243,1.60186153356311,9500,9500.26222052929,1.60186153356311,1.60186153356311,0,0.00918635417960473,21.4245523131443,14,0,15705.3465294489,-15705.2943265509,1.60186153356311,1.59568449728101,1.59610407904366,-0.000419581762646892,0.00831381825061792,0.00702433646117617,1.60186967021689,0,270.421925957402,65.6403253648559,4.58339135837438e-10,1,0.980672455105413,0,-0.000406557883227299,-0.000839163525293785,0,0,0
26.13,9500.26286863774,1.6016615097156,9500,9500.26235278332,1.6016615097156,1.6016615097156,0,0.0092707073962589,21.4204693299039,14,0,15702.8932255609,-15702.8405433118,1.6016615097156,1.59549331522002,1.59591323645056,-0.000419921230545572,0.00842510735795014,0.00701619980738788,1.60166967256632,0,270.40933811305,65.6210510234822,4.62553952812415e-10,1,0.980695294740788,0,-0.000406722693121475,-0.000839842461091145,0,0,0
26.145,9500.26300769835,1.60146135020955,9500,9500.26248647344,1.60146135020955,1.60146135020955,0,0.00935247044318423,21.416386738286,14,0,15700.4388406726,-15700.3856937914,1.60146135020955,1.59530201648706,1.59572227372182,-0.00042025723475958,0.00853295689892113,0.00700803695667629,1.60146953897421,0,270.396750262407,65.6017766792558,4.66807389776868e-10,1,0.980718136112726,0,-0.000406889421897594,-0.00084051446951916,0,0,0
26.16,9500.26314798541,1.60126105509188,9500,9500.26262155539,1.60126105509188,1.60126105509188,0,0.00943172546401742,21.4123045363452,14,0,15697.9833747733,-15697.9297775122,1.60126105509188,1.59511060103982,1.5955311909159,-0.00042058987607696,0.00863747496927146,0.00699984819200949,1.60126926947967,0,270.384162405446,65.5825023321578,4.71100184827515e-10,1,0.980740979217464,0,-0.000407057995509108,-0.00084117975215392,0,0,0
26.175,9500.26328946129,1.60106062440715,9500,9500.26275798631,1.60106062440715,1.60106062440715,0,0.00950855154931603,21.408222722201,14,0,15695.5268278448,-15695.4727940066,1.60106062440715,1.59491906883844,1.59533998808677,-0.000420919248338425,0.00873876643530278,0.00699163380421708,1.60106886414598,0,270.371574542141,65.5632279821699,4.75432477047278e-10,1,0.980763824051363,0,-0.000407228348171085,-0.00084183849667685,0,0,0
26.19,9500.26343208956,1.60086005819751,9500,9500.26289572469,1.60086005819751,1.60086005819751,0,0.00958302529529565,21.4041412940542,14,0,15693.0691998664,-15693.0147428186,1.60086005819751,1.59472741984539,1.59514866528621,-0.000421245440821449,0.00883693300445268,0.00698339406538739,1.60086832302913,0,270.358986672525,65.5439536293239,4.79804555142098e-10,1,0.980786670610799,0,-0.000407400407257397,-0.000842490881642899,0,0,0
26.205,9500.26357583494,1.60065935650298,9500,9500.26303473035,1.60065935650298,1.60065935650298,0,0.0096552206747124,21.4000602501504,14,0,15690.6104908105,-15690.5556235003,1.60065935650298,1.5945356540154,1.59495722256113,-0.000421568545722506,0.00893207322661067,0.00697512923377053,1.60066764615773,0,270.346398796586,65.524679273614,4.8421685737387e-10,1,0.980809518892345,0,-0.000407574113047815,-0.000843137091445012,0,0,0
26.22,9500.26372066326,1.60045851936135,9500,9500.26317496437,1.60045851936135,1.60045851936135,0,0.00972520918508754,21.395979588793,14,0,15688.1507006443,-15688.0954356126,1.60045851936135,1.59434377130966,1.59476565995696,-0.000421888647299085,0.00902428262926269,0.00696683957902167,1.60046683359408,0,270.333810914308,65.5054049150319,4.88669971493862e-10,1,0.980832368892699,0,-0.000407749398017243,-0.000843777294598169,0,0,0
26.235,9500.26386654139,1.60025754680845,9500,9500.26331638906,1.60025754680845,1.60025754680845,0,0.00979306000967007,21.3918993083362,14,0,15685.6898293305,-15685.6341787249,1.60025754680845,1.59415177168377,1.59457397751414,-0.000422205830372224,0.00911365371544601,0.00695852534629249,1.60026588536932,0,270.321223025669,65.4861305535614,4.93164036140565e-10,1,0.980855220608679,0,-0.000407926204350373,-0.000844411660744449,0,0,0
26.25,9500.26401343729,1.60005643887819,9500,9500.26345896791,1.60005643887819,1.60005643887819,0,0.00985883994216648,21.3878194072014,14,0,15683.2278768283,-15683.171852417,1.60005643887819,1.59395965509493,1.59438217527024,-0.000422520175304975,0.00920027604262834,0.00695018678542292,1.60006480152974,0,270.308635130693,65.4668561892284,4.9769948914271e-10,1,0.980878074037126,0,-0.000408104474019844,-0.000845040350609949,0,0,0
26.265,9500.26416131989,1.59985519560262,9500,9500.26360266559,1.59985519560262,1.59985519560262,0,0.00992261388410371,21.3837398838458,14,0,15680.7648430931,-15680.7084562754,1.59985519560262,1.59376742150165,1.59419025325985,-0.000422831758198905,0.00928423633778679,0.00694182413386479,1.59986358211912,0,270.296047229361,65.4475818220198,5.02276468956835e-10,1,0.980900929175064,0,-0.0004082841429911,-0.00084566351639781,0,0,0
26.28,9500.2643101591,1.59965381701214,9500,9500.26374744783,1.59965381701214,1.59965381701214,0,0.00998444435383518,21.3796607367684,14,0,15678.3007280742,-15678.2439898942,1.59965381701214,1.59357507085865,1.593998211515,-0.000423140656352849,0.00936561850655968,0.0069334376173682,1.59966222716331,0,270.283459321638,65.4283074519101,5.06896161145347e-10,1,0.980923786019645,0,-0.000408465160734783,-0.000846281312705699,0,0,0
26.295,9500.26445992577,1.59945230313549,9500,9500.26389328149,1.59945230313549,1.59945230313549,0,0.0100443922687729,21.3755819645369,14,0,15675.8355317222,-15675.7784528779,1.59945230313549,1.59338260312061,1.59380605006344,-0.00042344694283436,0.00944450377449362,0.00692502746619761,1.59946073670114,0,270.270871407562,65.4090330789376,5.11558105461067e-10,1,0.980946644567982,0,-0.000408647471469514,-0.00084689388566872,0,0,0
26.31,9500.26461059165,1.59925065399987,9500,9500.26404013444,1.59925065399987,1.59925065399987,0,0.0101025162569539,21.3715035657436,14,0,15673.3692539807,-15673.3118448367,1.59925065399987,1.5931900182451,1.59361376893006,-0.000423750684957369,0.00952097071657505,0.00691659390054533,1.59925911077573,0,270.25828348712,65.389758703093,5.16262739222155e-10,1,0.980969504817383,0,-0.000408831021831313,-0.000847501369914738,0,0,0
26.325,9500.26476212939,1.59904886963098,9500,9500.26418797556,1.59904886963098,1.59904886963098,0,0.010158873461274,21.3674255390136,14,0,15670.9018947909,-15670.8441653873,1.59904886963098,1.59299731618488,1.5934213681397,-0.000424051954818205,0.00959509541434912,0.00690813712468241,1.59905734939992,0,270.245695560265,65.3704843243414,5.21010948250577e-10,1,0.980992366765299,0,-0.000409015761294818,-0.000848103909636411,0,0,0
26.34,9500.2649145125,1.59884695005318,9500,9500.2643367747,1.59884695005318,1.59884695005318,0,0.0102135190635484,21.3633478830428,14,0,15668.433454094,-15668.3754141572,1.59884695005318,1.59280449689379,1.59322884770973,-0.000424350815942276,0.00966695144416427,0.00689965735574161,1.59885545261765,0,270.233107627056,65.3512099427382,5.25802421727313e-10,1,0.981015230409082,0,-0.000409201642400436,-0.000848701631884552,0,0,0
26.355,9500.26506771528,1.59864489528944,9500,9500.26448650267,1.59864489528944,1.59864489528944,0,0.0102665066643369,21.3592705965153,14,0,15665.9639318235,-15665.9055907754,1.59864489528944,1.59261156032435,1.59303620765512,-0.000424647330773853,0.00973661002896081,0.00689115479126889,1.59865342045407,0,270.220519687395,65.3319355582022,5.30638792794929e-10,1,0.981038095746455,0,-0.000409388615629114,-0.000849294661547706,0,0,0
26.37,9500.26522171288,1.59844270536142,9500,9500.26463713119,1.59844270536142,1.59844270536142,0,0.0103178882435721,21.3551936782152,14,0,15663.4933279178,-15663.4346948848,1.59844270536142,1.59241850643091,1.59284344799373,-0.000424941562817027,0.00980414012965993,0.00688262962663977,1.59845125293192,0,270.207931741382,65.3126611708246,5.35518853250228e-10,1,0.981060962774861,0,-0.000409576631360986,-0.000849883125634054,0,0,0
26.385,9500.26537648121,1.59824038028955,9500,9500.26478863284,1.59824038028955,1.59824038028955,0,0.0103677141576637,21.3511171269034,14,0,15661.0216423058,-15660.9627261281,1.59824038028955,1.59222533516393,1.59265056873337,-0.000425233569439243,0.0098696084895137,0.00687408205614282,1.5982489500812,0,270.195343788933,65.2933867805376,5.40444534828703e-10,1,0.981083831492157,0,-0.000409765651190996,-0.000850467138878486,0,0,0
26.4,9500.26553199692,1.59803792009299,9500,9500.26494098109,1.59803792009299,1.59803792009299,0,0.0104160332385085,21.3470409414104,14,0,15658.5488749184,-15658.4896841589,1.59803792009299,1.59203204647693,1.59245756988464,-0.000425523407712181,0.00993307974911662,0.00686551226449672,1.598046511926,0,270.182755830076,65.2741123873691,5.45415077806999e-10,1,0.981106701896081,0,-0.000409955625169545,-0.000851046815424361,0,0,0
26.415,9500.26568823742,1.59783532478966,9500,9500.26509415023,1.59783532478966,1.59783532478966,0,0.0104628928971318,21.3429651205813,14,0,15656.0750256818,-15656.0155686339,1.59783532478966,1.59183864031953,1.59226445145451,-0.000425811134972642,0.00999461653597672,0.00685692043148367,1.59784393848107,0,270.170167864774,65.2548379912921,5.50431516416681e-10,1,0.981129573984555,0,-0.000410146513853293,-0.000851622269945285,0,0,0
26.43,9500.26584518081,1.59763259439639,9500,9500.26524811535,1.59763259439639,1.59763259439639,0,0.010508338862557,21.3388896633123,14,0,15653.6000945215,-15653.5403792188,1.59763259439639,1.59164511664105,1.59207121344652,-0.000426096805471898,0.0100542794538018,0.00684830674007109,1.59764122977018,0,270.157579893056,65.2355635923343,5.55494137216607e-10,1,0.981152447755464,0,-0.000410338276537026,-0.000852193610943797,0,0,0
26.445,9500.26600280589,1.59742972892879,9500,9500.26540285233,1.59742972892879,1.59742972892879,0,0.0105524157399639,21.3348145685203,14,0,15651.1240813606,-15651.064115583,1.59742972892879,1.59145147539556,1.59187785586084,-0.000426380465281095,0.0101121272619233,0.00683967136628127,1.59743838583128,0,270.144991914908,65.2162891904896,5.60603824450294e-10,1,0.981175323206833,0,-0.000410530870229353,-0.000852760930562191,0,0,0
26.46,9500.26616109213,1.59722672840138,9500,9500.26555833779,1.59722672840138,1.59722672840138,0,0.0105951665555934,21.3307398351462,14,0,15648.6469861183,-15648.5867774014,1.59722672840138,1.59125771652906,1.59168437869828,-0.000426662169218828,0.0101682168540875,0.00683101446378687,1.59723540665441,0,270.132403930296,65.197014785733,5.65759818271872e-10,1,0.981198200336798,0,-0.000410724256818762,-0.000853324338437655,0,0,0
26.475,9500.26632001963,1.5970235928276,9500,9500.26571454911,1.5970235928276,1.5970235928276,0,0.0106366330937261,21.3266654621772,14,0,15646.1688087138,-15646.1083643557,1.5970235928276,1.59106383999028,1.59149078195729,-0.000426941967007544,0.0102226033492348,0.00682233621075445,1.59703229226702,0,270.11981593924,65.1777403780857,5.70963450992252e-10,1,0.981221079143461,0,-0.000410918400018501,-0.000853883934015087,0,0,0
26.49,9500.26647956912,1.59682032221971,9500,9500.26587146437,1.59682032221971,1.59682032221971,0,0.010676855721824,21.3225914486234,14,0,15643.6895490625,-15643.6288761319,1.59682032221971,1.59086984572898,1.59129706563037,-0.00042721990138328,0.0102753402158455,0.00681363677133096,1.59682904269755,0,270.10722794173,65.1584659675426,5.76215606223828e-10,1,0.981243959625046,0,-0.000411113261982399,-0.00085443980276656,0,0,0
26.505,9500.26663972196,1.596616916589,9500,9500.26602906232,1.596616916589,1.596616916589,0,0.0107158737367739,21.3185177935241,14,0,15641.209207079,-15641.1483124213,1.596616916589,1.590675733692,1.59110322971272,-0.000427496020719564,0.0103264792078379,0.00680491629349489,1.59662565794405,0,270.094639937762,65.1391915541052,5.81515673323413e-10,1,0.981266841779825,0,-0.000411308807920063,-0.000854992041439129,0,0,0
26.52,9500.26680046007,1.59641337594574,9500,9500.2661873224,1.59641337594574,1.59641337594574,0,0.0107537248906845,21.3144444959433,14,0,15638.7277826737,-15638.6666729197,1.59641337594574,1.59048150382561,1.59090927419367,-0.000427770368055969,0.0103760704755881,0.00679617493844731,1.59642213802795,0,270.08205192732,65.1199171377645,5.86864983811065e-10,1,0.981289725606152,0,-0.000411505003247603,-0.000855540736111937,0,0,0
26.535,9500.26696176594,1.59620970029916,9500,9500.26634622469,1.59620970029916,1.59620970029916,0,0.0107904460387897,21.3103715549702,14,0,15636.2452757561,-15636.1839573273,1.59620970029916,1.5902871560767,1.59071519906274,-0.0004280429860406,0.0104241626255696,0.00678741285623685,1.59621848296086,0,270.069463910381,65.1006427185054,5.92262926956108e-10,1,0.981312611102456,0,-0.000411701814964749,-0.0008560859720812,0,0,0
26.55,9500.26712362263,1.59600588965746,9500,9500.2665057499,1.59600588965746,1.59600588965746,0,0.0108260726403491,21.3062989697377,14,0,15633.7616862342,-15633.7001653506,1.59600588965746,1.59009269039321,1.59052100430598,-0.000428313912771427,0.0104708027936234,0.00677863019453717,1.59601469276221,0,270.056875886971,65.0813682963535,5.97710385783349e-10,1,0.981335498267131,0,-0.000411899207200861,-0.000856627825542855,0,0,0
26.565,9500.26728601372,1.59580194402803,9500,9500.26666587934,1.59580194402803,1.59580194402803,0,0.0108606392166384,21.302226739387,14,0,15631.2770140136,-15631.2152966988,1.59580194402803,1.58989810671597,1.59032668990953,-0.000428583193559096,0.0105160365679022,0.00676982708979468,1.59581076741864,0,270.044287857068,65.0620938712947,6.03208840363239e-10,1,0.981358387098715,0,-0.000412097154394386,-0.000857166387118191,0,0,0
26.58,9500.26744892331,1.59559786341725,9500,9500.26682659492,1.59559786341725,1.59559786341725,0,0.0108941790093382,21.2981548630929,14,0,15628.7912589972,-15628.7293510861,1.59559786341725,1.58970340499384,1.59013225585638,-0.000428850862543406,0.010559908170274,0.00676100369918387,1.59560670696794,0,270.031699820673,65.0428194433341,6.08757231672682e-10,1,0.981381277595756,0,-0.000412295618961389,-0.000857701725086812,0,0,0
26.595,9500.26761233599,1.59539364783066,9500,9500.2669878791,1.59539364783066,1.59539364783066,0,0.0109267243725186,21.294083340049,14,0,15626.3044210869,-15626.2423282305,1.59539364783066,1.58950858516824,1.58993770212934,-0.000429116961104814,0.010602460409832,0.00675216014849966,1.59540251139453,0,270.019111777771,65.0235450124631,6.14357188716111e-10,1,0.981404169756882,0,-0.00041249457606285,-0.000858233922209628,0,0,0
26.61,9500.26777623686,1.59518929727292,9500,9500.26714971491,1.59518929727292,1.59518929727292,0,0.0109583064924019,21.2900121694715,14,0,15623.8165001815,-15623.7542278536,1.59518929727292,1.58931364718423,1.58974302870395,-0.000429381519724492,0.0106437347808081,0.00674329658463879,1.59519818072942,0,270.006523728342,65.0042705786693,6.20008697607829e-10,1,0.981427063580782,0,-0.000412693994773949,-0.000858763039448984,0,0,0
26.625,9500.26794061146,1.59498481174786,9500,9500.26731208591,1.59498481174786,1.59498481174786,0,0.010988955637492,21.2859413506128,14,0,15621.3274961803,-15621.2650496827,1.59498481174786,1.58911859098483,1.58954823556124,-0.00042964457641137,0.0106837714583554,0.00673441312814105,1.59499371496015,0,269.993935672411,64.9849961419787,6.25712192327557e-10,1,0.981449959066109,0,-0.000412893847388851,-0.00085928915282274,0,0,0
26.64,9500.26810544579,1.59478019125856,9500,9500.26747497616,1.59478019125856,1.59478019125856,0,0.011018701156837,21.2818708827345,14,0,15618.8374089797,-15618.7747934474,1.59478019125856,1.58892341651007,1.58935332267456,-0.0004299061644919,0.0107226093489125,0.00672550991585918,1.59478911409694,0,269.981347609962,64.9657217023824,6.31467808150135e-10,1,0.98147285621164,0,-0.000413094106247458,-0.0008598123289838,0,0,0
26.655,9500.26827072631,1.59457543580727,9500,9500.26763837025,1.59457543580727,1.59457543580727,0,0.0110475714806083,21.277800765113,14,0,15616.3462384734,-15616.2834588797,1.59457543580727,1.58872812370419,1.58915829002004,-0.000430166315847025,0.0107602861562502,0.00671658707747991,1.59458437814998,0,269.968759540962,64.9464472598545,6.37276874386305e-10,1,0.981495755016227,0,-0.000413294746543169,-0.00086033263169405,0,0,0
26.67,9500.26843643988,1.59437054539553,9500,9500.26780225322,1.59437054539553,1.59437054539553,0,0.0110755938659186,21.2737309970653,14,0,15613.8539845546,-15613.7910457181,1.59437054539553,1.58853271250552,1.58896313756954,-0.000430425064018358,0.0107968383792618,0.00670764473477314,1.59437950711226,0,269.956171465437,64.9271728144225,6.4313937664418e-10,1,0.98151865547866,0,-0.00041349574076377,-0.000860850128036716,0,0,0
26.685,9500.26860257379,1.59416552002413,9500,9500.26796661062,1.59416552002413,1.59416552002413,0,0.0111027951674741,21.2696615779108,14,0,15611.3606471154,-15611.297553702,1.59416552002413,1.58833718285812,1.58876786529305,-0.000430682434926499,0.0108323013907131,0.00669868301804888,1.59417450100632,0,269.943583383358,64.9078983660669,6.49055748237315e-10,1,0.981541557597868,0,-0.000413697061894425,-0.000861364869852999,0,0,0
26.7,9500.26876911572,1.5939603596932,9500,9500.26813142843,1.5939603596932,1.5939603596932,0,0.0111292010478151,21.2655925070014,14,0,15608.8662260462,-15608.8029825761,1.5939603596932,1.58814153469854,1.58857247316023,-0.000430938461685404,0.0108667094181017,0.00668970203586405,1.59396935981103,0,269.93099529474,64.8886239148051,6.55026273102219e-10,1,0.981564461372742,0,-0.000413898691280945,-0.000861876923370808,0,0,0
26.715,9500.26893605374,1.59375506440216,9500,9500.26829669306,1.59375506440216,1.59375506440216,0,0.0111548364648362,21.2615237836896,14,0,15606.3707212344,-15606.3073320858,1.59375506440216,1.58794576796709,1.58837696113892,-0.000431193171830602,0.010900095636046,0.00668070191802794,1.59376408354146,0,269.918407199543,64.8693494606055,6.61052428732422e-10,1,0.981587366802319,0,-0.000414100600851786,-0.000862386343661203,0,0,0
26.73,9500.26910337628,1.59354963414985,9500,9500.26846239137,1.59354963414985,1.59354963414985,0,0.0111797256735233,21.2574554073633,14,0,15603.8741325685,-15603.8106019819,1.59354963414985,1.58774988260355,1.58818132919286,-0.000431446589310047,0.0109324921309417,0.00667168277873031,1.59355867220366,0,269.905819097782,64.8500750034866,6.67134200150524e-10,1,0.981610273885565,0,-0.000414302766758023,-0.000862893178620094,0,0,0
26.745,9500.26927107217,1.5933440689345,9500,9500.26862851062,1.5933440689345,1.5933440689345,0,0.0112038920869926,21.2533873774256,14,0,15601.3764599356,-15601.3127920183,1.5933440689345,1.58755387854456,1.58798557728987,-0.000431698745317899,0.0109639299807322,0.00666264472492295,1.59335312577884,0,269.893230989468,64.8308005434621,6.7327142320149e-10,1,0.981633182621498,0,-0.000414505170455381,-0.000863397490635798,0,0,0
26.76,9500.26943913055,1.59313836875361,9500,9500.26879503848,1.59313836875361,1.59313836875361,0,0.0112273583783957,21.2493196932801,14,0,15598.8777032187,-15598.8139019493,1.59313836875361,1.58735775572783,1.58778970538983,-0.000431949662003772,0.0109944393438578,0.00665358788057469,1.59314744428439,0,269.880642874554,64.8115260804961,6.79465574630864e-10,1,0.981656093009275,0,-0.000414707788621849,-0.000863899324007544,0,0,0
26.775,9500.26960754092,1.59293253360422,9500,9500.26896196299,1.59293253360422,1.59293253360422,0,0.0112501465978776,21.2452523543697,14,0,15596.377862303,-15596.3139315348,1.59293253360422,1.58716151409129,1.58759371345504,-0.000432199363747277,0.0110240493675858,0.00664451234979069,1.59294162771358,0,269.868054753073,64.7922516146208,6.85716191649362e-10,1,0.981679005047941,0,-0.000414910598368401,-0.000864398727494553,0,0,0
26.79,9500.26977629312,1.5927265634827,9500,9500.26912927258,1.5927265634827,1.5927265634827,0,0.0112722780220361,21.2411853601329,14,0,15593.8769370702,-15593.8128805355,1.5927265634827,1.58696515356903,1.58739760144487,-0.00043244787584773,0.0110527883312094,0.00663541824042668,1.59273567605776,0,269.855466624988,64.7729771458094,6.92025048746486e-10,1,0.981701918736707,0,-0.000415113581032855,-0.00086489575169546,0,0,0
26.805,9500.26994537729,1.59252045838501,9500,9500.26929695604,1.59252045838501,1.59252045838501,0,0.0112937733114106,21.2371187100293,14,0,15591.3749274015,-15591.3107487152,1.59252045838501,1.58676867409756,1.58720136931989,-0.000432695222333024,0.0110806835429797,0.00662630566537326,1.59252958931827,0,269.842878490289,64.7537026740584,6.983918319883e-10,1,0.981724834074763,0,-0.00041531671816819,-0.000865390444666048,0,0,0
26.82,9500.27011478389,1.59231421830643,9500,9500.26946500251,1.59231421830643,1.59231421830643,0,0.0113146523859966,21.2330524035463,14,0,15588.8718331779,-15588.8075358417,1.59231421830643,1.58657207561216,1.58700501703357,-0.000432941421405486,0.011107761554899,0.00661717473212042,1.59232336750147,0,269.830290348999,64.7344281993908,7.04816973123355e-10,1,0.981747751061275,0,-0.00041551998594902,-0.000865882842810972,0,0,0
26.835,9500.27028450368,1.59210784324176,9500,9500.26963340148,1.59210784324176,1.59210784324176,0,0.0113349346771117,21.2289864401697,14,0,15586.3676542781,-15586.3032416834,1.59210784324176,1.5863753580471,1.58680854454469,-0.000433186497594829,0.0111340480349399,0.00660802553707329,1.59211701058898,0,269.817702201093,64.715153721791,7.11301500148881e-10,1,0.981770669695521,0,-0.000415723369398213,-0.000866372995189657,0,0,0
26.85,9500.2704545277,1.59190133318535,9500,9500.26980214275,1.59190133318535,1.59190133318535,0,0.0113546389814868,21.2249208194058,14,0,15583.862390581,-15583.7978660122,1.59190133318535,1.58617852133569,1.58661195180382,-0.000433430468127716,0.0111595678284715,0.00659885818984929,1.59191051858929,0,269.805114046572,64.6958792412628,7.17845397078251e-10,1,0.98179358997677,0,-0.000415926846394798,-0.000866860936255431,0,0,0
26.865,9500.27062484728,1.59169468813102,9500,9500.26997121647,1.59169468813102,1.59169468813102,0,0.0113737833738371,21.2208555407699,14,0,15581.3560419624,-15581.2914086013,1.59169468813102,1.58598156541011,1.58641523876745,-0.000433673357336239,0.0111843450329235,0.00658967278591094,1.59170389148135,0,269.792525885417,64.6766047577953,7.24450138674768e-10,1,0.981816511904351,0,-0.000416130403908532,-0.000867346714672479,0,0,0
26.88,9500.27079545403,1.59148790807213,9500,9500.27014061306,1.59148790807213,1.59148790807213,0,0.0113923855843713,21.2167906037951,14,0,15578.8486082994,-15578.7838692272,1.59148790807213,1.58578449020409,1.58621840538458,-0.000433915180491073,0.011208402975462,0.00658046943558332,1.59149712927869,0,269.779937717627,64.6573302713915,7.31115708560493e-10,1,0.98183943547759,0,-0.000416334021962728,-0.000867830360982147,0,0,0
26.895,9500.27096633982,1.59128099300157,9500,9500.27031032329,1.59128099300157,1.59128099300157,0,0.0114104625164828,21.2127260080263,14,0,15576.3400894666,-15576.2752476681,1.59128099300157,1.5855872956491,1.58602145160707,-0.000434155957966365,0.0112317642492514,0.00657124822901656,1.59129023196218,0,269.767349543198,64.6380557820523,7.37842239409233e-10,1,0.981862360695845,0,-0.000416537682023321,-0.000868311915932729,0,0,0
26.91,9500.27113749676,1.59107394291182,9500,9500.27048033817,1.59107394291182,1.59107394291182,0,0.0114280308604922,21.2086617530178,14,0,15573.8304853389,-15573.7655437042,1.59107394291182,1.58538998167655,1.58582437738258,-0.000434395706029322,0.0112544507416959,0.00656200926840422,1.5910831995329,0,269.754761362116,64.6187812897716,7.44631056123689e-10,1,0.981885287558518,0,-0.000416741370022011,-0.000868791412058645,0,0,0
26.925,9500.27130891722,1.59086675779488,9500,9500.27065064903,1.59086675779488,1.59086675779488,0,0.0114451064567447,21.2045978383417,14,0,15571.3197957891,-15571.2547571184,1.59086675779488,1.58519254821503,1.58562718265948,-0.000434634444447468,0.0112764836564326,0.00655275264732436,1.59087603197346,0,269.742173174386,64.5995067945578,7.51482439981685e-10,1,0.981908216065003,0,-0.00041694506917489,-0.000869268888894936,0,0,0
26.94,9500.27148059382,1.59065943764232,9500,9500.27082124746,1.59065943764232,1.59065943764232,0,0.0114617048612954,21.2005342635764,14,0,15568.8080206896,-15568.7428876947,1.59065943764232,1.58499499519624,1.58542986738354,-0.000434872187300428,0.0112978835572852,0.00654347846874059,1.59066872929038,0,269.729584979996,64.5802322964039,7.58396672158501e-10,1,0.981931146214752,0,-0.000417148764331188,-0.000869744374600856,0,0,0
26.955,9500.27165251939,1.59045198244536,9500,9500.27099212531,1.59045198244536,1.59045198244536,0,0.011477841045986,21.1964710283097,14,0,15566.2951599116,-15566.229935219,1.59045198244536,1.58479732254887,1.5852324315001,-0.000435108951230223,0.0113186703220222,0.00653418682068319,1.59046129146709,0,269.716996778929,64.5609577953009,7.65374778701815e-10,1,0.981954078007245,0,-0.000417352438944141,-0.000870217902460446,0,0,0
26.97,9500.271824687,1.59024439219475,9500,9500.27116327469,1.59024439219475,1.59024439219475,0,0.0114935295704086,21.1924081321492,14,0,15563.7812133265,-15563.7158994801,1.59024439219475,1.58459953020162,1.5850348749528,-0.000435344751176014,0.0113388632404643,0.0065248777989475,1.59025371849822,0,269.704408571195,64.541683291261,7.72417189364806e-10,1,0.98197701144194,0,-0.000417556078828429,-0.000870689502352029,0,0,0
26.985,9500.27199708995,1.59003666688095,9500,9500.27133468796,1.59003666688095,1.59003666688095,0,0.0115087844933183,21.1883455747009,14,0,15561.2661808033,-15561.2007802672,1.59003666688095,1.58440161808205,1.58483719768386,-0.000435579601803404,0.0113584809567702,0.00651555149548355,1.59004601037393,0,269.691820356768,64.5224087842672,7.79524929618733e-10,1,0.981999946518383,0,-0.000417759668860596,-0.000871159203606808,0,0,0
27,9500.27216972172,1.589828806494,9500,9500.27150635771,1.589828806494,1.589828806494,0,0.0115236194415345,21.1842833555971,14,0,15558.7500622123,-15558.6845773729,1.589828806494,1.58420358611835,1.58463939963543,-0.000435813517077666,0.0113775415586087,0.00650620800250779,1.58983816708671,0,269.679232135672,64.5031342743443,7.86697386060793e-10,1,0.982022883236048,0,-0.000417963196119864,-0.000871627034155331,0,0,0
27.015,9500.27234257601,1.58962081102357,9500,9500.27167827679,1.58962081102357,1.58962081102357,0,0.0115380476336798,21.1802214744613,14,0,15556.2328574208,-15556.1672905897,1.58962081102357,1.5840054342331,1.58444148074914,-0.000436046516038013,0.011396062566134,0.00649684740980283,1.58963018861082,0,269.666643907871,64.4838597614663,7.93936179632319e-10,1,0.982045821594541,0,-0.000418166650195229,-0.000872093032076027,0,0,0
27.03,9500.27251564672,1.58941268045902,9500,9500.27185043823,1.58941268045902,1.58941268045902,0,0.0115520818118581,21.1761599309322,14,0,15553.7145662957,-15553.648919712,1.58941268045902,1.5838071623576,1.58424344096138,-0.000436278603777929,0.0114140609234002,0.00648746982254611,1.58942207497259,0,269.65405567335,64.4645852456246,8.01241888194595e-10,1,0.982068761593449,0,-0.000418370011800784,-0.000872557207555857,0,0,0
27.045,9500.27268892795,1.58920441478935,9500,9500.27202283533,1.58920441478935,1.58920441478935,0,0.0115657344998895,21.172098724669,14,0,15551.1951887057,-15551.1294645372,1.58920441478935,1.58360877041509,1.58404528021212,-0.000436509797022477,0.011431553072146,0.0064780753089777,1.58921382613003,0,269.641467432126,64.4453107268386,8.086146426548e-10,1,0.982091703232323,0,-0.00041857326850625,-0.000873019594044955,0,0,0
27.06,9500.27286241397,1.58899601400324,9500,9500.27219546156,1.58899601400324,1.58899601400324,0,0.011579017523896,21.1680378553308,14,0,15548.6747245158,-15548.6089248631,1.58899601400324,1.58341025832907,1.58384699843673,-0.000436740107665035,0.0114485549287869,0.00646866396830603,1.58900544208205,0,269.62887918419,64.4260362051042,8.16055765087599e-10,1,0.982114646510782,0,-0.000418776411259536,-0.000873480215330069,0,0,0
27.075,9500.27303609923,1.58878747808902,9500,9500.27236831061,1.58878747808902,1.58878747808902,0,0.0115919425241401,21.1639773225871,14,0,15546.1531735918,-15546.0873004894,1.58878747808902,1.58321162602627,1.5836485955727,-0.000436969546430355,0.0114650819201445,0.00645923588950148,1.58879692282291,0,269.616290929533,64.4067616804198,8.2356479042844e-10,1,0.982137591428456,0,-0.000418979422774468,-0.000873939092860709,0,0,0
27.09,9500.27320997837,1.58857880703482,9500,9500.27254137638,1.58857880703482,1.58857880703482,0,0.0116045208623842,21.1599171261069,14,0,15543.6305357981,-15543.5645912161,1.58857880703482,1.58301287342593,1.58345007155208,-0.000437198126151506,0.0114811489308004,0.00644979115561406,1.58858826832924,0,269.603702668129,64.3874871527672,8.31143338033713e-10,1,0.982160537985029,0,-0.000419182298415199,-0.000874396252303011,0,0,0
27.105,9500.27338404618,1.58837000082838,9500,9500.27271465294,1.58837000082838,1.58837000082838,0,0.0116167633636554,21.1558572655825,14,0,15541.1068109994,-15541.0407968462,1.58837000082838,1.58281400045384,1.58325142631253,-0.000437425858683893,0.0114967704498638,0.00644032986120147,1.58837947859768,0,269.591114399991,64.3682126221611,8.38791984644617e-10,1,0.982183486180135,0,-0.000419385020273833,-0.000874851717367786,0,0,0
27.12,9500.27355829763,1.58816105945718,9500,9500.27288813457,1.58816105945718,1.58816105945718,0,0.011628680628907,21.1517977407116,14,0,15538.5819990601,-15538.5159171838,1.58816105945718,1.58261500703016,1.58305265978303,-0.000437652752869111,0.0115119604706816,0.00643085209190297,1.58817055361632,0,269.578526125127,64.3489380886137,8.46510860247297e-10,1,0.982206436013427,0,-0.000419587578348812,-0.000875305505738222,0,0,0
27.135,9500.27373272784,1.5879519829084,9500,9500.2730618157,1.5879519829084,1.5879519829084,0,0.0116402827883635,21.1477385511804,14,0,15536.0560998408,-15535.9899520322,1.5879519829084,1.58241589307753,1.58285377189487,-0.000437878817345583,0.0115267325736767,0.006421357932757,1.58796149337559,0,269.565937843483,64.3296635520832,8.5430083895762e-10,1,0.982229387484693,0,-0.000419789961467965,-0.000875757634691166,0,0,0
27.15,9500.27390733208,1.58774277116901,9500,9500.27323569097,1.58774277116901,1.58774277116901,0,0.0116515798668708,21.1436796967111,14,0,15533.5291132064,-15533.462901199,1.58774277116901,1.58221665851531,1.58265476257725,-0.000438104061933453,0.0115410998835672,0.00641184746556789,1.58775229785702,0,269.553349555098,64.3103890126072,8.62162496933081e-10,1,0.982252340593563,0,-0.000419992160125116,-0.000876208123866906,0,0,0
27.165,9500.27408210578,1.58753342422565,9500,9500.27340975516,1.58753342422565,1.58753342422565,0,0.0116625813282217,21.1396211770131,14,0,15531.0010390173,-15530.9347644911,1.58753342422565,1.58201730326517,1.58245563176432,-0.000438328499154039,0.0115550751433437,0.00640232077756209,1.58754296704442,0,269.540761259944,64.2911144701672,8.70097005360072e-10,1,0.982275295339806,0,-0.000420194161740106,-0.000876656998308079,0,0,0
27.18,9500.2742570445,1.5873239420648,9500,9500.27358400323,1.5873239420648,1.5873239420648,0,0.0116732966130489,21.135562991808,14,0,15528.4718771356,-15528.4055417169,1.5873239420648,1.58181782724453,1.58225637937926,-0.000438552134730319,0.0115686706377635,0.00639277795878557,1.58733350093386,0,269.528172958017,64.2718399247638,8.78104195841251e-10,1,0.982298251723163,0,-0.000420395958141917,-0.000877104269460638,0,0,0
27.195,9500.27443214395,1.58711432467258,9500,9500.27375843029,1.58711432467258,1.58711432467258,0,0.0116837346310398,21.1315051408233,14,0,15525.9416274214,-15525.8752326857,1.58711432467258,1.5816182303733,1.58205700535239,-0.000438774979092171,0.0115818983483595,0.00638321908972905,1.58712389950485,0,269.515584649302,64.2525653763887,8.8618538786424e-10,1,0.982321209743409,0,-0.000420597535918832,-0.000877549958184343,0,0,0
27.21,9500.27460739997,1.586904572035,9500,9500.27393303161,1.586904572035,1.586904572035,0,0.0116939040967584,21.1274476238012,14,0,15523.4102897359,-15523.3438372093,1.586904572035,1.58141851256878,1.5818575096086,-0.000438997039822198,0.0115947698059216,0.00637364425746845,1.5869141627466,0,269.502996333815,64.2332908250613,8.94341007827196e-10,1,0.982344169400275,0,-0.00042079888688118,-0.000877994079644395,0,0,0
27.225,9500.27478280853,1.58669468413769,9500,9500.2741078026,1.58669468413769,1.58669468413769,0,0.0117038134335301,21.1233904404735,14,0,15520.8778639373,-15520.8113550981,1.58669468413769,1.58121867374832,1.58165789207266,-0.000439218324333135,0.0116072962438484,0.00636405354586267,1.58670429064552,0,269.490408011516,64.2140162707509,9.02571779485932e-10,1,0.982367130693611,0,-0.000421000002145622,-0.00087843664866627,0,0,0
27.24,9500.27495836573,1.58648466096622,9500,9500.27428273882,1.58648466096622,1.58648466096622,0,0.0117134709095079,21.1193335905926,14,0,15518.3443498864,-15518.2777861657,1.58648466096622,1.5810187138278,1.58145815266757,-0.000439438839769934,0.0116194884761628,0.00635444703803634,1.5864942831863,0,269.477819682417,64.1947417134716,9.10878872565208e-10,1,0.982390093623183,0,-0.000421200872498861,-0.000878877679539869,0,0,0
27.255,9500.2751340678,1.58627450250585,9500,9500.27445783598,1.58627450250585,1.58627450250585,0,0.0117228844112825,21.1152770739158,14,0,15515.8097474418,-15515.7431302261,1.58627450250585,1.58081863272456,1.58125829132067,-0.000439658596110393,0.0116313570171012,0.00634482481795851,1.58628414035029,0,269.46523134652,64.1754671532312,9.192621178025e-10,1,0.982413058188787,0,-0.000421401487566753,-0.000879317192220785,0,0,0
27.27,9500.27530991106,1.58606420874162,9500,9500.27463308991,1.58606420874162,1.58606420874162,0,0.0117320615208888,21.1112208902007,14,0,15513.2740564615,-15513.2073870942,1.58606420874162,1.58061843035289,1.58105830794772,-0.000439877594826887,0.0116429120669542,0.00633518697351798,1.58607386213675,0,269.45264300381,64.1561925900216,9.27722535724966e-10,1,0.982436024390264,0,-0.000421601837095276,-0.000879755189653775,0,0,0
27.285,9500.27548589199,1.58585377965843,9500,9500.27480849657,1.58585377965843,1.58585377965843,0,0.0117410098794206,21.1071650392071,14,0,15510.737276804,-15510.6705565849,1.58585377965843,1.58041810662694,1.58085820247554,-0.000440095848591726,0.0116541634473916,0.00632553357837962,1.58586344850814,0,269.440054654269,64.1369180238309,9.36261146493566e-10,1,0.982458992227471,0,-0.000421801914517017,-0.000880191697183452,0,0,0
27.3,9500.27566200713,1.58564321524093,9500,9500.27498405206,1.58564321524093,1.58564321524093,0,0.0117497363920593,21.1031095207107,14,0,15508.1994083256,-15508.1326385154,1.58564321524093,1.58021766146225,1.58065797482165,-0.000440313359397537,0.0116651207388611,0.00631586472867407,1.58565289947213,0,269.427466297902,64.1176434546689,9.44878226453122e-10,1,0.982481961700237,0,-0.000422001709328601,-0.000880626718795074,0,0,0
27.315,9500.27583825318,1.58543251547361,9500,9500.27515975259,1.58543251547361,1.58543251547361,0,0.0117582483200728,21.0990543344797,14,0,15505.6604508843,-15505.5936327025,1.58543251547361,1.58001709476928,1.58045762490456,-0.000440530135280115,0.0116757931730023,0.00630618049747578,1.5854422149962,0,269.414877934682,64.0983688825166,9.53575092584684e-10,1,0.982504932808457,0,-0.000422201215389828,-0.00088106027056023,0,0,0
27.33,9500.2760146269,1.58522168034081,9500,9500.2753355945,1.58522168034081,1.58522168034081,0,0.0117665522299264,21.094999480307,14,0,15503.1204043373,-15503.0535389659,1.58522168034081,1.57981640646269,1.58025715264309,-0.000440746180407459,0.0116861896829794,0.00629648097488844,1.58523139507676,0,269.402289564641,64.0790943074071,9.62351872089373e-10,1,0.982527905551931,0,-0.000422400420456492,-0.000881492360814917,0,0,0
27.345,9500.27619112519,1.58501070982657,9500,9500.27551157424,1.58501070982657,1.58501070982657,0,0.0117746547268785,21.0909449579657,14,0,15500.5792685396,-15500.5123571231,1.58501070982657,1.57961559645363,1.58005655795612,-0.000440961502484072,0.0116963189963272,0.00628676623893498,1.5850204396876,0,269.38970118773,64.0598197293019,9.71209435371262e-10,1,0.982550879930621,0,-0.000422599321669104,-0.000881923004968144,0,0,0
27.36,9500.27636774501,1.58479960391491,9500,9500.27568768836,1.58479960391491,1.58479960391491,0,0.0117825621295812,21.0868907672524,14,0,15498.0370433479,-15497.9700869951,1.58479960391491,1.57941466465253,1.57985584075782,-0.000441176105292707,0.0117061894658451,0.00627703637790256,1.58480934881985,0,269.377112803967,64.0405451482214,9.80149395707563e-10,1,0.982573855944368,0,-0.000422797907888572,-0.000882352210585413,0,0,0
27.375,9500.27654448344,1.58458836258958,9500,9500.27586393354,1.58458836258958,1.58458836258958,0,0.0117902805858811,21.0828369079602,14,0,15495.4937286178,-15495.4267284023,1.58458836258958,1.57921361097082,1.5796550009644,-0.000441389993578456,0.0117158092597837,0.00626729147296468,1.58459812245663,0,269.364524413336,64.0212705641568,9.89171136439975e-10,1,0.982596833593095,0,-0.000422996171501211,-0.000882779987156912,0,0,0
27.39,9500.27672133765,1.58437698583422,9500,9500.27604030655,1.58437698583422,1.58437698583422,0,0.011797816080925,21.0787833798931,14,0,15492.949324205,-15492.8822811666,1.58437698583422,1.57901243531618,1.57945403849072,-0.000441603174542671,0.0117251862417233,0.00625753160591525,1.58438676057301,0,269.351936015847,64.0019959771213,9.9827627028649e-10,1,0.982619812876679,0,-0.000423194105206415,-0.000883206349085341,0,0,0
27.405,9500.27689830489,1.58416547363228,9500,9500.27621680427,1.58416547363228,1.58416547363228,0,0.0118032140262419,21.0747301806643,15,0,15490.4038406664,-15490.336766952,1.58416547363228,1.57881113760032,1.57925295324913,-0.000441815648807298,0.0117343280647909,0.00624775686712375,1.58417526316983,0,269.339347611476,63.9827213870991,3.95856771061484e-10,1,0.982642793795072,0,-0.000423391702228493,-0.000883631297614595,0,0,0
27.42,9500.2770753531,1.58395382596702,9500,9500.27639342368,1.58395382596702,1.58395382596702,0,0.0118104100528105,21.0706773140818,15,0,15487.8572564218,-15487.7901418136,1.58395382596702,1.57860971772935,1.5790517451517,-0.000442027422349778,0.0117432421377401,0.0062379673295716,1.58396363021422,0,269.326759200205,63.9634467940795,3.99770004337575e-10,1,0.982665776345183,0,-0.000423588955929644,-0.000884054844699556,0,0,0
27.435,9500.27725250925,1.58374204301521,9500,9500.27657015421,1.58374204301521,1.58374204301521,0,0.0118175643784747,21.0666247740741,15,0,15485.3095829631,-15485.242427698,1.58374204301521,1.57840817561104,1.57885041392416,-0.000442238313110854,0.0117518232062454,0.00622816308237684,1.5837518620672,0,269.314170782037,63.9441721980697,4.03720126997179e-10,1,0.982688760529988,0,-0.000423785844959168,-0.000884476626221709,0,0,0
27.45,9500.27742977272,1.58353012471441,9500,9500.27674699505,1.58353012471441,1.58353012471441,0,0.0118246511056192,21.062572561443,15,0,15482.7608199409,-15482.6936244031,1.58353012471441,1.57820651115359,1.57864895956443,-0.000442448410846508,0.0117601327793861,0.00621834403038779,1.58353995836228,0,269.301582356996,63.9248975990945,4.07708466139001e-10,1,0.98271174634957,0,-0.000423982366330344,-0.000884896821693015,0,0,0
27.465,9500.27760714248,1.58331807100162,9500,9500.27692394542,1.58331807100162,1.58331807100162,0,0.0118316444373751,21.0585206769695,15,0,15480.2109669987,-15480.1437317188,1.58331807100162,1.57800472426158,1.57844738205405,-0.000442657792466772,0.011768219457904,0.00620851038251558,1.58332791905916,0,269.288993925015,63.9056229971029,4.1173664547666e-10,1,0.982734733804136,0,-0.000424178518003693,-0.000885315584933544,0,0,0
27.48,9500.27778461715,1.58310588181593,9500,9500.27710100447,1.58310588181593,1.58310588181593,0,0.0118385201899739,21.0544691214161,15,0,15477.6600237907,-15477.592749437,1.58310588181593,1.57780281484169,1.57824568134528,-0.000442866503590489,0.0117761202069047,0.0061986623249688,1.58311574415948,0,269.276405486121,63.8863483921214,4.15804208706924e-10,1,0.982757722893686,0,-0.000424374293397145,-0.000885733007180978,0,0,0
27.495,9500.27796219495,1.58289355710074,9500,9500.27727817124,1.58289355710074,1.58289355710074,0,0.0118452574701172,21.0504178954388,15,0,15475.1079899895,-15475.0406773487,1.58289355710074,1.57760078279788,1.57804385738789,-0.000443074590001924,0.0117838616957506,0.00618879998142341,1.5829034335993,0,269.263817040304,63.8670737841459,4.19912630422144e-10,1,0.982780713618247,0,-0.00042456968999538,-0.000886149180003848,0,0,0
27.51,9500.27813987381,1.58268109680541,9500,9500.27745544454,1.58268109680541,1.58268109680541,0,0.0118518392360301,21.0463669995718,15,0,15472.5548652932,-15472.4875152492,1.58268109680541,1.57739862803349,1.57784191010727,-0.000443282073779416,0.0117914616366335,0.00617892348285776,1.58269098736879,0,269.251228587573,63.8477991731905,4.24061454125724e-10,1,0.982803705977777,0,-0.000424764704418878,-0.000886564147558833,0,0,0
27.525,9500.2783176514,1.58246850088599,9500,9500.27763282294,1.58246850088599,1.58246850088599,0,0.0118582532476037,21.042316434193,15,0,15470.0006494301,-15469.9332629362,1.58246850088599,1.57719635045369,1.57763983941585,-0.000443488962152294,0.0117989304708301,0.00616903291948301,1.58247840544887,0,269.238640127901,63.8285245592352,4.28251114431741e-10,1,0.98282669997228,0,-0.000424959328077623,-0.000886977924304588,0,0,0
27.54,9500.2784955252,1.58225576930569,9500,9500.2778103048,1.58225576930569,1.58225576930569,0,0.011864491978387,21.0382661995309,15,0,15467.445342161,-15467.3779202132,1.58225576930569,1.57699394995938,1.5774376452204,-0.000443695261021393,0.0118062727892554,0.00615912835660515,1.58226568779394,0,269.226051661269,63.8092499422681,4.32482788190128e-10,1,0.982849695601721,0,-0.000425153561398384,-0.000887390522042786,0,0,0
27.555,9500.27867349258,1.58204290203454,9500,9500.27798788823,1.58204290203454,1.58204290203454,0,0.0118705522896085,21.0342162956845,15,0,15464.8889432792,-15464.8214868915,1.58204290203454,1.5767914264544,1.57723532741705,-0.000443900962654453,0.0118134889216217,0.00614920986835865,1.58205283439745,0,269.213463187703,63.7899753223182,4.36755870248577e-10,1,0.982872692865969,0,-0.000425347393390174,-0.000887801925308906,0,0,0
27.57,9500.27885155087,1.581829899049,9500,9500.27816557117,1.581829899049,1.581829899049,0,0.0118764355060254,21.0301667225941,15,0,15462.3314526071,-15462.2639627857,1.581829899049,1.5765887798361,1.57703288589762,-0.000444106061519234,0.0118205762008999,0.0061392775054474,1.58183984521851,0,269.200874707162,63.7707006993544,4.41071240188121e-10,1,0.982895691765018,0,-0.000425540822203363,-0.000888212123038468,0,0,0
27.585,9500.2790296974,1.58161676033105,9500,9500.27834335138,1.58161676033105,1.58161676033105,0,0.0118821462214421,21.0261174801059,15,0,15459.7728699931,-15459.7053477183,1.58161676033105,1.57638601000995,1.57683032054892,-0.000444310538974868,0.0118275302699713,0.0061293313359394,1.58162672026794,0,269.188286219671,63.7514260734022,4.45429183520482e-10,1,0.982918692298737,0,-0.000425733837846831,-0.000888621077949736,0,0,0
27.6,9500.27920792959,1.58140348586712,9500,9500.27852122653,1.58140348586712,1.58140348586712,0,0.0118876920074718,21.0220685679558,15,0,15457.2131953063,-15457.1456415155,1.58140348586712,1.57618311687038,1.57662763125686,-0.0004445143864793,0.0118343460992484,0.00611937139905128,1.58141345949647,0,269.175697725201,63.7321514444419,4.49830727781743e-10,1,0.982941694467104,0,-0.000425926440632773,-0.0008890287729586,0,0,0
27.615,9500.27938624497,1.58119007564707,9500,9500.27869919421,1.58119007564707,1.58119007564707,0,0.0118930824448658,21.0180199858162,15,0,15454.6524284326,-15454.5848440084,1.58119007564707,1.57598010032176,1.57642481790588,-0.000444717584117571,0.0118410188060227,0.00610939776969643,1.58120006292322,0,269.163109223747,63.7128768124739,4.54275861254547e-10,1,0.982964698270064,0,-0.000426118615608928,-0.000889435168235142,0,0,0
27.63,9500.27956464121,1.58097652966299,9500,9500.27887725201,1.58097652966299,1.58097652966299,0,0.0118983283806532,21.0139717333167,15,0,15452.090569269,-15452.0229550326,1.58097652966299,1.5757769602569,1.57622188038117,-0.000444920124268222,0.0118475443462217,0.00609941049354545,1.58098653050191,0,269.150520715308,63.6936021775037,4.58764720623301e-10,1,0.982987703707567,0,-0.000426310363532467,-0.000889840248536444,0,0,0
27.645,9500.27974311613,1.58076284790823,9500,9500.27905539751,1.58076284790823,1.58076284790823,0,0.0119034414504645,21.0099238100577,15,0,15449.527617719,-15449.4599744255,1.58076284790823,1.57557369657688,1.57601881857238,-0.000445121995500397,0.0118539198922058,0.00608940965463156,1.58077286224051,0,269.137932199875,63.6743275395264,4.632980360658e-10,1,0.983010710779601,0,-0.000426501674810842,-0.000890243991000794,0,0,0
27.66,9500.27992166776,1.58054903037639,9500,9500.27923362839,1.58054903037639,1.58054903037639,0,0.0119084332314509,21.0058762156385,15,0,15446.9635736883,-15446.8959020269,1.58054903037639,1.57537030917796,1.57581563236296,-0.000445323185005675,0.0118601441269969,0.00607939532234436,1.58055905813029,0,269.125343677444,63.6550528985435,4.67876240752982e-10,1,0.983033719486159,0,-0.000426692542731866,-0.00089064637001135,0,0,0
27.675,9500.28010029425,1.58033507706054,9500,9500.27941194239,1.58033507706054,1.58033507706054,0,0.0119133147472374,21.0018289496639,15,0,15444.3984370796,-15444.3307376769,1.58033507706054,1.57516679795572,1.57561232164844,-0.000445523692717442,0.0118662173661281,0.00606936756844312,1.58034511813873,0,269.112755147985,63.6357782545352,4.72499470980943e-10,1,0.983056729827298,0,-0.00042688296358695,-0.000891047385434884,0,0,0
27.69,9500.28027899398,1.58012098795257,9500,9500.27959033738,1.58012098795257,1.58012098795257,0,0.0119180962120037,20.9977820117862,15,0,15441.8322077937,-15441.7644812183,1.58012098795257,1.57496316280436,1.57540888631918,-0.000445723514820084,0.011872141518421,0.00605932649025398,1.58013104226497,0,269.100166611535,63.6165036075378,4.77168753073628e-10,1,0.98307974180297,0,-0.000427072931127315,-0.000891447029640169,0,0,0
27.705,9500.28045776542,1.57990676304287,9500,9500.27976881135,1.57990676304287,1.57990676304287,0,0.0119227866014437,20.9937354016632,15,0,15439.2648857215,-15439.1971324908,1.57990676304287,1.5747594036219,1.57520532626796,-0.000445922646061137,0.011877919867671,0.00604927217785467,1.57991683050763,0,269.087578068044,63.5972289575133,4.81884519655407e-10,1,0.983102755413303,0,-0.000427262436962561,-0.000891845292122273,0,0,0
27.72,9500.28063660722,1.57969240231997,9500,9500.27994736241,1.57969240231997,1.57969240231997,0,0.0119273935780739,20.9896891190136,15,0,15436.6964707477,-15436.6286913358,1.57969240231997,1.57455552029871,1.57500164139262,-0.00044612109391573,0.0118835569294476,0.00603920471309238,1.57970248282397,0,269.074989517526,63.577954304478,4.86646758235555e-10,1,0.983125770658326,0,-0.000427451478197227,-0.00089224218783146,0,0,0
27.735,9500.28081551812,1.57947790577035,9500,9500.28012598881,1.57947790577035,1.57947790577035,0,0.0119319235323428,20.9856431635932,15,0,15434.1269627482,-15434.0591575928,1.57947790577035,1.57435151272851,1.574797831586,-0.000446318857485695,0.0118890582322754,0.00602912420909485,1.57948799922264,0,269.06240095997,63.5586796484281,4.91455901246144e-10,1,0.983148787538117,0,-0.000427640048583644,-0.000892637714971389,0,0,0
27.75,9500.28099449697,1.57926327337864,9500,9500.28030468895,1.57926327337864,1.57926327337864,0,0.011936381376506,20.9815975351892,15,0,15431.5563615887,-15431.4885310996,1.57926327337864,1.57414738080648,1.57459389674902,-0.000446515942541748,0.0118944299058009,0.00601903075680554,1.5792733796782,0,269.049812395342,63.5394049893381,4.96312974137575e-10,1,0.983171806052815,0,-0.000427828142441911,-0.000893031885083495,0,0,0
27.765,9500.28117354269,1.57904850512754,9500,9500.28048346133,1.57904850512754,1.57904850512754,0,0.0119407708480234,20.9775522336596,15,0,15428.9846671301,-15428.9168116958,1.57904850512754,1.57394312441976,1.57438983677691,-0.000446712357151435,0.0118996785746494,0.00600892445724543,1.5790586241627,0,269.037223823693,63.5201303272579,5.01217964031813e-10,1,0.983194826202403,0,-0.000428015758544564,-0.000893424714302871,0,0,0
27.78,9500.28135265426,1.57883360099823,9500,9500.28066230454,1.57883360099823,1.57883360099823,0,0.0119450945257714,20.9735072588615,15,0,15426.411879222,-15426.3439992164,1.57883360099823,1.57373874346402,1.57418565156662,-0.00044690810259862,0.0119048109002246,0.00599880542208164,1.57884373268091,0,269.024635244975,63.5008556621509,5.0617130285468e-10,1,0.983217847987057,0,-0.000428202885308204,-0.00089381620519724,0,0,0
27.795,9500.28153183067,1.57861856097043,9500,9500.2808412173,1.57861856097043,1.57861856097043,0,0.0119493541461777,20.9694626106922,15,0,15423.8379977092,-15423.7700934963,1.57861856097043,1.57353423782586,1.57398134101469,-0.00044710318883201,0.0119098335457493,0.00598867373940104,1.5786287051876,0,269.012046659166,63.4815809940031,5.11174311900168e-10,1,0.983240871406907,0,-0.000428389523510209,-0.00089420637766402,0,0,0
27.81,9500.28171107099,1.57840338502294,9500,9500.28102019839,1.57840338502294,1.57840338502294,0,0.0119535506634383,20.9654182890911,15,0,15421.2630224339,-15421.1950943723,1.57840338502294,1.57332960739534,1.57377690501368,-0.000447297618336284,0.0119147528003281,0.00597852952223588,1.57841354168091,0,268.999458066312,63.4623063228591,5.16226384861158e-10,1,0.983263896461959,0,-0.000428575668508513,-0.000894595236672568,0,0,0
27.825,9500.28189037425,1.57818807313359,9500,9500.28119924666,1.57818807313359,1.57818807313359,0,0.0119576846009713,20.9613742939797,15,0,15418.6869532305,-15418.6190016759,1.57818807313359,1.57312485206175,1.57357234346003,-0.000447491398280597,0.0119195746348778,0.00596837286426366,1.57819824212945,0,268.986869466345,63.4430316486644,5.21328842602105e-10,1,0.983286923152437,0,-0.000428761314408943,-0.000894982796561195,0,0,0
27.84,9500.28206973952,1.57797262527996,9500,9500.28137836101,1.57797262527996,1.57797262527996,0,0.0119617562100635,20.9573306253241,15,0,15416.1097899362,-15416.0418152427,1.57797262527996,1.57291997171401,1.57336765624487,-0.000447684530852976,0.0119243043701518,0.00595820386840384,1.57798280652071,0,268.974280859311,63.4237569714644,5.26480930515237e-10,1,0.983309951478347,0,-0.000428946457220247,-0.000895369061705953,0,0,0
27.855,9500.28224916586,1.57775704143923,9500,9500.28155754039,1.57775704143923,1.57775704143923,0,0.0119657653216464,20.9532872830715,15,0,15413.5315323825,-15413.4635349053,1.57775704143923,1.57271496623761,1.57316284325754,-0.000447877019934317,0.011928946847379,0.00594802262765604,1.57776723482539,0,268.961692245176,63.4044822912349,5.31685451087139e-10,1,0.983332981439849,0,-0.000429131090326829,-0.000895754039868635,0,0,0
27.87,9500.28242865234,1.57754132158867,9500,9500.28173678378,1.57754132158867,1.57754132158867,0,0.0119697121285278,20.9492442671788,15,0,15410.952180404,-15410.8841604971,1.57754132158867,1.57250983551831,1.57295790438786,-0.000448068869548512,0.0119335062392715,0.00593782924149378,1.5775515270207,0,268.949103623942,63.3852076079817,5.36940611978218e-10,1,0.983356013037034,0,-0.000429315216006865,-0.000896137739097025,0,0,0
27.885,9500.28260819802,1.57732546570574,9500,9500.28191609016,1.57732546570574,1.57732546570574,0,0.0119735967129259,20.9452015775943,15,0,15408.3717338346,-15408.3036918516,1.57732546570574,1.57230457944484,1.5727528395223,-0.000448260077463125,0.0119379861442518,0.00592762380946343,1.57733568309938,0,268.936514995595,63.3659329216979,5.42247733155464e-10,1,0.983379046270023,0,-0.000429498822482444,-0.00089652015492625,0,0,0
27.9,9500.28278780197,1.57710947376818,9500,9500.28209545857,1.57710947376818,1.57710947376818,0,0.0119774194112411,20.9411592142537,15,0,15405.7901925091,-15405.7221288017,1.57710947376818,1.57209919790147,1.57254764854911,-0.000448450647644538,0.0119423896330136,0.0059174064158305,1.57711970302201,0,268.923926360099,63.3466582323595,5.47607985952707e-10,1,0.983402081138977,0,-0.000429681909045243,-0.000896901295289076,0,0,0
27.915,9500.28296746326,1.57689334575413,9500,9500.28227488801,1.57689334575413,1.57689334575413,0,0.011981180866166,20.9371171771103,15,0,15403.2075562676,-15403.1394711837,1.57689334575413,1.57189369076896,1.57234233134869,-0.000448640579734372,0.0119467192847831,0.00590717716199918,1.57690358677149,0,268.911337717503,63.3273835400108,5.53020467207428e-10,1,0.983425117643904,0,-0.000429864474898345,-0.000897281159468744,0,0,0
27.93,9500.28314718097,1.5766770816422,9500,9500.28245437755,1.5766770816422,1.5766770816422,0,0.0119848819409929,20.9330754660778,15,0,15400.6238249484,-15400.5557188313,1.5766770816422,1.57168805793311,1.57213688780675,-0.000448829873639367,0.0119509772692072,0.00589693614463527,1.57668733433047,0,268.898749067759,63.3081088446176,5.58487384916575e-10,1,0.983448155784989,0,-0.000430046510506266,-0.000897659747278734,0,0,0
27.945,9500.2833269542,1.5764606814114,9500,9500.28263392622,1.5764606814114,1.5764606814114,0,0.0119885237410374,20.9290340810802,15,0,15398.0389983937,-15397.9708715802,1.5764606814114,1.57148229927806,1.57193131780244,-0.000449018524373734,0.0119551654637762,0.00588668345636467,1.57647094568568,0,268.88616041088,63.2888341461944,5.64008280092493e-10,1,0.983471195562307,0,-0.000430228014415723,-0.000898037048747469,0,0,0
27.96,9500.28350678206,1.57624414504125,9500,9500.28281353308,1.57624414504125,1.57624414504125,0,0.0119921077664944,20.9249930220205,15,0,15395.4530764479,-15395.3849292662,1.57624414504125,1.57127641468339,1.57172562121741,-0.000449206534019142,0.0119592854379768,0.00587641918208659,1.57625442079744,0,268.873571746846,63.2695594447293,5.69583730671104e-10,1,0.983494236975995,0,-0.000430408981377361,-0.000898413068038284,0,0,0
27.975,9500.28368666368,1.57602747251158,9500,9500.28299319722,1.57602747251158,1.57602747251158,0,0.0119956356165682,20.9209522888021,15,0,15392.8660589568,-15392.7978917262,1.57602747251158,1.57107040403304,1.57151979793178,-0.000449393898736883,0.0119633386555418,0.00586614342589975,1.57603775966147,0,268.860983075653,63.2502847402256,5.75214314380882e-10,1,0.983517280026161,0,-0.000430589408116244,-0.000898787797473766,0,0,0
27.99,9500.28386659821,1.57581066380256,9500,9500.28317291772,1.57581066380256,1.57581066380256,0,0.0119991090971672,20.9169118813147,15,0,15390.2779457672,-15390.2097587967,1.57581066380256,1.57086426720271,1.57131384782184,-0.000449580619131362,0.0119673264441952,0.00585585627600871,1.57582096224045,0,268.848394397285,63.2310100326726,5.80900756825333e-10,1,0.983540324712942,0,-0.000430769292981248,-0.000899161238262725,0,0,0
28.005,9500.28404658485,1.57559371889456,9500,9500.28335269369,1.57559371889456,1.57559371889456,0,0.0120025301166828,20.9128717994604,15,0,15387.6887367292,-15387.6205303169,1.57559371889456,1.57065800407551,1.57110777076776,-0.000449766692257159,0.0119712501330326,0.00584555783811491,1.57560402852911,0,268.835805711768,63.2117353220989,5.86643191070528e-10,1,0.983563371036397,0,-0.000430948628358241,-0.000899533384514317,0,0,0
28.02,9500.2842266228,1.5753766377682,9500,9500.28353252426,1.5753766377682,1.5753766377682,0,0.0120059007739985,20.9088320431132,15,0,15385.0984316913,-15385.0302061234,1.5753766377682,1.57045161453014,1.57090156664582,-0.000449952115681551,0.01197511099857,0.00583524820357084,1.57538695850235,0,268.823217019063,63.1924606084743,5.92443378751292e-10,1,0.983586418996711,0,-0.000431127412129584,-0.000899904231363102,0,0,0
28.035,9500.28440671131,1.57515942040406,9500,9500.28371240857,1.57515942040406,1.57515942040406,0,0.0120092231019914,20.9047926121592,15,0,15382.5070305037,-15382.4387860548,1.57515942040406,1.57024509844375,1.57069523533062,-0.000450136886867458,0.0119789104373185,0.00582492746942642,1.57516975213944,0,268.810628319159,63.1731858917971,5.98300416099103e-10,1,0.983609468594014,0,-0.000431305640975266,-0.000900273773734916,0,0,0
28.05,9500.28458684966,1.57494206678283,9500,9500.2838923458,1.57494206678283,1.57494206678283,0,0.0120124990796914,20.9007535064909,15,0,15379.9145330171,-15379.8462699506,1.57494206678283,1.5700384556936,1.57048877670012,-0.000450321006524756,0.0119826498319449,0.00581459573404031,1.57495240941459,0,268.798039612077,63.1539111720869,6.04215176023568e-10,1,0.983632519828391,0,-0.000431483308035441,-0.000900642013049513,0,0,0
28.065,9500.28476703714,1.57472457688512,9500,9500.28407233516,1.57472457688512,1.57472457688512,0,0.0120157307393966,20.8967147259852,15,0,15377.320939081,-15377.2526576487,1.57472457688512,1.56983168615792,1.57028219062866,-0.000450504470737467,0.0119863306884544,0.00580425310228505,1.57473493031873,0,268.785450897776,63.1346364493168,6.10188975171651e-10,1,0.983655572700032,0,-0.000431660411954748,-0.000901008941474934,0,0,0
28.08,9500.2849472731,1.57450695069145,9500,9500.28425237586,1.57450695069145,1.57450695069145,0,0.0120189198626971,20.8926762705428,15,0,15374.7262485462,-15374.6579489899,1.57450695069145,1.5696247897112,1.57007547698993,-0.000450687278733763,0.01198995455526,0.00579389966867239,1.5745173148224,0,268.77286217629,63.1153617235192,6.16221797688294e-10,1,0.983678627209001,0,-0.000431836950355313,-0.000901374557467527,0,0,0
28.095,9500.2851275569,1.57428918818222,9500,9500.28443246717,1.57428918818222,1.57428918818222,0,0.0120220683713015,20.8886381400403,15,0,15372.130461261,-15372.0621438115,1.57428918818222,1.56941776622785,1.56986863565888,-0.000450869431031231,0.01199352306745,0.00578353553772226,1.57429956290351,0,268.760273447563,63.096086994652,6.22314663654305e-10,1,0.983701683355529,0,-0.000432012916971702,-0.000901738862062462,0,0,0
28.11,9500.28530788793,1.57407128933771,9500,9500.28461260836,1.57407128933771,1.57407128933771,0,0.0120251778343061,20.8846003343764,15,0,15369.5335770744,-15369.4652419535,1.57407128933771,1.5692106155837,1.5696616665067,-0.000451050923006902,0.0119970378739675,0.0057731608164322,1.57408167455411,0,268.747684711602,63.0768122627264,6.28467556945266e-10,1,0.98372474113973,0,-0.00043218830837688,-0.000902101846013803,0,0,0
28.125,9500.28548826559,1.57385325413797,9500,9500.28479279875,1.57385325413797,1.57385325413797,0,0.0120282498358613,20.880562853459,15,0,15366.9355958357,-15366.8672432564,1.57385325413797,1.56900333765201,1.56945456940891,-0.000451231756900761,0.0120005007150177,0.00576277560002825,1.57386364973823,0,268.735095968427,63.0575375277629,6.34681941081084e-10,1,0.983747800561701,0,-0.0004323631202936,-0.000902463513801521,0,0,0
28.14,9500.28566868934,1.57363508256296,9500,9500.28497303768,1.57363508256296,1.57363508256296,0,0.0120312856839333,20.8765256971885,15,0,15364.3365173919,-15364.2681475595,1.57363508256296,1.56879593230504,1.56924734423722,-0.000451411932177459,0.0120039132945848,0.00575237999976497,1.57364548844045,0,268.722507218027,63.0382627897576,6.40957355697057e-10,1,0.983770861621598,0,-0.000432537352545337,-0.000902823864354918,0,0,0
28.155,9500.28584915862,1.5734167745924,9500,9500.2851533245,1.5734167745924,1.5734167745924,0,0.0120342867797076,20.872488865462,15,0,15361.7363415891,-15361.6679547012,1.5734167745924,1.5685883994129,1.56903999086043,-0.000451591447536037,0.0120072773689159,0.00574197412227284,1.5734271906401,0,268.709918460363,63.0189880486838,6.47294819967457e-10,1,0.983793924319626,0,-0.000432710998661934,-0.000903182895072074,0,0,0
28.17,9500.28602967293,1.57319833020593,9500,9500.28533365861,1.57319833020593,1.57319833020593,0,0.0120372541648094,20.8684523581893,15,0,15359.1350682732,-15359.0666645214,1.57319833020593,1.56838073885041,1.5688325091499,-0.000451770299488619,0.0120105946276652,0.00573155807457537,1.57320875632601,0,268.697329695431,62.9997133045428,6.53695796475831e-10,1,0.983816988655932,0,-0.00043288405554609,-0.000903540598977237,0,0,0
28.185,9500.28621023174,1.57297974938301,9500,9500.28551403942,1.57297974938301,1.57297974938301,0,0.0120401889943483,20.8644161752954,15,0,15356.5326972917,-15356.4642768608,1.57297974938301,1.56817295048505,1.5686248989754,-0.000451948490352683,0.0120138667622714,0.0057211319545003,1.57299018545884,0,268.684740923262,62.980438557365,6.60159380700442e-10,1,0.983840054630601,0,-0.000433056518599706,-0.000903896980705365,0,0,0
28.2,9500.28639083457,1.57276103210303,9500,9500.28569446636,1.57276103210303,1.57276103210303,0,0.012043092190096,20.8603803166791,15,0,15353.9292284874,-15353.8607915573,1.57276103210303,1.56796503418809,1.56841716020404,-0.000452126015946464,0.0120170953850919,0.00571069587866968,1.57277147803487,0,268.672152143801,62.961163807109,6.66687626404426e-10,1,0.983863122243876,0,-0.000433228387866524,-0.000904252031892927,0,0,0
28.215,9500.28657148096,1.57254217834528,9500,9500.28587493889,1.57254217834528,1.57254217834528,0,0.0120459647519895,20.856344782264,15,0,15351.3246617065,-15351.2562084513,1.57254217834528,1.5677569898294,1.56820929270815,-0.00045230287874376,0.0120202820468949,0.00570024994682772,1.57255263401874,0,268.659563357062,62.9418890537919,6.73280220456373e-10,1,0.983886191495875,0,-0.000433399653972044,-0.00090460575748752,0,0,0
28.23,9500.28675217043,1.57232318808894,9500,9500.28605545647,1.57232318808894,1.57232318808894,0,0.0120488073910436,20.8523095719713,15,0,15348.7189967933,-15348.650527383,1.57232318808894,1.56754881727308,1.56800129634892,-0.000452479075842671,0.0120234282773074,0.00568979427336624,1.57233365339476,0,268.646974563043,62.9226142974165,6.79938180681802e-10,1,0.983909262386748,0,-0.000433570321436427,-0.000904958151685342,0,0,0
28.245,9500.28693290254,1.57210406131318,9500,9500.2862360186,1.57210406131318,1.57210406131318,0,0.0120516209780778,20.8482746857222,15,0,15346.1122335924,-15346.0437481921,1.57210406131318,1.56734051639014,1.56779317099551,-0.000452654605371139,0.0120265354821954,0.00567932896754342,1.57211453614694,0,268.634385761743,62.9033395379877,6.86662672400842e-10,1,0.983932334916641,0,-0.000433740382005388,-0.000905309210742278,0,0,0
28.26,9500.28711367685,1.57188479799716,9500,9500.28641662479,1.57188479799716,1.57188479799716,0,0.0120544063746476,20.844240123426,15,0,15343.5043719475,-15343.4358707174,1.57188479799716,1.56713208704537,1.56758491651586,-0.000452829470497074,0.0120296049978639,0.00566885413378326,1.57189528223816,0,268.621796953121,62.8840647754765,6.93453234214049e-10,1,0.983955409085778,0,-0.000433909834741231,-0.000905658940994147,0,0,0
28.275,9500.28729449295,1.57166539812,9500,9500.28659727454,1.57166539812,1.57166539812,0,0.0120571642321304,20.8402058850126,15,0,15340.8954117031,-15340.8268947997,1.57166539812,1.5669235291063,1.56737653277006,-0.000453003663766438,0.0120326381064438,0.00565836989279123,1.57167589167155,0,268.609208137199,62.8647900099043,7.00311326707188e-10,1,0.983978484894269,0,-0.00043407867082812,-0.000906007327532876,0,0,0
28.29,9500.28747535041,1.57144586166083,9500,9500.28677796741,1.57144586166083,1.57144586166083,0,0.0120598953935538,20.8361719704012,15,0,15338.2853527041,-15338.2168202791,1.57144586166083,1.5667148424365,1.56716801962354,-0.000453177187043519,0.012035635994227,0.00564787634123753,1.57145636440365,0,268.596619313963,62.8455152412666,7.07237375208277e-10,1,0.98400156234229,0,-0.000434246892788037,-0.000906354374087037,0,0,0
28.305,9500.28765624884,1.57122618859873,9500,9500.28695870293,1.57122618859873,1.57122618859873,0,0.0120626004188129,20.8321383795155,15,0,15335.6741947938,-15335.6056469957,1.57122618859873,1.56650602689822,1.56695937693897,-0.000453350040750866,0.0120385998265142,0.00563737359841521,1.57123670041514,0,268.584030483413,62.8262404695673,7.14231657085515e-10,1,0.984024641429991,0,-0.000434414496638835,-0.000906700081501732,0,0,0
28.32,9500.28783718785,1.57100637891289,9500,9500.28713948067,1.57100637891289,1.57100637891289,0,0.0120652802557345,20.8281051122654,15,0,15333.0619378168,-15332.9933747889,1.57100637891289,1.56629708235901,1.56675060457701,-0.000453522217991775,0.012041530644962,0.00562686178201033,1.57101689970504,0,268.571441645511,62.8069656947803,7.21295927537143e-10,1,0.984047722157595,0,-0.000434581476557394,-0.000907044435983551,0,0,0
28.335,9500.28801816705,1.57078643258245,9500,9500.28732030021,1.57078643258245,1.57078643258245,0,0.0120679355614862,20.824072168584,15,0,15330.4485816186,-15330.3800035001,1.57078643258245,1.56608800867868,1.56654170240001,-0.000453693721334636,0.012044429475405,0.0056163409898613,1.57079696222587,0,268.558852800288,62.7876909169353,7.28430019995384e-10,1,0.9840708045252,0,-0.000434747830110771,-0.000907387442669272,0,0,0
28.35,9500.28819918609,1.57056634958656,9500,9500.28750116112,1.57056634958656,1.57056634958656,0,0.0120705670326078,20.8200395483838,15,0,15327.8341260426,-15327.765532969,1.57056634958656,1.56587880572155,1.56633267026834,-0.000453864546782645,0.0120472973045314,0.00560581134644367,1.57057688797443,0,268.54626394771,62.7684161360097,7.35634654550008e-10,1,0.984093888533023,0,-0.000434913554067107,-0.00090772909356529,0,0,0
28.365,9500.28838024459,1.57034612990438,9500,9500.28768206302,1.57034612990438,1.57034612990438,0,0.0120731754183283,20.8160072515868,15,0,15325.2185709337,-15325.1499630362,1.57034612990438,1.56566947334453,1.56612350804068,-0.000454034696157013,0.0120501350617185,0.00559527295856932,1.57035667691078,0,268.533675087775,62.7491413520065,7.42910846539876e-10,1,0.984116974181224,0,-0.000435078648412857,-0.000908069392314026,0,0,0
28.38,9500.28856134222,1.57012577351511,9500,9500.2878630055,1.57012577351511,1.57012577351511,0,0.0120757615008799,20.8119752781148,15,0,15322.6019161375,-15322.5332935428,1.57012577351511,1.56546001141095,1.56591421557663,-0.000454204165682981,0.0120529436317095,0.00558472595216308,1.57013632903174,0,268.521086220481,62.7298665649297,7.50259167718614e-10,1,0.984140061469963,0,-0.000435243107530514,-0.000908408331365962,0,0,0
28.395,9500.28874247865,1.56990528039787,9500,9500.28804398819,1.56990528039787,1.56990528039787,0,0.0120783258667918,20.8079436278877,15,0,15319.9841614974,-15319.915524329,1.56990528039787,1.56525041978,1.56570479273164,-0.000454372951642856,0.0120557239181347,0.00557417043552677,1.56991584431224,0,268.508497345815,62.7105917747734,7.5768033736143e-10,1,0.984163150399423,0,-0.000435406925735071,-0.000908745903285713,0,0,0
28.41,9500.28892365353,1.56968465053189,9500,9500.28822501073,1.56968465053189,1.56968465053189,0,0.0120808693637234,20.803912300826,15,0,15317.3653068596,-15317.296655236,1.56968465053189,1.56504069830899,1.56549523936402,-0.000454541055028512,0.0120584767320379,0.00556360652116039,1.56969522272009,0,268.495908463773,62.6913169815383,7.65175222199615e-10,1,0.984186240969773,0,-0.000435570105420835,-0.000909082110057025,0,0,0
28.425,9500.28910486658,1.56946388389634,9500,9500.28840607274,1.56946388389634,1.56946388389634,0,0.012083392542885,20.7998812968503,15,0,15314.7453520679,-15314.6766861045,1.56946388389634,1.56483084685741,1.56528555532901,-0.000454708471600451,0.012061202892828,0.00555303433296039,1.56947446424717,0,268.483319574346,62.6720421852225,7.72743950147796e-10,1,0.984209333181189,0,-0.000435732639934017,-0.000909416943200902,0,0,0
28.44,9500.28928611746,1.56924298047037,9500,9500.2885871739,1.56924298047037,1.56924298047037,0,0.0120858962542519,20.7958506158854,15,0,15312.1242969685,-15312.0556167761,1.56924298047037,1.56462086528265,1.56507574048299,-0.000454875200345706,0.0120639031996051,0.00554245398213005,1.56925356886409,0,268.470730677539,62.6527673858351,7.80388569017358e-10,1,0.984232427033823,0,-0.000435894525235181,-0.000909750400691411,0,0,0
28.455,9500.28946740591,1.56902194023314,9500,9500.28876831386,1.56902194023314,1.56902194023314,0,0.0120883810426653,20.7918202578418,15,0,15309.5021414043,-15309.4334470904,1.56902194023314,1.56441075343762,1.56486579468144,-0.000455041243821119,0.0120665784356525,0.00553186558841512,1.56903253653839,0,268.458141773309,62.6334925833456,7.88108024715228e-10,1,0.984255522527918,0,-0.000436055762222054,-0.000910082487642239,0,0,0
28.47,9500.28964873162,1.56880076316376,9500,9500.2889494923,1.56880076316376,1.56880076316376,0,0.0120908475201307,20.7877902226526,15,0,15306.8788852213,-15306.8101768899,1.56880076316376,1.5642005111817,1.56465571777438,-0.000455206592681057,0.0120692293719354,0.00552126928316121,1.5688113672795,0,268.445552861681,62.6142177777811,7.95904807404126e-10,1,0.98427861966359,0,-0.000436216343520757,-0.000910413185362113,0,0,0
28.485,9500.28983009434,1.56857944924131,9500,9500.28913070891,1.56857944924131,1.56857944924131,0,0.0120932963206555,20.7837605102362,15,0,15304.2545282637,-15304.1858060152,1.56857944924131,1.56399013836774,1.56444550961838,-0.000455371250648096,0.0120718567698259,0.00551066516742105,1.56859006103386,0,268.432963942638,62.5949429691291,8.03778305736308e-10,1,0.98430171844104,0,-0.000436376268820649,-0.000910742501296191,0,0,0
28.5,9500.29001149378,1.56835799844489,9500,9500.28931196339,1.56835799844489,1.56835799844489,0,0.0120957280898274,20.7797311205089,15,0,15301.6290703754,-15301.5603343067,1.56835799844489,1.56377963484986,1.56423517006362,-0.000455535213766067,0.0120744613564006,0.00550005337487058,1.5683686177972,0,268.420375016147,62.57566815737,8.11730270747526e-10,1,0.984324818860491,0,-0.000436535535065063,-0.000911070427532135,0,0,0
28.515,9500.2901929297,1.56813641075353,9500,9500.28949325543,1.56813641075353,1.56813641075353,0,0.0120981433487484,20.7757020534188,15,0,15299.0025114036,-15298.9337616084,1.56813641075353,1.56356900048221,1.56402469896125,-0.000455698479046474,0.0120770438588512,0.0054894340225633,1.56814703754668,0,268.407786082275,62.5563933425647,8.19760976624533e-10,1,0.984347920921986,0,-0.000436694136604077,-0.000911396958092947,0,0,0
28.53,9500.29037440185,1.56791468614626,9500,9500.28967458477,1.56791468614626,1.56791468614626,0,0.0121005425687265,20.7716733088562,15,0,15296.374851188,-15296.3060877576,1.56791468614626,1.56335823511663,1.56381409616177,-0.000455861045143502,0.0120796049776346,0.00547880722941541,1.56792532025576,0,268.395197140912,62.5371185246236,8.27871287890107e-10,1,0.9843710246259,0,-0.000436852074676475,-0.000911722090287004,0,0,0
28.545,9500.29055590999,1.56769282460209,9500,9500.28985595111,1.56769282460209,1.56769282460209,0,0.0121029263559769,20.7676448867751,15,0,15293.7460895773,-15293.6773125992,1.56769282460209,1.56314733860242,1.5636033615144,-0.000456022911980103,0.0120821453923871,0.00546817311991821,1.56770346589838,0,268.382608192136,62.5178437036208,8.36062511546651e-10,1,0.984394129972254,0,-0.000437009342585615,-0.000912045823960206,0,0,0
28.56,9500.29073745389,1.56747082610001,9500,9500.29003735421,1.56747082610001,1.56747082610001,0,0.0121052951806497,20.7636167870819,15,0,15291.1162264128,-15291.0474359722,1.56747082610001,1.56293631079315,1.56339249487185,-0.000456184078700517,0.0120846657665296,0.00545753182363251,1.56748147445938,0,268.370019235883,62.4985688795054,8.44334773463663e-10,1,0.984417236961338,0,-0.000437165940055717,-0.000912368157401033,0,0,0
28.575,9500.29091903331,1.56724869061896,9500,9500.29021879379,1.56724869061896,1.56724869061896,0,0.0121076495632678,20.7595890097171,15,0,15288.4852615408,-15288.4164577196,1.56724869061896,1.56272515153829,1.56318149607724,-0.00045634453894805,0.0120871667508543,0.00544688346426603,1.56725934592466,0,268.357430272188,62.4792940523129,8.52688789743529e-10,1,0.984440345593254,0,-0.000437321863514972,-0.000912689077896101,0,0,0
28.59,9500.29110064806,1.56702641813791,9500,9500.29040026961,1.56702641813791,1.56702641813791,0,0.0121099898888679,20.7555615545965,15,0,15285.8531948037,-15285.7843776819,1.56702641813791,1.56251386068545,1.56297036498107,-0.000456504295617721,0.0120896489594946,0.00543622815856426,1.56703708025278,0,268.344841301011,62.4600192220148,8.61125718901347e-10,1,0.984463455868252,0,-0.000437477108454543,-0.000913008591235442,0,0,0
28.605,9500.29128229791,1.56680400863573,9500,9500.29058178144,1.56680400863573,1.56680400863573,0,0.0121123165546455,20.7515344216538,15,0,15283.2200260458,-15283.1511957011,1.56680400863573,1.56230243808456,1.56275910142605,-0.000456663341493302,0.0120921130316817,0.00542556604369815,1.56681467744527,0,268.332252322364,62.440744388625,8.69646423950404e-10,1,0.98448656778648,0,-0.000437631672896677,-0.000913326682986604,0,0,0
28.62,9500.29146398265,1.56658146209136,9500,9500.29076332904,1.56658146209136,1.56658146209136,0,0.0121146301390238,20.7475076108098,15,0,15280.5857551115,-15280.5169116181,1.56658146209136,1.56209088358371,1.56254770526201,-0.000456821678301411,0.0120945595188971,0.00541489723415189,1.56659213746126,0,268.319663336218,62.4214695521267,8.78251472532811e-10,1,0.984509681348163,0,-0.000437785553613512,-0.000913643356602822,0,0,0
28.635,9500.29164570211,1.56635877848368,9500,9500.29094491218,1.56635877848368,1.56635877848368,0,0.0121169309390312,20.7434811219933,15,0,15277.9503818437,-15277.8815252742,1.56635877848368,1.56187919702723,1.56233617633101,-0.000456979303780747,0.0120969890115788,0.00540422186425671,1.56636946028392,0,268.307074342569,62.4021947125202,8.86942022156229e-10,1,0.98453279655348,0,-0.000437938749133782,-0.000913958607561494,0,0,0
28.65,9500.29182745607,1.56613595779156,9500,9500.29112653065,1.56613595779156,1.56613595779156,0,0.0121192194028154,20.7394549551435,15,0,15275.3139060882,-15275.2450365128,1.56613595779156,1.56166737826049,1.56212451447773,-0.000457136217238974,0.012099402050032,0.00539354006401283,1.56614664589003,0,268.294485341443,62.3829198698325,8.95719082409718e-10,1,0.984555913402562,0,-0.000438091257235929,-0.000914272434477947,0,0,0
28.665,9500.29200924436,1.56591299999386,9500,9500.29130818423,1.56591299999386,1.56591299999386,0,0.0121214958378265,20.7354291101716,15,0,15272.676327686,-15272.6074451731,1.56591299999386,1.56145542713333,1.56191271954508,-0.0004572924117483,0.0121017991623427,0.00538285196554433,1.56592369427538,0,268.281896332778,62.3636450240175,9.04582925063435e-10,1,0.984579031895695,0,-0.000438243071147815,-0.0009145848234966,0,0,0
28.68,9500.2921910668,1.56568990506948,9500,9500.29148987273,1.56568990506948,1.56568990506948,0,0.0121237606511033,20.731403587026,15,0,15270.0376464835,-15269.9687510991,1.56568990506948,1.56124334348598,1.56170079137545,-0.000457447889478546,0.0121041808402565,0.00537215768402821,1.56570060539105,0,268.269307316631,62.3443701751268,9.13534854136096e-10,1,0.984602152032949,0,-0.000438394194362868,-0.000914895778957092,0,0,0
28.695,9500.29237292321,1.5654666729972,9500,9500.29167159594,1.5654666729972,1.5654666729972,0,0.0121260142276823,20.7273783856185,15,0,15267.3978623227,-15267.3289541306,1.5654666729972,1.56103112716227,1.5614887298113,-0.000457602649030164,0.0121065476008647,0.00536145736245697,1.56547737922667,0,268.256718292936,62.3250953231119,9.22575288388528e-10,1,0.984625273814623,0,-0.000438544619026482,-0.000915205298060329,0,0,0
28.71,9500.29255481342,1.56524330375591,9500,9500.29185335366,1.56524330375591,1.56524330375591,0,0.0121282569242288,20.7233535058827,15,0,15264.7569750477,-15264.6880541098,1.56524330375591,1.56081877800687,1.56127653469182,-0.000457756684946187,0.0121088999005266,0.00535075113298933,1.56525401576997,0,268.244129261702,62.3058204679846,9.31705531142129e-10,1,0.984648397240876,0,-0.000438694341772461,-0.000915513369892373,0,0,0
28.725,9500.29273673727,1.5650197973244,9500,9500.29203514573,1.5650197973244,1.5650197973244,0,0.0121304890811963,20.719328947757,15,0,15262.1149845031,-15262.0460508793,1.5650197973244,1.5606062958609,1.56106420585882,-0.00045790999791806,0.0121112382019508,0.00534003911892733,1.565030514984,0,268.231540222948,62.2865456097662,9.4092688525208e-10,1,0.984671522311849,0,-0.000438843362801755,-0.00091581999583612,0,0,0
28.74,9500.29291869461,1.56479615368152,9500,9500.29221697195,1.56479615368152,1.56479615368152,0,0.0121327109296067,20.7153047111596,15,0,15259.4718905308,-15259.4029442796,1.56479615368152,1.56039368056334,1.56085174314842,-0.000458062585077634,0.0121135629459668,0.00532932145933618,1.56480687685252,0,268.21895117663,62.2672707484256,9.50239326274815e-10,1,0.984694649027802,0,-0.000438991679821532,-0.000916125170155269,0,0,0
28.755,9500.29310068527,1.56457237280607,9500,9500.29239883215,1.56457237280607,1.56457237280607,0,0.0121349229390309,20.7112807960207,15,0,15256.8276929753,-15256.7587341527,1.56457237280607,1.56018093195748,1.5606391463996,-0.000458214442112137,0.012115874556365,0.00531859828833414,1.56458310136159,0,268.206362122743,62.2479958839632,9.5964386166141e-10,1,0.984717777388922,0,-0.000439139285400181,-0.000916428884224274,0,0,0
28.77,9500.29328270912,1.56434845467687,9500,9500.29258072616,1.56434845467687,1.56434845467687,0,0.0121371253671248,20.707257202281,15,0,15254.182391681,-15254.1134203414,1.56434845467687,1.55996804988221,1.56042641545233,-0.000458365570127572,0.0121181734436653,0.00530786973281461,1.56435918847476,0,268.193773061312,62.2287210164045,9.69142235499983e-10,1,0.984740907395344,0,-0.000439286181417087,-0.000916731140255145,0,0,0
28.785,9500.293464766,1.56412439927272,9500,9500.29276265382,1.56412439927272,1.56412439927272,0,0.0121393184819665,20.7032339298638,15,0,15251.5359864907,-15251.4670026869,1.56412439927272,1.55975503417505,1.56021355013987,-0.000458515964816053,0.0121204600080528,0.00529713593492409,1.56413513818034,0,268.181183992307,62.2094461457314,9.7873501216322e-10,1,0.984764039047299,0,-0.00043943236334032,-0.000917031929632106,0,0,0
28.8,9500.29364685578,1.56390020657239,9500,9500.29294461496,1.56390020657239,1.56390020657239,0,0.0121415025973753,20.6992109786915,15,0,15248.8884772467,-15248.81948103,1.56390020657239,1.55954188467359,1.56000055030173,-0.000458665628142674,0.0121227346416638,0.00528639702730005,1.56391095044461,0,268.168594915696,62.1901712719209,9.88422608446514e-10,1,0.984787172345028,0,-0.000439577831307547,-0.000917331256285348,0,0,0
28.815,9500.29382897832,1.56367587655465,9500,9500.29312660945,1.56367587655465,1.56367587655465,0,0.0121436780480146,20.6951883487097,15,0,15246.2398637947,-15246.1708552143,1.56367587655465,1.5593286012178,1.55978741576905,-0.000458814551241415,0.0121249977303661,0.00527565315508394,1.56368662527041,0,268.156005831515,62.1708963950092,9.98206472516613e-10,1,0.984810307288643,0,-0.000439722575914514,-0.000917629102482831,0,0,0
28.83,9500.29401113349,1.56345140919829,9500,9500.29330863712,1.56345140919829,1.56345140919829,0,0.0121478124771205,20.6911660419599,16,0,15243.5901352579,-15243.5211031816,1.56345140919829,1.55911518364016,1.55957414637651,-0.000458962736351376,0.0121272496283219,0.0052649044393327,1.56346216260679,0,268.143416739754,62.1516215149926,4.22062455586683e-10,1,0.984833443878345,0,-0.000439866600698835,-0.000917925472702752,0,0,0
28.845,9500.29419335068,1.56322680448207,9500,9500.29349069784,1.56322680448207,1.56322680448207,0,0.0121499637769944,20.6871440545017,16,0,15240.9393129363,-15240.8702686334,1.56322680448207,1.55890163177759,1.55936074196113,-0.000459110183544054,0.0121294906918245,0.0052541510308366,1.56323756244134,0,268.130827640362,62.1323466318338,4.26522633956645e-10,1,0.984856582117468,0,-0.000440009900197547,-0.000918220367088107,0,0,0
28.86,9500.29437560013,1.56300206219057,9500,9500.2936727991,1.56300206219057,1.56300206219057,0,0.0121519821223049,20.6831223921527,16,0,15238.2873850276,-15238.2183292539,1.56300206219057,1.55868794546517,1.55914720253916,-0.000459257073994301,0.0121318340198281,0.00524339307157029,1.56301282438875,0,268.118238533364,62.1130717455601,4.3103328524218e-10,1,0.984879722003075,0,-0.000440152485852163,-0.000918514147988603,0,0,0
28.875,9500.29455787986,1.56277718234787,9500,9500.29385493877,1.56277718234787,1.56277718234787,0,0.0121538988833971,20.6791010538576,16,0,15235.6343515795,-15235.5652849121,1.56277718234787,1.55847412453735,1.55893352785674,-0.000459403319388096,0.0121342253392613,0.00523263087338366,1.56278794877196,0,268.105649418749,62.0937968561656,4.35591302448733e-10,1,0.984902863535177,0,-0.000440294348328596,-0.000918806638776193,0,0,0
28.89,9500.29474018835,1.56255216497864,9500,9500.29403711475,1.56255216497864,1.56255216497864,0,0.0121557451260609,20.6750800385532,16,0,15232.9802126431,-15232.9111354827,1.56255216497864,1.55826016882543,1.55871971767603,-0.000459548850598068,0.0121366229991642,0.00522186444930006,1.56256293557354,0,268.093060296499,62.074521963642,4.40197851235619e-10,1,0.984926006713841,0,-0.000440435484680313,-0.000919097701196137,0,0,0
28.905,9500.29492252452,1.56232701010537,9500,9500.29421932506,1.56232701010537,1.56232701010537,0,0.0121575502433487,20.6710593452359,16,0,15230.3249682629,-15230.2558808434,1.56232701010537,1.55804607816266,1.55850577177347,-0.000459693610806555,0.0121389967076514,0.00521109385440055,1.56233778479545,0,268.080471166627,62.0552470680045,4.44853065873713e-10,1,0.984949151539131,0,-0.000440575887168393,-0.00091938722161311,0,0,0
28.92,9500.29510488778,1.56210171774603,9500,9500.29440156799,1.56210171774603,1.56210171774603,0,0.012159340193671,20.667038972986,16,0,15227.6686184616,-15227.5995208691,1.56210171774603,1.55783185237992,1.55829168994549,-0.00045983756556911,0.0121413263873143,0.00520031916432773,1.56211249641311,0,268.067882029088,62.0359721692225,4.4955766965914e-10,1,0.984972298011255,0,-0.000440715552843418,-0.00091967513113822,0,0,0
28.935,9500.29528727788,1.56187628791263,9500,9500.2945838421,1.56187628791263,1.56187628791263,0,0.0121611368841591,20.6630189210381,16,0,15225.0111632394,-15224.9420554355,1.56187628791263,1.55761749130892,1.55807747200124,-0.000459980692323114,0.0121436005863854,0.00518954049725107,1.56188707042152,0,268.055292883916,62.0166972673272,4.54312680140797e-10,1,0.984995446130326,0,-0.000440854477006036,-0.000919961384646228,0,0,0
28.95,9500.29546969493,1.56165072061029,9500,9500.29476614628,1.56165072061029,1.56165072061029,0,0.0121629572981089,20.6589991887555,16,0,15222.3526025621,-15222.283484412,1.56165072061029,1.55740299477746,1.55786311775592,-0.000460122978461985,0.01214581502676,0.00517875798835998,1.56166150680889,0,268.042703731072,61.9974223622928,4.59117789320935e-10,1,0.98501859589662,0,-0.000440992653037764,-0.000920245956923971,0,0,0
28.965,9500.29565213929,1.56142501583696,9500,9500.2949484797,1.56142501583696,1.56142501583696,0,0.0121648137028423,20.6549797756735,16,0,15219.6929363658,-15219.623807665,1.56142501583696,1.5571883626163,1.55764862703951,-0.000460264423214785,0.0121479710171876,0.00516797178975437,1.56143580555962,0,268.030114570573,61.9781474541384,4.63973867145492e-10,1,0.985041747310336,0,-0.00044113008098301,-0.000920528846429569,0,0,0
28.98,9500.2958346115,1.56119917358347,9500,9500.29513084188,1.56119917358347,1.56119917358347,0,0.0121667134817968,20.6509606814621,16,0,15217.0321645514,-15216.9630250535,1.56119917358347,1.55697359465286,1.55743399968483,-0.00046040503196787,0.0121500740833446,0.00515718206709481,1.56120996665602,0,268.017525402373,61.9588725428322,4.68881930465749e-10,1,0.985064900371809,0,-0.000441266755213388,-0.00092081006393574,0,0,0
28.995,9500.2960171122,1.56097319383425,9500,9500.29531323258,1.56097319383425,1.56097319383425,0,0.0121686599798686,20.6469419059519,16,0,15214.3702869938,-15214.3011364333,1.56097319383425,1.55675869071526,1.55721923553134,-0.000460544816079267,0.0121521324449265,0.00514638899454845,1.56098399007765,0,268.004936226504,61.9395976284044,4.73841376533425e-10,1,0.985088055081242,0,-0.000441402673328373,-0.000921089632158534,0,0,0
29.01,9500.2961996421,1.56074707656805,9500,9500.29549565178,1.56074707656805,1.56074707656805,0,0.0121706525462592,20.6429234490762,16,0,15211.7073035384,-15211.6381416534,1.56074707656805,1.5565436506276,1.55700433441555,-0.000460683787947724,0.0121541559100785,0.00513559275114206,1.56075787580285,0,267.992347042935,61.9203227108352,4.78852927524699e-10,1,0.985111211438963,0,-0.000441537833023586,-0.000921367575895449,0,0,0
29.025,9500.29638220189,1.56052082175892,9500,9500.29567809967,1.56052082175892,1.56052082175892,0,0.012172687770066,20.638905310878,16,0,15209.0432140104,-15208.9740405585,1.56052082175892,1.55632847421826,1.5567892961792,-0.000460821960944546,0.0121561548534333,0.00512479351634343,1.56053162381271,0,267.979757851666,61.9010477901301,4.83918629952302e-10,1,0.985134369445235,0,-0.000441672232969648,-0.000921643921889093,0,0,0
29.04,9500.2965647922,1.56029442937744,9500,9500.29586057656,1.56029442937744,1.56029442937744,0,0.0121747599672234,20.6348874914738,16,0,15206.3780182187,-15206.30883299,1.56029442937744,1.55611316130969,1.55657412065995,-0.000460959350266021,0.0121581392860861,0.00511399146255154,1.56030523407171,0,267.9671686527,61.8817728662964,4.89037586317604e-10,1,0.985157529100314,0,-0.000441805871268963,-0.000921918700532043,0,0,0
29.055,9500.2967474136,1.56006789939185,9500,9500.29604308285,1.56006789939185,1.56006789939185,0,0.0121768619059923,20.6308699910145,16,0,15203.7117159584,-15203.6425187837,1.56006789939185,1.55589771173,1.55635880769621,-0.000461095966212355,0.0121601182385868,0.00510318676828891,1.56007870656586,0,267.954579445989,61.8624979393008,4.94211106704617e-10,1,0.98518069040454,0,-0.000441938742526515,-0.00092219193242471,0,0,0
29.07,9500.29693006653,1.55984123176895,9500,9500.29622561897,1.55984123176895,1.55984123176895,0,0.0121789856719904,20.6268528097099,16,0,15201.0443070219,-15200.9750977772,1.55984123176895,1.55568212529756,1.55614335711855,-0.000461231820991115,0.0121620993877093,0.00509237959427389,1.55985204124985,0,267.941990231584,61.8432230091894,4.9943961790253e-10,1,0.985203853358063,0,-0.000442070850740661,-0.00092246364198223,0,0,0
29.085,9500.29711275132,1.55961442647525,9500,9500.29640818536,1.55961442647525,1.55961442647525,0,0.0121811232720907,20.622835947745,16,0,15198.3757911956,-15198.3065698022,1.55961442647525,1.5554664018373,1.55592776876029,-0.000461366922992035,0.0121640887121309,0.00508157011337884,1.55962523810469,0,267.929401009438,61.8239480759292,5.04722958047003e-10,1,0.985227017961196,0,-0.000442202190551244,-0.000922733845984069,0,0,0
29.1,9500.29729546817,1.55938748347756,9500,9500.29659078243,1.55938748347756,1.55938748347756,0,0.0121832668527058,20.6188194053046,16,0,15195.7061682672,-15195.6369346912,1.55938748347756,1.55525054117182,1.55571204244484,-0.000461501273018694,0.0121660904925153,0.00507075848394045,1.55939829710972,0,267.916811779529,61.8046731395075,5.10062877783614e-10,1,0.985250184214196,0,-0.0004423327590235,-0.000923002546037388,0,0,0
29.115,9500.29747821717,1.5591604027438,9500,9500.29677341055,1.5591604027438,1.5591604027438,0,0.0121854096157696,20.6148031825673,16,0,15193.0354380328,-15192.9661922789,1.5591604027438,1.55503454311973,1.5554961779978,-0.000461634878067718,0.0121681072311045,0.00505994485177563,1.55917121821537,0,267.904222541893,61.7853981999595,5.15459509047643e-10,1,0.985273352117202,0,-0.000442462557992629,-0.000923269756135436,0,0,0
29.13,9500.29766099831,1.55893318424341,9500,9500.29695607,1.55893318424341,1.55893318424341,0,0.0121875456664597,20.6107872796525,16,0,15190.3636002907,-15190.2943423969,1.55893318424341,1.554818407502,1.55528017523705,-0.000461767735040697,0.0121701398573372,0.00504912938020685,1.55894400141213,0,267.891633296486,61.7661232572544,5.20913130811018e-10,1,0.985296521670487,0,-0.000442591584289831,-0.000923535470081394,0,0,0
29.145,9500.2978438115,1.55870582794752,9500,9500.29713876098,1.55870582794752,1.55870582794752,0,0.0121896703380174,20.6067716966608,16,0,15187.6906548493,-15187.6213848803,1.55870582794752,1.55460213413751,1.5550640339795,-0.000461899841992963,0.0121721879684556,0.00503831221148499,1.55871664666501,0,267.879044043323,61.7468483114084,5.26424757308248e-10,1,0.985319692874211,0,-0.000442719832625338,-0.000923799683985926,0,0,0
29.16,9500.29802665655,1.55847833382915,9500,9500.29732148364,1.55847833382915,1.55847833382915,0,0.0121917802803353,20.6027564336433,16,0,15185.0166015248,-15184.9473195644,1.55847833382915,1.5543857228444,1.55484775403854,-0.000462031194143231,0.0121742500705384,0.00502749349399356,1.5584891539501,0,267.86645478239,61.7275733624162,5.31994961232701e-10,1,0.985342865728576,0,-0.000442847306267868,-0.000924062388286462,0,0,0
29.175,9500.29820953326,1.55825070186326,9500,9500.29750423801,1.55825070186326,1.55825070186326,0,0.012193873373686,20.5987414906052,16,0,15182.3414401414,-15182.2721462853,1.55825070186326,1.55416917344271,1.55463133522698,-0.000462161784277937,0.0121763238198655,0.00501667337304146,1.55826152324719,0,267.853865513659,61.7082984102614,5.37623873932591e-10,1,0.985366040233803,0,-0.000442973997437424,-0.000924323568555874,0,0,0
29.19,9500.29839244136,1.55802293202657,9500,9500.29768702409,1.55802293202657,1.55802293202657,0,0.0121959486638737,20.5947268675275,16,0,15179.6651705329,-15179.5958648823,1.55802293202657,1.55395248574396,1.55441477735344,-0.000462291609482079,0.0121784063450123,0.0050058519891123,1.5580337545141,0,267.841276237149,61.6890234549626,5.43312950009243e-10,1,0.985389216390031,0,-0.000443099908860933,-0.000924583218964159,0,0,0
29.205,9500.29857538059,1.55779502429724,9500,9500.29786984179,1.55779502429724,1.55779502429724,0,0.012198006325757,20.5907125643419,16,0,15176.9877925387,-15176.9184751937,1.55779502429724,1.55373565957015,1.55419808022723,-0.000462420657082241,0.012180494578169,0.00499502950157926,1.55780584775756,0,267.828686952819,61.6697484964934,5.49061879299644e-10,1,0.985412394197498,0,-0.00044322503279326,-0.000924841314164482,0,0,0
29.22,9500.29875835068,1.55756697865487,9500,9500.29805269099,1.55756697865487,1.55756697865487,0,0.0122000470715089,20.5866985809752,16,0,15174.3093060056,-15174.2399770624,1.55756697865487,1.5535186947314,1.55398124365439,-0.000462548922990802,0.0121825853254049,0.00498420604125704,1.55757780292667,0,267.81609766071,61.6504735348909,5.5487240985285e-10,1,0.9854355736563,0,-0.000443349371695323,-0.000925097845981604,0,0,0
29.235,9500.29894135139,1.55733879507992,9500,9500.29823557152,1.55733879507992,1.55733879507992,0,0.01220207259529,20.5826849173046,16,0,15171.6297107835,-15171.5603703286,1.55733879507992,1.55330159104441,1.55376426744485,-0.000462676400443396,0.0121846756701015,0.00497338176945616,1.55734962001298,0,267.803508360761,61.6311985701126,5.60743937184969e-10,1,0.985458754766716,0,-0.000443472920253152,-0.000925352800886792,0,0,0
29.25,9500.29912438248,1.55711047355372,9500,9500.29841848319,1.55711047355372,1.55711047355372,0,0.0122040848963953,20.5786715732169,16,0,15168.9490067282,-15168.8796548366,1.55711047355372,1.55308434832459,1.5535471514015,-0.000462803076914931,0.0121867628847868,0.00496255683639557,1.55712129900715,0,267.790919053005,61.6119236021892,5.66678649669845e-10,1,0.985481937528857,0,-0.00044359567256147,-0.000925606153829861,0,0,0
29.265,9500.29930744375,1.55688201405787,9500,9500.29860142582,1.55688201405787,1.55688201405787,0,0.0122060861159755,20.5746585485746,16,0,15166.2671936947,-15166.1978304295,1.55688201405787,1.55286696637879,1.55332989533408,-0.000462928955293984,0.0121888447916558,0.00495173138296323,1.55689283985116,0,267.778329737411,61.592648631101,5.72675648568371e-10,1,0.985505121942957,0,-0.000443717635848939,-0.000925857910587968,0,0,0
29.28,9500.29949053504,1.55665341657419,9500,9500.29878439919,1.55665341657419,1.55665341657419,0,0.0122080784884003,20.5706458432511,16,0,15163.5842715408,-15163.5148969523,1.55665341657419,1.55264944502506,1.55311249904769,-0.000463054022637799,0.0121909196409843,0.00494090558967475,1.55666424256945,0,267.765740413996,61.5733736568679,5.78736386741989e-10,1,0.98552830800916,0,-0.000443838796574614,-0.000926108045275598,0,0,0
29.295,9500.29967365622,1.55642468108443,9500,9500.29896740312,1.55642468108443,1.55642468108443,0,0.0122100643951064,20.566633457099,16,0,15160.9002401228,-15160.8308542476,1.55642468108443,1.55243178406914,1.55289496234884,-0.00046317827969955,0.0121929862042055,0.00493007959441449,1.55643550710416,0,267.753151082708,61.554098679452,5.84861875707296e-10,1,0.985551495727744,0,-0.00044395915898332,-0.0009263565593991,0,0,0
29.31,9500.29985680718,1.55619580757008,9500,9500.29915043744,1.55619580757008,1.55619580757008,0,0.0122120457543283,20.5626213899998,16,0,15158.2150992971,-15158.1457021612,1.55619580757008,1.55221398332531,1.55267728504274,-0.00046330171743536,0.0121950437391021,0.00491925357468115,1.55620663346512,0,267.740561743567,61.5348236988759,5.91051951186769e-10,1,0.985574685098858,0,-0.000444078718044638,-0.000926603434870721,0,0,0
29.325,9500.30003998787,1.55596679601235,9500,9500.29933350199,1.55596679601235,1.55596679601235,0,0.0122140243354971,20.5586096418379,16,0,15155.5288489187,-15155.4594405378,1.55596679601235,1.55199604260035,1.55245946693614,-0.000463424335788387,0.0121970919358739,0.00490842767964716,1.55597762160842,0,267.727972396581,61.5155487151501,5.97307771203658e-10,1,0.985597876122677,0,-0.000444197471819008,-0.000926848671576774,0,0,0
29.34,9500.30022319823,1.55573764639187,9500,9500.29951659664,1.55573764639187,1.55573764639187,0,0.0122160017019191,20.5545982124936,16,0,15152.8414888392,-15152.7720692202,1.55573764639187,1.55177796170581,1.55224150783793,-0.000463546132124515,0.0121991309287834,0.00489760208357781,1.55574847152514,0,267.715383041707,61.4962737282455,6.03630199561498e-10,1,0.98562106879947,0,-0.000444315415644159,-0.00092709226424903,0,0,0
29.355,9500.30040643826,1.5555083586889,9500,9500.29969972127,1.5555083586889,1.5555083586889,0,0.0122179788842184,20.550587101872,16,0,15150.1530189089,-15150.0835880529,1.5555083586889,1.55155974044714,1.5520234075514,-0.000463667104258825,0.0122011611174578,0.00488677695031381,1.55551918318893,0,267.702793678952,61.4769987381738,6.10020099755043e-10,1,0.985644263129416,0,-0.00044443254768245,-0.000927334208517649,0,0,0
29.37,9500.30058970794,1.55527893288303,9500,9500.29988287581,1.55527893288303,1.55527893288303,0,0.0122199565824087,20.546576309883,16,0,15147.463438975,-15147.393996879,1.55527893288303,1.55134137862956,1.55180516588236,-0.000463787252805492,0.0122031832423098,0.00487595245028349,1.55528975657423,0,267.690204308294,61.4577237449222,6.16477747462128e-10,1,0.985667459112754,0,-0.000444548870822903,-0.000927574505610984,0,0,0
29.385,9500.30077300729,1.55504936895347,9500,9500.3000660602,1.55504936895347,1.55504936895347,0,0.0122219353957574,20.54256583646,16,0,15144.7727488848,-15144.7032955426,1.55504936895347,1.55112287606178,1.55158678263646,-0.000463906574679651,0.012205198121389,0.00486512875907796,1.5550601916715,0,267.677614929762,61.4384487485187,6.23003418260574e-10,1,0.985690656749627,0,-0.00044466437516455,-0.000927813149359302,0,0,0
29.4,9500.30095633632,1.55481966687902,9500,9500.30024927437,1.55481966687902,1.55481966687902,0,0.0122239153827439,20.5385556815238,16,0,15142.0809484804,-15142.0114838852,1.55481966687902,1.5509042325485,1.55136825761811,-0.000464025069610852,0.0122072066868562,0.00485430604105264,1.55483048845033,0,267.665025543312,61.4191737489334,6.29598121882176e-10,1,0.985713856040312,0,-0.000444779063114797,-0.000928050139221703,0,0,0
29.415,9500.30113969505,1.55458982663806,9500,9500.30043251832,1.55458982663806,1.55458982663806,0,0.0122258964808358,20.5345458450208,16,0,15139.3880376043,-15139.3185617498,1.55458982663806,1.55068544789444,1.55114959063045,-0.000464142736014361,0.0122092099060946,0.0048434844697427,1.55460064689215,0,267.652436148955,61.3998987461812,6.36263308211727e-10,1,0.985737056984985,0,-0.00044489293078942,-0.000928285472028723,0,0,0
29.43,9500.3013230835,1.55435984820873,9500,9500.30061579201,1.55435984820873,1.55435984820873,0,0.0122278784920143,20.5305363268918,16,0,15136.6940160968,-15136.6245289778,1.55435984820873,1.55046652190284,1.55093078147604,-0.00046425957320495,0.0122112086934463,0.00483266421565531,1.55437066697208,0,267.639846746669,61.3806237402495,6.42999692492577e-10,1,0.985760259583885,0,-0.000445005975779456,-0.000928519146409901,0,0,0
29.445,9500.30150650168,1.55412973156891,9500,9500.30079909544,1.55412973156891,1.55412973156891,0,0.0122298609559726,20.5265271270922,16,0,15133.9988837978,-15133.9293854117,1.55412973156891,1.55024745437641,1.55071182995923,-0.000464375582812426,0.0122132039219456,0.00482184545230546,1.55414054866309,0,267.62725733646,61.3613487311475,6.49806962029181e-10,1,0.9857834638372,0,-0.000445118195790073,-0.000928751165624853,0,0,0
29.46,9500.30168994959,1.55389947669633,9500,9500.30098242861,1.55389947669633,1.55389947669633,0,0.0122318434205099,20.5225182455698,16,0,15131.3026405452,-15131.2331308921,1.55389947669633,1.55002824511747,1.55049273587641,-0.000464490758941505,0.0122151963519838,0.00481102835811864,1.5539102919577,0,267.6146679183,61.3420737188591,6.56687153014796e-10,1,0.985806669745174,0,-0.00044522958999238,-0.00092898151788301,0,0,0
29.475,9500.30187342724,1.55366908356873,9500,9500.30116579151,1.55366908356873,1.55366908356873,0,0.0122338254195294,20.518509682279,16,0,15128.605286178,-15128.5357652605,1.55366908356873,1.54980889392673,1.5502734990323,-0.00046460510556634,0.0122171865757544,0.00480021309674394,1.55367989681234,0,267.602078492183,61.3227987033842,6.63640245916992e-10,1,0.985829877308019,0,-0.000445340153970575,-0.000929210211132681,0,0,0
29.49,9500.30205693462,1.55343855216378,9500,9500.30134918416,1.55343855216378,1.55343855216378,0,0.0122358064041368,20.5145014371879,16,0,15125.9068205357,-15125.8372883596,1.55343855216378,1.54958940060588,1.55005411922265,-0.000464718616773441,0.012219175108106,0.00478939985313476,1.55344936322547,0,267.589489058141,61.3035236847536,6.70666514753357e-10,1,0.985853086525869,0,-0.000445449884944216,-0.000929437233546881,0,0,0
29.505,9500.30224047172,1.55320788245925,9500,9500.30153260654,1.55320788245925,1.55320788245925,0,0.0122377858572831,20.510493510235,16,0,15123.2072434552,-15123.1377000291,1.55320788245925,1.54936976495421,1.54983459624563,-0.000464831291416612,0.0122211622695314,0.00477858879144644,1.55321869116283,0,267.57689961612,61.2842486629305,6.77768581596467e-10,1,0.985876297399015,0,-0.000445558783423117,-0.000929662582833224,0,0,0
29.52,9500.30242403851,1.55297707443299,9500,9500.30171605865,1.55297707443299,1.55297707443299,0,0.0122397634859932,20.5064859013757,16,0,15120.5065547765,-15120.4370001108,1.55297707443299,1.54914998676922,1.54961492989801,-0.000464943128786643,0.0122231482828064,0.00476778008787448,1.55298788059952,0,267.564310166127,61.2649736379242,6.84945398918986e-10,1,0.985899509927642,0,-0.000445666844342441,-0.000929886257573287,0,0,0
29.535,9500.30260763496,1.55274612806292,9500,9500.30189954048,1.55274612806292,1.55274612806292,0,0.0122417390320319,20.5024786105572,16,0,15117.804754339,-15117.7351884456,1.55274612806292,1.54893006584954,1.54939511997831,-0.000465054128774955,0.0122251332677814,0.00475697392133911,1.55275693151332,0,267.551720708145,61.2456986097278,6.92198120567474e-10,1,0.98592272411197,0,-0.00044577406776436,-0.000930108257549911,0,0,0
29.55,9500.30279126105,1.55251504332713,9500,9500.30208305202,1.55251504332713,1.55251504332713,0,0.0122437121306278,20.4984716377307,16,0,15115.1018419829,-15115.0322648756,1.55251504332713,1.54871000199205,1.54917516627891,-0.000465164286861164,0.0122271172373241,0.00474617047093751,1.55252584388926,0,267.539131242183,61.226423578353,6.9952834013835e-10,1,0.985945939952181,0,-0.000445880450319569,-0.000930328573722328,0,0,0
29.565,9500.30297491673,1.55228382020385,9500,9500.30226659324,1.55228382020385,1.55228382020385,0,0.0122456826179234,20.494464982834,16,0,15112.3978175479,-15112.3282292417,1.55228382020385,1.54848979499401,1.54895506859252,-0.000465273598509119,0.0122291001209839,0.00473536990880974,1.5522946177058,0,267.526541768217,61.2071485437861,7.06936330291087e-10,1,0.985969157448506,0,-0.000445985988858144,-0.000930547197018239,0,0,0
29.58,9500.30315860197,1.55205245867136,9500,9500.30245016412,1.55205245867136,1.55205245867136,0,0.0122476505188156,20.4904586458125,16,0,15109.6926808764,-15109.6230813858,1.55205245867136,1.54826944464922,1.54873482671557,-0.000465382066355602,0.0122310818370702,0.00472457240685697,1.55206325292336,0,267.51395228625,61.1878735060358,7.14422950364189e-10,1,0.985992376601134,0,-0.000446090684621092,-0.000930764132711204,0,0,0
29.595,9500.30334231673,1.55182095870812,9500,9500.30263376465,1.55182095870812,1.55182095870812,0,0.0122496158744137,20.4864526265983,16,0,15106.9864318092,-15106.9168211488,1.55182095870812,1.54804895075477,1.54851444043833,-0.000465489683564524,0.0122330622414902,0.00471377815485829,1.5518317495425,0,267.501362796257,61.1685984650853,7.21989352751491e-10,1,0.986015597410303,0,-0.000446194530596467,-0.000930979367129048,0,0,0
29.61,9500.30352606096,1.55158932029271,9500,9500.30281739478,1.55158932029271,1.55158932029271,0,0.0122515787281427,20.4824469251352,16,0,15104.2790701896,-15104.2094483736,1.55158932029271,1.5478283131017,1.54829390955256,-0.00046559645086397,0.0122350411415527,0.0047029873204798,1.55160010752045,0,267.488773298256,61.1493234209564,7.29636249429603e-10,1,0.986038819876171,0,-0.000446297527837647,-0.00093119290172794,0,0,0
29.625,9500.30370983464,1.55135754340374,9500,9500.30300105448,1.55135754340374,1.55135754340374,0,0.0122535391581682,20.4784415413499,16,0,15101.5705958589,-15101.5009629011,1.55135754340374,1.54760753148504,1.54807323384718,-0.000465702362144826,0.0122370184140134,0.0046922000927434,1.55136832685349,0,267.476183792212,61.1300483736263,7.37363618841603e-10,1,0.986062043998995,0,-0.000446399673004638,-0.000931404724289653,0,0,0
29.64,9500.30389363773,1.55112562801984,9500,9500.30318474372,1.55112562801984,1.55112562801984,0,0.0122554974186719,20.4744364751794,16,0,15098.8610086607,-15098.7913645734,1.55112562801984,1.54738660569654,1.54785241311499,-0.000465807418457365,0.0122389939360657,0.00468141664299093,1.55113640750261,0,267.463594278129,61.1107733231022,7.4517437228654e-10,1,0.986085269778963,0,-0.000446500964607299,-0.000931614836914729,0,0,0
29.655,9500.30407747019,1.55089357411974,9500,9500.30336846246,1.55089357411974,1.55089357411974,0,0.0122574535658172,20.4704317265561,16,0,15096.1503084371,-15096.0806532322,1.55089357411974,1.54716553552828,1.54763144714345,-0.000465911615163295,0.0122409675852439,0.00467063716021765,1.55090434945817,0,267.451004755998,61.0914982693837,7.53067021141327e-10,1,0.986108497216279,0,-0.000446601397773083,-0.000931823230326589,0,0,0
29.67,9500.304261332,1.55066138168224,9500,9500.30355221068,1.55066138168224,1.55066138168224,0,0.0122594079886937,20.4664272954119,16,0,15093.4384950327,-15093.3688287201,1.55066138168224,1.54694432077006,1.5474103357198,-0.000466014949735749,0.0122429392393476,0.00465986182178479,1.55067215269237,0,267.438415225816,61.0722232124725,7.6104388933799e-10,1,0.986131726311148,0,-0.000446700972519976,-0.000932029899471498,0,0,0
29.685,9500.30444522312,1.55042905068606,9500,9500.30373598833,1.55042905068606,1.55042905068606,0,0.0122613607260944,20.4624231816757,16,0,15090.7255682891,-15090.6558908783,1.55042905068606,1.54672296121192,1.54718907863356,-0.000466117421643597,0.0122449088568547,0.00464909081164966,1.55043981718028,0,267.425825687563,61.0529481523592,7.69105247531638e-10,1,0.986154957063795,0,-0.000446799685556387,-0.000932234843287194,0,0,0
29.7,9500.30462914353,1.55019658110987,9500,9500.30391979539,1.55019658110987,1.55019658110987,0,0.0122633119945663,20.4584193852868,16,0,15088.01152805,-15087.9418395495,1.55019658110987,1.54650145664214,1.5469676756688,-0.000466219026660886,0.012246876459076,0.0046383243174295,1.55020734290625,0,267.413236141249,61.0336730890569,7.77253125364753e-10,1,0.986178189474398,0,-0.000446897536740876,-0.000932438053321771,0,0,0
29.715,9500.30481309321,1.54996397293243,9500,9500.30410363183,1.54996397293243,1.54996397293243,0,0.0122652620453963,20.4544159061678,16,0,15085.2963741582,-15085.2266745748,1.54996397293243,1.54627980685087,1.5467461266135,-0.000466319762630008,0.0122488420089601,0.00462756252104901,1.54997472984666,0,267.40064658684,61.0143980225434,7.85486620206138e-10,1,0.986201423543213,0,-0.00044699452075192,-0.000932639525260015,0,0,0
29.73,9500.30499707214,1.54973122613238,9500,9500.30428749761,1.54973122613238,1.54973122613238,0,0.0122672109411167,20.4504127442585,16,0,15082.5801064563,-15082.5103957966,1.54973122613238,1.54605801162265,1.54652443125497,-0.000466419632315862,0.0122508055849475,0.00461680560682098,1.54974197796484,0,267.388057024343,60.9951229528304,7.93808640419383e-10,1,0.986224659270422,0,-0.000447090638887815,-0.000932839264631724,0,0,0
29.745,9500.3051810803,1.54949834068834,9500,9500.30447139272,1.54949834068834,1.54949834068834,0,0.0122691588369001,20.4464098994873,16,0,15079.8627247862,-15079.7930030559,1.54949834068834,1.5458360707464,1.54630258937212,-0.000466518625718448,0.0122527672481274,0.00460605377435996,1.54950908726932,0,267.375467453734,60.9758478799026,8.0221813644215e-10,1,0.986247896656264,0,-0.000447185884704382,-0.000933037251436897,0,0,0
29.76,9500.30536511768,1.54926531657891,9500,9500.30465531713,1.54926531657891,1.54926531657891,0,0.0122711057802247,20.4424073717959,16,0,15077.1442289912,-15077.0744961957,1.54926531657891,1.54561398400668,1.54608060075349,-0.000466616746810145,0.0122547270729001,0.0045953071933722,1.54927605770643,0,267.362877875023,60.9565728037754,8.10717869082895e-10,1,0.986271135700916,0,-0.000447280260329475,-0.000933233493620289,0,0,0
29.775,9500.30554918427,1.54903215378269,9500,9500.30483927082,1.54903215378269,1.54903215378269,0,0.0122730519864794,20.4384051611174,16,0,15074.424618914,-15074.3548750575,1.54903215378269,1.54539175118943,1.5458584651795,-0.000466713990076473,0.0122566851440327,0.00458456606585678,1.54904288927513,0,267.350288288196,60.9372977244426,8.19307228080516e-10,1,0.986294376404597,0,-0.000447373761624847,-0.000933427980152945,0,0,0
29.79,9500.30573328005,1.54879885227821,9500,9500.30502325376,1.54879885227821,1.54879885227821,0,0.0122749974064489,20.4344032673881,16,0,15071.703894396,-15071.6341394829,1.54879885227821,1.54516937207789,1.54563618243223,-0.000466810354338598,0.0122586415543657,0.00457383057341465,1.54880958194263,0,267.337698693247,60.9180226419039,8.27987947587577e-10,1,0.986317618767515,0,-0.000447466384883688,-0.000933620708677196,0,0,0
29.805,9500.30591740501,1.54856541204395,9500,9500.30520726595,1.54856541204395,1.54856541204395,0,0.0122769420922435,20.4304016905475,16,0,15068.9820552796,-15068.9122893141,1.54856541204395,1.54494684645695,1.54541375229524,-0.000466905838290899,0.0122605964298513,0.00456310090899881,1.54857613568936,0,267.32510909017,60.8987475561614,8.36761468139202e-10,1,0.986340862789875,0,-0.000447558129908154,-0.000933811676581797,0,0,0
29.82,9500.30610155914,1.54833183305835,9500,9500.30539130736,1.54833183305835,1.54833183305835,0,0.012278885996385,20.4264004305281,16,0,15066.2591014052,-15066.1893243918,1.54833183305835,1.54472417410502,1.54519117454697,-0.000467000441955134,0.012262549895405,0.00455237726358715,1.54834255048469,0,267.312519478944,60.8794724672013,8.45627911377398e-10,1,0.986364108471915,0,-0.000447648995625993,-0.000934000883910269,0,0,0
29.835,9500.30628574243,1.5480981152999,9500,9500.30557537799,1.5480981152999,1.5480981152999,0,0.0122808292427798,20.4223994872708,16,0,15063.535032616,-15063.4652445584,1.5480981152999,1.54450135480973,1.5449684489657,-0.000467094155970571,0.0122645020214872,0.00454165983724431,1.54810882633503,0,267.299929859567,60.8601973750303,8.54588570686174e-10,1,0.98638735581383,0,-0.000447738975325684,-0.000934188311941142,0,0,0
29.85,9500.30646995487,1.54786425874702,9500,9500.30575947781,1.54786425874702,1.54786425874702,0,0.0122827717358927,20.4183988607173,16,0,15060.8098487534,-15060.7400496558,1.54786425874702,1.5442783883486,1.54474557533608,-0.000467186987477941,0.0122664529166204,0.00453094880211502,1.54787496317576,0,267.287340232042,60.840922279655,8.6364517836909e-10,1,0.986410604815812,0,-0.00044782807188759,-0.000934373974955882,0,0,0
29.865,9500.30665419645,1.54763026337818,9500,9500.30594360682,1.54763026337818,1.54763026337818,0,0.0122847135625739,20.4143985507993,16,0,15058.0835496586,-15058.0137395249,1.54763026337818,1.54405527450039,1.5445225534318,-0.000467278931416182,0.0122684026384981,0.00452024437337917,1.54764096101093,0,267.274750596342,60.8216471810594,8.72797562293462e-10,1,0.986433855478106,0,-0.00044791628107399,-0.000934557862832364,0,0,0
29.88,9500.30683846715,1.54739612917172,9500,9500.30612776501,1.54739612917172,1.54739612917172,0,0.0122866545769148,20.4103985574509,16,0,15055.3561351717,-15055.2863140065,1.54739612917172,1.5438320130481,1.54429938303075,-0.000467369982646515,0.0122703513125239,0.00450954674062376,1.54740681982343,0,267.262160952439,60.8023720792263,8.82047014729965e-10,1,0.98645710780096,0,-0.000448003599605951,-0.00093473996529303,0,0,0
29.895,9500.30702276697,1.54716185610612,9500,9500.30631195235,1.54716185610612,1.54716185610612,0,0.0122885948327628,20.4063988806285,16,0,15052.6276051369,-15052.5577729445,1.54716185610612,1.54360860376725,1.54407606390954,-0.000467460142293152,0.0122722989558902,0.00449885608890921,1.54717253957157,0,267.249571300385,60.7830969742029,8.91395266752753e-10,1,0.986480361784474,0,-0.000448090027788339,-0.000934920284586305,0,0,0
29.91,9500.30720709589,1.54692744415981,9500,9500.30649616884,1.54692744415981,1.54692744415981,0,0.0122905343567518,20.4023995202535,16,0,15049.8979593939,-15049.8281161784,1.54692744415981,1.54338504643678,1.54385259584095,-0.000467549404174816,0.0122742456356345,0.00448817262346379,1.54693812025189,0,267.236981640115,60.7638218659441,9.00842877549016e-10,1,0.98650361742896,0,-0.000448175561750697,-0.000935098808349633,0,0,0
29.925,9500.30739145391,1.54669289331118,9500,9500.30668041447,1.54669289331118,1.54669289331118,0,0.0122924730643475,20.3984004762747,16,0,15047.1671977846,-15047.0973435507,1.54669289331118,1.54316134083391,1.54362897860612,-0.000467637772205487,0.0122761914039656,0.00447749653138052,1.54670356182088,0,267.224391971654,60.7445467544739,9.10390845291512e-10,1,0.986526874734571,0,-0.000448260200574868,-0.000935275544410974,0,0,0
29.94,9500.307575841,1.54645820353872,9500,9500.30686468923,1.54645820353872,1.54645820353872,0,0.0122944110551384,20.3944017486264,16,0,15044.4353201511,-15044.3654549028,1.54645820353872,1.54293748673335,1.54340521197385,-0.000467725240506756,0.0122781362747199,0.00446682802168219,1.54646886427401,0,267.211802294983,60.7252716397826,9.20040753325708e-10,1,0.986550133701539,0,-0.000448343940378848,-0.000935450481013511,0,0,0
29.955,9500.30776025717,1.54622337482085,9500,9500.3070489931,1.54622337482085,1.54622337482085,0,0.0122963482799093,20.3904033372463,16,0,15041.7023263344,-15041.6324500762,1.54622337482085,1.54271348391282,1.54318129572099,-0.000467811808169127,0.0122800802854971,0.00445616728638809,1.54623402758287,0,267.199212610092,60.705996521868,9.29792427996173e-10,1,0.986573394330076,0,-0.00044842678166801,-0.000935623616338255,0,0,0
29.97,9500.30794470239,1.54598840713607,9500,9500.30723332608,1.54598840713607,1.54598840713607,0,0.0122982847762952,20.3864052420688,16,0,15038.9682161761,-15038.898328912,1.54598840713607,1.54248933214381,1.54295722961695,-0.000467897473141798,0.0122820234387558,0.00444551452436959,1.54599905172189,0,267.186622916963,60.6867214007219,9.39648622838894e-10,1,0.986596656620411,0,-0.000448508720099605,-0.000935794946283597,0,0,0
29.985,9500.30812917666,1.54575330046281,9500,9500.30741768814,1.54575330046281,1.54575330046281,0,0.0123002205402432,20.3824074630382,16,0,15036.2329895183,-15036.1630912525,1.54575330046281,1.5422650312019,1.54273301343551,-0.000467982233609554,0.0122839657632349,0.00443486993854281,1.54576393667323,0,267.174033215607,60.6674462763586,9.49609456223328e-10,1,0.986619920572719,0,-0.000448589754491469,-0.000935964467219108,0,0,0
30,9500.30831367997,1.5455180547796,9500,9500.30760207929,1.5455180547796,1.5455180547796,0,0.0123021557136088,20.3784100000856,16,0,15033.4966462026,-15033.4267369385,1.5455180547796,1.54204058086062,1.54250864694654,-0.000468066085919761,0.0122859072544922,0.00442423372812883,1.54552868241691,0,267.161443506,60.6481711487634,9.59676509780229e-10,1,0.986643186187243,0,-0.000448669881323749,-0.000936132171839521,0,0,0
30.015,9500.30849821231,1.54528267006484,9500,9500.3077864995,1.54528267006484,1.54528267006484,0,-0.139791423393492,20.3834702734003,10,0,15032.398715842,-15033.1931063503,1.54528267006484,1.5418159808903,1.54228412991995,-0.000468149029651643,0.012287847962716,0.00441360609081598,1.54529328892181,0,267.161443506003,60.6481711487664,7.9544368824194e-10,1,0.986643205351622,0,-0.000448749100759871,-0.000936298059303287,0,0,0
30.03,9500.30640134095,1.54504714629702,9500,9500.30797094877,1.54504714629702,1.54504714629702,0,-0.289914706415934,20.3885077320905,9,0,15031.2906536827,-15032.9381470308,1.54504714629702,1.5418159808907,1.54228440198538,-0.000468421094680371,0.0122897879001692,0.00440298723383892,1.54528212593518,0,267.161443506003,60.6481711487664,4.86326660072699e-10,1,0.98664298758355,0,-0.000449018100942888,-0.000936842189360743,0,0,0
30.045,9500.30205262036,1.54482649791972,9500,9500.30756416528,1.54482649791972,1.54482649791972,0,-0.428411427902918,20.3931999789902,9,0,15030.2427107897,-15032.6772359759,1.54482649791972,1.5418159808907,1.54227004612464,-0.000454065233942202,0.00357261721424411,0.00416800759567848,1.54507585801849,0,267.161443506003,60.6481711487664,9.1258062735808e-10,1,0.98664253595236,0,-0.000448424848440432,-0.000908130467884405,0,0,0
30.06,9500.29562644894,1.54463209713409,9500,9500.30613577952,1.54463209713409,1.54463209713409,0,-0.548092950947603,20.3973044297409,11,0,15029.3086646122,-15032.4232995262,1.54463209713409,1.5418159808907,1.54223346040717,-0.000417479516469976,-0.0182814970474191,0.00391864749690418,1.54489966935466,0,267.161443506003,60.6481711487664,4.46578558727503e-10,1,0.986641868569994,0,-0.000446341690647722,-0.000834959032939953,0,0,0
30.075,9500.28740505468,1.54447165884606,9500,9500.30341215514,1.54447165884606,1.54447165884606,0,-0.64423812258707,20.4006582609939,11,0,15028.5257215716,-15032.1867152218,1.54447165884606,1.5418159808907,1.54217246438668,-0.000356483495987492,-0.0544018829742777,0.00365107527633102,1.54475408917505,0,267.161443506003,60.6481711487664,6.947972329093e-10,1,0.9866410147469,0,-0.000442369572696943,-0.000712966991974984,0,0,0
30.09,9500.27774148284,1.54434944495896,9500,9500.29926371496,1.54434944495896,1.54434944495896,0,-0.714413409699204,20.4031737320586,11,0,15027.9152378738,-15031.975010502,1.54434944495896,1.5418159808907,1.54208883691121,-0.000272856020508971,-0.103543676919205,0.00336864494734179,1.54463891379702,0,267.161443506003,60.6481711487664,9.09772356334976e-10,1,0.986640011148176,0,-0.000436319553013043,-0.000545712041017943,0,0,0
30.105,9500.26702528169,1.54426663834519,9500,9500.29368595948,1.54426663834519,1.54426663834519,0,-0.7582042818438,20.404829751778,12,0,15027.4843405302,-15031.7929571884,1.54426663834519,1.5418159808907,1.54198701664044,-0.000171035749745529,-0.162892906331321,0.00307917610928543,1.54455308550049,0,267.161443506003,60.6481711487664,4.77677746138663e-10,1,0.98663889822989,0,-0.000428185112494539,-0.000342071499491059,0,0,0
30.12,9500.25565221746,1.54422183196185,9500,9500.28677651157,1.54422183196185,1.54422183196185,0,-0.776879388393606,20.4056610431108,12,0,15027.2281237463,-15031.6428593885,1.54422183196185,1.5418159808907,1.54187298524711,-5.70043564118716e-05,-0.228752087446703,0.00279272895398797,1.54449470113186,0,267.161443506003,60.6481711487664,5.33503370283657e-10,1,0.986637717093872,0,-0.000418108686047969,-0.000114008712823743,0,0,0
30.135,9500.24399902664,1.54421158342085,9500,9500.2787102617,1.54421158342085,1.54421158342085,0,-0.772998024116851,20.4057459449397,12,0,15027.1320685638,-15031.5247423733,1.54421158342085,1.5418159808907,1.54175334327861,6.26376120871353e-05,-0.297102181837623,0.00251985978397617,1.54446111589885,0,267.161443506003,60.6481711487664,5.68795305889715e-10,1,0.986636506865641,0,-0.000406345393981544,0.000125275224174271,0,0,0
30.15,9500.23240405628,1.54423099078618,9500,9500.26971441124,1.54423099078618,1.54423099078618,0,-0.750028646762228,20.4051937870403,12,0,15027.1746920355,-15031.4368338122,1.54423099078618,1.5418159808907,1.54163458019227,0.000181400698427092,-0.364041750324362,0.00227032730598253,1.54444910959353,0,267.161443506003,60.6481711487664,5.84367988975048e-10,1,0.986635302683827,0,-0.000393226639398225,0.000362801396854184,0,0,0
30.165,9500.22115362657,1.54427425025353,9500,9500.26004496637,1.54427425025353,1.54427425025353,0,-0.711974916460004,20.4041327225036,12,0,15027.3300850406,-15031.3759764274,1.54427425025353,1.5418159808907,1.54152253411122,0.000293446779476847,-0.426107575772404,0.00205220849862497,1.54445508294828,0,267.161443506003,60.6481711487664,5.8221952428726e-10,1,0.986634134283872,0,-0.000379125815408443,0.000586893558953694,0,0,0
30.18,9500.21047400283,1.54433516651275,9500,9500.24996578952,1.54433516651275,1.54433516651275,0,-0.663039103333513,20.4026986390237,12,0,15027.5702621275,-15031.338065065,1.54433516651275,1.5418159808907,1.54142202715658,0.000393953734115549,-0.480486648798132,0.00187137580387997,1.54447526416281,0,267.161443506003,60.6481711487664,5.65060264575173e-10,1,0.986633025164288,0,-0.000364427754114161,0.000787907468231097,0,0,0
30.195,9500.20052841628,1.54440759378941,9500,9500.23973099935,1.54440759378941,1.54440759378941,0,-0.60733477031134,20.4010256230631,12,0,15027.8672085146,-15031.3184609741,1.54440759378941,1.5418159808907,1.54133665781809,0.000479323072611004,-0.525131883051201,0.00173127815381857,1.54450590518974,0,267.161443506003,60.6481711487664,5.36024282855302e-10,1,0.986631992277262,0,-0.000349503045405708,0.000958646145222009,0,0,0
30.21,9500.19141839472,1.54448579386451,9500,9500.22957115992,1.54448579386451,1.54448579386451,0,-0.548656907734944,20.3992382657481,12,0,15028.1945571604,-15031.3123626591,1.54448579386451,1.5418159808907,1.54126872742801,0.000547253462689135,-0.558796356890661,0.00163296675349334,1.54454345456957,0,267.161443506003,60.6481711487664,4.98405405006939e-10,1,0.986631046166842,0,-0.000334687911445863,0.00109450692537827,0,0,0
30.225,9500.18318854111,1.54456470480367,9500,9500.21968339391,1.54456470480367,1.54456470480367,0,-0.49031279087061,20.3974459357667,12,0,15028.5288630709,-15031.3151190528,1.54456470480367,1.5418159808907,1.54121927550992,0.000596705380775608,-0.581002113553206,0.00157530604843226,1.54458469770068,0,267.161443506003,60.6481711487664,4.55432146259156e-10,1,0.986630191465213,0,-0.000320269783171234,0.00119341076155122,0,0,0
30.24,9500.17583384925,1.54464012058685,9500,9500.21022529662,1.54464012058685,1.54464012058685,0,-0.435014438292386,20.3957390016765,11,0,15028.8504818999,-15031.3224970402,1.54464012058685,1.5418159808907,1.54118819799708,0.000627782893612538,-0.591959815266909,0.00155531315142565,1.54462685982935,0,267.161443506003,60.6481711487664,9.29431778356834e-10,1,0.986629427652463,0,-0.000306478433805157,0.00125556578722508,0,0,0
30.255,9500.16930863267,1.54470878710323,9500,9500.20131232314,1.54470878710323,1.54470878710323,0,-0.384817212638798,20.3941868838447,11,0,15029.1440141826,-15031.330776825,1.54470878710323,1.5418159808907,1.54117442309386,0.000641557796839276,-0.59245495130456,0.00156857390892617,1.5446676703933,0,267.161443506003,60.6481711487664,8.27530312716971e-10,1,0.98662874998388,0,-0.000293482177876836,0.00128311559367855,0,0,0
30.27,9500.16353637448,1.54476842414841,9500,9500.19301816671,1.54476842414841,1.54476842414841,0,-0.341125991960509,20.3928376916976,11,0,15029.3985111919,-15031.3369928861,1.54476842414841,1.5418159808907,1.54117612117639,0.000639859714304025,-0.583715107178815,0.00160969061885363,1.54470539093816,0,267.161443506003,60.6481711487664,7.3055728268381e-10,1,0.986628150512892,0,-0.000281388429410612,0.00127971942860805,0,0,0
30.285,9500.1584194846,1.54481768480457,9500,9500.18537759173,1.54481768480457,1.54481768480457,0,-0.304722282498202,20.3917192243641,11,0,15029.6072826235,-15031.3388957582,1.54481768480457,1.5418159808907,1.54119092895801,0.000625051932687803,-0.567270396039983,0.00167272382910766,1.54473880858518,0,267.161443506003,60.6481711487664,6.42605811204623e-10,1,0.986627619104398,0,-0.000270247834532222,0.00125010386537561,0,0,0
30.3,9500.15384865037,1.54485606712601,9500,9500.17839106129,1.54485606712601,1.54485606712601,0,-0.275831649093012,20.3908409811516,11,0,15029.7675338502,-15031.3349724794,1.54485606712601,1.5418159808907,1.54121616928438,0.000599811606314393,-0.544818299466291,0.00175160004850206,1.54476720415183,0,267.161443506003,60.6481711487664,5.661821439458e-10,1,0.986627144405862,0,-0.00026006102744347,0.00119962321262879,0,0,0
30.315,9500.14971117563,1.54488379127109,9500,9500.17203058872,1.54488379127109,1.54488379127109,0,-0.254210524977968,20.3901969030679,11,0,15029.8798267984,-15031.3244007788,1.54488379127109,1.5418159808907,1.54124905401007,0.000566926880627427,-0.518100355056518,0.00184046302268781,1.54479029767464,0,267.161443506003,60.6481711487664,5.02684877105999e-10,1,0.986626714713359,0,-0.000250787167104694,0.00113385376125485,0,0,0
30.33,9500.14589801775,1.5449016558745,9500,9500.16624623382,1.5449016558745,1.5449016558745,0,-0.239245250930828,20.3897685435571,11,0,15029.9474385883,-15031.3069705185,1.5449016558745,1.5418159808907,1.54128685986245,0.000529121028248536,-0.488796613771836,0.00193395661913498,1.54480817956633,0,267.161443506003,60.6481711487664,4.52520695771529e-10,1,0.986626318702397,0,-0.000242353408168139,0.00105824205649707,0,0,0
30.345,9500.14230933899,1.5449108859885,9500,9500.16097273928,1.5449108859885,1.5449108859885,0,-0.230053378572024,20.3895284037303,10,0,15029.9756647025,-15031.2829625254,1.5449108859885,1.5418159808907,1.54132707098313,0.000488909907566448,-0.458441376527244,0.00202743292730267,1.54482123363313,0,267.161443506003,60.6481711487664,9.41244487459705e-10,1,0.986625946004445,0,-0.000234664576468369,0.000977819815132897,0,0,0
30.36,9500.13885853831,1.5449129831875,9500,9500.1561358858,1.5449129831875,1.5449129831875,0,-0.225591536808961,20.3894431920105,10,0,15029.9711766944,-15031.2531192576,1.5449129831875,1.5418159808907,1.54136748518756,0.000448495703142093,-0.428361716468345,0.00211708528267063,1.54483005757965,0,267.161443506003,60.6481711487664,8.82670618463774e-10,1,0.986625587625657,0,-0.000227612439687164,0.000896991406284187,0,0,0
30.375,9500.13547466526,1.54490958619655,9500,9500.15165824523,1.54490958619655,1.54490958619655,0,-0.224736119478214,20.3894768596803,10,0,15029.9413194428,-15031.2184005714,1.54490958619655,1.5418159808907,1.54140628392964,0.000409696961054973,-0.399638479385117,0.0022000108905138,1.54483538570332,0,267.161443506003,60.6481711487664,8.48252305025733e-10,1,0.986625236197558,0,-0.000221084092232093,0.000819393922109946,0,0,0
30.39,9500.13210362347,1.54490234918112,9500,9500.14746406819,1.54490234918112,1.54490234918112,0,-0.226370744849358,20.3895932209127,10,0,15029.8935905348,-15031.1799600975,1.54490234918112,1.5418159808907,1.54144206728975,0.000373913600947295,-0.373088672559143,0.0022742113837444,1.54483801947634,0,267.161443506003,60.6481711487664,8.32823431053998e-10,1,0.986624886102034,0,-0.000214969078198513,0.000747827201894591,0,0,0
30.405,9500.12870806229,1.54489284061678,9500,9500.14348321693,1.54489284061678,1.54489284061678,0,-0.229449419625611,20.3897581267026,10,0,15029.8351568402,-15031.1390207485,1.54489284061678,1.5418159808907,1.54147385920621,0.000342121684486107,-0.349265829040944,0.0023385410885306,1.5448387653482,0,267.161443506003,60.6481711487664,8.31863931081817e-10,1,0.98662453346008,0,-0.000209165133781664,0.000684243368972215,0,0,0
30.42,9500.125266321,1.54488246580535,9500,9500.13965405092,1.54488246580535,1.54488246580535,0,-0.233045600884635,20.389941117592,10,0,15029.7724884837,-15031.0967874877,1.54488246580535,1.5418159808907,1.54150108693479,0.000314893955907003,-0.32847573606181,0.00239261635710664,1.54483838515962,0,267.161443506003,60.6481711487664,8.40872438606123e-10,1,0.986624176022144,0,-0.000203582381167688,0.000629787911814006,0,0,0
30.435,9500.12177063699,1.54487241316584,9500,9500.13592529086,1.54487241316584,1.54487241316584,0,-0.236385248218707,20.3901165571798,10,0,15029.7111007297,-15031.0543770344,1.54487241316584,1.5418159808907,1.54152354072455,0.000292440166148156,-0.310803747421506,0.00243669700283577,1.54483755822583,0,267.161443506003,60.6481711487664,8.55632629973816e-10,1,0.986623812982051,0,-0.000198146053483894,0.000584880332296311,0,0,0
30.45,9500.11822485826,1.5448636231865,9500,9500.13225693538,1.5448636231865,1.5448636231865,0,-0.23886480282412,20.3902642730318,10,0,15029.6553995873,-15031.0127656341,1.5448636231865,1.5418159808907,1.54154131957672,0.000274661313981239,-0.296150025912221,0.00247155194284931,1.54483685546151,0,267.161443506003,60.6481711487664,8.72407421767677e-10,1,0.986623444739431,0,-0.000192797828600044,0.000549322627962479,0,0,0
30.465,9500.11464188622,1.54485677777699,9500,9500.12862034719,1.54485677777699,1.54485677777699,0,-0.240055756396252,20.3903697560883,10,0,15029.6086215205,-15030.9727547304,1.54485677777699,1.5418159808907,1.54155476874203,0.000261212148669809,-0.284269236023527,0.00249831966784253,1.54483672485588,0,267.161443506003,60.6481711487664,8.88076973575814e-10,1,0.986623072634144,0,-0.000187495954850236,0.000522424297339619,0,0,0
30.48,9500.11104104987,1.54485230695239,9500,9500.1249976543,1.54485230695239,1.54485230695239,0,-0.239697971764715,20.3904239867401,10,0,15029.5728537766,-15030.9349533346,1.54485230695239,1.5418159808907,1.54156441411485,0.000251566775849144,-0.27481155900219,0.0025183725889566,1.54483748703135,0,267.161443506003,60.6481711487664,9.00206301572702e-10,1,0.986622698673581,0,-0.00018221437540511,0.000503133551698287,0,0,0
30.495,9500.1074455803,1.54485040930611,9500,9500.12138062581,1.54485040930611,1.54485040930611,0,-0.237684194056975,20.3904229656001,10,0,15029.5491194955,-15030.8997751175,1.54485040930611,1.5418159808907,1.54157089796665,0.00024508292405212,-0.267362382058126,0.00253319250998962,1.54483933924879,0,267.161443506003,60.6481711487664,9.07068259034344e-10,1,0.986622325270378,0,-0.000176941087180582,0.00049016584810424,0,0,0
30.51,9500.10388031739,1.54485108254857,9500,9500.11776918458,1.54485108254857,1.54485108254857,0,-0.234038274448115,20.3903670305027,10,0,15029.53751077,-15030.8674477216,1.54485108254857,1.5418159808907,1.54157491951169,0.000241061379012253,-0.261478563989198,0.00254426256731066,1.54484236621603,0,267.161443506003,60.6481711487664,9.07614273762875e-10,1,0.986621955004252,0,-0.000171675981753161,0.000482122758024506,0,0,0
30.525,9500.10036974327,1.54485416046524,9500,9500.11416971103,1.54485416046524,1.54485416046524,0,-0.228889544909934,20.3902600391975,10,0,15029.5373530234,-15030.8380315208,1.54485416046524,1.5418159808907,1.54157718300111,0.000238797889591247,-0.256719758990254,0.00255297889985107,1.54484655556973,0,267.161443506003,60.6481711487664,9.01412744286565e-10,1,0.986621590417765,0,-0.000166428358975068,0.000477595779182494,0,0,0
30.54,9500.0969364001,1.54485935292604,9500,9500.11059327689,1.54485935292604,1.54485935292604,0,-0.222445569694068,20.390108490839,10,0,15029.5473852258,-15030.8114449927,1.54485935292604,1.5418159808907,1.54157835499257,0.000237625898122484,-0.252673844810825,0.00256058379536217,1.5448518164823,0,267.161443506003,60.6481711487664,8.88561972255532e-10,1,0.986621233852005,0,-0.000161214359365225,0.000475251796244969,0,0,0
30.555,9500.09359971655,1.54486628600842,9500,9500.10705392656,1.54486628600842,1.54486628600842,0,-0.214965191797683,20.389920649736,10,0,15029.5659423298,-15030.7874939892,1.54486628600842,1.5418159808907,1.54157903170427,0.000236949186424473,-0.248976022981136,0.00256812023909969,1.54485799950265,0,267.161443506003,60.6481711487664,8.69584215804659e-10,1,0.986620887324717,0,-0.000156054456080135,0.000473898372848947,0,0,0
30.57,9500.09037523867,1.54487453982179,9500,9500.10356709986,1.54487453982179,1.54487453982179,0,-0.206733426917843,20.3897057232039,10,0,15029.5911286519,-15030.7659024508,1.54487453982179,1.5418159808907,1.54157971651214,0.000236264378556061,-0.245321610721666,0.00257640674487614,1.54486491639269,0,267.161443506003,60.6481711487664,8.45318717206007e-10,1,0.986620552450413,0,-0.000150971158574764,0.000472528757112123,0,0,0
30.585,9500.08727423727,1.54488368219657,9500,9500.10014826413,1.54488368219657,1.54488368219657,0,-0.198039365531901,20.3894731327105,10,0,15029.6209735081,-15030.746342469,1.54488368219657,1.5418159808907,1.54158080710895,0.000235173781747644,-0.241472914864873,0.00258603017397818,1.54487235862817,0,267.161443506003,60.6481711487664,8.1681238753672e-10,1,0.986620230399612,0,-0.00014598701426749,0.000470347563495288,0,0,0
30.6,9500.08430364679,1.54489329698081,9500,9500.09681179915,1.54489329698081,1.54489329698081,0,-0.189157854769237,20.3892319048302,10,0,15029.6535630435,-15030.728462023,1.54489329698081,1.5418159808907,1.54158259131178,0.000233389578920384,-0.237260858004514,0.00259735374238068,1.54488011379092,0,267.161443506003,60.6481711487664,7.85217221596566e-10,1,0.986619921892481,0,-0.000141122985311881,0.000466779157840769,0,0,0
30.615,9500.08146627897,1.54490300623651,9500,9500.09357015511,1.54490300623651,1.54490300623651,0,-0.180335363608843,20.3889901965673,10,0,15029.6871447309,-15030.7119091566,1.54490300623651,1.5418159808907,1.54158525019012,0.000230730700575998,-0.232582216818448,0.00261053693227153,1.54488797922412,0,267.161443506003,60.6481711487664,7.51701175042343e-10,1,0.986619627221031,0,-0.000136397217839423,0.000461461401151997,0,0,0
30.63,9500.07876124851,1.5449124861203,9500,9500.09043328431,1.5449124861203,1.5449124861203,0,-0.171780116688653,20.3887549589449,10,0,15029.7202032567,-15030.6963518001,1.5449124861203,1.5418159808907,1.54158886700015,0.000227113890545416,-0.227393436898734,0.00262556394466551,1.54489577261645,0,267.161443506003,60.6481711487664,7.17376601671068e-10,1,0.98661934629332,0,-0.000131824218666532,0.000454227781090832,0,0,0
30.645,9500.07618454676,1.54492147664842,9500,9500.08740833033,1.54492147664842,1.54492147664842,0,-0.163656308034949,20.3885317338037,10,0,15029.7515084754,-15030.6814928441,1.54492147664842,1.5418159808907,1.54159344032969,0.000222540561002793,-0.221702016796608,0.00264227744851242,1.54490333946122,0,267.161443506003,60.6481711487664,6.83239665753448e-10,1,0.986619078693034,0,-0.000127414399827552,0.000445081122005586,0,0,0
30.66,9500.07372970214,1.54492978587408,9500,9500.08449954652,1.54492978587408,1.54492978587408,0,-0.156081999493001,20.3883245717365,10,0,15029.7801376404,-15030.6670804292,1.54492978587408,1.5418159808907,1.54159889989942,0.000217080991280483,-0.215556417691742,0.00266041463571343,1.54491055750897,0,267.161443506003,60.6481711487664,6.50133754325473e-10,1,0.986618823748074,0,-0.000123173959353684,0.000434161982560965,0,0,0
30.675,9500.07138847215,1.54493728924283,9500,9500.08170840673,1.54493728924283,1.54493728924283,0,-0.149130160055318,20.3881360540434,10,0,15029.8054752556,-15030.6529137038,1.54493728924283,1.5418159808907,1.54160512360845,0.000210857282251009,-0.209035369342428,0.00267964300081847,1.54491733845602,0,267.161443506003,60.6481711487664,6.18722255382378e-10,1,0.986618580602426,0,-0.000119105041306522,0.000421714564502018,0,0,0
30.69,9500.06915151975,1.54494392503972,9500,9500.07903386668,1.54494392503972,1.54494392503972,0,-0.142832213476546,20.3879673985092,10,0,15029.8271946214,-15030.6388445305,1.54494392503972,1.5418159808907,1.54161195455659,0.000204026334105434,-0.20223732023428,0.00269959378763018,1.54492362734654,0,267.161443506003,60.6481711487664,5.89484312162476e-10,1,0.986618348286403,0,-0.000115206122722755,0.000408052668210868,0,0,0
30.705,9500.06700903654,1.54494968690903,9500,9500.07647273294,1.54494968690903,1.54494968690903,0,-0.137183427809933,20.3878186274777,10,0,15029.8452254943,-15030.6247757714,1.54494968690903,1.5418159808907,1.54161921705744,0.000196763833261615,-0.195270635194843,0.00271989148081175,1.54492940003803,0,267.161443506003,60.6481711487664,5.62716724128888e-10,1,0.986618125781367,0,-0.000111472543904201,0.00039352766652323,0,0,0
30.72,9500.06495128513,1.54495461442405,9500,9500.07402009773,1.54495461442405,1.54495461442405,0,-0.132149490360701,20.3876887768879,10,0,15029.8597123119,-15030.6106568769,1.54495461442405,1.5418159808907,1.54162673085531,0.000189250035389055,-0.188244989591102,0.00274017835181239,1.54493465931329,0,267.161443506003,60.6481711487664,5.38546677710893e-10,1,0.986617912076048,0,-0.000107897149267844,0.000378500070778109,0,0,0
30.735,9500.06296904277,1.54495878262347,9500,9500.07166980158,1.54495878262347,1.54495878262347,0,-0.127673660885553,20.3875761263636,10,0,15029.8709671876,-15030.5964775279,1.54495878262347,1.5418159808907,1.54163432302448,0.000181657866215268,-0.181264256422499,0.00276013346257931,1.54493943008571,0,267.161443506003,60.6481711487664,5.16957209320331e-10,1,0.986617706212633,0,-0.000104470957733804,0.000363315732430536,0,0,0
30.75,9500.06105393786,1.54496229132551,9500,9500.06941489118,1.54496229132551,1.54496229132551,0,-0.123683972015023,20.3874784328241,10,0,15029.8794214202,-15030.5822600631,1.54496229132551,1.5418159808907,1.54164183725779,0.0001741436329048,-0.174421039234842,0.00277948600034073,1.54494375415685,0,267.161443506003,60.6481711487664,4.97811790606809e-10,1,0.986617507321697,0,-0.00010118383116442,0.000348287265809599,0,0,0
30.765,9500.05919867828,1.54496525489727,9500,9500.06724804561,1.54496525489727,1.54496525489727,0,-0.120100038117994,20.3873931530473,10,0,15029.8855786859,-15030.5680513616,1.54496525489727,1.5418159808907,1.54164914049498,0.000166840395718459,-0.167792878054756,0.00279802316899835,1.54494768485113,0,267.161443506003,60.6481711487664,4.80881840854291e-10,1,0.986617314645927,0,-9.80250925528559e-05,0.000333680791436919,0,0,0
30.78,9500.05739717771,1.54496779300722,9500,9500.06516195145,1.54496779300722,1.54496779300722,0,-0.116839137882506,20.3873176439099,10,0,15029.8899723946,-15030.5539147644,1.54496779300722,1.5418159808907,1.54165612692142,0.000159853969279533,-0.161440051164388,0.00281559321513969,1.5449512820444,0,267.161443506003,60.6481711487664,4.65878190899166e-10,1,0.986617127553234,0,-9.49840848991634e-05,0.000319707938559066,0,0,0
30.795,9500.05564459064,1.54497002273286,9500,9500.06314961328,1.54497002273286,1.54497002273286,0,-0.113821339885068,20.3872493324333,10,0,15029.8931289952,-15030.5399225061,1.54497002273286,1.5418159808907,1.5416627196404,0.000153261250292802,-0.155404813493846,0.00283210417795998,1.54495460756924,0,267.161443506003,60.6481711487664,4.52477278810094e-10,1,0.986616945540395,0,-9.20506058454951e-05,0.000306522500585604,0,0,0
30.81,9500.05393727054,1.54497205224954,9500,9500.06120459285,1.54497205224954,1.54497205224954,0,-0.110975489009026,20.3871858491516,9,0,15029.8955489598,-15030.5261707161,1.54497205224954,1.5418159808907,1.54166887028185,0.000147110608844869,-0.149711856829774,0.00284751934158023,1.54495772144997,0,267.161443506003,60.6481711487664,9.97825704759962e-10,1,0.986616768228703,0,-8.92152684290881e-05,0.000294221217689739,0,0,0
30.825,9500.05227263821,1.54497397618852,9500,9500.05932117543,1.54497397618852,1.54497397618852,0,-0.108234235101202,20.3871251335966,9,0,15029.897641852,-15030.5126862377,1.54497397618852,1.5418159808907,1.54167455699395,0.000141423896746318,-0.144369741854147,0.00286185014115037,1.54496067882534,0,267.161443506003,60.6481711487664,9.74569359429145e-10,1,0.986616595350297,0,-8.64697428286654e-05,0.000282847793492635,0,0,0
30.84,9500.05064912468,1.54497587283176,9500,9500.0574944589,1.54497587283176,1.54497587283176,0,-0.105547635524113,20.3870654830071,9,0,15029.8997774569,-15030.499555055,1.54497587283176,1.5418159808907,1.54167978101546,0.000136199875233833,-0.139373152388343,0.00287514750432538,1.54496352814549,0,267.161443506003,60.6481711487664,9.50660703932923e-10,1,0.986616426742237,0,-8.38068793151958e-05,0.000272399750467667,0,0,0
30.855,9500.04906591015,1.54497780220167,9500,9500.05572040497,1.54497780220167,1.54497780220167,0,-0.102876212618349,20.3870055976651,9,0,15029.9022325649,-15030.486829625,1.54497780220167,1.5418159808907,1.54168456309313,0.000131417797567757,-0.134705209554996,0.00288749219059414,1.54496630867643,0,267.161443506003,60.6481711487664,9.27655098663253e-10,1,0.98661626231938,0,-8.1220795404624e-05,0.000262835595135513,0,0,0
30.87,9500.04752276696,1.54497980616815,9500,9500.05399580946,1.54497980616815,1.54497980616815,0,-0.100192735633142,20.3869445749351,9,0,15029.9052016712,-15030.474549703,1.54497980616815,1.5418159808907,1.5416889387115,0.000127042179196346,-0.130340467848299,0.00289898571583369,1.54496905096492,0,267.161443506003,60.6481711487664,9.05082631394593e-10,1,0.986616102058085,0,-7.8706814517826e-05,0.000254084358392692,0,0,0
30.885,9500.04601987592,1.54498190941516,9500,9500.05231823958,1.54498190941516,1.54498190941516,0,-0.0974814347255085,20.3868818863469,9,0,15029.9088007398,-15030.4627416405,1.54498190941516,1.5418159808907,1.54169295356043,0.000123027330263925,-0.126247734632918,0.00290974091905527,1.54497177647028,0,267.161443506003,60.6481711487664,8.8258256213834e-10,1,0.98661594597713,0,-7.62613929230493e-05,0.00024605466052785,0,0,0
30.9,9500.0445576544,1.54498412125081,9500,9500.05068593991,1.54498412125081,1.54498412125081,0,-0.0947366775433636,20.3868173366867,9,0,15029.9130749437,-15030.4514186043,1.54498412125081,1.5418159808907,1.54169665918091,0.000119321709782794,-0.122392728523894,0.00291987386393178,1.54497449817419,0,267.161443506003,60.6481711487664,8.59908299425043e-10,1,0.986615794119858,0,-7.38819670815793e-05,0.000238643419565587,0,0,0
30.915,9500.04313660424,1.54498643800033,9500,9500.04909771812,1.54498643800033,1.54498643800033,0,-0.0919612877524347,20.3867510107899,9,0,15029.9180092049,-15030.4405815618,1.54498643800033,1.5418159808907,1.54170010908313,0.000115871807562895,-0.118740447266076,0.0029294969405429,1.54497722144637,0,267.161443506003,60.6481711487664,8.36916132176332e-10,1,0.986615646538389,0,-7.15668034605432e-05,0.00023174361512579,0,0,0
30.93,9500.04175718492,1.54498884573359,9500,9500.04755282094,1.54498884573359,1.54498884573359,0,-0.0891646704068524,20.3866832134373,9,0,15029.9235404006,-15030.4302208349,1.54498884573359,1.5418159808907,1.54170335541686,0.000112625473835948,-0.115257156341034,0.0029387134945047,1.54497994533287,0,267.161443506003,60.6481711487664,8.13558059179501e-10,1,0.986615503280441,0,-6.93147997286037e-05,0.000225250947671896,0,0,0
30.945,9500.04041971487,1.54499132310407,9500,9500.04605080942,1.54499132310407,1.54499132310407,0,-0.0863608903684435,20.3866144071819,9,0,15029.9295702081,-15030.4203180242,1.54499132310407,1.5418159808907,1.54170644632147,0.000109534569225023,-0.111911948398414,0.00294761389522491,1.54498266392437,0,267.161443506003,60.6481711487664,7.89861447354196e-10,1,0.986615364379084,0,-6.71253177817466e-05,0.000219069138450045,0,0,0
30.96,9500.03912430151,1.54499384411014,9500,9500.04459144088,1.54499384411014,1.54499384411014,0,-0.0835668273564,20.3865451521812,9,0,15029.9359777021,-15030.4108481238,1.54499384411014,1.5418159808907,1.54170942400795,0.000106556882745412,-0.108677858305981,0.00295627307492619,1.54498536773111,0,267.161443506003,60.6481711487664,7.65913226637827e-10,1,0.986615229845476,0,-6.49980021858454e-05,0.000213113765490824,0,0,0
30.975,9500.0378707991,1.54499638062791,9500,9500.04317456337,1.54499638062791,1.54499638062791,0,-0.0808005029027345,20.386476051262,9,0,15029.9426310043,-15030.401781663,1.54499638062791,1.5418159808907,1.54171232351201,0.000103657378691002,-0.105532547485614,0.00296474945394842,1.54498804510203,0,267.161443506003,60.6481711487664,7.41845548244467e-10,1,0.986615099664478,0,-6.29326313763556e-05,0.000207314757382004,0,0,0
30.99,9500.03665879156,1.54499890460678,9500,9500.04180002656,1.54499890460678,1.54499890460678,0,-0.0780796476695429,20.3864077025291,9,0,15029.9493974609,-15030.3930867424,1.54499890460678,1.5418159808907,1.54171517211393,0.000100808776767325,-0.102458595003293,0.00297308497983084,1.54499068342406,0,267.161443506003,60.6481711487664,7.17814564573917e-10,1,0.986614973792881,0,-6.09289845838745e-05,0.00020161755353465,0,0,0
31.005,9500.03548759684,1.54500138985774,9500,9500.04046761125,1.54500138985774,1.54500138985774,0,-0.0754205513193952,20.3863406609759,9,0,15029.9561520067,-15030.384730863,1.54500138985774,1.5418159808907,1.54171798930328,9.79915874128601e-05,-0.0994434490029815,0.00298130616255077,1.54499327022807,0,267.161443506003,60.6481711487664,6.93986526347277e-10,1,0.986614852159851,0,-5.89867444380499e-05,0.00019598317482572,0,0,0
31.02,9500.03435628857,1.54500381340223,9500,9500.03917697826,1.54500381340223,1.54500381340223,0,-0.0728372111769727,20.3862754097435,9,0,15029.9627835519,-15030.3766824747,1.54500381340223,1.5418159808907,1.54172078722574,9.51936649584706e-05,-0.0964791029669681,0.00298942579222161,1.54499579401284,0,267.161443506003,60.6481711487664,6.7052680661358e-10,1,0.98661473466918,0,-5.71054119389292e-05,0.000190387329916941,0,0,0
31.035,9500.0332637304,1.54500615638064,9500,9500.03792763627,1.54500615638064,1.54500615638064,0,-0.0703407770052249,20.3862123409925,9,0,15029.9691993632,-15030.3689122025,1.54500615638064,1.5418159808907,1.54172357146077,9.24094299277201e-05,-0.0935615656375483,0.00299744518161638,1.54499824493217,0,267.161443506003,60.6481711487664,6.47585705094689e-10,1,0.986614621202855,0,-5.5284273897005e-05,0.00018481885985544,0,0,0
31.05,9500.03220861875,1.54500840454671,9500,9500.03671892677,1.54500840454671,1.54500840454671,0,-0.0679392700688169,20.3861517457741,9,0,15029.9753275504,-15030.3613937367,1.54500840454671,1.5418159808907,1.54172634206692,8.96388237747736e-05,-0.090690193659292,0.00300535663008517,1.54500061516833,0,267.161443506003,60.6481711487664,6.25293765013196e-10,1,0.986614511625493,0,-5.35223685347308e-05,0.000179277647549547,0,0,0
31.065,9500.03118952969,1.54501054839344,9500,9500.03555002406,1.54501054839344,1.54501054839344,0,-0.0656375441852225,20.3860938118712,9,0,15029.981117847,-15030.3541043925,1.54501054839344,1.5418159808907,1.54172909473583,8.68861548646294e-05,-0.0878669513207452,0.00301314600846747,1.54500289920889,0,267.161443506003,60.6481711487664,6.03753577594002e-10,1,0.986614405789215,0,-5.18184915674347e-05,0.000173772309729259,0,0,0
31.08,9500.03020496653,1.54501258297016,9500,9500.03441994744,1.54501258297016,1.54501258297016,0,-0.0634374468408027,20.3860386282814,9,0,15029.9865409525,-15030.3470253672,1.54501258297016,1.5418159808907,1.54173182201575,8.41588749427302e-05,-0.0850956547495034,0.00302079519300946,1.54500509383359,0,267.161443506003,60.6481711487664,5.83041245431235e-10,1,0.986614303538582,0,-5.01712156255607e-05,0.00016831774988546,0,0,0
31.095,9500.02925340483,1.54501450745753,9500,9500.03332758245,1.54501450745753,1.54501450745753,0,-0.0613381339098267,20.3859861948798,9,0,15029.9915867353,-15030.3401417322,1.54501450745753,1.5418159808907,1.54173451447934,8.14664113613084e-05,-0.0823812479103405,0.00302828432957369,1.54500719804299,0,267.161443506003,60.6481711487664,5.63202284694165e-10,1,0.986614204715277,0,-4.85789123598757e-05,0.000162932822722617,0,0,0
31.11,9500.02833333282,1.5450163245702,9500,9500.03227170839,1.5450163245702,1.5450163245702,0,-0.0593364914339159,20.3859364357269,9,0,15029.9962616131,-15030.3334422096,1.5450163245702,1.5418159808907,1.54173716178991,7.88191007896621e-05,-0.0797291480334348,0.00303559374410578,1.54500921283638,0,267.161443506003,60.6481711487664,5.4425484467215e-10,1,0.986614109162296,0,-4.7039804900173e-05,0.000157638201579324,0,0,0
31.125,9500.02744328545,1.54501803985392,9500,9500.03125102914,1.54501803985392,1.54501803985392,0,-0.057427620420099,20.3858892145745,9,0,15030.0005854098,-15030.3269187846,1.54501803985392,1.5418159808907,1.54173975364534,7.62272453522783e-05,-0.0771446864504943,0.00304270547792629,1.54501114085933,0,267.161443506003,60.6481711487664,5.2619248829747e-10,1,0.986614016727488,0,-4.55520018267652e-05,0.000152454490704557,0,0,0
31.14,9500.02658187114,1.54501966093821,9500,9500.03026420476,1.54501966093821,1.54501966093821,0,-0.0556053428627761,20.3858443512398,9,0,15030.004587981,-15030.3205662057,1.54501966093821,1.5418159808907,1.54174228051683,7.37003738637831e-05,-0.0746326607784823,0.00304960447252278,1.54501298611095,0,267.161443506003,60.6481711487664,5.08987850765181e-10,1,0.986613927266333,0,-4.41135510567126e-05,0.000147400747727566,0,0,0
31.155,9500.025747791,1.54502119679754,9500,9500.02930988198,1.54502119679754,1.54502119679754,0,-0.0538626961422108,20.3858016377097,9,0,15030.0083058431,-15030.3143814239,1.54502119679754,1.5418159808907,1.54174473422224,7.1246668458036e-05,-0.0721970048562355,0.00305627929978991,1.5450147535274,0,267.161443506003,60.6481711487664,4.9259717625052e-10,1,0.986613840643935,0,-4.27224782462154e-05,0.000142493336916072,0,0,0
31.17,9500.02493985056,1.54502265706338,9500,9500.02838672157,1.54502265706338,1.54502265706338,0,-0.0521923876183509,20.3857608530651,9,0,15030.0117790114,-15030.3083630136,1.54502265706338,1.5418159808907,1.54174710830099,6.88725897102227e-05,-0.0698405744750207,0.00306272256993023,1.54501644864005,0,267.161443506003,60.6481711487664,4.7696573272405e-10,1,0.986613756736244,0,-4.13768316693819e-05,0.000137745179420445,0,0,0
31.185,9500.02415696474,1.54502405141893,9500,9500.02749342186,1.54502405141893,1.54502405141893,0,-0.0505871898844399,20.3857217765474,9,0,15030.0150481943,-15030.3025106134,1.54502405141893,1.5418159808907,1.5417493982167,6.65826739947306e-05,-0.0675650405104682,0.00306893099325811,1.54501807723194,0,267.161443506003,60.6481711487664,4.6203015349482e-10,1,0.986613675430572,0,-4.00747134612356e-05,0.000133165347989461,0,0,0
31.2,9500.0233981569,1.54502538909813,9500,9500.0266287373,1.54502538909813,1.54502538909813,0,-0.0490402630095938,20.3856841983168,9,0,15030.0181524528,-15030.2968244159,1.54502538909813,1.5418159808907,1.54175160140475,6.43794859511715e-05,-0.0653708764015315,0.00307490518024189,1.54501964504284,0,267.161443506003,60.6481711487664,4.47724144743825e-10,1,0.986613596625488,0,-3.88143092662219e-05,0.000128758971902343,0,0,0
31.215,9500.02266255295,1.54502667849953,9500,9500.025791492,1.54502667849953,1.54502667849953,0,-0.0475434702824559,20.385647930268,8,0,15030.0211169025,-15030.2912832996,1.54502667849953,1.5418159808907,1.54175371719281,6.22636978913071e-05,-0.0632574232646956,0.00308064923553064,1.54502115752201,0,267.161443506003,60.6481711487664,9.83707008492318e-10,1,0.986613520230218,0,-3.75939029959582e-05,0.000124527395782614,0,0,0
31.23,9500.0219494009,1.54502792691735,9500,9500.02498058834,1.54502792691735,1.54502792691735,0,-0.0460953482486328,20.3856128016134,8,0,15030.023993773,-15030.2859311778,1.54502792691735,1.5418159808907,1.54175574660612,6.02342845761328e-05,-0.0612230145317386,0.00308617021304936,1.5450226196729,0,267.161443506003,60.6481711487664,9.49043517963757e-10,1,0.986613446166662,0,-3.64118964082394e-05,0.000120468569152266,0,0,0
31.245,9500.02125797067,1.54502914019427,9500,9500.02419501822,1.54502914019427,1.54502914019427,0,-0.0446894659699971,20.3855786809565,8,0,15030.0267964452,-15030.2807448875,1.54502914019427,1.5418159808907,1.54175769231332,5.82885773816599e-05,-0.0592650312796759,0.00309147745749905,1.54502403550296,0,267.161443506003,60.6481711487664,9.20205933959084e-10,1,0.986613374359001,0,-3.52668164598224e-05,0.00011657715476332,0,0,0
31.26,9500.02058762868,1.54503032309943,9500,9500.02343384564,1.54503032309943,1.54503032309943,0,-0.0433221812110948,20.3855454584101,8,0,15030.0295445951,-15030.2757234076,1.54503032309943,1.5418159808907,1.54175955784597,5.64230447297476e-05,-0.0573803714199767,0.0030965821488067,1.54502540912896,0,267.161443506003,60.6481711487664,8.92254457587343e-10,1,0.986613304741433,0,-3.41573030000486e-05,0.000112846089459495,0,0,0
31.275,9500.01993779597,1.54503147911369,9500,9500.02269621293,1.54503147911369,1.54503147911369,0,-0.0419907257514596,20.3855130524204,8,0,15030.0322520765,-15030.2708648611,1.54503147911369,1.5418159808907,1.54176134758724,5.46333034605606e-05,-0.0555654632539342,0.00310149611926924,1.54502674361689,0,267.161443506003,60.6481711487664,8.65113429042612e-10,1,0.986613237253832,0,-3.30821023837302e-05,0.000109266606921121,0,0,0
31.29,9500.01930793508,1.54503261052705,9500,9500.0219813347,1.54503261052705,1.54503261052705,0,-0.0406931376128138,20.3854814075137,8,0,15030.0349273547,-15030.2661665644,1.54503261052705,1.5418159808907,1.54176306646785,5.29144228451628e-05,-0.0538164600417935,0.00310623161607282,1.54502804135246,0,267.161443506003,60.6481711487664,8.38709237200225e-10,1,0.986613171840381,0,-3.20400713722524e-05,0.000105828845690326,0,0,0
31.305,9500.01869753801,1.54503371858665,9500,9500.02128848977,1.54503371858665,1.54503371858665,0,-0.0394281543188348,20.3854504909737,8,0,15030.0375741498,-15030.2616250633,1.54503371858665,1.5418159808907,1.54176471965974,5.12612309573335e-05,-0.0521294182768062,0.00311080079065951,1.54502930414327,0,267.161443506003,60.6481711487664,8.12985686110681e-10,1,0.986613108448322,0,-3.10301591641693e-05,0.000102522461914667,0,0,0
31.32,9500.0181061157,1.54503480367764,9500,9500.02061701223,1.54503480367764,1.54503480367764,0,-0.0381950866772827,20.385420288833,8,0,15030.0401922369,-15030.2572362167,1.54503480367764,1.5418159808907,1.54176631232546,4.96685652384699e-05,-0.0505004520830851,0.00311521523403613,1.54503053325521,0,267.161443506003,60.6481711487664,7.87905604858517e-10,1,0.986613047026863,0,-3.00513933102486e-05,9.93371304769397e-05,0,0,0
31.335,9500.0175331894,1.54503586552087,9500,9500.01996628201,1.54503586552087,1.54503586552087,0,-0.036993683843513,20.385390801523,8,0,15030.0427783316,-15030.2529953146,1.54503586552087,1.5418159808907,1.54176784940697,4.81314837319502e-05,-0.0489258593352167,0.00311948565646891,1.54503172951463,0,267.161443506003,60.6481711487664,7.63443676573092e-10,1,0.986612987526285,0,-2.91028700607487e-05,9.62629674639004e-05,0,0,0
31.35,9500.01697828414,1.54503690337202,9500,9500.01933571565,1.54503690337202,1.54503690337202,0,-0.0358239983799342,20.3853620395172,8,0,15030.0453269949,-15030.2488972165,1.54503690337202,1.5418159808907,1.5417693354538,4.66454368934777e-05,-0.047402216634618,0.00312362166270752,1.54503289342719,0,267.161443506003,60.6481711487664,7.395876092314e-10,1,0.986612929897262,0,-2.81837394027207e-05,9.32908737869553e-05,0,0,0
31.365,9500.01644092417,1.54503791621038,9500,9500.01872475781,1.54503791621038,1.54503791621038,0,-0.034686260544764,20.3853340192211,8,0,15030.0478314942,-15030.2449364982,1.54503791621038,1.5418159808907,1.54177077452165,4.52063690494775e-05,-0.0459264431913977,0.0031276316075397,1.54503402523634,0,267.161443506003,60.6481711487664,7.16333598906718e-10,1,0.986612874090382,0,-2.72931908977814e-05,9.0412738098955e-05,0,0,0
31.38,9500.01592063026,1.54503890290806,9500,9500.01813287377,1.54503890290806,1.54503890290806,0,-0.0335807667043878,20.3853067593033,8,0,15030.0502845818,-15030.2411075962,1.54503890290806,1.5418159808907,1.54177217009916,4.38107915332608e-05,-0.0444958356078439,0.00313152258157889,1.54503512505534,0,267.161443506003,60.6481711487664,6.93685451697023e-10,1,0.986612820055879,0,-2.64304471631061e-05,8.76215830665217e-05,0,0,0
31.395,9500.01541691876,1.54503986237295,9500,9500.01755954321,1.54503986237295,1.54503986237295,0,-0.0325077861938892,20.3852802776126,8,0,15030.0526791585,-15030.2374049415,1.54503986237295,1.5418159808907,1.54177352508388,4.24558068161662e-05,-0.0431080763251959,0.00313530043430088,1.54503619293863,0,267.161443506003,60.6481711487664,6.71648583485202e-10,1,0.986612767743522,0,-2.55947476099916e-05,8.49116136323325e-05,0,0,0
31.41,9500.01492930196,1.54504079366186,9500,9500.0170042553,1.54504079366186,1.54504079366186,0,-0.0314674883633378,20.3852545887484,8,0,15030.0550088045,-15030.2338230767,1.54504079366186,1.5418159808907,1.54177484180026,4.11390904353492e-05,-0.0417612203254615,0.0031389698686155,1.54503722894018,0,267.161443506003,60.6481711487664,6.50231629765626e-10,1,0.986612717102662,0,-2.4785349362455e-05,8.22781808706985e-05,0,0,0
31.425,9500.01445728964,1.54504169606252,9500,9500.01646650521,1.54504169606252,1.54504169606252,0,-0.0304598914825725,20.3852297023183,8,0,15030.0572681661,-15030.2303567518,1.54504169606252,1.5418159808907,1.54177612204793,3.98588427676927e-05,-0.0404536644154139,0.00314253459028868,1.54503823316652,0,267.161443506003,60.6481711487664,6.29441177133117e-10,1,0.986612668082385,0,-2.40015128121218e-05,7.97176855353854e-05,0,0,0
31.44,9500.01400039127,1.54504256914519,9500,9500.01594579188,1.54504256914519,1.54504256914519,0,-0.0294848309759767,20.3852056218533,8,0,15030.0594532086,-15030.2270009968,1.54504256914519,1.5418159808907,1.54177736715078,3.8613739918647e-05,-0.0391841042331271,0.00314599748628486,1.54503920585682,0,267.161443506003,60.6481711487664,6.09281909628621e-10,1,0.98661262063175,0,-2.32425128614544e-05,7.72274798372941e-05,0,0,0
31.455,9500.0135581188,1.54504341278664,9500,9500.01544161699,1.54504341278664,1.54504341278664,0,-0.0285419468592862,20.3851823443255,8,0,15030.0615613369,-15030.223751171,1.54504341278664,1.5418159808907,1.54177857804906,3.74028416403327e-05,-0.0379514837046083,0.00314936077465644,1.54504014734863,0,267.161443506003,60.6481711487664,5.89756023346628e-10,1,0.986612574700071,0,-2.25076194126927e-05,7.48056832806654e-05,0,0,0
31.47,9500.0131299896,1.54504422716979,9500,9500.01495348489,1.54504422716979,1.54504422716979,0,-0.0276306863063064,20.3851598601886,8,0,15030.0635914081,-15030.22060299,1.54504422716979,1.5418159808907,1.54177975538476,3.62255059342953e-05,-0.0367549411151876,0.00315262621266288,1.54504105811523,0,267.161443506003,60.6481711487664,5.70861616608057e-10,1,0.986612530237223,0,-2.17961110711151e-05,7.24510118685906e-05,0,0,0
31.485,9500.0127155293,1.54504501276355,9500,9500.01448090329,1.54504501276355,1.54504501276355,0,-0.0267503193694041,20.3851381538465,8,0,15030.0655436486,-15030.2175525322,1.54504501276355,1.5418159808907,1.54178089957366,3.50813170402198e-05,-0.0355937555487571,0.00315579526722809,1.54504193879201,0,267.161443506003,60.6481711487664,5.52592543609173e-10,1,0.986612487193944,0,-2.11072703963922e-05,7.01626340804395e-05,0,0,0
31.5,9500.01231427451,1.54504577028812,9500,9500.01402338456,1.54504577028812,1.54504577028812,0,-0.0258999638939768,20.3851172044281,8,0,15030.0674195023,-15030.2145962285,1.54504577028812,1.5418159808907,1.54178201090124,3.3969989457816e-05,-0.0344672971006042,0.00315886923876851,1.54504279010838,0,267.161443506003,60.6481711487664,5.34938268070825e-10,1,0.986612445522106,0,-2.04403842734013e-05,6.79399789156321e-05,0,0,0
31.515,9500.01192577506,1.54504650066994,9500,9500.01358044733,1.54504650066994,1.54504650066994,0,-0.0250786163775388,20.3850969867844,8,0,15030.0692214316,-15030.2117308389,1.54504650066994,1.5418159808907,1.5417830895849,3.28913057927593e-05,-0.0333749825505723,0.00316184941851017,1.54504361292079,0,267.161443506003,60.6481711487664,5.17885180365992e-10,1,0.986612405174958,0,-1.97947542652788e-05,6.57826115855187e-05,0,0,0
31.53,9500.01154959581,1.54504720499119,9500,9500.01315161832,1.54504720499119,1.54504720499119,0,-0.0242851863578267,20.3850774725932,8,0,15030.0709526877,-15030.2089534181,1.54504720499119,1.5418159808907,1.54178413584262,3.18450480754073e-05,-0.0323162385076018,0.00316473716765375,1.5450444081545,0,267.161443506003,60.6481711487664,5.01416743866569e-10,1,0.986612366107311,0,-1.91696899407567e-05,6.36900961508147e-05,0,0,0
31.545,9500.01118531802,1.54504788443794,9500,9500.01273643416,1.54504788443794,1.54504788443794,0,-0.0235185312247339,20.3850586314898,8,0,15030.0726170739,-15030.2062612764,1.54504788443794,1.5418159808907,1.54178514993123,3.0830959469208e-05,-0.0312904725993732,0.00316753400433978,1.54504517681398,0,267.161443506003,60.6481711487664,4.85512616855792e-10,1,0.986612328275676,0,-1.85645135188928e-05,6.1661918938416e-05,0,0,0
31.56,9500.01083254005,1.54504854025007,9500,9500.01233444302,1.54504854025007,1.54504854025007,0,-0.0227774888204566,20.3850404321525,8,0,15030.074218717,-15030.2036519365,1.54504854025007,1.5418159808907,1.54178613219081,2.98486998866476e-05,-0.0302970529124549,0.00317024162830437,1.54504591991877,0,267.161443506003,60.6481711487664,4.70151872180331e-10,1,0.986612291638341,0,-1.79785674216948e-05,5.96973997732952e-05,0,0,0
31.575,9500.01049087771,1.54504917367594,9500,9500.0119452061,1.54504917367594,1.54504917367594,0,-0.0220609074995574,20.3850228432796,8,0,15030.0757618537,-15030.2011230909,1.54504917367594,1.5418159808907,1.54178708305928,2.88978314173516e-05,-0.029335295467385,0.00317286195959499,1.54504663851313,0,267.161443506003,60.6481711487664,4.55311094729638e-10,1,0.986612256155407,0,-1.74112140227667e-05,5.77956628347032e-05,0,0,0
31.59,9500.0101599641,1.54504978593369,9500,9500.01156829872,1.54504978593369,1.54504978593369,0,-0.0213696151855452,20.3850058337312,7,0,15030.0772612721,-15030.1986942325,1.54504978593369,1.5418159808907,1.54178800309037,2.79778003298148e-05,-0.0284044588902054,0.00317539712241044,1.54504733361377,0,267.161443506003,60.6481711487664,9.98701656439258e-10,1,0.986612221788768,0,-1.68618317475389e-05,5.59556006596296e-05,0,0,0
31.605,9500.00983941987,1.54505037817981,9500,9500.0112033112,1.54505037817981,1.54505037817981,0,-0.0206985877896838,20.3849893756216,7,0,15030.0786993067,-15030.1963191461,1.54505037817981,1.5418159808907,1.54178889294578,2.70879449222328e-05,-0.0275037450641321,0.00317784944233135,1.54504800622287,0,267.161443506003,60.6481711487664,9.78013758143628e-10,1,0.98661218849903,0,-1.63298233180065e-05,5.41758898444655e-05,0,0,0
31.62,9500.00952894106,1.5450509516783,9500,9500.01084984171,1.5450509516783,1.5450509516783,0,-0.0200487139658766,20.3849734375664,7,0,15030.0800914049,-15030.194018329,1.5450509516783,1.5418159808907,1.54178975320465,2.62276860447663e-05,-0.0266324164016681,0.00318022139926599,1.54504865766205,0,267.161443506003,60.6481711487664,9.47379458457832e-10,1,0.986612156254623,0,-1.58146052646746e-05,5.24553720895327e-05,0,0,0
31.635,9500.00922821035,1.54505150735061,9500,9500.0105075138,1.54505150735061,1.54505150735061,0,-0.0194191280217148,20.3849579960533,7,0,15030.0814406345,-15030.1917899296,1.54505150735061,1.5418159808907,1.54179058481428,2.5396076420714e-05,-0.0257895245434329,0.00318251541550962,1.54504928845905,0,267.161443506003,60.6481711487664,9.17644015999231e-10,1,0.986612125022594,0,-1.53156264048881e-05,5.07921528414279e-05,0,0,0
31.65,9500.00893692343,1.54505204601116,9500,9500.01017596632,1.54505204601116,1.54505204601116,0,-0.0188090301158803,20.3849430300373,7,0,15030.0827495387,-15030.189631946,1.54505204601116,1.5418159808907,1.54179138876948,2.45921212156386e-05,-0.0249741047806226,0.00318473430707145,1.5450498994402,0,267.161443506003,60.6481711487664,8.88845482079017e-10,1,0.986612094771338,0,-1.48323624538094e-05,4.91842424312772e-05,0,0,0
31.665,9500.00865478797,1.5450525683713,9500,9500.00985485286,1.5450525683713,1.5450525683713,0,-0.0182176977993987,20.3849285208281,7,0,15030.0840202277,-15030.1875423831,1.5450525683713,1.5418159808907,1.54179216609713,2.38147935629485e-05,-0.0241851886575078,0.00318688087803398,1.54505049135586,0,267.161443506003,60.6481711487664,8.60945514329555e-10,1,0.986612065470497,0,-1.43643081864653e-05,4.76295871258969e-05,0,0,0
31.68,9500.00838152251,1.54505307504618,9500,9500.00954384105,1.54505307504618,1.54505307504618,0,-0.0176444804531645,20.3849144519295,7,0,15030.085254408,-15030.1855192502,1.54505307504618,1.5418159808907,1.54179291782792,2.30630627755524e-05,-0.0234218152079377,0.00318895789347606,1.54505106490972,0,267.161443506003,60.6481711487664,8.33908258240716e-10,1,0.986612037090838,0,-1.39109773766855e-05,4.61261255511047e-05,0,0,0
31.695,9500.0081168553,1.5450535665653,9500,9500.00924261167,1.5450535665653,1.5450535665653,0,-0.0170887914586711,20.3849008087991,7,0,15030.0864534269,-15030.1835605611,1.5450535665653,1.5418159808907,1.54179364498565,2.2335905045745e-05,-0.0226830415303656,0.00319096802992713,1.54505162073072,0,267.161443506003,60.6481711487664,8.07700347165026e-10,1,0.986612009604141,0,-1.34719057309773e-05,4.467181009149e-05,0,0,0
31.71,9500.00786052343,1.54505404338512,9500,9500.00895085783,1.54505404338512,1.54505404338512,0,-0.0165500993560672,20.3848875785682,7,0,15030.0876183268,-15030.1816643382,1.54505404338512,1.5418159808907,1.54179434856835,2.16323223438675e-05,-0.0219679518284053,0.00319291386451614,1.5450521593999,0,267.161443506003,60.6481711487664,7.82293682935311e-10,1,0.9866119829831,0,-1.30466445069644e-05,4.32646446877349e-05,0,0,0
31.725,9500.00761227194,1.54505450590282,9500,9500.00866828404,1.54505450590282,1.54505450590282,0,-0.0160279180416474,20.3848747497334,7,0,15030.0887499069,-15030.1798286183,1.54505450590282,1.5418159808907,1.54179502953605,2.09513546474138e-05,-0.0212756648271585,0.0031947978497322,1.54505268144972,0,267.161443506003,60.6481711487664,7.57662216213151e-10,1,0.986611957201238,0,-1.2634766636932e-05,4.19027092948276e-05,0,0,0
31.74,9500.00737185317,1.54505495447046,9500,9500.00839460531,1.54505495447046,1.54505495447046,0,-0.0155217973306938,20.3848623118473,7,0,15030.0898487847,-15030.1780514608,1.54505495447046,1.5418159808907,1.54179568880171,2.02920889860181e-05,-0.0206053392539932,0.0031966223028328,1.5450531873715,0,267.161443506003,60.6481711487664,7.33782385536802e-10,1,0.986611932232833,0,-1.22358519158983e-05,4.05841779720362e-05,0,0,0
31.755,9500.00713902621,1.54505538940812,9500,9500.0081295463,1.54505538940812,1.54505538940812,0,-0.0150313133784611,20.3848502552276,7,0,15030.0909154586,-15030.1763309556,1.54505538940812,1.5418159808907,1.54179632722341,1.96536672887326e-05,-0.0199561772486122,0.00319838940179284,1.54505367762707,0,267.161443506003,60.6481711487664,7.10632678280513e-10,1,0.986611908052867,0,-1.18495037901845e-05,3.93073345774653e-05,0,0,0
31.77,9500.00691355651,1.54505581101593,9500,9500.00787284064,1.54505581101593,1.54505581101593,0,-0.0145560613251114,20.3848385706948,7,0,15030.091950358,-15030.1746652314,1.54505581101593,1.5418159808907,1.54179694559962,1.90352910769409e-05,-0.0193274259458597,0.00320010118284264,1.54505415265569,0,267.161443506003,60.6481711487664,6.88194069701927e-10,1,0.98661188463698,0,-1.14753312732141e-05,3.80705821538818e-05,0,0,0
31.785,9500.00669521559,1.5450562195842,9500,9500.00762423017,1.5450562195842,1.5450562195842,0,-0.0140956479122755,20.3848272493519,7,0,15030.0929538929,-15030.1730524635,1.5450562195842,1.5418159808907,1.54179754467547,1.84362152277906e-05,-0.0187183772599198,0.00320175954308355,1.54505461286424,0,267.161443506003,60.6481711487664,6.66446803286457e-10,1,0.986611861961444,0,-1.1112957835735e-05,3.68724304555812e-05,0,0,0
31.8,9500.00648378087,1.54505661540169,9500,9500.00738346442,1.54505661540169,1.54505661540169,0,-0.0136496862349768,20.3848162824031,7,0,15030.0939264901,-15030.1714908801,1.54505661540169,1.5418159808907,1.54179812513119,1.78557595040818e-05,-0.0181283664287014,0.00320336626304552,1.54505505867275,0,267.161443506003,60.6481711487664,6.45375073888891e-10,1,0.986611840003144,0,-1.076201932948e-05,3.57115190081636e-05,0,0,0
31.815,9500.00627903558,1.54505699876141,9500,9500.00715030019,1.54505699876141,1.54505699876141,0,-0.0132177918518937,20.3848056610287,7,0,15030.0948686205,-15030.1699787675,1.54505699876141,1.5418159808907,1.54179868760028,1.72932904205503e-05,-0.0175567691098239,0.00320492299198039,1.54505549046352,0,267.161443506003,60.6481711487664,6.24959710329355e-10,1,0.986611818739566,0,-1.04221600265575e-05,3.45865808411006e-05,0,0,0
31.83,9500.0060807687,1.54505736996481,9500,9500.00692450107,1.54505736996481,1.54505736996481,0,-0.0127995802082197,20.3847953762953,7,0,15030.0957808173,-15030.1685144737,1.54505736996481,1.5418159808907,1.5417992326654,1.67482252964035e-05,-0.0170029980191876,0.00320643128987319,1.54505590863116,0,267.161443506003,60.6481711487664,6.05185346453022e-10,1,0.986611798148796,0,-1.00930361934815e-05,3.3496450592807e-05,0,0,0
31.845,9500.00588877499,1.54505772932361,9500,9500.00670583728,1.54505772932361,1.54505772932361,0,-0.0123946650920442,20.3847854191153,7,0,15030.0966636869,-15030.1670964105,1.54505772932361,1.5418159808907,1.5417997608653,1.62200253928102e-05,-0.016466498810949,0.00320789262351751,1.545056313565,0,267.161443506003,60.6481711487664,5.8603471355437e-10,1,0.986611778209519,0,-9.77431429927123e-06,3.24400507856204e-05,0,0,0
31.86,9500.00570285502,1.54505807716023,9500,9500.00649408537,1.54505807716023,1.54505807716023,0,-0.0120026587779441,20.3847757802388,7,0,15030.0975179088,-15030.1657230538,1.54505807716023,1.5418159808907,1.54180027270402,1.57081866785092e-05,-0.0159467458763573,0.00320930838212652,1.54505670564618,0,267.161443506003,60.6481711487664,5.67490835600353e-10,1,0.986611758901021,0,-9.46566650950054e-06,3.14163733570183e-05,0,0,0
31.875,9500.00552281513,1.54505841380684,9500,9500.00628902814,1.54505841380684,1.54505841380684,0,-0.0116231724276543,20.384766450274,7,0,15030.0983442319,-15030.1643929434,1.54505841380684,1.5418159808907,1.54180076865779,1.52122329042381e-05,-0.0154432382135182,0.00321067989617951,1.54505708525269,0,267.161443506003,60.6481711487664,5.49536443838929e-10,1,0.986611740203194,0,-9.16677697770929e-06,3.04244658084762e-05,0,0,0
31.89,9500.00534846755,1.5450587396032,9500,9500.00609045446,1.5450587396032,1.5450587396032,0,-0.0112558175676807,20.3847574197336,7,0,15030.0991434651,-15030.1631046803,1.5450587396032,1.5418159808907,1.54180124917485,1.47317158507576e-05,-0.0149554954596931,0.00321200845033243,1.54505745277273,0,267.161443506003,60.6481711487664,5.321548548893e-10,1,0.986611722096534,0,-8.87733743337726e-06,2.94634317015152e-05,0,0,0
31.905,9500.00517963029,1.54505905489417,9500,9500.00589815928,1.54505905489417,1.54505905489417,0,-0.0109002076844524,20.3847486790887,7,0,15030.099916465,-15030.161856925,1.54505905489417,1.5418159808907,1.54180171468894,1.42662017552642e-05,-0.0144830545061874,0.00321329528080305,1.54505780857501,0,267.161443506003,60.6481711487664,5.15329092653923e-10,1,0.986611704562141,0,-8.59705082745243e-06,2.85324035105283e-05,0,0,0
31.92,9500.00501612717,1.54505936002627,9500,9500.00571194351,1.54505936002627,1.54505936002627,0,-0.0105559603249416,20.3847402188416,7,0,15030.1006641204,-15030.1606483927,1.54505936002627,1.5418159808907,1.54180216561672,1.38152739765918e-05,-0.0140254663523674,0.00321454159995849,1.54505815303861,0,267.161443506003,60.6481711487664,4.99041156578313e-10,1,0.98661168758172,0,-8.32562378483281e-06,2.76305479531835e-05,0,0,0
31.935,9500.00485778777,1.54505965534468,9500,9500.005531614,1.54505965534468,1.54505965534468,0,-0.0102226991926518,20.3847320295909,7,0,15030.1013873369,-15030.159477851,1.54505965534468,1.5418159808907,1.5418026023676,1.33785230962413e-05,-0.0135822938165109,0.00321574858761919,1.54505848652451,0,267.161443506003,60.6481711487664,4.83274948616408e-10,1,0.98661167113757,0,-8.06277848153236e-06,2.67570461924826e-05,0,0,0
31.95,9500.00470444728,1.54505994118992,9500,9500.00535698351,1.54505994118992,1.54505994118992,0,-0.00990005611275226,20.3847241021009,7,0,15030.1020870216,-15030.1583441148,1.54505994118992,1.5418159808907,1.54180302534399,1.29555467065501e-05,-0.0131531095920709,0.00321691740779295,1.5450588093919,0,267.161443506003,60.6481711487664,4.68012175481319e-10,1,0.986611655212577,0,-7.80823856216806e-06,2.59110934131002e-05,0,0,0
31.965,9500.00455594644,1.5450602178952,9500,9500.00518787059,1.5450602178952,1.5450602178952,0,-0.00958767237652085,20.3847164273563,7,0,15030.1027640716,-15030.1572460426,1.5450602178952,1.5418159808907,1.54180343494212,1.25459485755819e-05,-0.0127374951094288,0.00321804920580493,1.54505912199365,0,267.161443506003,60.6481711487664,4.53237470834445e-10,1,0.986611639790199,0,-7.56174076843585e-06,2.50918971511638e-05,0,0,0
31.98,9500.00441213135,1.54506048578388,9500,9500.00502409955,1.54506048578388,1.54506048578388,0,-0.00928323269268036,20.384709001567,6,0,15030.1034087464,-15030.1561607373,1.54506048578388,1.5418159808907,1.54180383155367,1.21493370310866e-05,-0.0123350396226015,0.00321914510735022,1.54505942467211,0,267.161443506003,60.6481711487664,9.95892324377431e-10,1,0.986611624854455,0,-7.32302972084042e-06,2.42986740621731e-05,0,0,0
31.995,9500.00427288286,1.54506074516752,9500,9500.00486550034,1.54506074516752,1.54506074516752,0,-0.00899045961241144,20.3847018065609,6,0,15030.1040437456,-15030.1551320521,1.54506074516752,1.5418159808907,1.54180421556764,1.17653230580217e-05,-0.0119453398735047,0.00322020621912156,1.54505971775593,0,267.161443506003,60.6481711487664,9.40271405571684e-10,1,0.986611610392969,0,-7.09185914149479e-06,2.35306461160434e-05,0,0,0
32.01,9500.00413802597,1.54506099615049,9500,9500.00471191611,1.54506099615049,1.54506099615049,0,-0.00870702876162768,20.3846948432376,6,0,15030.1046575085,-15030.1541352178,1.54506099615049,1.5418159808907,1.5418045875562,1.13933344978445e-05,-0.0115678874381901,0.00322123363070537,1.5450600011904,0,267.161443506003,60.6481711487664,9.11004584224703e-10,1,0.986611596387567,0,-6.86799546123495e-06,2.2786668995689e-05,0,0,0
32.025,9500.00400742054,1.54506123907414,9500,9500.00456318531,1.54506123907414,1.54506123907414,0,-0.0084326286139262,20.3846881025962,6,0,15030.1052512392,-15030.1531696684,1.54506123907414,1.5418159808907,1.54180494780337,1.10330873297482e-05,-0.011202355641914,0.00322222859079968,1.54506027565616,0,267.161443506003,60.6481711487664,8.82266075222625e-10,1,0.986611582823696,0,-6.65120809939523e-06,2.20661746594963e-05,0,0,0
32.04,9500.00388093111,1.54506147425995,9500,9500.00441915192,1.54506147425995,1.54506147425995,0,-0.00816692907661605,20.3846815761513,6,0,15030.1058258752,-15030.1522344656,1.54506147425995,1.5418159808907,1.54180529660896,1.06842817353403e-05,-0.0108484081766553,0.00322319200878529,1.54506054146295,0,267.161443506003,60.6481711487664,8.54456141453286e-10,1,0.986611569687287,0,-6.44126629989472e-06,2.13685634706806e-05,0,0,0
32.055,9500.00375842717,1.54506170201125,9500,9500.00427966527,1.54506170201125,1.54506170201125,0,-0.00790961692160655,20.3846752558651,6,0,15030.1063822923,-15030.1513287053,1.54506170201125,1.5418159808907,1.5418056342917,1.03465989980123e-05,-0.0105057046386285,0.00322412480578405,1.54506079889448,0,267.161443506003,60.6481711487664,8.27532342252483e-10,1,0.986611556964787,0,-6.23795292487017e-06,2.06931979960245e-05,0,0,0
32.07,9500.00363978292,1.54506192261168,9500,9500.0041445799,1.54506192261168,1.54506192261168,0,-0.00766039582304247,20.3846691341773,6,0,15030.1069212939,-15030.1504515071,1.54506192261168,1.5418159808907,1.54180596118242,1.00197082781861e-05,-0.0101739028559326,0.00322502792255985,1.54506104822981,0,267.161443506003,60.6481711487664,8.01462334963581e-10,1,0.98661154464313,0,-6.04105474755201e-06,2.00394165563722e-05,0,0,0
32.085,9500.00352487698,1.54506213632458,9500,9500.00401375545,1.54506213632458,1.54506213632458,0,-0.00741898638509612,20.3846632040159,6,0,15030.1074436083,-15030.1496020114,1.54506213632458,1.5418159808907,1.54180627761137,9.70327932869886e-06,-0.00985266121097989,0.00322590230442588,1.54506128975378,0,267.161443506003,60.6481711487664,7.76215533087337e-10,1,0.986611532709711,0,-5.8503659396969e-06,1.94065586573977e-05,0,0,0
32.1,9500.00341359219,1.54506234339361,9500,9500.00388705648,1.54506234339361,1.54506234339361,0,-0.00718512597637271,20.3846574587802,6,0,15030.1079498874,-15030.1487793778,1.54506234339361,1.5418159808907,1.54180658391982,9.39697088075953e-06,-0.00954164109298017,0.00322674887522179,1.54506152370768,0,267.161443506003,60.6481711487664,7.51762374541994e-10,1,0.986611521152361,0,-5.66569202353762e-06,1.87939417615191e-05,0,0,0
32.115,9500.00330581529,1.5450625440438,9500,9500.00376435229,1.5450625440438,1.5450625440438,0,-0.00695856734898979,20.3846518923166,6,0,15030.1084407133,-15030.1479827835,1.5450625440438,1.5418159808907,1.54180688044054,9.10045015611871e-06,-0.0092405089688809,0.00322756856115292,1.54506175035216,0,267.161443506003,60.6481711487664,7.28074614361397e-10,1,0.986611509959321,0,-5.48684143852896e-06,1.82009003122374e-05,0,0,0
32.13,9500.00320143678,1.5450627384832,9500,9500.0036455167,1.5450627384832,1.5450627384832,0,-0.00673907758884612,20.3846464988786,6,0,15030.1089166044,-15030.1472114233,1.5450627384832,1.5418159808907,1.54180716750653,8.81338416847122e-06,-0.00894893831810429,0.00322836225278778,1.54506196991182,0,267.161443506003,60.6481711487664,7.0512766626984e-10,1,0.986611499119215,0,-5.31362908362532e-06,1.76267683369424e-05,0,0,0
32.145,9500.00310035062,1.54506292690497,9500,9500.00353042784,1.54506292690497,1.54506292690497,0,-0.00652643656852747,20.3846412730814,6,0,15030.1093780235,-15030.146464509,1.54506292690497,1.5418159808907,1.54180744544206,8.53544863677058e-06,-0.00866661121979377,0.00322913082416942,1.54506218261214,0,267.161443506003,60.6481711487664,6.82896065885182e-10,1,0.986611488621032,0,-5.14587560229707e-06,1.70708972735412e-05,0,0,0
32.16,9500.00300245407,1.54506310948947,9500,9500.00341896795,1.54506310948947,1.54506310948947,0,-0.00632043531278312,20.3846362098531,6,0,15030.109825388,-15030.1457412708,1.54506310948947,1.5418159808907,1.54180771456121,8.26632948536243e-06,-0.00839321958896288,0.0032298751169979,1.54506238866667,0,267.161443506003,60.6481711487664,6.61358153866853e-10,1,0.986611478454103,0,-4.98341276777836e-06,1.65326589707249e-05,0,0,0
32.175,9500.00290764754,1.5450632864064,9500,9500.00331102317,1.5450632864064,1.5450632864064,0,-0.00612087465524044,20.3846313043872,6,0,15030.1102590779,-15030.1450409565,1.5450632864064,1.5418159808907,1.54180797516806,8.00572263659483e-06,-0.00812846600508924,0.00323059593979846,1.54506258827577,0,267.161443506003,60.6481711487664,6.40491392770051e-10,1,0.986611468608084,0,-4.8260758287455e-06,1.60114452731897e-05,0,0,0
32.19,9500.00281583442,1.54506345781707,9500,9500.00320648334,1.54506345781707,1.54506345781707,0,-0.00592756347418495,20.3846265520933,6,0,15030.1106794465,-15030.1443628337,1.54506345781707,1.5418159808907,1.54180822755262,7.75333807356837e-06,-0.00787206435742425,0.00323129407043421,1.54506278163728,0,267.161443506003,60.6481711487664,6.20275294013631e-10,1,0.986611459072942,0,-4.67369931023143e-06,1.55066761471367e-05,0,0,0
32.205,9500.00272692097,1.5450636238761,9500,9500.00310524179,1.5450636238761,1.5450636238761,0,-0.00574031758492879,20.3846219485573,6,0,15030.1110868276,-15030.1437061896,1.5450636238761,1.5418159808907,1.54180847199611,7.50889458434045e-06,-0.00762373997202562,0.00323197025022859,1.54506296893009,0,267.161443506003,60.6481711487664,6.00691271532856e-10,1,0.986611449838941,0,-4.52613172630123e-06,1.50177891686809e-05,0,0,0
32.22,9500.00264081621,1.54506378473316,9500,9500.00300719522,1.54506378473316,1.54506378473316,0,-0.00555895840926353,20.3846174895038,6,0,15030.111481544,-15030.1430703319,1.54506378473316,1.5418159808907,1.5418087087592,7.27213149742667e-06,-0.00738322960339473,0.00323262519623535,1.54506315034993,0,267.161443506003,60.6481711487664,5.81719422116188e-10,1,0.986611440896634,0,-4.38322119422629e-06,1.45442629948533e-05,0,0,0
32.235,9500.00255743183,1.54506394053425,9500,9500.00291224352,1.54506394053425,1.54506394053425,0,-0.00538331219091192,20.3846131707676,6,0,15030.1118639119,-15030.1424545897,1.54506394053425,1.5418159808907,1.54180893809704,7.04279366225968e-06,-0.00715028110607655,0.00323325957946929,1.54506332605749,0,267.161443506003,60.6481711487664,5.6334335490219e-10,1,0.986611432236849,0,-4.24482100669366e-06,1.40855873245194e-05,0,0,0
32.25,9500.00247668215,1.54506409142275,9500,9500.00282028964,1.54506409142275,1.54506409142275,0,-0.00521320926540606,20.38460898827,6,0,15030.1122342459,-15030.1418583134,1.54506409142275,1.5418159808907,1.54180916024784,6.82064285362216e-06,-0.00692465299113382,0.00323387405622744,1.54506349623263,0,267.161443506003,60.6481711487664,5.45544483793721e-10,1,0.986611423850687,0,-4.11079049422725e-06,1.36412857072443e-05,0,0,0
32.265,9500.00239848401,1.5450642375401,9500,9500.00273123946,1.5450642375401,1.5450642375401,0,-0.00504848342781686,20.3846049380038,6,0,15030.1125928625,-15030.1412808749,1.5450642375401,1.5418159808907,1.54180937544119,6.60544950492614e-06,-0.00670611378566557,0.00323446924634596,1.54506366103605,0,267.161443506003,60.6481711487664,5.2830627156138e-10,1,0.986611415729512,0,-3.98099310872091e-06,1.32108990098523e-05,0,0,0
32.28,9500.00232275676,1.54506437902612,9500,9500.00264500172,1.54506437902612,1.54506437902612,0,-0.00488897183490264,20.3846010160253,6,0,15030.1129400805,-15030.1407216679,1.54506437902612,1.5418159808907,1.54180958389235,6.3969983461476e-06,-0.00649444129258415,0.00323504575039402,1.54506382063778,0,267.161443506003,60.6481711487664,5.1161188827005e-10,1,0.986611407864949,0,-3.85529441904175e-06,1.27939966922952e-05,0,0,0
32.295,9500.00224942218,1.5450645160193,9500,9500.00256148791,1.5450645160193,1.5450645160193,0,-0.00473451463975865,20.3845972184486,6,0,15030.1132762231,-15030.1401801072,1.5450645160193,1.5418159808907,1.54180978581286,6.19507783783391e-06,-0.00628942193365724,0.00323560413873514,1.54506397518511,0,267.161443506003,60.6481711487664,4.95445528414909e-10,1,0.986611400248874,0,-3.73356602079156e-06,1.23901556756678e-05,0,0,0
32.31,9500.00217840446,1.54506464865672,9500,9500.00248061218,1.54506464865672,1.54506464865672,0,-0.00458495514409474,20.3845935414446,6,0,15030.1136016163,-15030.1396556282,1.54506464865672,1.5418159808907,1.54180998139914,5.99949155866142e-06,-0.00609085002327699,0.00323614497292457,1.54506412484674,0,267.161443506003,60.6481711487664,4.79790654741189e-10,1,0.986611392873413,0,-3.61568396489709e-06,1.19989831173228e-05,0,0,0
32.325,9500.00210963013,1.54506477707378,9500,9500.00240229127,1.54506477707378,1.54506477707378,0,-0.00444013968764584,20.3845899812489,6,0,15030.1139165888,-15030.1391476865,1.54506477707378,1.5418159808907,1.54181017084568,5.81004502131499e-06,-0.00589852698827929,0.00323666878290529,1.54506426976365,0,267.161443506003,60.6481711487664,4.64632339819011e-10,1,0.986611385730938,0,-3.50152459849262e-06,1.162009004263e-05,0,0,0
32.34,9500.00204302804,1.54506490140401,9500,9500.00232644448,1.54506490140401,1.54506490140401,0,-0.00429991817911716,20.3845865341636,6,0,15030.1142214686,-15030.1386557574,1.54506490140401,1.5418159808907,1.54181035433725,5.62655344249485e-06,-0.00571226084081031,0.00323717609304208,1.54506441009062,0,267.161443506003,60.6481711487664,4.49954924469423e-10,1,0.986611378814057,0,-3.39097154666845e-06,1.12531068849897e-05,0,0,0
32.355,9500.00197852927,1.54506502177854,9500,9500.00225299356,1.54506502177854,1.54506502177854,0,-0.0041660259909152,20.3845832011106,5,0,15030.1145270254,-15030.1382004715,1.54506502177854,1.5418159808907,1.54181053205214,5.4488385594631e-06,-0.00553186552637908,0.00323766740642539,1.54506454597424,0,267.161443506003,60.6481711487664,9.84642385525131e-10,1,0.986611372115614,0,-3.28391143544771e-06,1.08976771189262e-05,0,0,0
32.37,9500.00191603888,1.54506513832579,9500,9500.00218186271,1.54506513832579,1.54506513832579,0,-0.00403261556679631,20.3845799646357,6,0,15030.1148019636,-15030.1377173047,1.54506513832579,1.5418159808907,1.54181070416781,5.27672288486158e-06,-0.00535716046976819,0.00323814321072868,1.5450646775472,0,267.161443506003,60.6481711487664,4.45968417951192e-10,1,0.986611365625749,0,-3.18023184453509e-06,1.05534457697232e-05,0,0,0
32.385,9500.00185554964,1.54506525135695,9500,9500.00211297114,1.54506525135695,1.54506525135695,0,-0.00390698794466201,20.384576835749,5,0,15030.1150893478,-15030.1372908097,1.54506525135695,1.5418159808907,1.54181087067022,5.11022047433585e-06,-0.00518807818772886,0.00323860398931974,1.54506480532097,0,267.161443506003,60.6481711487664,9.22549142886611e-10,1,0.986611359343712,0,-3.07981616343156e-06,1.02204409486717e-05,0,0,0
32.4,9500.00179694482,1.5450653607597,9500,9500.00204625714,1.5450653607597,1.5450653607597,0,-0.00378361705698528,20.3845738023433,5,0,15030.1153576999,-15030.1368581065,1.5450653607597,1.5418159808907,1.54181103199525,4.9488954467769e-06,-0.00502428498258673,0.003239050025303,1.54506492870689,0,267.161443506003,60.6481711487664,9.4521502499086e-10,1,0.986611353257378,0,-2.98257736108809e-06,9.8977908935538e-06,0,0,0
32.415,9500.00174019057,1.54506546683019,9500,9500.00198164474,1.54506546683019,1.54506546683019,0,-0.00366399535343745,20.3845708621591,5,0,15030.1156177812,-15030.1364384373,1.54506546683019,1.5418159808907,1.5418111881155,4.79277519671584e-06,-0.00486573129680949,0.00323948207811098,1.5450650485192,0,267.161443506003,60.6481711487664,9.17354258171987e-10,1,0.986611347363232,0,-2.88839791817708e-06,9.58555039343167e-06,0,0,0
32.43,9500.00168523064,1.54506556964428,9500,9500.00191906887,1.54506556964428,1.54506556964428,0,-0.00354809032188081,20.3845680128453,5,0,15030.1158700788,-15030.1360321043,1.54506556964428,1.5418159808907,1.54181133924588,4.64164481694951e-06,-0.00471221753769166,0.00323990038909505,1.54506516456943,0,267.161443506003,60.6481711487664,8.88446658968535e-10,1,0.986611341655434,0,-2.79719029339098e-06,9.28328963389902e-06,0,0,0
32.445,9500.00163200928,1.54506566926856,9500,9500.00185846677,1.54506566926856,1.54506566926856,0,-0.0034358112089143,20.3845652523198,5,0,15030.1161146869,-15030.1356386862,1.54506566926856,1.5418159808907,1.54181148559627,4.49529442780872e-06,-0.00456355451776711,0.0032403054639516,1.5450652769435,0,267.161443506003,60.6481711487664,8.60357877272222e-10,1,0.986611336128194,0,-2.70885759734441e-06,8.99058885561743e-06,0,0,0
32.46,9500.00158047212,1.54506576577061,9500,9500.00179977748,1.54506576577061,1.54506576577061,0,-0.00332706553339393,20.384562578497,5,0,15030.1163516961,-15030.1352577479,1.54506576577061,1.5418159808907,1.54181162735326,4.35353743344358e-06,-0.00441956815422545,0.00324069778900737,1.54506538575457,0,267.161443506003,60.6481711487664,8.33138696129717e-10,1,0.986611330775863,0,-2.6233125978159e-06,8.70707486688715e-06,0,0,0
32.475,9500.00153056613,1.54506585922036,9500,9500.00174294175,1.54506585922036,1.54506585922036,0,-0.00322176042798121,20.384559989257,5,0,15030.1165812132,-15030.1348888686,1.54506585922036,1.5418159808907,1.54181176468258,4.21620811974499e-06,-0.00428009768356222,0.0032410778050449,1.54506549111198,0,267.161443506003,60.6481711487664,8.067705294232e-10,1,0.986611325592937,0,-2.54047035164184e-06,8.43241623948998e-06,0,0,0
32.49,9500.00148223973,1.54506594969118,9500,9500.00168790196,1.54506594969118,1.54506594969118,0,-0.00311980197850145,20.3845574824234,5,0,15030.1168033671,-15030.1345316434,1.54506594969118,1.5418159808907,1.54181189773627,4.08315442990137e-06,-0.0041449940833796,0.00324144591342757,1.54506559311298,0,267.161443506003,60.6481711487664,7.81231425012574e-10,1,0.986611320574056,0,-2.46024561834091e-06,8.16630885980274e-06,0,0,0
32.505,9500.0014354427,1.54506603726,9500,9500.00163460202,1.54506603726,1.54506603726,0,-0.00302109526736897,20.3845550557582,5,0,15030.1170183091,-15030.1341856844,1.54506603726,1.5418159808907,1.54181202665113,3.9542395631198e-06,-0.00401411827998087,0.00324180249162143,1.54506569186144,0,267.161443506003,60.6481711487664,7.56500894234343e-10,1,0.986611315714006,0,-2.38255677809107e-06,7.9084791262396e-06,0,0,0
32.52,9500.00139012627,1.54506612200711,9500,9500.00158298739,1.54506612200711,1.54506612200711,0,-0.0029255445577098,20.3845527069685,5,0,15030.1172262118,-15030.1338506201,1.54506612200711,1.5418159808907,1.54181215155417,3.82933652298689e-06,-0.0038873394842042,0.00324214789017385,1.54506578745392,0,267.161443506003,60.6481711487664,7.32556692236183e-10,1,0.986611311007722,0,-2.30732496930841e-06,7.65867304597379e-06,0,0,0
32.535,9500.0013462431,1.54506620401576,9500,9500.00153300502,1.54506620401576,1.54506620401576,0,-0.00283305343521729,20.3845504337147,5,0,15030.1174272678,-15030.1335260952,1.54506620401576,1.5418159808907,1.54181227256603,3.70832467000426e-06,-0.003764533788073,0.00324248244336878,1.54506587998341,0,267.161443506003,60.6481711487664,7.09376135113235e-10,1,0.986611306450288,0,-2.2344717809375e-06,7.41664934000852e-06,0,0,0
32.55,9500.0013037473,1.54506628337135,9500,9500.00148460334,1.54506628337135,1.54506628337135,0,-0.00274352532172713,20.3845482336269,5,0,15030.1176216861,-15030.1332117699,1.54506628337135,1.5418159808907,1.54181238979518,3.59109551428816e-06,-0.00364558285727465,0.00324280647571884,1.54506596955744,0,267.161443506003,60.6481711487664,6.86938148786831e-10,1,0.986611302036937,0,-2.16392204777094e-06,7.18219102857631e-06,0,0,0
32.565,9500.00126259442,1.54506636016068,9500,9500.00143773223,1.54506636016068,1.54506636016068,0,-0.00265686424586942,20.3845461043229,5,0,15030.1178096872,-15030.1329073193,1.54506636016068,1.5418159808907,1.54181250335021,3.47754048490856e-06,-0.00353037285921395,0.00324312028962659,1.54506605626129,0,267.161443506003,60.6481711487664,6.6521829315732e-10,1,0.986611297763054,0,-2.09560403918729e-06,6.95508096981712e-06,0,0,0
32.58,9500.00122274146,1.54506643447082,9500,9500.00139234308,1.54506643447082,1.54506643447082,0,-0.00257297519973412,20.3845440434307,5,0,15030.1179914995,-15030.132612432,1.54506643447082,1.5418159808907,1.54181261333305,3.3675576474046e-06,-0.00341879349406073,0.00324342418901291,1.545066140195,0,267.161443506003,60.6481711487664,6.44195347784943e-10,1,0.986611293624172,0,-2.02944495342194e-06,6.73511529480919e-06,0,0,0
32.595,9500.00118414683,1.54506650638828,9500,9500.0013483887,1.54506650638828,1.54506650638828,0,-0.00249176480588168,20.3845420486073,5,0,15030.1181673551,-15030.1323268095,1.54506650638828,1.5418159808907,1.54181271984694,3.26104376102698e-06,-0.00331073734742465,0.00324371846482596,1.54506622144305,0,267.161443506003,60.6481711487664,6.23846043345676e-10,1,0.986611289615973,0,-1.96537839181055e-06,6.52208752205397e-06,0,0,0
32.61,9500.00114677036,1.54506657599818,9500,9500.00130582337,1.54506657599818,1.54506657599818,0,-0.00241314201677786,20.3845401175556,5,0,15030.1183374842,-15030.1320501645,1.54506657599818,1.5418159808907,1.54181282298935,3.15790134974847e-06,-0.00320609941304178,0.00324400341005693,1.54506630010345,0,267.161443506003,60.6481711487664,6.04148573994592e-10,1,0.986611285734284,0,-1.90333648575347e-06,6.31580269949694e-06,0,0,0
32.625,9500.00111057322,1.54506664338336,9500,9500.00126460279,1.54506664338336,1.54506664338336,0,-0.00233701822190914,20.3845382480434,5,0,15030.1185021135,-15030.1317822202,1.54506664338336,1.5418159808907,1.54181292285706,3.05803363409574e-06,-0.00310477666739469,0.00324427930478111,1.54506637626275,0,267.161443506003,60.6481711487664,5.85080255790754e-10,1,0.986611281975074,0,-1.84325418040032e-06,6.11606726819147e-06,0,0,0
32.64,9500.00107551795,1.54506670862388,9500,9500.0012246841,1.54506670862388,1.54506670862388,0,-0.00226330807054499,20.3845364379137,5,0,15030.1186614607,-15030.1315227095,1.54506670862388,1.5418159808907,1.54181301955047,2.96134022415018e-06,-0.00300666797984159,0.00324454642539274,1.54506644999654,0,267.161443506003,60.6481711487664,5.66619868272991e-10,1,0.986611278334451,0,-1.7850690900989e-06,5.92268044830035e-06,0,0,0
32.655,9500.00104156833,1.54506677179655,9500,9500.00118602583,1.54506677179655,1.54506677179655,0,-0.00219192932003929,20.3845346850948,5,0,15030.1188157348,-15030.1312713738,1.54506677179655,1.5418159808907,1.54181311316253,2.86772816293634e-06,-0.00291167401580102,0.00324480505273916,1.54506652139976,0,267.161443506003,60.6481711487664,5.48746337324008e-10,1,0.986611274808653,0,-1.72872203796359e-06,5.73545632587269e-06,0,0,0
32.67,9500.00100868939,1.54506683297456,9500,9500.00114858786,1.54506683297456,1.54506683297456,0,-0.00212280317107267,20.384532987606,5,0,15030.1189651326,-15030.1310279622,1.54506683297456,1.5418159808907,1.54181320379076,2.77709994156439e-06,-0.00281969726864758,0.00324505544952558,1.54506659054011,0,267.161443506003,60.6481711487664,5.31439905958466e-10,1,0.98661127139405,0,-1.67415257701364e-06,5.55419988312877e-06,0,0,0
32.685,9500.00097684734,1.54506689222739,9500,9500.00111233143,1.54506689222739,1.54506689222739,0,-0.00205585434118578,20.3845313435609,5,0,15030.1191098383,-15030.1307922311,1.54506689222739,1.5418159808907,1.54181329152889,2.68936180991552e-06,-0.00273064216502436,0.00324529788397765,1.54506665749829,0,267.161443506003,60.6481711487664,5.14680817187002e-10,1,0.986611268087133,0,-1.62130691649942e-06,5.37872361983105e-06,0,0,0
32.7,9500.00094600953,1.54506694962076,9500,9500.00107721903,1.54506694962076,1.54506694962076,0,-0.00199101098777198,20.384529751167,5,0,15030.1192500234,-15030.1305639438,1.54506694962076,1.5418159808907,1.54181337647035,2.60442034938357e-06,-0.00264441520050802,0.00324553261307203,1.54506672234447,0,267.161443506003,60.6481711487664,4.98450777501269e-10,1,0.986611264884508,0,-1.57012774892884e-06,5.20884069876715e-06,0,0,0
32.715,9500.00091614436,1.54506700521672,9500,9500.00104321445,1.54506700521672,1.54506700521672,0,-0.00192820457374885,20.3845282087229,5,0,15030.1193858468,-15030.1303428696,1.54506700521672,1.5418159808907,1.54181345870522,2.52218547402983e-06,-0.00256092509891287,0.00324575988936382,1.54506678515101,0,267.161443506003,60.6481711487664,4.82731932434862e-10,1,0.986611261782897,0,-1.52056382840549e-06,5.04437094805965e-06,0,0,0
32.73,9500.00088722129,1.54506705907397,9500,9500.00101028265,1.54506705907397,1.54506705907397,0,-0.00186736962785116,20.3845267146117,5,0,15030.1195174561,-15030.1301287843,1.54506705907397,1.5418159808907,1.54181353832539,2.44256531223286e-06,-0.0024800830436527,0.00324597995507747,1.5450668459764,0,267.161443506003,60.6481711487664,4.6750686656354e-10,1,0.986611258779126,0,-1.47256220439651e-06,4.88513062446572e-06,0,0,0
32.745,9500.00085921075,1.545067111248,9500,9500.00097838976,1.545067111248,1.545067111248,0,-0.0018084437058378,20.3845252672963,5,0,15030.1196449877,-15030.1299214693,1.545067111248,1.5418159808907,1.5418136154131,2.36547759535632e-06,-0.00240180275062978,0.00324619305264884,1.54506690489854,0,267.161443506003,60.6481711487664,4.52760359687276e-10,1,0.986611255870124,0,-1.42607594777466e-06,4.73095519071265e-06,0,0,0
32.76,9500.00083208409,1.54506716179134,9500,9500.00094750303,1.54506716179134,1.54506716179134,0,-0.0017493193336777,20.3845238810919,4,0,15030.1197578585,-15030.1296983659,1.54506716179134,1.5418159808907,1.54181369005645,2.29083425118404e-06,-0.0023260005518249,0.00324639940211013,1.54506696196131,0,267.161443506003,60.6481711487664,9.99441044024728e-10,1,0.986611253052918,0,-1.38105709290848e-06,4.58166850236807e-06,0,0,0
32.775,9500.0008058443,1.54506721075413,9500,9500.00091759077,1.54506721075413,1.54506721075413,0,-0.00169429502104636,20.3845225228301,4,0,15030.1198789891,-15030.1295068208,1.54506721075413,1.5418159808907,1.54181376233676,2.21855394055837e-06,-0.00225259562134086,0.00324659923214399,1.54506701723072,0,267.161443506003,60.6481711487664,8.43573328169598e-10,1,0.986611250327816,0,-1.33745794883566e-06,4.43710788111673e-06,0,0,0
32.79,9500.00078042988,1.54506725798202,9500,9500.00088863027,1.54506725798202,1.54506725798202,0,-0.00164094482758817,20.3845212115349,4,0,15030.1199944045,-15030.1293190737,1.54506725798202,1.5418159808907,1.54181383252641,2.14836428602538e-06,-0.0021813924748406,0.00324679275555262,1.54506707037482,0,267.161443506003,60.6481711487664,8.27642425987586e-10,1,0.986611247688431,0,-1.29524518865942e-06,4.29672857205077e-06,0,0,0
32.805,9500.00075581571,1.54506730359301,9500,9500.00086058879,1.54506730359301,1.54506730359301,0,-0.00158937401476506,20.3845199443127,4,0,15030.1201056654,-15030.1291372834,1.54506730359301,1.5418159808907,1.54181390058867,2.08030202375475e-06,-0.00211238712486055,0.00324698036275284,1.5450671218575,0,267.161443506003,60.6481711487664,8.00606014163436e-10,1,0.986611245132156,0,-1.25437298903464e-06,4.16060404750951e-06,0,0,0
32.82,9500.0007319751,1.54506734767943,9500,9500.00083343554,1.54506734767943,1.54506734767943,0,-0.00153948126759484,20.384518718884,4,0,15030.1202129962,-15030.1289610986,1.54506734767943,1.5418159808907,1.54181396652538,2.01436531521715e-06,-0.00204554730834312,0.00324716209826192,1.54506717171959,0,267.161443506003,60.6481711487664,7.75489547409748e-10,1,0.986611242656217,0,-1.21479373627054e-06,4.0287306304343e-06,0,0,0
32.835,9500.00070888288,1.54506739032979,9500,9500.0008071408,1.54506739032979,1.54506739032979,0,-0.00149118834839036,20.3845175330509,4,0,15030.1203167149,-15030.1287903928,1.54506739032979,1.5418159808907,1.54181403036039,1.95053030616066e-06,-0.00198083226043945,0.00324733805810129,1.54506722000941,0,267.161443506003,60.6481711487664,7.51120042626217e-10,1,0.986611240258003,0,-1.17646835184892e-06,3.90106061232132e-06,0,0,0
32.85,9500.00068651505,1.5450674316249,9500,9500.00078167603,1.5450674316249,1.5450674316249,0,-0.00144442148994131,20.3845163847959,4,0,15030.1204170986,-15030.1286250238,1.5450674316249,1.5418159808907,1.5418140921271,1.88876360018853e-06,-0.00191819282471919,0.00324750837848065,1.54506726679638,0,267.161443506003,60.6481711487664,7.27552965946373e-10,1,0.986611237935019,0,-1.13935124623765e-06,3.77752720037705e-06,0,0,0
32.865,9500.00066484873,1.54506747163714,9500,9500.00075701387,1.54506747163714,1.54506747163714,0,-0.00139911333169796,20.384515272295,4,0,15030.1205143911,-15030.1284648527,1.54506747163714,1.5418159808907,1.54181415187627,1.82901442347116e-06,-0.00185757338985362,0.00324767320700303,1.54506731212655,0,267.161443506003,60.6481711487664,7.04742071296672e-10,1,0.986611235684889,0,-1.10340443426615e-06,3.65802884694233e-06,0,0,0
32.88,9500.00064386203,1.54506751042993,9500,9500.00073312812,1.54506751042993,1.54506751042993,0,-0.00135520334475881,20.3845141939287,4,0,15030.1206087982,-15030.1283097413,1.54506751042993,1.5418159808907,1.54181420966323,1.77122746403136e-06,-0.00179891353202557,0.00324783271759266,1.54506735606322,0,267.161443506003,60.6481711487664,6.82651942388171e-10,1,0.98661123350534,0,-1.06858981241409e-06,3.54245492806271e-06,0,0,0
32.895,9500.00062353398,1.54506754805794,9500,9500.0007099937,1.54506754805794,1.54506754805794,0,-0.00131263740804094,20.3845131482759,4,0,15030.1207004884,-15030.1281595505,1.54506754805794,1.5418159808907,1.54181426555158,1.71533911719202e-06,-0.0017421496963986,0.00324798708430074,1.54506739865323,0,267.161443506003,60.6481711487664,6.61250236246747e-10,1,0.986611231394194,0,-1.03486770663963e-06,3.43067823438403e-06,0,0,0
32.91,9500.00060384442,1.54506758456759,9500,9500.00068758658,1.54506758456759,1.54506758456759,0,-0.00127136750314578,20.3845121341027,4,0,15030.1207895949,-15030.1280141408,1.54506758456759,1.5418159808907,1.54181431960992,1.66128077938588e-06,-0.00168721666759016,0.00324813648900801,1.54506743994126,0,267.161443506003,60.6481711487664,6.40507536864965e-10,1,0.986611229349359,0,-1.00220846288579e-06,3.32256155877175e-06,0,0,0
32.925,9500.0005847739,1.54506761999791,9500,9500.00066588375,1.54506761999791,1.54506761999791,0,-0.00123135084759263,20.3845111503428,4,0,15030.1208762204,-15030.1278733715,1.54506761999791,1.5418159808907,1.54181437191032,1.60898037981916e-06,-0.00163404890264476,0.00324828111533804,1.54506747996679,0,267.161443506003,60.6481711487664,6.20398233293435e-10,1,0.986611227368813,0,-9.70575728898027e-07,3.21796075963832e-06,0,0,0
32.94,9500.00056630364,1.54506765438168,9500,9500.00064486312,1.54506765438168,1.54506765438168,0,-0.00119254948951708,20.3845101960716,4,0,15030.1209604396,-15030.1277371021,1.54506765438168,1.5418159808907,1.54181442251702,1.55837367610268e-06,-0.00158258170327419,0.00324842114645807,1.54506751878451,0,267.161443506003,60.6481711487664,6.00899348853127e-10,1,0.986611225450606,0,-9.3993584782126e-07,3.11674735220535e-06,0,0,0
32.955,9500.0005484154,1.54506768774657,9500,9500.00062450345,1.54506768774657,1.54506768774657,0,-0.00115492921740965,20.384509270481,4,0,15030.1210423064,-15030.1276051916,1.54506768774657,1.5418159808907,1.5418144715043,1.50938640119946e-06,-0.00153275210197522,0.00324855674362912,1.54506755640713,0,267.161443506003,60.6481711487664,5.8199083383265e-10,1,0.986611223592844,0,-9.10260616437952e-07,3.01877280239893e-06,0,0,0
32.97,9500.00053109146,1.54506772011633,9500,9500.00060478428,1.54506772011633,1.54506772011633,0,-0.00111845864645011,20.3845083728537,4,0,15030.1211218591,-15030.1274775003,1.54506772011633,1.5418159808907,1.54181451893447,1.46195622674483e-06,-0.00148449952531476,0.00324868808306666,1.54506759288622,0,267.161443506003,60.6481711487664,5.63654248351955e-10,1,0.986611221793687,0,-8.81518876338916e-07,2.92391245348966e-06,0,0,0
32.985,9500.00051431458,1.54506775151208,9500,9500.00058568587,1.54506775151208,1.54506775151208,0,-0.00108310872346056,20.3845075025344,4,0,15030.1211991246,-15030.1273538898,1.54506775151208,1.5418159808907,1.5418145648714,1.41601929981583e-06,-0.00143776636414483,0.00324881531317556,1.54506762824247,0,267.161443506003,60.6481711487664,5.45874664893124e-10,1,0.986611220051344,0,-8.5368002000763e-07,2.83203859963166e-06,0,0,0
33,9500.00049806795,1.54506778195323,9500,9500.00056718911,1.54506778195323,1.54506778195323,0,-0.00104885180223869,20.3845066589102,4,0,15030.1212741239,-15030.1272342242,1.54506778195323,1.5418159808907,1.54181460937325,1.37151744716846e-06,-0.00139249814944696,0.00324893858278386,1.54506766250838,0,267.161443506003,60.6481711487664,5.28636570542361e-10,1,0.98661121836407,0,-8.26720847557638e-07,2.74303489433692e-06,0,0,0
33.015,9500.00048233517,1.54506781145852,9500,9500.0005492755,1.54506781145852,1.54506781145852,0,-0.00101566097191514,20.384505841387,4,0,15030.1213468773,-15030.1271183707,1.54506781145852,1.5418159808907,1.54181465249251,1.32839819166897e-06,-0.00134864376975184,0.00324905802763586,1.54506769571472,0,267.161443506003,60.6481711487664,5.11927379354312e-10,1,0.986611216730161,0,-8.00611130946649e-07,2.65679638333793e-06,0,0,0
33.03,9500.00046710026,1.5450678400466,9500,9500.00053192707,1.5450678400466,1.5450678400466,0,-0.000983509827668572,20.3845050493782,4,0,15030.1214174057,-15030.1270062002,1.5450678400466,1.5418159808907,1.54181469427797,1.28661273213204e-06,-0.00130615529175469,0.00324917377143907,1.5450677278876,0,267.161443506003,60.6481711487664,4.95733773639476e-10,1,0.986611215147957,0,-7.753230342189e-07,2.57322546426408e-06,0,0,0
33.045,9500.00045234761,1.54506786773668,9500,9500.0005151264,1.54506786773668,1.54506786773668,0,-0.000952372064845032,20.384504282289,4,0,15030.1214857335,-15030.1268975877,1.54506786773668,1.5418159808907,1.541814734779,1.24611169938227e-06,-0.00126498790108225,0.00324928593043627,1.54506775904453,0,267.161443506003,60.6481711487664,4.80043313797899e-10,1,0.986611213615838,0,-7.50835461360566e-07,2.49222339876454e-06,0,0,0
33.06,9500.00043806203,1.54506789454888,9500,9500.00049885649,1.54506789454888,1.54506789454888,0,-0.000922220829317382,20.3845035395105,4,0,15030.121551893,-15030.1267924128,1.54506789454888,1.5418159808907,1.541814774034,1.2068567021295e-06,-0.00122509961474655,0.00324939462258533,1.54506778922669,0,267.161443506003,60.6481711487664,4.64844731016297e-10,1,0.986611212132226,0,-7.27120883725618e-07,2.413713404259e-06,0,0,0
33.075,9500.00042422872,1.54506792050436,9500,9500.00048310084,1.54506792050436,1.54506792050436,0,-0.000893029326595723,20.3845028204158,4,0,15030.1216159207,-15030.1266905598,1.54506792050436,1.5418159808907,1.54181481207982,1.16881087719456e-06,-0.00118645094990802,0.00324949994478119,1.54506781845723,0,267.161443506003,60.6481711487664,4.50124122206812e-10,1,0.986611210695584,0,-7.04155414199548e-07,2.33762175438912e-06,0,0,0
33.09,9500.00041083328,1.54506794562536,9500,9500.0004678434,1.54506794562536,1.54506794562536,0,-0.000864770118918588,20.3845021243591,4,0,15030.1216778618,-15030.1265919179,1.54506794562536,1.5418159808907,1.54181484895491,1.13193579220905e-06,-0.00114900461226006,0.00324960199190372,1.54506784675419,0,267.161443506003,60.6481711487664,4.35871096644596e-10,1,0.986611209304417,0,-6.81916326739085e-07,2.2638715844181e-06,0,0,0
33.105,9500.00039786173,1.54506796993532,9500,9500.00045306851,1.54506796993532,1.54506796993532,0,-0.00083741555545166,20.3845014506745,4,0,15030.1217377676,-15030.1264963814,1.54506796993532,1.5418159808907,1.54181488469105,1.09619964394625e-06,-0.0011127252265187,0.00324970086308274,1.54506787415307,0,267.161443506003,60.6481711487664,4.22071165845199e-10,1,0.986611207957272,0,-6.60381278327904e-07,2.1923992878925e-06,0,0,0
33.12,9500.00038530049,1.54506799345842,9500,9500.00043876098,1.54506799345842,1.54506799345842,0,-0.000812507407599056,20.3845008288703,3,0,15030.1218052306,-15030.1264223038,1.54506799345842,1.5418159808907,1.54181491931924,1.06157146206876e-06,-0.00107757888511238,0.0032497966453362,1.54506790067896,0,267.161443506003,60.6481711487664,9.79041698045731e-10,1,0.98661120665274,0,-6.39526575030303e-07,2.12314292413751e-06,0,0,0
33.135,9500.00037311288,1.54506801621953,9500,9500.00042490603,1.54506801621953,1.54506801621953,0,-0.000785129754099007,20.3845001678546,4,0,15030.1218507569,-15030.1263122567,1.54506801621953,1.5418159808907,1.54181495287075,1.02801995005564e-06,-0.0010435329576448,0.00324988942479698,1.54506792635539,0,267.161443506003,60.6481711487664,5.10847351224268e-10,1,0.98661120538701,0,-6.19331539386536e-07,2.05603990011127e-06,0,0,0
33.15,9500.00036133593,1.5450680383988,9500,9500.00041148319,1.5450680383988,1.5450680383988,0,-0.000761823131846917,20.3844995819161,3,0,15030.121915277,-15030.1262443368,1.5450680383988,1.5418159808907,1.54181498522398,9.95666717962251e-07,-0.0010106457490403,0.00324997928893711,1.54506795151307,0,267.161443506003,60.6481711487664,9.02569500367342e-10,1,0.98661120416393,0,-5.99768212428131e-07,1.9913334359245e-06,0,0,0
33.165,9500.00034990859,1.54506805981334,9500,9500.0003984869,1.54506805981334,1.54506805981334,0,-0.000736139699322204,20.3844989604234,4,0,15030.1219584849,-15030.1261415986,1.54506805981334,1.5418159808907,1.54181501664211,9.64248587198568e-07,-0.000978742952364375,0.00325006617466661,1.54506797556254,0,267.161443506003,60.6481711487664,4.77096022033397e-10,1,0.986611202977156,0,-5.80824082385689e-07,1.92849717439714e-06,0,0,0
33.18,9500.00033886649,1.54506808064962,9500,9500.00038589722,1.54506808064962,1.54506808064962,0,-0.000714258765459101,20.38449841019,3,0,15030.1220191591,-15030.1260779344,1.54506808064962,1.5418159808907,1.54181504698113,9.33909571010361e-07,-0.000947900887273564,0.00325015042546362,1.5450679991353,0,267.161443506003,60.6481711487664,8.46821834918428e-10,1,0.986611201830392,0,-5.62474511855982e-07,1.86781914202072e-06,0,0,0
33.195,9500.00032815261,1.54506810074326,9500,9500.00037370862,1.54506810074326,1.54506810074326,0,-0.000690168055962783,20.3844978271202,4,0,15030.1220597413,-15030.1259816212,1.54506810074326,1.5418159808907,1.54181507647005,9.04420646818949e-07,-0.000917966546007427,0.00325023193978224,1.54506802167177,0,267.161443506003,60.6481711487664,4.47353470541636e-10,1,0.986611200717715,0,-5.44707427607705e-07,1.8088412936379e-06,0,0,0
33.21,9500.00031780009,1.545068120273,9500,9500.00036190221,1.545068120273,1.545068120273,0,-0.000669657146364588,20.3844973113554,3,0,15030.1221166017,-15030.1259219284,1.545068120273,1.5418159808907,1.54181510496121,8.75929488719507e-07,-0.000889017626864543,0.00325031101127027,1.54506804376094,0,267.161443506003,60.6481711487664,7.93892486521818e-10,1,0.986611199642566,0,-5.27499457225744e-07,1.75185897743901e-06,0,0,0
33.225,9500.00030775523,1.5450681390893,9500,9500.0003504726,1.5450681390893,1.5450681390893,0,-0.00064874442595431,20.3844967897503,3,0,15030.1221643936,-15030.1258508837,1.5450681390893,1.5418159808907,1.5418151326641,8.48226595628887e-07,-0.000860915768683302,0.00325038752332873,1.54506806486722,0,267.161443506003,60.6481711487664,9.43962391930777e-10,1,0.98661119859937,0,-5.10839639256133e-07,1.69645319125777e-06,0,0,0
33.24,9500.00029802407,1.5450681573645,9500,9500.00033940186,1.5450681573645,1.5450681573645,0,-0.00062821074882728,20.3844962827833,3,0,15030.1222095542,-15030.1257793616,1.5450681573645,1.5418159808907,1.54181515943051,8.21460186761769e-07,-0.000833737791182491,0.00325046174541277,1.54506808555648,0,267.161443506003,60.6481711487664,9.54543739370156e-10,1,0.986611197588751,0,-4.94703607412106e-07,1.64292037352354e-06,0,0,0
33.255,9500.0002886009,1.54506817512682,9500,9500.00032867829,1.54506817512682,1.54506817512682,0,-0.000608235657230806,20.384495790471,3,0,15030.122253324,-15030.125709623,1.54506817512682,1.5418159808907,1.54181518529491,7.95595787028702e-07,-0.000807452025175453,0.00325053355342764,1.5450681056357,0,267.161443506003,60.6481711487664,9.33169248972167e-10,1,0.98661119661012,0,-4.79072538750458e-07,1.5911915740574e-06,0,0,0
33.27,9500.00027947737,1.54506819237363,9500,9500.00031829173,1.54506819237363,1.54506819237363,0,-0.000588854283288054,20.3844953127437,3,0,15030.1222958791,-15030.1256420435,1.54506819237363,1.5418159808907,1.54181521031909,7.7057160252636e-07,-0.000782010791738211,0.0032506030445445,1.54506812507845,0,267.161443506003,60.6481711487664,9.05285907769238e-10,1,0.986611195662606,0,-4.63933214733814e-07,1.54114320505272e-06,0,0,0
33.285,9500.00027064456,1.54506820909823,9500,9500.0003082325,1.54506820909823,1.54506820909823,0,-0.000570071038417623,20.3844948496316,3,0,15030.122337195,-15030.1255766236,1.54506820909823,1.5418159808907,1.54181523455543,7.46335264700804e-07,-0.000757370172031768,0.00325067033972393,1.54506814390095,0,267.161443506003,60.6481711487664,8.76822587043197e-10,1,0.986611194745284,0,-4.49271120084305e-07,1.49267052940161e-06,0,0,0
33.3,9500.00026209349,1.54506822529601,9500,9500.00029849112,1.54506822529601,1.54506822529601,0,-0.000551882265640922,20.3844944011292,3,0,15030.1223772222,-15030.1255132931,1.54506822529601,1.5418159808907,1.54181525804969,7.2284100971487e-07,-0.000733492957749151,0.00325073553700128,1.54506816210972,0,267.161443506003,60.6481711487664,8.48940415983231e-10,1,0.986611193857224,0,-4.35072699866978e-07,1.44568201942974e-06,0,0,0
33.315,9500.00025381526,1.54506824096616,9500,9500.00028905822,1.54506824096616,1.54506824096616,0,-0.000534280871600653,20.3844939671536,3,0,15030.122415921,-15030.1254519719,1.54506824096616,1.5418159808907,1.54181528083823,7.00052462887513e-07,-0.000710348239708401,0.00325079872329703,1.54506817971892,0,267.161443506003,60.6481711487664,8.2186447863821e-10,1,0.986611192997498,0,-4.21323950394736e-07,1.40010492577503e-06,0,0,0
33.33,9500.00024580104,1.54506825611192,9500,9500.00027992456,1.54506825611192,1.54506825611192,0,-0.000517256727230404,20.3844935475359,3,0,15030.1224532709,-15030.1253925821,1.54506825611192,1.5418159808907,1.54181530294631,6.77944390847784e-07,-0.000687910229082536,0.00325085997054053,1.54506819675002,0,267.161443506003,60.6481711487664,7.95632971994022e-10,1,0.986611192165191,0,-4.08010490282606e-07,1.35588878169557e-06,0,0,0
33.345,9500.00023804219,1.54506827074073,9500,9500.00027108103,1.54506827074073,1.54506827074073,0,-0.000500797401929581,20.3844931420191,3,0,15030.1224892697,-15030.1253350509,1.54506827074073,1.5418159808907,1.54181532439465,6.5649604907847e-07,-0.000666157258900717,0.00325091933244037,1.54506821321524,0,267.161443506003,60.6481711487664,7.70244725282989e-10,1,0.986611191359405,0,-3.95120822282991e-07,1.31299209815694e-06,0,0,0
33.36,9500.00023053023,1.54506828486369,9500,9500.0002625186,1.54506828486369,1.54506828486369,0,-0.000484887793001929,20.3844927502687,3,0,15030.1225239357,-15030.1252793105,1.54506828486369,1.5418159808907,1.54181534520469,6.35686011163372e-07,-0.000645070604057542,0.00325097685792963,1.54506822912065,0,267.161443506003,60.6481711487664,7.45689347779378e-10,1,0.986611190579259,0,-3.82639747442681e-07,1.27137202232674e-06,0,0,0
33.375,9500.00022325692,1.54506829849516,9500,9500.00025422841,1.54506829849516,1.54506829849516,0,-0.000469511332875351,20.3844923718832,3,0,15030.1225573006,-15030.1252252986,1.54506829849516,1.5418159808907,1.54181536538272,6.15507976586827e-07,-0.000624633642807166,0.00325103260096826,1.54506824450762,0,267.161443506003,60.6481711487664,7.21948106890422e-10,1,0.986611189823898,0,-3.70555710782483e-07,1.23101595317365e-06,0,0,0
33.39,9500.00021621425,1.54506831165212,9500,9500.00024620176,1.54506831165212,1.54506831165212,0,-0.000454649846088332,20.3844920064064,3,0,15030.1225894103,-15030.1251729579,1.54506831165212,1.5418159808907,1.54181538494313,5.95947563741817e-07,-0.000604831096438526,0.00325108658850737,1.54506825937433,0,267.161443506003,60.6481711487664,6.99001977325165e-10,1,0.98661118909249,0,-3.58857308979665e-07,1.19189512748363e-06,0,0,0
33.405,9500.0002093945,1.54506832435332,9500,9500.00023843012,1.54506832435332,1.54506832435332,0,-0.000440284120186222,20.3844916533466,3,0,15030.1226203207,-15030.1251222351,1.54506832435332,1.5418159808907,1.54181540389823,5.76992463807713e-07,-0.000585648303014132,0.00325113886629103,1.54506827374192,0,267.161443506003,60.6481711487664,6.76826226199023e-10,1,0.986611188384233,0,-3.47528628763527e-07,1.15398492761543e-06,0,0,0
33.42,9500.00020279024,1.54506833661869,9500,9500.00023090518,1.54506833661869,1.54506833661869,0,-0.000426394619052079,20.3844913121897,3,0,15030.1226500936,-15030.1250730809,1.54506833661869,1.5418159808907,1.54181542225705,5.58633642455675e-07,-0.000567070812700878,0.00325118947769365,1.54506828763568,0,267.161443506003,60.6481711487664,6.55394803489554e-10,1,0.986611187698355,0,-3.36561258640344e-07,1.11726728491135e-06,0,0,0
33.435,9500.00019639432,1.54506834846863,9500,9500.00022361884,1.54506834846863,1.54506834846863,0,-0.000412961702348544,20.3844909824142,3,0,15030.1226787944,-15030.1250254492,1.54506834846863,1.5418159808907,1.54181544003112,5.40859574460484e-07,-0.000549084018965498,0.00325123846071218,1.54506830107056,0,267.161443506003,60.6481711487664,6.34680195687967e-10,1,0.986611187034115,0,-3.25941693413156e-07,1.08171914892097e-06,0,0,0
33.45,9500.00019019989,1.54506835992336,9500,9500.00021656326,1.54506835992336,1.54506835992336,0,-0.000399966113616791,20.3844906635053,3,0,15030.122706489,-15030.1249792963,1.54506835992336,1.5418159808907,1.54181545723311,5.23657585516091e-07,-0.000531672924997159,0.00325128585878787,1.54506831406466,0,267.161443506003,60.6481711487664,6.14654596587378e-10,1,0.9866111863908,0,-3.15657145089077e-07,1.04731517103218e-06,0,0,0
33.465,9500.0001842004,1.54506837100237,9500,9500.00020973087,1.54506837100237,1.54506837100237,0,-0.000387389280199722,20.3844903549665,3,0,15030.1227332413,-15030.1249345808,1.54506837100237,1.5418159808907,1.5418154738757,5.07015001094402e-07,-0.000514822015445074,0.00325133171749181,1.54506832663819,0,267.161443506003,60.6481711487664,5.9528888284317e-10,1,0.98661118576773,0,-3.05697182012565e-07,1.0140300021888e-06,0,0,0
33.48,9500.00017838956,1.54506838172421,9500,9500.00020311433,1.54506838172421,1.54506838172421,0,-0.000375213610270153,20.3844900563251,3,0,15030.1227591114,-15030.1248912626,1.54506838172421,1.5418159808907,1.54181548997462,4.90916080453374e-07,-0.000498515344295195,0.00325137608167392,1.54506833880453,0,267.161443506003,60.6481711487664,5.76555833640654e-10,1,0.986611185164252,0,-2.96053416004582e-07,9.81832160906748e-07,0,0,0
33.495,9500.00017276136,1.54506839210601,9500,9500.0001967066,1.54506839210601,1.54506839210601,0,-0.00036342260805227,20.3844897671409,3,0,15030.122784154,-15030.1248493029,1.54506839210601,1.5418159808907,1.5418155055425,4.75348199913128e-07,-0.000482736496012914,0.00325141900134995,1.54506835058845,0,267.161443506003,60.6481711487664,5.58427496421631e-10,1,0.986611184579742,0,-2.86714654462727e-07,9.50696399826256e-07,0,0,0
33.51,9500.00016731002,1.54506840216342,9500,9500.00019050089,1.54506840216342,1.54506840216342,0,-0.000352000854714557,20.3844894870089,3,0,15030.1228084186,-15030.1248086634,1.54506840216342,1.5418159808907,1.54181552060117,4.60289525383573e-07,-0.000467468743048513,0.00325146051891223,1.54506836198866,0,267.161443506003,60.6481711487664,5.40877967506489e-10,1,0.986611184013599,0,-2.77669498061073e-07,9.20579050767145e-07,0,0,0
33.525,9500.00016203001,1.54506841191047,9500,9500.00018449069,1.54506841191047,1.54506841191047,0,-0.00034093438240529,20.3844892155614,3,0,15030.1228319473,-15030.1247693068,1.54506841191047,1.5418159808907,1.54181553516167,4.45729023690333e-07,-0.000452695168502535,0.00325150069367064,1.54506837304242,0,267.161443506003,60.6481711487664,5.23884270185457e-10,1,0.98661118346525,0,-2.68908573630711e-07,8.91458047380667e-07,0,0,0
33.54,9500.00015691599,1.5450684213597,9500,9500.00017866972,1.5450684213597,1.5450684213597,0,-0.000330210227841747,20.3844889524649,3,0,15030.1228547765,-15030.1247311961,1.5450684213597,1.5418159808907,1.54181554924482,4.31645874598985e-07,-0.000438398895777343,0.00325153956172342,1.54506838374417,0,267.161443506003,60.6481711487664,5.07422549656901e-10,1,0.98661118293414,0,-2.60424836362461e-07,8.6329174919797e-07,0,0,0
33.555,9500.00015196284,1.54506843052209,9500,9500.00017303197,1.54506843052209,1.54506843052209,0,-0.000319816710231328,20.3844886974226,3,0,15030.122876936,-15030.1246942943,1.54506843052209,1.5418159808907,1.54181556286949,4.18021207426733e-07,-0.000424563133310261,0.00325157717725677,1.54506839411037,0,267.161443506003,60.6481711487664,4.91473341574453e-10,1,0.986611182419736,0,-2.52207335238452e-07,8.36042414853466e-07,0,0,0
33.57,9500.00014716559,1.54506843940738,9500,9500.00016757164,1.54506843940738,1.54506843940738,0,-0.00030974297849174,20.3844884501655,3,0,15030.1228984508,-15030.1246585652,1.54506843940738,1.5418159808907,1.541815576051,4.04839699319481e-07,-0.000411171477651133,0.00325161358897885,1.54506840415907,0,267.161443506003,60.6481711487664,4.76017766985296e-10,1,0.986611181921524,0,-2.44247827296817e-07,8.09679398638963e-07,0,0,0
33.585,9500.00014251944,1.54506844802409,9500,9500.00016228316,1.54506844802409,1.54506844802409,0,-0.000299979305963177,20.3844882104536,3,0,15030.1229193403,-15030.1246239727,1.54506844802409,1.5418159808907,1.54181558880638,3.920843207883e-07,-0.000398207908083944,0.00325164883728779,1.54506841389663,0,267.161443506003,60.6481711487664,4.61037678678739e-10,1,0.986611181439004,0,-2.36540342868352e-07,7.84168641576599e-07,0,0,0
33.6,9500.00013801975,1.54506845637983,9500,9500.00015716114,1.54506845637983,1.54506845637983,0,-0.000290516516038029,20.3844879780683,3,0,15030.122939621,-15030.124590481,1.54506845637983,1.5418159808907,1.54181560115512,3.79735574096429e-07,-0.000385656997029617,0.00325168296475353,1.5450684233266,0,267.161443506003,60.6481711487664,4.46518149111283e-10,1,0.986611180971694,0,-2.29073872093366e-07,7.59471148192858e-07,0,0,0
33.615,9500.000133662,1.54506846448143,9500,9500.00015220041,1.54506846448143,1.54506846448143,0,-0.000281346136175492,20.3844877528091,3,0,15030.1229593059,-15030.1245580552,1.54506846448143,1.5418159808907,1.54181561311045,3.6778024581352e-07,-0.000373503939788201,0.0032517160179828,1.54506843246917,0,267.161443506003,60.6481711487664,4.32445567875773e-10,1,0.986611180519125,0,-2.21842012759765e-07,7.35560491627041e-07,0,0,0
33.63,9500.00012944181,1.54506847233529,9500,9500.00014739595,1.54506847233529,1.54506847233529,0,-0.00027018580990778,20.384487591857,2,0,15030.1229677492,-15030.12450308,1.54506847233529,1.5418159808907,1.54181562468548,3.56205218432493e-07,-0.000361734684997848,0.00325174803024275,1.54506844133138,0,267.161443506003,60.6481711487664,9.72529020143787e-10,1,0.986611180080842,0,-2.14839415590973e-07,7.12410436864985e-07,0,0,0
33.645,9500.00012538903,1.54506847994734,9500,9500.00014274291,1.54506847994734,1.54506847994734,0,-0.000262433421756523,20.3844873888794,2,0,15030.1229911957,-15030.1244824735,1.54506847994734,1.5418159808907,1.54181563589883,3.44991869294375e-07,-0.000350335848468822,0.00325177903415308,1.54506844990859,0,267.161443506003,60.6481711487664,3.813565322173e-10,1,0.986611179659945,0,-2.0805747502628e-07,6.89983738588751e-07,0,0,0
33.66,9500.00012145253,1.5450684870988,9500,9500.00013824543,1.5450684870988,1.5450684870988,0,-0.000253923141004546,20.3844871886108,2,0,15030.1230063592,-15030.1244492774,1.5450684870988,1.5418159808907,1.5418156469788,3.33911899463857e-07,-0.000339164389046838,0.00325180907290301,1.5450684577874,0,267.161443506003,60.6481711487664,5.92602525848446e-10,1,0.986611179251124,0,-2.01503254970703e-07,6.67823798927714e-07,0,0,0
33.675,9500.00011764368,1.54506849393148,9500,9500.00013389334,1.54506849393148,1.54506849393148,0,-0.000246289983903978,20.3844869946637,2,0,15030.1230235437,-15030.1244230864,1.54506849393148,1.5418159808907,1.54181565775365,3.23137048452438e-07,-0.000328320117836619,0.00325183838430232,1.5450684655491,0,267.161443506003,60.6481711487664,4.52725087347934e-10,1,0.986611178855561,0,-1.95159709281967e-07,6.46274096904875e-07,0,0,0
33.69,9500.00011394933,1.54506850045307,9500,9500.00012968204,1.54506850045307,1.54506850045307,0,-0.00023871787970199,20.3844868088336,2,0,15030.1230384237,-15030.124394938,1.54506850045307,1.5418159808907,1.54181566822591,3.12664788282291e-07,-0.000317798445146802,0.00325186676668565,1.54506847298696,0,267.161443506003,60.6481711487664,4.92599941036388e-10,1,0.986611178471889,0,-1.89020498808645e-07,6.25329576564582e-07,0,0,0
33.705,9500.00011036856,1.54506850673096,9500,9500.00012560471,1.54506850673096,1.54506850673096,0,-0.00023151067491482,20.3844866297169,2,0,15030.1230532175,-15030.1243687769,1.54506850673096,1.5418159808907,1.54181567833758,3.02553119002624e-07,-0.000307628468075531,0.00325189423279526,1.54506848022973,0,267.161443506003,60.6481711487664,4.53508492451326e-10,1,0.986611178100012,0,-1.83077768722839e-07,6.05106238005249e-07,0,0,0
33.72,9500.0001068959,1.54506851279891,9500,9500.00012165607,1.54506851279891,1.54506851279891,0,-0.000224485854118296,20.3844864566618,2,0,15030.1230672114,-15030.1243428522,1.54506851279891,1.5418159808907,1.54181568808052,2.92810181878878e-07,-0.000297810342183788,0.00325192073402714,1.54506848724509,0,267.161443506003,60.6481711487664,4.50391415715418e-10,1,0.986611177739363,0,-1.77321882288695e-07,5.85620363757755e-07,0,0,0
33.735,9500.00010352861,1.54506851869583,9500,9500.00011783079,1.54506851869583,1.54506851869583,0,-0.000217685409454953,20.3844862887238,2,0,15030.1230809534,-15030.1243179506,1.54506851869583,1.5418159808907,1.54181569744886,2.83441833115461e-07,-0.000288344886044908,0.00325194628784886,1.54506849406221,0,267.161443506003,60.6481711487664,4.32048822930894e-10,1,0.986611177389658,0,-1.71746785238014e-07,5.66883666230922e-07,0,0,0
33.75,9500.00010026333,1.54506852444759,9500,9500.0001141242,1.54506852444759,1.54506852444759,0,-0.000211059121738435,20.3844861252875,2,0,15030.1230943839,-15030.1242937273,1.54506852444759,1.5418159808907,1.54181570644544,2.74445259851319e-07,-0.000279222839132268,0.00325197092146357,1.54506850070268,0,267.161443506003,60.6481711487664,4.21145272386969e-10,1,0.986611177050546,0,-1.66343266494451e-07,5.48890519702638e-07,0,0,0
33.765,9500.00009709745,1.54506853007496,9500,9500.00011053198,1.54506853007496,1.54506853007496,0,-0.000204605355866216,20.3844859658236,2,0,15030.1231076639,-15030.1242703337,1.54506853007496,1.5418159808907,1.54181571508757,2.65803127508235e-07,-0.000270432000088489,0.00325199466636827,1.54506850716332,0,267.161443506003,60.6481711487664,4.07520956204181e-10,1,0.986611176721756,0,-1.6110922973489e-07,5.3160625501647e-07,0,0,0
33.78,9500.00009402836,1.54506853559079,9500,9500.00010705025,1.54506853559079,1.54506853559079,0,-0.000198307655434643,20.3844858099903,2,0,15030.1231208106,-15030.1242476938,1.54506853559079,1.5418159808907,1.54181572339233,2.57498368627651e-07,-0.000261956375094512,0.00325201757800686,1.54506851346544,0,267.161443506003,60.6481711487664,3.95622381881388e-10,1,0.986611176403021,0,-1.56033834519675e-07,5.14996737255302e-07,0,0,0
33.795,9500.00009105375,1.54506854100219,9500,9500.00010367547,1.54506854100219,1.54506854100219,0,-0.000192162406311296,20.3844856575695,2,0,15030.1231338624,-15030.1242258252,1.54506854100219,1.5418159808907,1.5418157313821,2.4950860155748e-07,-0.000253778492075601,0.00325203970335464,1.54506851961126,0,267.161443506003,60.6481711487664,3.83419841606996e-10,1,0.986611176094096,0,-1.51113883850584e-07,4.9901720311496e-07,0,0,0
33.81,9500.00008817131,1.54506854631109,9500,9500.00010040439,1.54506854631109,1.54506854631109,0,-0.000186165307088015,20.3844855084649,2,0,15030.1231468127,-15030.124204697,1.54506854631109,1.5418159808907,1.54181573908401,2.41806685119528e-07,-0.000245880183697246,0.00325206109429099,1.54506852559836,0,267.161443506003,60.6481711487664,3.71776352688603e-10,1,0.986611175794744,0,-1.46346817331278e-07,4.83613370239055e-07,0,0,0
33.825,9500.00008537883,1.54506855151563,9500,9500.00009723404,1.54506855151563,1.54506855151563,0,-0.000180316287126516,20.384485362667,2,0,15030.1231596467,-15030.124184294,1.54506855151563,1.5418159808907,1.54181574651819,2.34372508955971e-07,-0.000238243706817752,0.00325208180701875,1.54506853144273,0,267.161443506003,60.6481711487664,3.60283456370133e-10,1,0.986611175504734,0,-1.41725111646451e-07,4.68745017911942e-07,0,0,0
33.84,9500.00008267409,1.54506855661105,9500,9500.00009416161,1.54506855661105,1.54506855661105,0,-0.000174616273988502,20.3844852202356,2,0,15030.1231723323,-15030.1241645892,1.54506855661105,1.5418159808907,1.54181575370681,2.27183891698957e-07,-0.000230852238783705,0.00325210187991321,1.54506853713839,0,267.161443506003,60.6481711487664,3.49108136331776e-10,1,0.986611175223836,0,-1.37247255782569e-07,4.54367783397913e-07,0,0,0
33.855,9500.00008005484,1.54506856159105,9500,9500.00009118448,1.54506856159105,1.54506856159105,0,-0.000169067522308966,20.38448508127,2,0,15030.1231848311,-15030.1241455572,1.54506856159105,1.5418159808907,1.54181576067477,2.20215928381506e-07,-0.000223690585832489,0.00325212135256447,1.54506854267512,0,267.161443506003,60.6481711487664,3.38172242458548e-10,1,0.986611174951817,0,-1.32908258176911e-07,4.40431856763013e-07,0,0,0
33.87,9500.00007751883,1.54506856644852,9500,9500.00008830009,1.54506856644852,1.54506856644852,0,-0.000163672556537982,20.3844849458916,2,0,15030.1231971004,-15030.1241271696,1.54506856644852,1.5418159808907,1.54181576743478,2.13455919828576e-07,-0.000216745278789815,0.00325214026849374,1.54506854807103,0,267.161443506003,60.6481711487664,3.27511337446706e-10,1,0.986611174688443,0,-1.28703722568346e-07,4.26911839657151e-07,0,0,0
33.885,9500.00007506374,1.54506857117661,9500,9500.000085506,1.54506857117661,1.54506857117661,0,-0.000158433741320982,20.3844848142208,2,0,15030.1232090987,-15030.1241093984,1.54506857117661,1.5418159808907,1.5418157740022,2.06888496112612e-07,-0.000210004889014464,0.00325215864597972,1.54506855331367,0,267.161443506003,60.6481711487664,3.1711781117471e-10,1,0.986611174433472,0,-1.24632052678209e-07,4.13776992225223e-07,0,0,0
33.9,9500.00007268724,1.5450685757692,9500,9500.00008279976,1.5450685757692,1.5450685757692,0,-0.000153352855353064,20.3844846863661,2,0,15030.1232207878,-15030.1240922154,1.5450685757692,1.5418159808907,1.54181578038846,2.00502233038691e-07,-0.000203459845273314,0.00325217650892351,1.54506855840409,0,267.161443506003,60.6481711487664,3.07002493436345e-10,1,0.986611174186663,0,-1.20686312499174e-07,4.01004466077381e-07,0,0,0
33.915,9500.00007038694,1.54506858022144,9500,9500.00008017897,1.54506858022144,1.54506858022144,0,-0.000148430865568084,20.3844845624099,2,0,15030.123232135,-15030.1240755934,1.54506858022144,1.5418159808907,1.54181578660492,1.94285776800029e-07,-0.000197102398419228,0.00325219387403375,1.54506856333628,0,267.161443506003,60.6481711487664,2.97170506432473e-10,1,0.986611173947769,0,-1.16865925825493e-07,3.88571553600059e-07,0,0,0
33.93,9500.00006816048,1.54506858453008,9500,9500.00007764124,1.54506858453008,1.54506858453008,0,-0.000143667682220686,20.3844844424028,2,0,15030.123243115,-15030.1240595066,1.54506858453008,1.5418159808907,1.54181579265632,1.88234375197993e-07,-0.00019092637929067,0.00325221075918924,1.54506856811864,0,267.161443506003,60.6481711487664,2.87628582197782e-10,1,0.986611173716542,0,-1.13167752280319e-07,3.76468750395986e-07,0,0,0
33.945,9500.00006600547,1.54506858869353,9500,9500.00007518419,1.54506858869353,1.54506858869353,0,-0.000139062019346738,20.3844843263603,2,0,15030.1232537111,-15030.124043931,1.54506858869353,1.5418159808907,1.54181579854547,1.82345224475355e-07,-0.000184926902867997,0.00325222717063656,1.54506857275178,0,267.161443506003,60.6481711487664,2.78379940402045e-10,1,0.986611173492736,0,-1.09586134833251e-07,3.64690448950711e-07,0,0,0
33.96,9500.00006391954,1.54506859271198,9500,9500.00007280541,1.54506859271198,1.54506859271198,0,-0.000134611611889203,20.3844842142599,2,0,15030.123263914,-15030.1240288444,1.54506859271198,1.5418159808907,1.54181580427703,1.76613663693814e-07,-0.000179100164694088,0.00325224311238559,1.54506857723041,0,267.161443506003,60.6481711487664,2.69426190881062e-10,1,0.986611173276104,0,-1.06118750897721e-07,3.53227327387629e-07,0,0,0
33.975,9500.00006190036,1.54506859658722,9500,9500.00007050252,1.54506859658722,1.54506859658722,0,-0.000130313288073428,20.3844841060445,2,0,15030.1232737214,-15030.1240142266,1.54506859658722,1.5418159808907,1.54181580985021,1.71040489771457e-07,-0.000173443094559014,0.00325225859395184,1.54506858156563,0,267.161443506003,60.6481711487664,2.6076806537934e-10,1,0.986611173066405,0,-1.02762023779235e-07,3.42080979542914e-07,0,0,0
33.99,9500.00005994566,1.54506860032248,9500,9500.00006827316,1.54506860032248,1.54506860032248,0,-0.000126162623742761,20.3844840016256,2,0,15030.1232831404,-15030.1240000595,1.54506860032248,1.5418159808907,1.54181581526689,1.65623810888249e-07,-0.000167953086789395,0.00325227361554337,1.54506858575386,0,267.161443506003,60.6481711487664,2.52401612488145e-10,1,0.986611172863402,0,-9.95133795367309e-08,3.31247621776498e-07,0,0,0
34.005,9500.00005805322,1.5450686039222,9500,9500.00006611499,1.5450686039222,1.5450686039222,0,-0.000122154856024201,20.3844839008884,2,0,15030.1232921819,-15030.1239863268,1.5450686039222,1.5418159808907,1.54181582052938,1.60361319778701e-07,-0.000162627790197539,0.00325228818416323,1.5450685897975,0,267.161443506003,60.6481711487664,2.44323027147186e-10,1,0.986611172666865,0,-9.6366888469035e-08,3.20722639557403e-07,0,0,0
34.02,9500.0000562209,1.54506860739171,9500,9500.00006402568,1.54506860739171,1.54506860739171,0,-0.000118284570088144,20.3844838036979,2,0,15030.1233008619,-15030.1239730139,1.54506860739171,1.5418159808907,1.5418158256342,1.55256496103817e-07,-0.000157464864021853,0.00325230230886731,1.54506859371256,0,267.161443506003,60.6481711487664,2.36522943051695e-10,1,0.986611172476572,0,-9.332154005115e-08,3.10512992207634e-07,0,0,0
34.035,9500.00005444663,1.5450686107369,9500,9500.00006200298,1.5450686107369,1.5450686107369,0,-0.000114546084763924,20.3844837099061,2,0,15030.1233091994,-15030.1239601075,1.5450686107369,1.5418159808907,1.54181583058375,1.5030694355822e-07,-0.000152461814676994,0.00325231598801934,1.5450685974926,0,267.161443506003,60.6481711487664,2.28995652610209e-10,1,0.986611172292307,0,-9.03731323109724e-08,3.00613887116441e-07,0,0,0
34.05,9500.00005272844,1.54506861396413,9500,9500.00006004465,1.54506861396413,1.54506861396413,0,-0.000110933536495148,20.3844836193551,2,0,15030.1233172161,-15030.1239475959,1.54506861396413,1.5418159808907,1.54181583537913,1.45511567906098e-07,-0.000147615975910483,0.00325232923231566,1.54506860114615,0,267.161443506003,60.6481711487664,2.21729008895565e-10,1,0.986611172113866,0,-8.75197190275401e-08,2.91023135812196e-07,0,0,0
34.065,9500.00005106444,1.54506861707976,9500,9500.00005814857,1.54506861707976,1.54506861707976,0,-0.000107441127152683,20.384483531886,2,0,15030.1233249338,-15030.1239354679,1.54506861707976,1.5418159808907,1.54181584002098,1.40869717890624e-07,-0.000142924305581128,0.00325234205029967,1.54506860468043,0,267.161443506003,60.6481711487664,2.14713938299763e-10,1,0.986611171941053,0,-8.47553722760352e-08,2.81739435781247e-07,0,0,0
34.08,9500.00004945282,1.5450686200901,9500,9500.00005631263,1.5450686200901,1.5450686200901,0,-0.000104063185408903,20.3844834473414,2,0,15030.1233323746,-15030.1239237136,1.5450686200901,1.5418159808907,1.54181584451418,1.36376517856363e-07,-0.000138383468805309,0.00325235444963057,1.54506860809336,0,267.161443506003,60.6481711487664,2.07937269455683e-10,1,0.986611171773681,0,-8.20790853062192e-08,2.72753035712725e-07,0,0,0
34.095,9500.00004789187,1.54506862300107,9500,9500.00005453482,1.54506862300107,1.54506862300107,0,-0.000100794319594298,20.3844833655714,2,0,15030.1233395595,-15030.1239123232,1.54506862300107,1.5418159808907,1.54181584885836,1.32032339505983e-07,-0.000133989741767764,0.0032523664463644,1.54506861140174,0,267.161443506003,60.6481711487664,2.01389343360992e-10,1,0.98661117161157,0,-7.94883079358044e-08,2.64064679011966e-07,0,0,0
34.11,9500.00004637996,1.54506862581822,9500,9500.00005281322,1.54506862581822,1.54506862581822,0,-9.76296765115032e-05,20.3844832864349,2,0,15030.1233465068,-15030.1239012874,1.54506862581822,1.5418159808907,1.5418158530591,1.27831600194028e-07,-0.000129739124576897,0.00325237804569012,1.54506861459959,0,267.161443506003,60.6481711487664,1.95058744830831e-10,1,0.986611171454552,0,-7.69784807008733e-08,2.55663200388057e-07,0,0,0
34.125,9500.00004491551,1.5450686285466,9500,9500.00005114596,1.5450686285466,1.5450686285466,0,-9.45644151222062e-05,20.3844832098018,2,0,15030.1233532348,-15030.1238905971,1.5450686285466,1.5418159808907,1.5418158571196,1.2377109825934e-07,-0.000125627375508712,0.00325238926431837,1.54506861769721,0,267.161443506003,60.6481711487664,1.8893391233172e-10,1,0.986611171302464,0,-7.45482522379604e-08,2.4754219651868e-07,0,0,0
34.14,9500.00004349705,1.54506863119069,9500,9500.00004953126,1.54506863119069,1.54506863119069,0,-9.15944696721857e-05,20.3844831355551,2,0,15030.1233597577,-15030.1238802432,1.54506863119069,1.5418159808907,1.54181586104612,1.19844576040862e-07,-0.000121650037676015,0.00325240011370798,1.54506862069356,0,267.161443506003,60.6481711487664,1.83005918603771e-10,1,0.986611171155151,0,-7.21955826232801e-08,2.39689152081723e-07,0,0,0
34.155,9500.00004212313,1.54506863375434,9500,9500.00004796742,1.54506863375434,1.54506863375434,0,-8.87160216412072e-05,20.3844830635912,2,0,15030.1233660881,-15030.1238702169,1.54506863375434,1.5418159808907,1.54181586483964,1.16051059206868e-07,-0.000117802513446282,0.00325241061083958,1.54506862360366,0,267.161443506003,60.6481711487664,1.77264958295807e-10,1,0.986611171012465,0,-6.99165276785152e-08,2.32102118413735e-07,0,0,0
34.17,9500.00004079239,1.54506863624093,9500,9500.0000464528,1.54506863624093,1.54506863624093,0,-8.59258002452214e-05,20.3844829938183,2,0,15030.1233722356,-15030.1238605089,1.54506863624093,1.5418159808907,1.54181586850874,1.12381957073637e-07,-0.000114080202870154,0.0032524207615221,1.54506862641613,0,267.161443506003,60.6481711487664,1.71702689541959e-10,1,0.986611170874262,0,-6.77077198751874e-08,2.24763914147275e-07,0,0,0
34.185,9500.0000395035,1.54506863865337,9500,9500.00004498583,1.54506863865337,1.54506863865337,0,-8.32206412366042e-05,20.3844829261556,2,0,15030.123378209,-15030.1238511102,1.54506863865337,1.5418159808907,1.54181587205594,1.08834758316689e-07,-0.000110478531017859,0.00325243058631997,1.54506862914653,0,267.161443506003,60.6481711487664,1.66312673007289e-10,1,0.986611170740406,0,-6.5570407326021e-08,2.17669516633379e-07,0,0,0
34.2,9500.0000382552,1.54506864099407,9500,9500.00004356502,1.54506864099407,1.54506864099407,0,-8.0597930998928e-05,20.3844828605332,2,0,15030.1233840139,-15030.1238420117,1.54506864099407,1.5418159808907,1.54181587548697,1.05403723082986e-07,-0.000106992969268831,0.00325244009315573,1.5450686317913,0,267.161443506003,60.6481711487664,1.61086713174357e-10,1,0.986611170610765,0,-6.34995340753619e-08,2.10807446165973e-07,0,0,0
34.215,9500.00003704623,1.54506864326508,9500,9500.00004218891,1.54506864326508,1.54506864326508,0,-7.80553552599599e-05,20.3844827968898,2,0,15030.1233896546,-15030.1238332041,1.54506864326508,1.5418159808907,1.54181587880791,1.02082789776858e-07,-0.000103619132363892,0.00325244929592294,1.5450686343522,0,267.161443506003,60.6481711487664,1.56019980542041e-10,1,0.986611170485209,0,-6.14930153464144e-08,2.04165579553717e-07,0,0,0
34.23,9500.0000358754,1.54506864546823,9500,9500.00004085612,1.54506864546823,1.54506864546823,0,-7.55904775779792e-05,20.3844827351711,2,0,15030.1233951355,-15030.1238246784,1.54506864546823,1.5418159808907,1.5418158820213,9.88693955594755e-08,-0.000100352827165633,0.00325245820880737,1.5450686368383,0,267.161443506003,60.6481711487664,1.51107206563563e-10,1,0.986611170363613,0,-5.95498061972677e-08,1.97738791118951e-07,0,0,0
34.245,9500.00003474154,1.54506864760506,9500,9500.0000395653,1.54506864760506,1.54506864760506,0,-7.32014057734369e-05,20.384482675328,2,0,15030.1234004584,-15030.1238164254,1.54506864760506,1.5418159808907,1.54181588513263,9.57580659211033e-08,-9.71900369851641e-05,0.00325246683874059,1.54506863924557,0,267.161443506003,60.6481711487664,1.46342683646497e-10,1,0.986611170245858,0,-5.7668425590407e-08,1.91516131842207e-07,0,0,0
34.26,9500.00003364352,1.54506864967707,9500,9500.00003831516,1.54506864967707,1.54506864967707,0,-7.0886085546137e-05,20.3844826173144,2,0,15030.123405626,-15030.1238084361,1.54506864967707,1.5418159808907,1.54181588814629,9.27444081533224e-08,-9.41270166715171e-05,0.00325247519822791,1.54506864157774,0,267.161443506003,60.6481711487664,1.41724655608895e-10,1,0.986611170131824,0,-5.58471056066878e-08,1.85488816306645e-07,0,0,0
34.275,9500.00003258022,1.54506865168553,9500,9500.00003710445,1.54506865168553,1.54506865168553,0,-6.86428528434406e-05,20.3844825610886,2,0,15030.1234106389,-15030.1238007019,1.54506865168553,1.5418159808907,1.5418158910657,8.98249963299236e-08,-9.11601520758636e-05,0.00325248329755423,1.54506864383824,0,267.161443506003,60.6481711487664,1.37245365978736e-10,1,0.986611170021397,0,-5.40830193962449e-08,1.79649992659847e-07,0,0,0
34.29,9500.00003155058,1.54506865363183,9500,9500.00003593194,1.54506865363183,1.54506865363183,0,-6.64696139929946e-05,20.3844825066086,2,0,15030.1234155004,-15030.123793214,1.54506865363183,1.5418159808907,1.54181589389203,8.69986636065079e-08,-8.8286145665428e-05,0.00325249114484372,1.54506864603287,0,267.161443506003,60.6481711487664,1.32906278241844e-10,1,0.986611169914465,0,-5.23739815960766e-08,1.73997327213016e-07,0,0,0
34.305,9500.00003055354,1.54506865551729,9500,9500.00003479645,1.54506865551729,1.54506865551729,0,-6.43647518413471e-05,20.3844824538329,2,0,15030.1234202116,-15030.1237859642,1.54506865551729,1.5418159808907,1.54181589663277,8.42579304105584e-08,-8.55018660164581e-05,0.0032524987438094,1.54506864815037,0,267.161443506003,60.6481711487664,1.28698757834912e-10,1,0.986611169810918,0,-5.07179944708724e-08,1.68515860821117e-07,0,0,0
34.32,9500.00002958807,1.54506865734324,9500,9500.00003369685,1.54506865734324,1.54506865734324,0,-6.23264871143996e-05,20.384482402721,2,0,15030.1234247741,-15030.1237789443,1.54506865734324,1.5418159808907,1.54181589928912,8.16015748306143e-08,-8.28043647189101e-05,0.00325250611073424,1.54506865020458,0,267.161443506003,60.6481711487664,1.24624853637865e-10,1,0.98661116971065,0,-4.91164906524233e-08,1.63203149661229e-07,0,0,0
34.335,9500.00002865317,1.54506865911113,9500,9500.00003263201,1.54506865911113,1.54506865911113,0,-6.01386330876443e-05,20.3844824274217,1,0,15030.1234324053,-15030.123774143,1.54506865911113,1.5418159808907,1.54181590186117,7.90295267005803e-08,-8.01909163657659e-05,0.00325251324939368,1.54506865219914,0,267.161443506003,60.6481711487664,9.71316453190102e-10,1,0.986611169613558,0,-4.75636960928227e-08,1.58059053401161e-07,0,0,0
34.35,9500.00002775109,1.54506866082247,9500,9500.00003160084,1.54506866082247,1.54506866082247,0,-5.81095733394214e-05,20.3844823205277,2,0,15030.1234321166,-15030.1237623242,1.54506866082247,1.5418159808907,1.5418159043558,7.65348926456966e-08,-7.76589424010033e-05,0.00325252016137978,1.54506865412186,0,267.161443506003,60.6481711487664,2.8741257673127e-10,1,0.986611169519873,0,-4.6060810054982e-08,1.53069785291393e-07,0,0,0
34.365,9500.00002687945,1.54506866245767,9500,9500.00003060313,1.54506866245767,1.54506866245767,0,-5.60811273336471e-05,20.3844823435572,1,0,15030.1234391667,-15030.1237578477,1.54506866245767,1.5418159808907,1.54181590679309,7.40976069391053e-08,-7.51937200977721e-05,0.00325252686198341,1.54506865594789,0,267.161443506003,60.6481711487664,9.03443371649459e-10,1,0.98661116942935,0,-4.46053858293993e-08,1.48195213878211e-07,0,0,0
34.38,9500.00002603823,1.54506866401147,9500,9500.00002963809,1.54506866401147,1.54506866401147,0,-5.46305910605259e-05,20.3844822324726,2,0,15030.1234405974,-15030.1237510357,1.54506866401147,1.5418159808907,1.54181590917873,7.17119672533073e-08,-7.27919915091185e-05,0.00325253337175968,1.54506865768639,0,267.161443506003,60.6481711487664,1.94511549343964e-10,1,0.986611169341987,0,-4.31991591387515e-08,1.43423934506615e-07,0,0,0
34.395,9500.00002521877,1.54506866547415,9500,9500.00002870514,1.54506866547415,1.54506866547415,0,-5.27886121696887e-05,20.3844822541234,1,0,15030.123446856,-15030.1237468273,1.54506866547415,1.5418159808907,1.54181591151812,6.93725734635109e-08,-7.04482955344403e-05,0.0032525396968397,1.54506865933268,0,267.161443506003,60.6481711487664,9.05385528290729e-10,1,0.986611169256883,0,-4.18398693469157e-08,1.38745146927022e-07,0,0,0
34.41,9500.00002442694,1.54506866688962,9500,9500.00002780161,1.54506866688962,1.54506866688962,0,-5.13057501975996e-05,20.3844821498858,2,0,15030.1234472173,-15030.1237387622,1.54506866688962,1.5418159808907,1.5418159137675,6.71232009974432e-08,-6.81892802379439e-05,0.00325254583830104,1.5450686609754,0,267.161443506003,60.6481711487664,2.16435292253771e-10,1,0.986611169174648,0,-4.05234961142753e-08,1.34246401994886e-07,0,0,0
34.425,9500.00002365736,1.54506866824761,9500,9500.00002692702,1.54506866824761,1.54506866824761,0,-4.95895097644139e-05,20.3844821702189,1,0,15030.1234530175,-15030.1237348098,1.54506866824761,1.5418159808907,1.54181591594406,6.49466405100441e-08,-6.60030544234649e-05,0.00325255175251793,1.5450686625365,0,267.161443506003,60.6481711487664,8.24489865503374e-10,1,0.986611169094723,0,-3.92491568135256e-08,1.29893281020088e-07,0,0,0
34.44,9500.00002291351,1.54506866957051,9500,9500.00002607965,1.54506866957051,1.54506866957051,0,-4.82642834872349e-05,20.3844820726113,2,0,15030.1234536904,-15030.1237279521,1.54506866957051,1.5418159808907,1.54181591803165,6.28590486329017e-08,-6.38991339729297e-05,0.00325255746362751,1.54506866407242,0,267.161443506003,60.6481711487664,1.88334324148042e-10,1,0.986611169017473,0,-3.8012072822724e-08,1.25718097265803e-07,0,0,0
34.455,9500.00002218955,1.54506867084758,9500,9500.0000252591,1.54506867084758,1.54506867084758,0,-4.66501518484268e-05,20.384482091739,1,0,15030.1234591446,-15030.1237242341,1.54506867084758,1.5418159808907,1.54181592004582,6.08448798011807e-08,-6.18649192067929e-05,0.00325256296171816,1.54506866554218,0,267.161443506003,60.6481711487664,7.84810127677779e-10,1,0.986611168942286,0,-3.68164565500706e-08,1.21689759602361e-07,0,0,0
34.47,9500.0000214898,1.54506867210447,9500,9500.00002446359,1.54506867210447,1.54506867210447,0,-4.5364337679488e-05,20.3844819998523,2,0,15030.1234596719,-15030.1237174548,1.54506867210447,1.5418159808907,1.54181592196988,5.89208191126289e-08,-5.99115738022754e-05,0.00325256826712605,1.54506866699946,0,267.161443506003,60.6481711487664,1.83927477072853e-10,1,0.986611168869614,0,-3.56582321447974e-08,1.17841638225258e-07,0,0,0
34.485,9500.00002080933,1.5450686733278,9500,9500.00002369289,1.5450686733278,1.5450686733278,0,-4.38271519736666e-05,20.3844820178307,1,0,15030.1234649124,-15030.1237139601,1.5450686733278,1.5418159808907,1.54181592382586,5.70648399644824e-08,-5.80243479203605e-05,0.00325257337213203,1.54506866839251,0,267.161443506003,60.6481711487664,7.37954937264097e-10,1,0.986611168798945,0,-3.45338515561622e-08,1.14129679928965e-07,0,0,0
34.5,9500.00002015192,1.54506867453532,9500,9500.00002294558,1.54506867453532,1.54506867453532,0,-4.26193016237756e-05,20.3844819305692,2,0,15030.1234655966,-15030.1237077808,1.54506867453532,1.5418159808907,1.54181592560071,5.52899899197712e-08,-5.62097264116195e-05,0.00325257830742132,1.5450686697781,0,267.161443506003,60.6481711487664,1.69938459425551e-10,1,0.986611168730671,0,-3.34447742833532e-08,1.10579979839542e-07,0,0,0
34.515,9500.00001951263,1.54506867571165,9500,9500.00002222157,1.54506867571165,1.54506867571165,0,-4.11516077752018e-05,20.3844819474597,1,0,15030.1234706536,-15030.1237044976,1.54506867571165,1.5418159808907,1.54181592731908,5.35716206950809e-08,-5.44529099705268e-05,0.00325258306463949,1.54506867109858,0,267.161443506003,60.6481711487664,7.02441405977801e-10,1,0.986611168664278,0,-3.23888826869734e-08,1.07143241390162e-07,0,0,0
34.53,9500.00001889536,1.54506867687338,9500,9500.00002151952,1.54506867687338,1.54506867687338,0,-3.99995923550722e-05,20.3844818643678,2,0,15030.1234713855,-15030.1236986832,1.54506867687338,1.5418159808907,1.54181592896683,5.19238707585856e-08,-5.27608814018064e-05,0.00325258767771563,1.54506867241615,0,267.161443506003,60.6481711487664,1.61063152393198e-10,1,0.986611168600172,0,-3.13667085638514e-08,1.03847741517171e-07,0,0,0
34.545,9500.00001829537,1.54506867800375,9500,9500.00002083943,1.54506867800375,1.54506867800375,0,-3.85991733639011e-05,20.3844818802201,1,0,15030.123476262,-15030.1236956018,1.54506867800375,1.5418159808907,1.54181593056799,5.03227042258914e-08,-5.11191487352105e-05,0.00325259213494178,1.54506867367105,0,267.161443506003,60.6481711487664,6.6582221953601e-10,1,0.98661116853786,0,-3.03750264940561e-08,1.00645408451783e-07,0,0,0
34.56,9500.00001771638,1.54506867911709,9500,9500.0000201801,1.54506867911709,1.54506867911709,0,-3.75124798263825e-05,20.3844818011437,2,0,15030.1234770662,-15030.1236902308,1.54506867911709,1.5418159808907,1.54181593210741,4.87832882978267e-08,-4.95344781215159e-05,0.00325259646764198,1.54506867492492,0,267.161443506003,60.6481711487664,1.50612696024702e-10,1,0.98661116847773,0,-2.94129887112859e-08,9.75665765956535e-08,0,0,0
34.575,9500.00001715369,1.54506868019617,9500,9500.0000195416,1.54506868019617,1.54506868019617,0,-3.61825671045062e-05,20.3844818160104,1,0,15030.1234817337,-15030.1236873411,1.54506868019617,1.5418159808907,1.54181593361015,4.72805505857821e-08,-4.79932818176284e-05,0.00325260065981436,1.54506867611161,0,267.161443506003,60.6481711487664,6.30754600117924e-10,1,0.986611168419293,0,-2.84837449182618e-08,9.45611011715641e-08,0,0,0
34.59,9500.00001661095,1.54506868125518,9500,9500.00001892274,1.54506868125518,1.54506868125518,0,-3.51579304555723e-05,20.3844817410398,2,0,15030.1234825482,-15030.1236823331,1.54506868125518,1.5418159808907,1.54181593506073,4.58299649341853e-08,-4.65032447786239e-05,0.00325260474437461,1.545068677295,0,267.161443506003,60.6481711487664,1.41548306651928e-10,1,0.986611168362928,0,-2.75805895899595e-08,9.16599298683707e-08,0,0,0
34.605,9500.00001608358,1.54506868227738,9500,9500.00001832361,1.54506868227738,1.54506868227738,0,-3.39020472320473e-05,20.3844817549733,1,0,15030.1234869763,-15030.1236796247,1.54506868227738,1.5418159808907,1.54181593647859,4.44121026621502e-08,-4.50518971859474e-05,0.00325260870455124,1.54506867841945,0,267.161443506003,60.6481711487664,5.94730307208911e-10,1,0.986611168308158,0,-2.67077251425718e-08,8.88242053243005e-08,0,0,0
34.62,9500.00001557505,1.54506868327667,9500,9500.00001774308,1.54506868327667,1.54506868327667,0,-3.29412617998569e-05,20.3844816842332,2,0,15030.1234877734,-15030.1236749621,1.54506868327667,1.5418159808907,1.54181593784979,4.3040904840197e-08,-4.36473386282787e-05,0.00325261256247877,1.54506867953499,0,267.161443506003,60.6481711487664,1.32555335353737e-10,1,0.986611168255345,0,-2.58627492755181e-08,8.60818096803939e-08,0,0,0
34.635,9500.00001508093,1.54506868423748,9500,9500.00001718121,1.54506868423748,1.54506868423748,0,-3.17619058906485e-05,20.3844816972882,1,0,15030.1234919375,-15030.1236724245,1.54506868423748,1.5418159808907,1.54181593919166,4.16990333373946e-08,-4.22782805699728e-05,0.00325261630416396,1.54506868059293,0,267.161443506003,60.6481711487664,5.58877607151879e-10,1,0.986611168204029,0,-2.50436253956821e-08,8.33980666747891e-08,0,0,0
34.65,9500.0000146045,1.54506868517382,9500,9500.0000166369,1.54506868517382,1.54506868517382,0,-3.08628762658417e-05,20.3844816308558,2,0,15030.1234926832,-15030.1236680615,1.54506868517382,1.5418159808907,1.54181594048982,4.04008750898299e-08,-4.09531256332494e-05,0.00325261994872039,1.54506868164117,0,267.161443506003,60.6481711487664,1.24249324085681e-10,1,0.98661116815455,0,-2.42502804503886e-08,8.08017501796598e-08,0,0,0
34.665,9500.00001414156,1.54506868607162,9500,9500.00001611018,1.54506868607162,1.54506868607162,0,-2.9759980506682e-05,20.3844816430871,1,0,15030.1234965729,-15030.123665684,1.54506868607162,1.5418159808907,1.5418159417608,3.91298944357743e-08,-3.96616528272201e-05,0.00325262348136879,1.54506868263185,0,267.161443506003,60.6481711487664,5.23383473081321e-10,1,0.986611168106472,0,-2.34821135869367e-08,7.82597888715486e-08,0,0,0
34.68,9500.00001369516,1.54506868694477,9500,9500.00001559999,1.54506868694477,1.54506868694477,0,-2.86900508230451e-05,20.3844816548813,1,0,15030.1235003602,-15030.1236633914,1.54506868694477,1.5418159808907,1.54181594299053,3.79001692252245e-08,-3.84121305171214e-05,0.00325262692113415,1.54506868361217,0,267.161443506003,60.6481711487664,9.61763497723711e-10,1,0.986611168060112,0,-2.27388787799043e-08,7.58003384504491e-08,0,0,0
34.695,9500.00001326481,1.54506868778073,9500,9500.00001510633,1.54506868778073,1.54506868778073,0,-2.78367276405907e-05,20.3844815649894,2,0,15030.1234987401,-15030.1236569223,1.54506868778073,1.5418159808907,1.54181594419204,3.66986583344442e-08,-3.71951988142973e-05,0.0032526302537339,1.54506868454175,0,267.161443506003,60.6481711487664,1.9598235322394e-10,1,0.986611168015418,0,-2.20173048681715e-08,7.33973166688884e-08,0,0,0
34.71,9500.00001284726,1.54506868857029,9500,9500.00001462907,1.54506868857029,1.54506868857029,0,-2.68596102902418e-05,20.3844815760214,1,0,15030.1235021481,-15030.1236547779,1.54506868857029,1.5418159808907,1.54181594537373,3.55169655907872e-08,-3.60054995534852e-05,0.00325263349271632,1.54506868541734,0,267.161443506003,60.6481711487664,4.70082587456415e-10,1,0.986611167972054,0,-2.13225732625943e-08,7.10339311815744e-08,0,0,0
34.725,9500.00001244436,1.54506868932489,9500,9500.0000141673,1.54506868932489,1.54506868932489,0,-2.59230902658617e-05,20.3844815866661,1,0,15030.1235054008,-15030.1236527088,1.54506868932489,1.5418159808907,1.5418159465237,3.43669972480143e-08,-3.48507964426553e-05,0.00325263664566156,1.54506868627035,0,267.161443506003,60.6481711487664,8.59020328450148e-10,1,0.986611167930212,0,-2.06498802501898e-08,6.87339944960286e-08,0,0,0
34.74,9500.00001205552,1.54506869003827,9500,9500.00001372078,1.54506869003827,1.54506869003827,0,-2.53749030377907e-05,20.3844815009432,2,0,15030.1235046916,-15030.1236488845,1.54506869003827,1.5418159808907,1.54181594764826,3.32424405780074e-08,-3.37264599373476e-05,0.00325263970019352,1.54506868707577,0,267.161443506003,60.6481711487664,1.40739877598437e-10,1,0.986611167889828,0,-1.99981662341031e-08,6.64848811560148e-08,0,0,0
34.755,9500.00001167489,1.54506869070704,9500,9500.0000132892,1.54506869070704,1.54506869070704,0,-2.45285678342158e-05,20.3844815109995,1,0,15030.1235075461,-15030.1236469297,1.54506869070704,1.5418159808907,1.54181594874857,3.21421294025015e-08,-3.26304403329672e-05,0.00325264266269176,1.54506868783765,0,267.161443506003,60.6481711487664,4.50879907703174e-10,1,0.986611167850299,0,-1.93693965311326e-08,6.4284258805003e-08,0,0,0
34.77,9500.00001130697,1.54506869136418,9500,9500.00001287083,1.54506869136418,1.54506869136418,0,-2.37011984303077e-05,20.3844815207205,1,0,15030.1235103581,-15030.1236450402,1.54506869136418,1.5418159808907,1.54181594979417,3.10965273531139e-08,-3.15821444594233e-05,0.00325264553207916,1.54506868861583,0,267.161443506003,60.6481711487664,7.99654580847888e-10,1,0.986611167812088,0,-1.87601689738415e-08,6.21930547062277e-08,0,0,0
34.785,9500.00001095145,1.54506869200312,9500,9500.00001246554,1.54506869200312,1.54506869200312,0,-2.31225018335152e-05,20.3844814435262,2,0,15030.1235092787,-15030.1236406723,1.54506869200312,1.5418159808907,1.54181595079655,3.00941480624317e-08,-3.0572947188178e-05,0.00325264828042582,1.54506868935942,0,267.161443506003,60.6481711487664,1.45164433047463e-10,1,0.986611167775167,0,-1.81695067880128e-08,6.01882961248634e-08,0,0,0
34.8,9500.00001060461,1.54506869261845,9500,9500.00001207314,1.54506869261845,1.54506869261845,0,-2.23461622191977e-05,20.3844814526898,1,0,15030.123511909,-15030.123638891,1.54506869261845,1.5418159808907,1.54181595176547,2.91252315598456e-08,-2.95967482128871e-05,0.00325265092412752,1.54506869006529,0,267.161443506003,60.6481711487664,3.99001004802829e-10,1,0.986611167739146,0,-1.75972827420878e-08,5.82504631196912e-08,0,0,0
34.815,9500.00001026942,1.54506869322824,9500,9500.00001169255,1.54506869322824,1.54506869322824,0,-2.15826938262318e-05,20.3844814615459,1,0,15030.123514526,-15030.1236371696,1.54506869322824,1.5418159808907,1.54181595268678,2.82039196441985e-08,-2.86623695215275e-05,0.00325265347728676,1.54506869077582,0,267.161443506003,60.6481711487664,7.18995015458268e-10,1,0.986611167704335,0,-1.70431972978946e-08,5.64078392883971e-08,0,0,0
34.83,9500.00000994568,1.54506869382472,9500,9500.00001132373,1.54506869382472,1.54506869382472,0,-2.10813397790084e-05,20.3844813907987,2,0,15030.1235137825,-15030.1236335772,1.54506869382472,1.5418159808907,1.54181595357121,2.7319491335831e-08,-2.77611774505572e-05,0.00325265592970636,1.54506869145939,0,267.161443506003,60.6481711487664,1.24829742639516e-10,1,0.986611167670713,0,-1.65058156031961e-08,5.4638982671662e-08,0,0,0
34.845,9500.00000962946,1.54506869440107,9500,9500.00001096659,1.54506869440107,1.54506869440107,0,-2.03601362386641e-05,20.3844813991534,1,0,15030.1235162567,-15030.1236319532,1.54506869440107,1.5418159808907,1.54181595443061,2.64600867883047e-08,-2.6887011398693e-05,0.00325265829503518,1.54506869210591,0,267.161443506003,60.6481711487664,3.7258568439431e-10,1,0.986611167637873,0,-1.59844328884162e-08,5.29201735766094e-08,0,0,0
34.86,9500.00000932405,1.54506869497603,9500,9500.00001062006,1.54506869497603,1.54506869497603,0,-1.96476576841294e-05,20.3844814072224,1,0,15030.1235187369,-15030.1236303848,1.54506869497603,1.5418159808907,1.54181595524703,2.56436702983365e-08,-2.60498534732614e-05,0.00325266059020191,1.54506869276824,0,267.161443506003,60.6481711487664,6.67994507557412e-10,1,0.986611167606156,0,-1.54794030926553e-08,5.12873405966729e-08,0,0,0
34.875,9500.00000902934,1.54506869554017,9500,9500.00001028418,1.54506869554017,1.54506869554017,0,-1.89520194117814e-05,20.384481415009,1,0,15030.1235211764,-15030.1236288712,1.54506869554017,1.5418159808907,1.54181595603516,2.48555358517422e-08,-2.52406591397414e-05,0.00325266279799696,1.54506869339977,0,267.161443506003,60.6481711487664,9.54941103584057e-10,1,0.986611167575548,0,-1.49903316426503e-08,4.97110717034843e-08,0,0,0
34.89,9500.00000874506,1.54506869608535,9500,9500.00000995897,1.54506869608535,1.54506869608535,0,-1.84586434373877e-05,20.3844813313328,2,0,15030.1235190143,-15030.1236239056,1.54506869608535,1.5418159808907,1.54181595680439,2.40863102796141e-08,-2.44531624016931e-05,0.00325266493840304,1.54506869400172,0,267.161443506003,60.6481711487664,1.69765183584954e-10,1,0.986611167546025,0,-1.45155958364285e-08,4.81726205592281e-08,0,0,0
34.905,9500.00000846818,1.54506869660509,9500,9500.00000964437,1.54506869660509,1.54506869660509,0,-1.7814041902658e-05,20.3844813386482,1,0,15030.1235212553,-15030.1236224836,1.54506869660509,1.5418159808907,1.54181595756065,2.333004567312e-08,-2.36834489578588e-05,0.00325266702203075,1.54506869457282,0,267.161443506003,60.6481711487664,3.31007979418063e-10,1,0.98661116751727,0,-1.40573823692591e-08,4.66600913462401e-08,0,0,0
34.92,9500.00000820097,1.5450686971125,9500,9500.00000933955,1.5450686971125,1.5450686971125,0,-1.71868770224944e-05,20.3844813457081,1,0,15030.1235234469,-15030.1236211113,1.5450686971125,1.5418159808907,1.54181595829017,2.26005261172446e-08,-2.29398168720465e-05,0.00325266905430066,1.54506869514605,0,267.161443506003,60.6481711487664,5.9034556530388e-10,1,0.986611167489519,0,-1.36147921825369e-08,4.52010522344892e-08,0,0,0
34.935,9500.00000794316,1.545068697601,9500,9500.00000904447,1.545068697601,1.545068697601,0,-1.65826933230175e-05,20.3844813525194,1,0,15030.1235255562,-15030.1236197873,1.545068697601,1.5418159808907,1.5418159590002,2.18905005233694e-08,-2.22169261512523e-05,0.00325267102075411,1.54506869569245,0,267.161443506003,60.6481711487664,8.40361352671823e-10,1,0.986611167462745,0,-1.31824529070457e-08,4.37810010467388e-08,0,0,0
34.95,9500.00000769443,1.54506869806552,9500,9500.00000875905,1.54506869806552,1.54506869806552,0,-1.63103833255979e-05,20.3844812747245,2,0,15030.1235242698,-15030.1236169535,1.54506869806552,1.5418159808907,1.54181595969918,2.11915209824554e-08,-2.15115031946131e-05,0.00325267292929854,1.54506869620304,0,267.161443506003,60.6481711487664,1.22678858277665e-10,1,0.986611167436912,0,-1.27664208093847e-08,4.23830419649107e-08,0,0,0
34.965,9500.00000744977,1.54506869850271,9500,9500.00000848314,1.54506869850271,1.54506869850271,0,-1.57599964677511e-05,20.3844812811885,1,0,15030.1235261409,-15030.123615697,1.54506869850271,1.5418159808907,1.54181596038549,2.05052086421631e-08,-2.08219373569536e-05,0.00325267479178204,1.5450686966929,0,267.161443506003,60.6481711487664,3.13734944905953e-10,1,0.986611167411504,0,-1.23645109706416e-08,4.10104172843262e-08,0,0,0
34.98,9500.00000721337,1.54506869894115,9500,9500.00000821533,1.54506869894115,1.54506869894115,0,-1.52142555244399e-05,20.3844812874344,1,0,15030.123528028,-15030.123614483,1.54506869894115,1.5418159808907,1.54181596103063,1.98600660361592e-08,-2.01654559580713e-05,0.003252676601599,1.54506869721243,0,267.161443506003,60.6481711487664,5.41087614746521e-10,1,0.986611167386953,0,-1.19742513682297e-08,3.97201320723184e-08,0,0,0
34.995,9500.00000698516,1.54506869937369,9500,9500.00000795566,1.54506869937369,1.54506869937369,0,-1.4679338450312e-05,20.384481293464,1,0,15030.1235298956,-15030.1236133109,1.54506869937369,1.5418159808907,1.54181596164939,1.92413049937556e-08,-1.95341237955008e-05,0.00325267833031995,1.54506869770363,0,267.161443506003,60.6481711487664,7.62408134255488e-10,1,0.986611167363252,0,-1.15953966428606e-08,3.84826099875113e-08,0,0,0
35.01,9500.00000676497,1.545068699794,9500,9500.00000770414,1.545068699794,1.545068699794,0,-1.41606015957374e-05,20.3844812992815,1,0,15030.1235317125,-15030.1236121801,1.545068699794,1.5418159808907,1.54181596224804,1.86426607484691e-08,-1.89222437581865e-05,0.00325268000038448,1.5450686981764,0,267.161443506003,60.6481711487664,9.76566171087329e-10,1,0.986611167340384,0,-1.12294886722708e-08,3.72853214969382e-08,0,0,0
35.025,9500.00000655256,1.54506870019676,9500,9500.00000746074,1.54506870019676,1.54506870019676,0,-1.38485604598049e-05,20.3844812166899,2,0,15030.1235292111,-15030.1236079055,1.54506870019676,1.5418159808907,1.54181596283472,1.80559771578714e-08,-1.83259690581567e-05,0.00325268161798409,1.54506869862064,0,267.161443506003,60.6481711487664,1.59986906085619e-10,1,0.986611167318325,0,-1.08747737481707e-08,3.61119543157429e-08,0,0,0
35.04,9500.00000634483,1.54506870057812,9500,9500.00000722537,1.54506870057812,1.54506870057812,0,-1.3372402277104e-05,20.3844812221782,1,0,15030.12353085,-15030.1236068387,1.54506870057812,1.5418159808907,1.54181596341258,1.74781178419181e-08,-1.77431621798608e-05,0.00325268319410421,1.54506869904104,0,267.161443506003,60.6481711487664,2.63228555497755e-10,1,0.986611167296752,0,-1.05310740128317e-08,3.49562356838362e-08,0,0,0
35.055,9500.00000614424,1.54506870095412,9500,9500.00000699717,1.54506870095412,1.54506870095412,0,-1.29058850618671e-05,20.3844812274778,1,0,15030.1235324709,-15030.1236058085,1.54506870095412,1.5418159808907,1.54181596396364,1.69270559791102e-08,-1.71836390688846e-05,0.00325268473119023,1.545068699476,0,267.161443506003,60.6481711487664,4.56923192455348e-10,1,0.98661116727592,0,-1.0198603517253e-08,3.38541119582203e-08,0,0,0
35.07,9500.00000595065,1.5450687013195,9500,9500.00000677612,1.5450687013195,1.5450687013195,0,-1.24534526568235e-05,20.3844812325925,1,0,15030.1235340476,-15030.1236048144,1.5450687013195,1.5418159808907,1.54181596449478,1.63959139598546e-08,-1.66423298459361e-05,0.0032526862093063,1.54506869989183,0,267.161443506003,60.6481711487664,6.44375865154776e-10,1,0.986611167255815,0,-9.87663373308578e-09,3.27918279197092e-08,0,0,0
35.085,9500.00000576385,1.54506870166992,9500,9500.00000656219,1.54506870166992,1.54506870166992,0,-1.20187452494964e-05,20.384481237528,1,0,15030.1235355585,-15030.123603855,1.54506870166992,1.5418159808907,1.54181596501406,1.5876634229528e-08,-1.61157957398262e-05,0.00325268763697317,1.54506870028094,0,267.161443506003,60.6481711487664,8.24805395494223e-10,1,0.986611167236415,0,-9.56498347193246e-09,3.1753268459056e-08,0,0,0
35.1,9500.00000558357,1.54506870200226,9500,9500.00000635529,1.54506870200226,1.54506870200226,0,-1.16043260831121e-05,20.3844812422911,1,0,15030.1235369875,-15030.1236029291,1.54506870200226,1.5418159808907,1.54181596552273,1.53679682313168e-08,-1.56020560551814e-05,0.00325268902595499,1.54506870065259,0,267.161443506003,60.6481711487664,9.97797435406326e-10,1,0.986611167217692,0,-9.2632364001588e-09,3.07359364626336e-08,0,0,0
35.115,9500.00000540951,1.54506870231462,9500,9500.00000615529,1.54506870231462,1.54506870231462,0,-1.1472800497372e-05,20.3844811580035,2,0,15030.1235344855,-15030.1235996797,1.54506870231462,1.5418159808907,1.54181596602379,1.48669043742444e-08,-1.51002388232801e-05,0.00325269037562714,1.54506870100013,0,267.161443506003,60.6481711487664,1.43840857200757e-10,1,0.986611167199615,0,-8.971104081823e-09,2.97338087484889e-08,0,0,0
35.13,9500.00000523741,1.54506870260625,9500,9500.00000596201,1.54506870260625,1.54506870260625,0,-1.10995067070633e-05,20.3844811625503,1,0,15030.1235357229,-15030.1235987959,1.54506870260625,1.5418159808907,1.54181596651638,1.43743204006341e-08,-1.46102819047142e-05,0.00325269169011166,1.54506870132945,0,267.161443506003,60.6481711487664,2.36368126473043e-10,1,0.986611167181743,0,-8.68979643797729e-09,2.87486408012683e-08,0,0,0
35.145,9500.00000507092,1.54506870290344,9500,9500.00000577422,1.54506870290344,1.54506870290344,0,-1.07252465618991e-05,20.3844811669492,1,0,15030.1235369946,-15030.1235979409,1.54506870290344,1.5418159808907,1.54181596697336,1.3917335950353e-08,-1.41477484356927e-05,0.00325269296691477,1.54506870169228,0,267.161443506003,60.6481711487664,3.94163922382903e-10,1,0.986611167164452,0,-8.41583913668842e-09,2.78346719007061e-08,0,0,0
35.16,9500.00000491004,1.54506870320133,9500,9500.00000559195,1.54506870320133,1.54506870320133,0,-1.03542878879066e-05,20.3844811711997,1,0,15030.1235382764,-15030.1235971146,1.54506870320133,1.5418159808907,1.54181596740449,1.34862088163601e-08,-1.37061431876837e-05,0.00325269417807217,1.54506870204119,0,267.161443506003,60.6481711487664,5.48785880958269e-10,1,0.986611167147744,0,-8.14986056418832e-09,2.69724176327202e-08,0,0,0
35.175,9500.00000475473,1.54506870349512,9500,9500.00000541523,1.54506870349512,1.54506870349512,0,-9.99073986448001e-06,20.3844811753033,1,0,15030.1235395446,-15030.123596317,1.54506870349512,1.5418159808907,1.54181596781865,1.30720434476927e-08,-1.32804613194914e-05,0.00325269533821193,1.545068702373,0,267.161443506003,60.6481711487664,6.99296611431903e-10,1,0.986611167131614,0,-7.89304177573058e-09,2.61440868953855e-08,0,0,0
35.19,9500.00000460487,1.54506870378054,9500,9500.00000524405,1.54506870378054,1.54506870378054,0,-9.63827105025546e-06,20.3844811792627,1,0,15030.1235407779,-15030.1235955474,1.54506870378054,1.5418159808907,1.54181596822165,1.26690440360733e-08,-1.28671001201632e-05,0.00325269646033988,1.54506870268913,0,267.161443506003,60.6481711487664,8.44907934252191e-10,1,0.98661116711605,0,-7.64267826802723e-09,2.53380880721465e-08,0,0,0
35.205,9500.00000446029,1.54506870405405,9500,9500.0000050784,1.54506870405405,1.54506870405405,0,-9.29982914599327e-06,20.3844811830824,1,0,15030.1235419586,-15030.1235948049,1.54506870405405,1.5418159808907,1.54181596861598,1.22747167985437e-08,-1.24637098024904e-05,0.00325269755175062,1.54506870299188,0,267.161443506003,60.6481711487664,9.85037925678611e-10,1,0.986611167101036,0,-7.40205940985561e-09,2.45494335970875e-08,0,0,0
35.22,9500.0000043208,1.54506870431308,9500,9500.00000491821,1.54506870431308,1.54506870431308,0,-9.21254454775893e-06,20.3844811014782,2,0,15030.1235393371,-15030.1235916873,1.54506870431308,1.5418159808907,1.54181596900774,1.18829546202903e-08,-1.20689968290639e-05,0.00325269861391608,1.54506870327052,0,267.161443506003,60.6481711487664,1.40893104984893e-10,1,0.986611167086548,0,-7.16817938339886e-09,2.37659092405806e-08,0,0,0
35.235,9500.00000418261,1.54506870455609,9500,9500.00000476338,1.54506870455609,1.54506870455609,0,-8.90511748123485e-06,20.3844811051293,1,0,15030.1235403743,-15030.1235909776,1.54506870455609,1.5418159808907,1.5418159693906,1.15000982070512e-08,-1.16825170945809e-05,0.00325269965647745,1.54506870354737,0,267.161443506003,60.6481711487664,2.01572185864907e-10,1,0.986611167072197,0,-6.94398805123342e-09,2.30001964141024e-08,0,0,0
35.25,9500.00000404903,1.54506870480574,9500,9500.00000461287,1.54506870480574,1.54506870480574,0,-8.59505884921177e-06,20.3844811086585,1,0,15030.1235414502,-15030.1235902916,1.54506870480574,1.5418159808907,1.54181596974708,1.11436211369664e-08,-1.13179536477211e-05,0.00325270066519767,1.54506870384314,0,267.161443506003,60.6481711487664,3.30430532571325e-10,1,0.986611167058324,0,-6.72380240374082e-09,2.22872422739329e-08,0,0,0
35.265,9500.0000039201,1.54506870505678,9500,9500.00000446674,1.54506870505678,1.54506870505678,0,-8.28704814835919e-06,20.3844811120649,1,0,15030.1235425384,-15030.1235896295,1.54506870505678,1.5418159808907,1.54181597008282,1.08078757055097e-08,-1.09692783696647e-05,0.00325270162780544,1.54506870413425,0,267.161443506003,60.6481711487664,4.56805430759318e-10,1,0.986611167044935,0,-6.51007581176088e-09,2.16157514110193e-08,0,0,0
35.28,9500.0000037958,1.54506870530424,9500,9500.00000432507,1.54506870530424,1.54506870530424,0,-7.98534046665342e-06,20.3844811153491,1,0,15030.1235436144,-15030.1235889911,1.54506870530424,1.5418159808907,1.54181597040982,1.0480881051933e-08,-1.0632011148238e-05,0.00325270255033172,1.54506870440279,0,267.161443506003,60.6481711487664,5.79738714868896e-10,1,0.986611167032025,0,-6.30485530450642e-09,2.0961762103866e-08,0,0,0
35.295,9500.00000367602,1.54506870554367,9500,9500.00000418791,1.54506870554367,1.54506870554367,0,-7.69377574741443e-06,20.3844811185138,1,0,15030.1235446561,-15030.123588376,1.54506870554367,1.5418159808907,1.54181597072976,1.01609363145627e-08,-1.03029847557972e-05,0.00325270345178108,1.54506870466435,0,267.161443506003,60.6481711487664,6.98399048873403e-10,1,0.986611167019585,0,-6.10443562365504e-09,2.03218726291254e-08,0,0,0
35.31,9500.00000356061,1.54506870577157,9500,9500.00000405524,1.54506870577157,1.54506870577157,0,-7.41529358537017e-06,20.3844811215629,1,0,15030.1235456459,-15030.1235877833,1.54506870577157,1.5418159808907,1.54181597104511,9.84559078709424e-09,-9.98029585561742e-06,0.00325270433110458,1.54506870491298,0,267.161443506003,60.6481711487664,8.12175699789628e-10,1,0.9866111670076,0,-5.90953064261157e-09,1.96911815741885e-08,0,0,0
35.325,9500.00000344938,1.54506870598538,9500,9500.00000392705,1.54506870598538,1.54506870598538,0,-7.15196738779279e-06,20.3844811245017,1,0,15030.123546571,-15030.1235872121,1.54506870598538,1.5418159808907,1.54181597135942,9.53127643477103e-09,-9.6630254302112e-06,0.00325270518968956,1.54506870514294,0,267.161443506003,60.6481711487664,9.20645252098919e-10,1,0.986611166996048,0,-5.72343639149153e-09,1.90625528695421e-08,0,0,0
35.34,9500.0000033421,1.54506870618373,9500,9500.00000380326,1.54506870618373,1.54506870618373,0,-7.16024943683521e-06,20.384481048279,2,0,15030.1235441699,-15030.123584858,1.54506870618373,1.5418159808907,1.54181597167232,9.21837983725027e-09,-9.3511283464258e-06,0.00325270603212524,1.54506870535958,0,267.161443506003,60.6481711487664,1.21983702943175e-10,1,0.986611166984907,0,-5.54387247220234e-09,1.84367596745005e-08,0,0,0
35.355,9500.0000032347,1.54506870636623,9500,9500.00000368374,1.54506870636623,1.54506870636623,0,-6.92683160358151e-06,20.3844810511167,1,0,15030.1235449447,-15030.1235843064,1.54506870636623,1.5418159808907,1.54181597198075,8.90994522606547e-09,-9.04510593323541e-06,0.00325270685626888,1.54506870556686,0,267.161443506003,60.6481711487664,1.71861822559849e-10,1,0.986611166973753,0,-5.36938604689396e-09,1.78198904521309e-08,0,0,0
35.37,9500.0000031308,1.54506870655865,9500,9500.00000356737,1.54506870655865,1.54506870655865,0,-6.68720744456679e-06,20.3844810538619,1,0,15030.1235457728,-15030.1235837728,1.54506870655865,1.5418159808907,1.54181597226074,8.62995408468237e-09,-8.76047732562833e-06,0.00325270765564678,1.54506870580625,0,267.161443506003,60.6481711487664,2.71715115874158e-10,1,0.986611166962962,0,-5.19937559673167e-09,1.72599081693647e-08,0,0,0
35.385,9500.00000303049,1.54506870675627,9500,9500.00000345423,1.54506870675627,1.54506870675627,0,-6.44557067352246e-06,20.3844810565121,1,0,15030.1235466307,-15030.1235832577,1.54506870675627,1.5418159808907,1.54181597251945,8.3712445864137e-09,-8.49114220985474e-06,0.00325270840804781,1.54506870604123,0,267.161443506003,60.6481711487664,3.70508206111449e-10,1,0.986611166952545,0,-5.03561237152894e-09,1.67424891728274e-08,0,0,0
35.4,9500.0000029338,1.54506870695431,9500,9500.00000334441,1.54506870695431,1.54506870695431,0,-6.20605247193048e-06,20.3844810590666,1,0,15030.1235474952,-15030.1235827611,1.54506870695431,1.5418159808907,1.54181597276913,8.12156963903021e-09,-8.23234965678931e-06,0.00325270912308495,1.54506870625692,0,267.161443506003,60.6481711487664,4.67228178672966e-10,1,0.986611166942504,0,-4.87469264953688e-09,1.62431392780604e-08,0,0,0
35.415,9500.00000284071,1.54506870714824,9500,9500.000003238,1.54506870714824,1.54506870714824,0,-5.97262247962827e-06,20.3844810615261,1,0,15030.1235483436,-15030.123582283,1.54506870714824,1.5418159808907,1.54181597301058,7.88011789154552e-09,-7.98058740665702e-06,0.00325270982047265,1.54506870647141,0,267.161443506003,60.6481711487664,5.6104541919957e-10,1,0.986611166932836,0,-4.71942240842793e-09,1.5760235783091e-08,0,0,0
35.43,9500.00000275113,1.54506870733431,9500,9500.00000313504,1.54506870733431,1.54506870733431,0,-5.74843799621233e-06,20.3844810638931,1,0,15030.1235491574,-15030.1235818229,1.54506870733431,1.5418159808907,1.54181597325203,7.63866991881912e-09,-7.73360293963273e-06,0.00325271049730724,1.54506870666534,0,267.161443506003,60.6481711487664,6.51184144147651e-10,1,0.986611166923532,0,-4.56932092163242e-09,1.52773398376382e-08,0,0,0
35.445,9500.0000026649,1.54506870750961,9500,9500.00000303554,1.54506870750961,1.54506870750961,0,-5.53598236259031e-06,20.3844810661713,1,0,15030.1235499219,-15030.1235813801,1.54506870750961,1.5418159808907,1.54181597349032,7.40038030855317e-09,-7.49015164628619e-06,0.00325271116627279,1.54506870685773,0,267.161443506003,60.6481711487664,7.37185242084445e-10,1,0.986611166914577,0,-4.42376713039039e-09,1.48007606171063e-08,0,0,0
35.46,9500.00000258186,1.54506870767222,9500,9500.00000293948,1.54506870767222,1.54506870767222,0,-5.33680846295767e-06,20.3844810683652,1,0,15030.1235506272,-15030.1235809536,1.54506870767222,1.5418159808907,1.54181597373045,7.16024861624476e-09,-7.24985435039827e-06,0.00325271181814757,1.54506870702934,0,267.161443506003,60.6481711487664,8.18769228925297e-10,1,0.986611166905953,0,-4.28471591540358e-09,1.43204972324895e-08,0,0,0
35.475,9500.00000250181,1.54506870782119,9500,9500.0000028468,1.54506870782119,1.54506870782119,0,-5.15156014788312e-06,20.3844810704803,1,0,15030.1235512688,-15030.1235805426,1.54506870782119,1.5418159808907,1.54181597396834,6.92235313515255e-09,-7.01295222794149e-06,0.00325271246102576,1.54506870719643,0,267.161443506003,60.6481711487664,8.95861384284607e-10,1,0.986611166897639,0,-4.15026768507687e-09,1.38447062703051e-08,0,0,0
35.49,9500.00000242453,1.54506870795653,9500,9500.00000275739,1.54506870795653,1.54506870795653,0,-4.98012103790237e-06,20.3844810725219,1,0,15030.1235518461,-15030.1235801457,1.54506870795653,1.5418159808907,1.54181597420675,6.68394539715678e-09,-6.78016958566098e-06,0.00325271308578956,1.54506870734438,0,267.161443506003,60.6481711487664,9.68574879130659e-10,1,0.986611166889614,0,-4.01839028718598e-09,1.33678907943136e-08,0,0,0
35.505,9500.00000234983,1.54506870807911,9500,9500.00000267113,1.54506870807911,1.54506870807911,0,-5.029387765459e-06,20.3844809959078,2,0,15030.1235488339,-15030.1235774134,1.54506870807911,1.5418159808907,1.54181597443943,6.45126996268175e-09,-6.55252652111959e-06,0.00325271369794589,1.54506870749118,0,267.161443506003,60.6481711487664,1.32598655271579e-10,1,0.986611166881856,0,-3.89352083907113e-09,1.29025399253635e-08,0,0,0
35.52,9500.00000227439,1.54506870819027,9500,9500.00000258786,1.54506870819027,1.54506870819027,0,-4.88026456251074e-06,20.384480997901,1,0,15030.1235492938,-15030.1235770259,1.54506870819027,1.5418159808907,1.54181597466721,6.22348772516546e-09,-6.33103207858164e-06,0.00325271428587537,1.54506870762355,0,267.161443506003,60.6481711487664,1.30674591634457e-10,1,0.986611166874021,0,-3.77199582679566e-09,1.24469754503309e-08,0,0,0
35.535,9500.00000220118,1.54506870831237,9500,9500.00000250662,1.54506870831237,1.54506870831237,0,-4.72319918487603e-06,20.3844809998351,1,0,15030.1235498104,-15030.12357665,1.54506870831237,1.5418159808907,1.54181597486947,6.02122707249464e-09,-6.12862334526663e-06,0.00325271485259471,1.54506870778575,0,267.161443506003,60.6481711487664,1.98347731644841e-10,1,0.986611166866418,0,-3.65305607985533e-09,1.20424541449893e-08,0,0,0
35.55,9500.00000213034,1.54506870844251,9500,9500.00000242746,1.54506870844251,1.54506870844251,0,-4.56073403169816e-06,20.3844810017069,1,0,15030.1235503698,-15030.1235762861,1.54506870844251,1.5418159808907,1.54181597505136,5.83934123277174e-09,-5.94027385917659e-06,0.00325271537921856,1.5450687079486,0,267.161443506003,60.6481711487664,2.66219666905437e-10,1,0.986611166859061,0,-3.5384983831932e-09,1.16786824655435e-08,0,0,0
35.565,9500.00000206193,1.54506870857733,9500,9500.00000235046,1.54506870857733,1.54506870857733,0,-4.39588454700766e-06,20.3844810035144,1,0,15030.1235509552,-15030.1235759348,1.54506870857733,1.5418159808907,1.54181597522052,5.67018210162473e-09,-5.76182759235242e-06,0.00325271587313325,1.54506870810419,0,267.161443506003,60.6481711487664,3.33599434709487e-10,1,0.986611166851956,0,-3.42534756114787e-09,1.13403642032495e-08,0,0,0
35.58,9500.00000199599,1.54506870871337,9500,9500.00000227568,1.54506870871337,1.54506870871337,0,-4.23169917796674e-06,20.3844810052565,1,0,15030.1235515495,-15030.1235755962,1.54506870871337,1.5418159808907,1.54181597538297,5.50772383256515e-09,-5.59002100302966e-06,0.00325271634627233,1.54506870825242,0,267.161443506003,60.6481711487664,3.99772887222882e-10,1,0.986611166845108,0,-3.31574834255832e-09,1.10154476651303e-08,0,0,0
35.595,9500.00000193251,1.54506870884733,9500,9500.00000220319,1.54506870884733,1.54506870884733,0,-4.07100345584826e-06,20.3844810069336,1,0,15030.1235521367,-15030.1235752702,1.54506870884733,1.5418159808907,1.5418159755417,5.34899524673449e-09,-5.42244656200379e-06,0.00325271680722317,1.54506870839591,0,267.161443506003,60.6481711487664,4.64064901083346e-10,1,0.986611166838516,0,-3.21179216555834e-09,1.0697990493469e-08,0,0,0
35.61,9500.00000187145,1.54506870897635,9500,9500.00000213304,1.54506870897635,1.54506870897635,0,-3.9163171987054e-06,20.384481008547,1,0,15030.1235527021,-15030.1235749566,1.54506870897635,1.5418159808907,1.54181597569977,5.19092324680059e-09,-5.2574975229995e-06,0.00325271725864251,1.54506870853119,0,267.161443506003,60.6481711487664,5.25953581369397e-10,1,0.986611166832174,0,-3.10931413949334e-09,1.03818464936012e-08,0,0,0
35.625,9500.0000018127,1.54506870909816,9500,9500.00000206525,1.54506870909816,1.54506870909816,0,-3.76948510789785e-06,20.3844810100991,1,0,15030.1235532348,-15030.1235746549,1.54506870909816,1.5418159808907,1.54181597585902,5.03167418841599e-09,-5.09429808585561e-06,0.00325271770380398,1.54506870865785,0,267.161443506003,60.6481711487664,5.85044780915813e-10,1,0.986611166826073,0,-3.00956615184589e-09,1.0063348376832e-08,0,0,0
35.64,9500.00000175616,1.54506870921128,9500,9500.0000019998,1.54506870921128,1.54506870921128,0,-3.63175840741756e-06,20.3844810115929,1,0,15030.123553727,-15030.1235743644,1.54506870921128,1.5418159808907,1.54181597601769,4.87300955143155e-09,-4.93262218362332e-06,0.00325271814411532,1.54506870878083,0,267.161443506003,60.6481711487664,6.41043979738343e-10,1,0.986611166820201,0,-2.91463231327782e-09,9.7460191028631e-09,0,0,0
35.655,9500.00000170168,1.54506870931483,9500,9500.00000193666,1.54506870931483,1.54506870931483,0,-3.50382205699727e-06,20.3844810130323,1,0,15030.1235541743,-15030.1235740847,1.54506870931483,1.5418159808907,1.54181597617922,4.71147876268674e-09,-4.77264246634667e-06,0.00325271857456433,1.54506870888822,0,267.161443506003,60.6481711487664,6.93949800502737e-10,1,0.986611166814544,0,-2.82140133478492e-09,9.42295752537348e-09,0,0,0
35.67,9500.00000164913,1.54506870940873,9500,9500.00000187576,1.54506870940873,1.54506870940873,0,-3.38559789132511e-06,20.3844810144209,1,0,15030.1235545761,-15030.1235738148,1.54506870940873,1.5418159808907,1.54181597633968,4.55101689667003e-09,-4.61494940091771e-06,0.00325271900117086,1.5450687089939,0,267.161443506003,60.6481711487664,7.4378588744784e-10,1,0.986611166809085,0,-2.73467737343935e-09,9.10203379334007e-09,0,0,0
35.685,9500.00000159834,1.54506870949342,9500,9500.00000181702,1.54506870949342,1.54506870949342,0,-3.2766458686455e-06,20.3844810157626,1,0,15030.1235549345,-15030.123573554,1.54506870949342,1.5418159808907,1.54181597649768,4.39301417465288e-09,-4.46027108276877e-06,0.00325271941599481,1.54506870909272,0,267.161443506003,60.6481711487664,7.90731179254714e-10,1,0.986611166803811,0,-2.64741428779303e-09,8.78602834930575e-09,0,0,0
35.7,9500.00000154919,1.54506870956984,9500,9500.00000176035,1.54506870956984,1.54506870956984,0,-3.17601874117924e-06,20.3844810170612,1,0,15030.1235552539,-15030.1235733016,1.54506870956984,1.5418159808907,1.54181597665368,4.23701584928438e-09,-4.30941596861173e-06,0.00325271981669739,1.54506870918143,0,267.161443506003,60.6481711487664,8.35041286213729e-10,1,0.986611166798707,0,-2.56545606980296e-09,8.47403169856875e-09,0,0,0
35.715,9500.00000150155,1.54506870963924,9500,9500.00000170563,1.54506870963924,1.54506870963924,0,-3.08253360720698e-06,20.3844810183199,1,0,15030.1235555404,-15030.1235730569,1.54506870963924,1.5418159808907,1.54181597680377,4.0869292394774e-09,-4.16317462877951e-06,0.00325272020510758,1.54506870926966,0,267.161443506003,60.6481711487664,8.77062837456846e-10,1,0.986611166793759,0,-2.48574427708093e-09,8.1738584789548e-09,0,0,0
35.73,9500.00000145531,1.54506870970308,9500,9500.00000165274,1.54506870970308,1.54506870970308,0,-2.99489060654274e-06,20.3844810195416,1,0,15030.123555801,-15030.1235728194,1.54506870970308,1.5418159808907,1.54181597694972,3.94097510181268e-09,-4.02221640793739e-06,0.00325272057468329,1.54506870934733,0,267.161443506003,60.6481711487664,9.17144642895324e-10,1,0.986611166788957,0,-2.40923503369572e-09,7.88195020362537e-09,0,0,0
35.745,9500.00000141039,1.54506870976279,9500,9500.00000160157,1.54506870976279,1.54506870976279,0,-2.91174761183192e-06,20.3844810207285,1,0,15030.1235560427,-15030.1235725887,1.54506870976279,1.5418159808907,1.54181597708888,3.80181508496946e-09,-3.88700894436392e-06,0.00325272093042983,1.54506870942476,0,267.161443506003,60.6481711487664,9.55608883977298e-10,1,0.986611166784291,0,-2.33367436486276e-09,7.60363016993892e-09,0,0,0
35.76,9500.00000136671,1.54506870981982,9500,9500.00000155203,1.54506870981982,1.54506870981982,0,-2.8317914458354e-06,20.3844810218824,1,0,15030.1235562728,-15030.1235723644,1.54506870981982,1.5418159808907,1.5418159772191,3.67159280756368e-09,-3.75786278724574e-06,0.00325272126846587,1.54506870950235,0,267.161443506003,60.6481711487664,9.92806321837607e-10,1,0.986611166779755,0,-2.26250440604758e-09,7.34318561512737e-09,0,0,0
35.775,9500.00000132424,1.54506870987534,9500,9500.000001504,1.54506870987534,1.54506870987534,0,-2.94624572746706e-06,20.3844809451822,2,0,15030.1235529692,-15030.1235697112,1.54506870987534,1.5418159808907,1.54181597734419,3.54650619982522e-09,-3.6348320249845e-06,0.00325272158593592,1.54506870956965,0,267.161443506003,60.6481711487664,1.33534700589512e-10,1,0.986611166775344,0,-2.19179163707395e-09,7.09301239965043e-09,0,0,0
35.79,9500.00000128004,1.54506870993039,9500,9500.00000145741,1.54506870993039,1.54506870993039,0,-2.86766411295452e-06,20.3844809463498,1,0,15030.1235531887,-15030.1235694842,1.54506870993039,1.5418159808907,1.5418159774617,3.42899264538232e-09,-3.5178246619925e-06,0.00325272189163295,1.54506870964032,0,267.161443506003,60.6481711487664,1.16214204570068e-10,1,0.986611166770754,0,-2.1247705817018e-09,6.85798529076465e-09,0,0,0
35.805,9500.00000123703,1.54506871000463,9500,9500.00000141144,1.54506871000463,1.54506871000463,0,-2.77316398793281e-06,20.3844809474864,1,0,15030.1235535048,-15030.1235692633,1.54506871000463,1.5418159808907,1.54181597755234,3.3383575903656e-09,-3.41755227408268e-06,0.00325272218171113,1.54506870974912,0,267.161443506003,60.6481711487664,1.39152199079177e-10,1,0.986611166766287,0,-2.05692196608709e-09,6.67671518073121e-09,0,0,0
35.82,9500.00000119543,1.54506871009391,9500,9500.00000136624,1.54506871009391,1.54506871009391,0,-2.66657545268266e-06,20.3844809485854,1,0,15030.1235538969,-15030.1235690497,1.54506871009391,1.5418159808907,1.54181597762699,3.26370264147613e-09,-3.32816718303599e-06,0.0032527224372223,1.54506870985532,0,267.161443506003,60.6481711487664,1.81581900404841e-10,1,0.986611166761967,0,-1.99103000753098e-09,6.52740528295226e-09,0,0,0
35.835,9500.00000115543,1.54506871019338,9500,9500.00000132197,1.54506871019338,1.54506871019338,0,-2.55220744239519e-06,20.3844809496421,1,0,15030.1235543414,-15030.1235688443,1.54506871019338,1.5418159808907,1.54181597769473,3.19596726860993e-09,-3.24479332525095e-06,0.00325272267580279,1.54506870995843,0,267.161443506003,60.6481711487664,2.25111173612957e-10,1,0.986611166757813,0,-1.92670635001946e-09,6.39193453721987e-09,0,0,0
35.85,9500.00000111715,1.54506871029793,9500,9500.00000127881,1.54506871029793,1.54506871029793,0,-2.43463523332411e-06,20.3844809506536,1,0,15030.1235548129,-15030.1235686477,1.54506871029793,1.5418159808907,1.54181597776013,3.13056802703215e-09,-3.16352592283464e-06,0.00325272291074907,1.54506871006258,0,267.161443506003,60.6481711487664,2.68644923157385e-10,1,0.986611166753837,0,-1.86363213749985e-09,6.26113605406431e-09,0,0,0
35.865,9500.00000108063,1.54506871040274,9500,9500.00000123692,1.54506871040274,1.54506871040274,0,-2.31801432504838e-06,20.3844809516184,1,0,15030.123555288,-15030.1235684601,1.54506871040274,1.5418159808907,1.54181597782964,3.06105518710353e-09,-3.0815921710608e-06,0.00325272314609415,1.5450687101589,0,267.161443506003,60.6481711487664,3.1120455301819e-10,1,0.986611166750045,0,-1.80216019884938e-09,6.12211037420707e-09,0,0,0
35.88,9500.00000104586,1.5450687105036,9500,9500.00000119641,1.5450687105036,1.5450687105036,0,-2.20607696645834e-06,20.3844809525371,1,0,15030.1235557455,-15030.1235682816,1.5450687105036,1.5418159808907,1.54181597790354,2.98715452373699e-09,-2.99723496646895e-06,0.00325272338993421,1.54506871025494,0,267.161443506003,60.6481711487664,3.51939214931752e-10,1,0.986611166746434,0,-1.74325354151961e-09,5.97430904747398e-09,0,0,0
35.895,9500.00000101277,1.54506871059709,9500,9500.0000011574,1.54506871059709,1.54506871059709,0,-2.10168921898855e-06,20.3844809534114,1,0,15030.1235561688,-15030.1235681116,1.54506871059709,1.5418159808907,1.54181597798386,2.90683743742193e-09,-2.90962235421705e-06,0.00325272363859019,1.54506871034296,0,267.161443506003,60.6481711487664,3.90185722432796e-10,1,0.986611166742997,0,-1.68719660464944e-09,5.81367487484385e-09,0,0,0
35.91,9500.00000098124,1.54506871068086,9500,9500.00000111991,1.54506871068086,1.54506871068086,0,-2.00687527471482e-06,20.3844809542443,1,0,15030.1235565456,-15030.1235679497,1.54506871068086,1.5418159808907,1.54181597807296,2.81773604449143e-09,-2.81875018167327e-06,0.00325272389271825,1.54506871041889,0,267.161443506003,60.6481711487664,4.25565767700377e-10,1,0.986611166739723,0,-1.63162217070578e-09,5.63547208898285e-09,0,0,0
35.925,9500.00000095114,1.54506871075353,9500,9500.00000108398,1.54506871075353,1.54506871075353,0,-1.92272249997533e-06,20.3844809550396,1,0,15030.1235568693,-15030.1235677951,1.54506871075353,1.5418159808907,1.54181597816803,2.7226645382683e-09,-2.7252053413445e-06,0.0032527241546918,1.54506871049072,0,267.161443506003,60.6481711487664,4.57898346051979e-10,1,0.986611166736597,0,-1.58009050288399e-09,5.44532907653661e-09,0,0,0
35.94,9500.0000009223,1.54506871081476,9500,9500.00000104955,1.54506871081476,1.54506871081476,0,-1.84939706843308e-06,20.3844809558016,1,0,15030.1235571378,-15030.123567647,1.54506871081476,1.5418159808907,1.54181597826758,2.6231170568991e-09,-2.63006185608988e-06,0.00325272441750113,1.54506871055443,0,267.161443506003,60.6481711487664,4.87185293933367e-10,1,0.986611166733602,0,-1.52953472110084e-09,5.24623411379821e-09,0,0,0
35.955,9500.00000089456,1.54506871086505,9500,9500.00000101657,1.54506871086505,1.54506871086505,0,-1.78634892789354e-06,20.3844809565345,1,0,15030.1235573536,-15030.1235675045,1.54506871086505,1.5418159808907,1.5418159783715,2.51919951566038e-09,-2.5346121826557e-06,0.00325272467783089,1.54506871060693,0,267.161443506003,60.6481711487664,5.13621504147969e-10,1,0.986611166730721,0,-1.481426981087e-09,5.03839903132075e-09,0,0,0
35.97,9500.00000086777,1.54506871090556,9500,9500.00000098495,1.54506871090556,1.54506871090556,0,-1.73252255714556e-06,20.3844809572425,1,0,15030.1235575219,-15030.1235673669,1.54506871090556,1.5418159808907,1.54181597847377,2.41692332814125e-09,-2.44023842246431e-06,0.00325272493595175,1.5450687106605,0,267.161443506003,60.6481711487664,5.37572314618795e-10,1,0.986611166727938,0,-1.4351249078004e-09,4.8338466562825e-09,0,0,0
35.985,9500.00000084178,1.54506871093806,9500,9500.00000095458,1.54506871093806,1.54506871093806,0,-1.68619368730994e-06,20.3844809579291,1,0,15030.1235576517,-15030.1235672335,1.54506871093806,1.5418159808907,1.54181597857611,2.31458874289103e-09,-2.34831202047556e-06,0.00325272518101927,1.54506871070089,0,267.161443506003,60.6481711487664,5.5940926127319e-10,1,0.986611166725239,0,-1.39085631900571e-09,4.62917748578207e-09,0,0,0
36,9500.00000081648,1.54506871096451,9500,9500.00000092535,1.54506871096451,1.54506871096451,0,-1.64564383953054e-06,20.3844809585974,1,0,15030.1235577522,-15030.1235671036,1.54506871096451,1.5418159808907,1.54181597867128,2.21942042522016e-09,-2.2599815309045e-06,0.00325272541818467,1.54506871074772,0,267.161443506003,60.6481711487664,5.79627151458315e-10,1,0.986611166722612,0,-1.34803745943657e-09,4.43884085044033e-09,0,0,0
36.015,9500.0000007918,1.54506871098693,9500,9500.00000089713,1.54506871098693,1.54506871098693,0,-1.60899415131139e-06,20.3844809592496,1,0,15030.1235578337,-15030.1235669768,1.54506871098693,1.5418159808907,1.54181597876365,2.12704898139293e-09,-2.17611462473773e-06,0.00325272563497125,1.54506871077977,0,267.161443506003,60.6481711487664,5.9869290150176e-10,1,0.986611166720048,0,-1.30804789222339e-09,4.25409796278586e-09,0,0,0
36.03,9500.00000076766,1.54506871100731,9500,9500.00000086984,1.54506871100731,1.54506871100731,0,-1.57451051073399e-06,20.3844809598873,1,0,15030.1235579057,-15030.1235668528,1.54506871100731,1.5418159808907,1.54181597884761,2.04308636675421e-09,-2.09733339694819e-06,0.0032527258421311,1.545068710819,0,267.161443506003,60.6481711487664,6.17021318583437e-10,1,0.986611166717542,0,-1.26708599168524e-09,4.08617273350842e-09,0,0,0
36.045,9500.00000074405,1.54506871102734,9500,9500.00000084336,1.54506871102734,1.54506871102734,0,-1.54068287977384e-06,20.3844809605113,1,0,15030.1235579766,-15030.1235667315,1.54506871102734,1.5418159808907,1.54181597892531,1.96538874064345e-09,-2.02388092016895e-06,0.00325272603044402,1.54506871085192,0,267.161443506003,60.6481711487664,6.34967869730512e-10,1,0.986611166715089,0,-1.22836341098775e-09,3.9307774812869e-09,0,0,0
36.06,9500.00000072094,1.54506871104839,9500,9500.00000081762,1.54506871104839,1.54506871104839,0,-1.5063410947624e-06,20.3844809611219,1,0,15030.1235580531,-15030.1235666129,1.54506871104839,1.5418159808907,1.54181597899376,1.89694171481847e-09,-1.95573190807344e-06,0.00325272620586969,1.54506871089045,0,267.161443506003,60.6481711487664,6.5282041781161e-10,1,0.986611166712689,0,-1.19120935337946e-09,3.79388342963694e-09,0,0,0
36.075,9500.00000069834,1.54506871107146,9500,9500.00000079256,1.54506871107146,1.54506871107146,0,-1.47058307010066e-06,20.3844809617188,1,0,15030.1235581402,-15030.1235664968,1.54506871107146,1.5418159808907,1.54181597905763,1.83306658740889e-09,-1.89262525223171e-06,0.00325272636380736,1.54506871092064,0,267.161443506003,60.6481711487664,6.70785103860242e-10,1,0.986611166710342,0,-1.15454024118833e-09,3.66613317481779e-09,0,0,0
36.09,9500.00000067628,1.54506871109711,9500,9500.00000076814,1.54506871109711,1.54506871109711,0,-1.43296239500762e-06,20.3844809623017,1,0,15030.1235582407,-15030.1235663835,1.54506871109711,1.5418159808907,1.54181597911459,1.77610703921971e-09,-1.83406253790418e-06,0.00325272651462827,1.54506871095754,0,267.161443506003,60.6481711487664,6.88940435931482e-10,1,0.986611166708051,0,-1.11959930215733e-09,3.55221407843942e-09,0,0,0
36.105,9500.00000065479,1.54506871112555,9500,9500.00000074434,1.54506871112555,1.54506871112555,0,-1.39328336670248e-06,20.3844809628696,1,0,15030.1235583558,-15030.1235662731,1.54506871112555,1.5418159808907,1.54181597916612,1.72457603753173e-09,-1.7794410078178e-06,0.00325272665419751,1.54506871099405,0,267.161443506003,60.6481711487664,7.07300990813331e-10,1,0.986611166705819,0,-1.08374020868496e-09,3.44915207506347e-09,0,0,0
36.12,9500.00000063389,1.54506871115665,9500,9500.00000072113,1.54506871115665,1.54506871115665,0,-1.3517162118644e-06,20.3844809634217,1,0,15030.1235584847,-15030.1235661658,1.54506871115665,1.5418159808907,1.54181597921407,1.67662284056291e-09,-1.72807664265276e-06,0.00325272678570299,1.54506871102965,0,267.161443506003,60.6481711487664,7.25899709751121e-10,1,0.986611166703649,0,-1.05088537871723e-09,3.35324568112583e-09,0,0,0
36.135,9500.00000061361,1.54506871118996,9500,9500.00000069852,1.54506871118996,1.54506871118996,0,-1.30865696807341e-06,20.3844809639574,1,0,15030.1235586252,-15030.1235660617,1.54506871118996,1.5418159808907,1.54181597925721,1.63348423676268e-09,-1.67924896007907e-06,0.00325272691271095,1.54506871107038,0,267.161443506003,60.6481711487664,7.44516219256904e-10,1,0.986611166701543,0,-1.01760067039436e-09,3.26696847352537e-09,0,0,0
36.15,9500.00000059398,1.54506871122485,9500,9500.00000067651,1.54506871122485,1.54506871122485,0,-1.26465105550555e-06,20.3844809644761,1,0,15030.1235587745,-15030.1235659609,1.54506871122485,1.5418159808907,1.54181597929952,1.5911727491158e-09,-1.63228955215213e-06,0.00325272703229884,1.54506871110534,0,267.161443506003,60.6481711487664,7.63103230853062e-10,1,0.986611166699504,0,-9.86494885779621e-10,3.1823454982316e-09,0,0,0
36.165,9500.00000057501,1.54506871126063,9500,9500.00000065513,1.54506871126063,1.54506871126063,0,-1.22034927275728e-06,20.3844809649773,1,0,15030.1235589288,-15030.1235658635,1.54506871126063,1.5418159808907,1.54181597934162,1.54908197380621e-09,-1.58665103830586e-06,0.0032527271518088,1.54506871114067,0,267.161443506003,60.6481711487664,7.8145265228249e-10,1,0.986611166697534,0,-9.54081924575689e-10,3.09816394761242e-09,0,0,0
36.18,9500.00000055671,1.54506871129651,9500,9500.00000063436,1.54506871129651,1.54506871129651,0,-1.17639778640656e-06,20.3844809654609,1,0,15030.1235590845,-15030.1235657694,1.54506871129651,1.5418159808907,1.5418159793811,1.50959489353397e-09,-1.54185347025586e-06,0.00325272727176751,1.54506871118165,0,267.161443506003,60.6481711487664,7.99445918017566e-10,1,0.986611166695633,0,-9.24213816588804e-10,3.01918978706794e-09,0,0,0
36.195,9500.00000053906,1.5450687113318,9500,9500.00000061424,1.5450687113318,1.5450687113318,0,-1.13342597196439e-06,20.3844809659271,1,0,15030.1235592381,-15030.1235656788,1.5450687113318,1.5418159808907,1.54181597942178,1.46891387942105e-09,-1.49757671177329e-06,0.00325272738662519,1.54506871121515,0,267.161443506003,60.6481711487664,8.16950803965527e-10,1,0.986611166693801,0,-8.94073703960885e-10,2.9378277588421e-09,0,0,0
36.21,9500.00000052206,1.54506871136588,9500,9500.00000059475,1.54506871136588,1.54506871136588,0,-1.09196245853979e-06,20.3844809663763,1,0,15030.1235593864,-15030.1235655915,1.54506871136588,1.5418159808907,1.54181597946208,1.42861855678689e-09,-1.45362508838333e-06,0.00325272750327543,1.54506871125121,0,267.161443506003,60.6481711487664,8.33808342792629e-10,1,0.986611166692035,0,-8.67362182077613e-10,2.85723711357377e-09,0,0,0
36.225,9500.00000050568,1.54506871139821,9500,9500.00000057592,1.54506871139821,1.54506871139821,0,-1.05245597292304e-06,20.3844809668091,1,0,15030.1235595268,-15030.1235655074,1.54506871139821,1.5418159808907,1.54181597950496,1.38573863495139e-09,-1.40989985652266e-06,0.00325272761794215,1.54506871128012,0,267.161443506003,60.6481711487664,8.49941518555954e-10,1,0.986611166690334,0,-8.39305736022311e-10,2.77147726990279e-09,0,0,0
36.24,9500.00000048989,1.54506871142851,9500,9500.00000055771,1.54506871142851,1.54506871142851,0,-1.01509990188567e-06,20.3844809672262,1,0,15030.123559658,-15030.1235654263,1.54506871142851,1.5418159808907,1.54181597954641,1.34428579379176e-09,-1.36645823430406e-06,0.00325272773603991,1.54506871131531,0,267.161443506003,60.6481711487664,8.65327146128132e-10,1,0.986611166688694,0,-8.13275669031555e-10,2.68857158758351e-09,0,0,0
36.255,9500.00000047467,1.54506871145658,9500,9500.00000054014,1.54506871145658,1.54506871145658,0,-9.80092264217716e-07,20.3844809676285,1,0,15030.1235597787,-15030.1235653481,1.54506871145658,1.5418159808907,1.54181597958821,1.30248900553909e-09,-1.32339843110945e-06,0.00325272784924513,1.54506871134492,0,267.161443506003,60.6481711487664,8.79929529595234e-10,1,0.986611166687113,0,-7.88149545627448e-10,2.60497801107817e-09,0,0,0
36.27,9500.00000045996,1.54506871148235,9500,9500.00000052317,1.54506871148235,1.54506871148235,0,-9.47482275115519e-07,20.3844809680169,1,0,15030.1235598885,-15030.1235652726,1.54506871148235,1.5418159808907,1.54181597963052,1.26017973833825e-09,-1.28087740428872e-06,0.0032527279609007,1.54506871137196,0,267.161443506003,60.6481711487664,8.93783331870472e-10,1,0.986611166685586,0,-7.62849117208475e-10,2.5203594766765e-09,0,0,0
36.285,9500.00000044575,1.54506871150592,9500,9500.00000050679,1.54506871150592,1.54506871150592,0,-9.17097391890698e-07,20.3844809683924,1,0,15030.1235599882,-15030.1235651996,1.54506871150592,1.5418159808907,1.54181597967275,1.21794752061533e-09,-1.2390978641552e-06,0.00325272807128951,1.54506871139788,0,267.161443506003,60.6481711487664,9.06885453951674e-10,1,0.98661116668411,0,-7.39017513851081e-10,2.43589504123065e-09,0,0,0
36.3,9500.000000432,1.54506871152751,9500,9500.00000049097,1.54506871152751,1.54506871152751,0,-8.88757544824841e-07,20.3844809687559,1,0,15030.1235600786,-15030.123565129,1.54506871152751,1.5418159808907,1.54181597971424,1.17645981845271e-09,-1.19827132953053e-06,0.0032527281793302,1.54506871142295,0,267.161443506003,60.6481711487664,9.19339310689174e-10,1,0.986611166682681,0,-7.15793202488157e-10,2.35291963690543e-09,0,0,0
36.315,9500.00000041866,1.54506871154743,9500,9500.00000047569,1.54506871154743,1.54506871154743,0,-8.62159336707501e-07,20.3844809691081,1,0,15030.1235601613,-15030.1235650605,1.54506871154743,1.5418159808907,1.54181597975436,1.13634057719025e-09,-1.15861617930955e-06,0.00325272828389367,1.54506871144727,0,267.161443506003,60.6481711487664,9.31191846227017e-10,1,0.986611166681297,0,-6.93436641441281e-10,2.27268115438051e-09,0,0,0
36.33,9500.00000040573,1.54506871156592,9500,9500.00000046091,1.54506871156592,1.54506871156592,0,-8.37090273690902e-07,20.3844809694498,1,0,15030.1235602373,-15030.123564994,1.54506871156592,1.5418159808907,1.54181597979357,1.0971235031576e-09,-1.12024883927565e-06,0.00325272838404911,1.54506871146899,0,267.161443506003,60.6481711487664,9.42515485393792e-10,1,0.986611166679954,0,-6.71867672608073e-10,2.19424700631521e-09,0,0,0
36.345,9500.00000039317,1.54506871158335,9500,9500.00000044661,1.54506871158335,1.54506871158335,0,-8.13222640467579e-07,20.3844809697816,1,0,15030.1235603084,-15030.1235649296,1.54506871158335,1.5418159808907,1.5418159798304,1.06030095814447e-09,-1.08331362979101e-06,0.00325272848097713,1.54506871149228,0,267.161443506003,60.6481711487664,9.53438205501509e-10,1,0.98661116667865,0,-6.50364873067133e-10,2.12060191628893e-09,0,0,0
36.36,9500.00000038098,1.54506871160005,9500,9500.00000043276,1.54506871160005,1.54506871160005,0,-7.90212509665384e-07,20.3844809701038,1,0,15030.1235603766,-15030.1235648669,1.54506871160005,1.5418159808907,1.5418159798668,1.02389385858714e-09,-1.04789612373126e-06,0.00325272857205139,1.54506871151054,0,267.161443506003,60.6481711487664,9.63967007999519e-10,1,0.986611166677383,0,-6.31016572327781e-10,2.04778771717429e-09,0,0,0
36.375,9500.00000036912,1.54506871161628,9500,9500.00000041934,1.54506871161628,1.54506871161628,0,-7.67856072471193e-07,20.384480970417,1,0,15030.1235604427,-15030.1235648061,1.54506871161628,1.5418159808907,1.54181597990126,9.89437198839482e-10,-1.01400931744806e-06,0.0032527286615629,1.54506871153113,0,267.161443506003,60.6481711487664,9.74222868750476e-10,1,0.986611166676152,0,-6.10683947854795e-10,1.97887439767896e-09,0,0,0
36.39,9500.00000035761,1.54506871163227,9500,9500.00000040633,1.54506871163227,1.54506871163227,0,-7.45949520071881e-07,20.3844809707213,1,0,15030.1235605081,-15030.1235647469,1.54506871163227,1.5418159808907,1.54181597993242,9.58280343965612e-10,-9.81636508574812e-07,0.00325272874670479,1.54506871155396,0,267.161443506003,60.6481711487664,9.84217609873781e-10,1,0.986611166674956,0,-5.90635318431509e-10,1.91656068793122e-09,0,0,0
36.405,9500.00000034642,1.54506871164814,9500,9500.0000003937,1.54506871164814,1.54506871164814,0,-7.24372419986967e-07,20.3844809710169,1,0,15030.1235605732,-15030.1235646895,1.54506871164814,1.5418159808907,1.54181597996293,9.27762977553925e-10,-9.50684217489011e-07,0.00325272882501149,1.54506871157123,0,267.161443506003,60.6481711487664,9.93990485396976e-10,1,0.986611166673794,0,-5.73426195416005e-10,1.85552595510785e-09,0,0,0
36.42,9500.00000033555,1.54506871166405,9500,9500.00000038145,1.54506871166405,1.54506871166405,0,-9.13195495323526e-07,20.3844808948704,2,0,15030.1235572824,-15030.1235624716,1.54506871166405,1.5418159808907,1.54181597999238,8.98317864539422e-10,-9.2110646612288e-07,0.00325272890191619,1.54506871158925,0,267.161443506003,60.6481711487664,1.26472359162809e-10,1,0.986611166672665,0,-5.55591572748426e-10,1.79663572907884e-09,0,0,0
36.435,9500.00000032185,1.54506871168002,9500,9500.00000036955,1.54506871168002,1.54506871168002,0,-8.89821751070644e-07,20.3844808952323,1,0,15030.1235573448,-15030.1235624013,1.54506871168002,1.5418159808907,1.54181598001827,8.72429462006608e-10,-8.92760150979459e-07,0.00325272897672146,1.54506871161228,0,267.161443506003,60.6481711487664,1.21103562982487e-10,1,0.986611166671243,0,-5.3764614982299e-10,1.74485892401322e-09,0,0,0
36.45,9500.00000030851,1.54506871171677,9500,9500.00000035719,1.54506871171677,1.54506871171677,0,-8.48556256436074e-07,20.384480895585,1,0,15030.1235575108,-15030.1235623327,1.54506871171677,1.5418159808907,1.5418159800261,8.64595950389457e-10,-8.7757776995778e-07,0.00325272904445928,1.54506871166435,0,267.161443506003,60.6481711487664,1.1587218808098e-10,1,0.986611166669856,0,-5.20226306477412e-10,1.72919190077891e-09,0,0,0
36.465,9500.00000029578,1.54506871176926,9500,9500.00000034457,1.54506871176926,1.54506871176926,0,-7.94010764819064e-07,20.3844808959212,1,0,15030.1235577554,-15030.1235622673,1.54506871176926,1.5418159808907,1.5418159800203,8.70393312979445e-10,-8.69509070691422e-07,0.00325272909687846,1.54506871172836,0,267.161443506003,60.6481711487664,1.10884190801059e-10,1,0.986611166668535,0,-5.03641128801746e-10,1.74078662595889e-09,0,0,0
36.48,9500.00000028387,1.54506871183195,9500,9500.00000033193,1.54506871183195,1.54506871183195,0,-7.31134008963289e-07,20.3844808962359,1,0,15030.1235580515,-15030.1235622062,1.54506871183195,1.5418159808907,1.54181598001007,8.80623129972946e-10,-8.63654344351524e-07,0.00325272913777486,1.54506871178972,0,267.161443506003,60.6481711487664,1.27948502821825e-10,1,0.986611166667298,0,-4.84844164816423e-10,1.76124625994589e-09,0,0,0
36.495,9500.0000002729,1.54506871189928,9500,9500.00000031947,1.54506871189928,1.54506871189928,0,-6.64885143654003e-07,20.3844808965257,1,0,15030.1235583716,-15030.1235621498,1.54506871189928,1.5418159808907,1.54181598000403,8.86665407762166e-10,-8.56278165671683e-07,0.00325272918000752,1.54506871184404,0,267.161443506003,60.6481711487664,1.47911471391532e-10,1,0.986611166666159,0,-4.64771554575805e-10,1.77333081552433e-09,0,0,0
36.51,9500.00000026293,1.54506871196615,9500,9500.0000003074,1.54506871196615,1.54506871196615,0,-5.9971901266444e-07,20.3844808967891,1,0,15030.1235586907,-15030.1235620986,1.54506871196615,1.5418159808907,1.54181598000467,8.86024142943143e-10,-8.44846917625539e-07,0.00325272923524955,1.545068711898,0,267.161443506003,60.6481711487664,1.67189904813978e-10,1,0.986611166665123,0,-4.4716341740525e-10,1.77204828588629e-09,0,0,0
36.525,9500.00000025393,1.54506871202831,9500,9500.00000029588,1.54506871202831,1.54506871202831,0,-5.39364969873387e-07,20.3844808970268,1,0,15030.1235589875,-15030.1235620524,1.54506871202831,1.5418159808907,1.54181598001486,8.75838956915231e-10,-8.27950719933292e-07,0.00325272930340681,1.54506871194578,0,267.161443506003,60.6481711487664,1.84945465611765e-10,1,0.986611166664189,0,-4.30204538659495e-10,1.75167791383046e-09,0,0,0
36.54,9500.00000024584,1.54506871208245,9500,9500.00000028501,1.54506871208245,1.54506871208245,0,-4.86598752355045e-07,20.3844808972406,1,0,15030.1235592458,-15030.1235620109,1.54506871208245,1.5418159808907,1.54181598003457,8.56129833692876e-10,-8.05108507244219e-07,0.00325272938593857,1.5450687119889,0,267.161443506003,60.6481711487664,2.00567994689908e-10,1,0.986611166663349,0,-4.15385281726799e-10,1.71225966738575e-09,0,0,0
36.555,9500.00000023854,1.54506871212644,9500,9500.00000027486,1.54506871212644,1.54506871212644,0,-4.43202529219631e-07,20.3844808974335,1,0,15030.1235594549,-15030.1235619734,1.54506871212644,1.5418159808907,1.54181598006522,8.25479684607444e-10,-7.76696695678908e-07,0.00325272947948863,1.54506871202115,0,267.161443506003,60.6481711487664,2.13697433906772e-10,1,0.986611166662591,0,-3.99811517226567e-10,1.65095936921489e-09,0,0,0
36.57,9500.00000023189,1.54506871215929,9500,9500.00000026545,1.54506871215929,1.54506871215929,0,-4.09994430731191e-07,20.3844808976091,1,0,15030.1235596095,-15030.1235619393,1.54506871215929,1.5418159808907,1.54181598010439,7.86304354960521e-10,-7.43679036792948e-07,0.00325272958478173,1.54506871204809,0,267.161443506003,60.6481711487664,2.241994931681e-10,1,0.9866111666619,0,-3.866076347947e-10,1.57260870992104e-09,0,0,0
36.585,9500.00000022574,1.545068712181,9500,9500.00000025675,1.545068712181,1.545068712181,0,-3.86796124178242e-07,20.3844808977716,1,0,15030.1235597097,-15030.1235619077,1.545068712181,1.5418159808907,1.54181598014886,7.4183481579837e-10,-7.0739622763229e-07,0.00325272969598367,1.54506871207035,0,267.161443506003,60.6481711487664,2.3217666910141e-10,1,0.986611166661261,0,-3.72977648765982e-10,1.48366963159674e-09,0,0,0
36.6,9500.00000021994,1.54506871219251,9500,9500.00000024871,1.54506871219251,1.54506871219251,0,-3.72761687185856e-07,20.3844808979249,1,0,15030.1235597596,-15030.1235618778,1.54506871219251,1.5418159808907,1.54181598019626,6.94441615323171e-10,-6.69428882815073e-07,0.00325272980663383,1.54506871208621,0,267.161443506003,60.6481711487664,2.37915447241155e-10,1,0.986611166660659,0,-3.62460950142918e-10,1.38888323064634e-09,0,0,0
36.615,9500.00000021435,1.54506871219536,9500,9500.00000024126,1.54506871219536,1.54506871219536,0,-3.66410610847332e-07,20.3844808980726,1,0,15030.123559767,-15030.1235618491,1.54506871219536,1.5418159808907,1.54181598024529,6.45410169752836e-10,-6.31329873468967e-07,0.00325272991293035,1.54506871209445,0,267.161443506003,60.6481711487664,2.41771638948228e-10,1,0.986611166660078,0,-3.50866224962942e-10,1.29082033950567e-09,0,0,0
36.63,9500.00000020885,1.54506871219147,9500,9500.00000023428,1.54506871219147,1.54506871219147,0,-3.65986781156403e-07,20.3844808982179,1,0,15030.1235597412,-15030.1235618209,1.54506871219147,1.5418159808907,1.54181598029421,5.96485749682074e-10,-5.94496344392326e-07,0.00325273001384185,1.54506871209751,0,267.161443506003,60.6481711487664,2.44254628357992e-10,1,0.986611166659507,0,-3.41657369062887e-10,1.19297149936415e-09,0,0,0
36.645,9500.00000020336,1.54506871218311,9500,9500.00000022769,1.54506871218311,1.54506871218311,0,-3.69470638055747e-07,20.3844808983629,1,0,15030.1235596932,-15030.1235617927,1.54506871218311,1.5418159808907,1.54181598033781,5.52884626969785e-10,-5.60177336660833e-07,0.00325273010780047,1.54506871210427,0,267.161443506003,60.6481711487664,2.4581388556375e-10,1,0.986611166658937,0,-3.31122684826823e-10,1.10576925393957e-09,0,0,0
36.66,9500.00000019782,1.54506871217248,9500,9500.00000022139,1.54506871217248,1.54506871217248,0,-3.74892994689011e-07,20.3844808985094,1,0,15030.1235596339,-15030.1235617642,1.54506871217248,1.5418159808907,1.54181598037785,5.12845765854308e-10,-5.29265132635989e-07,0.00325273018664118,1.54506871210303,0,267.161443506003,60.6481711487664,2.46951219362212e-10,1,0.986611166658361,0,-3.22275317543586e-10,1.02569153170862e-09,0,0,0
36.675,9500.0000001922,1.54506871216155,9500,9500.00000021528,1.54506871216155,1.54506871216155,0,-3.8051568612154e-07,20.3844808986579,1,0,15030.1235595731,-15030.1235617354,1.54506871216155,1.5418159808907,1.54181598041116,4.79532413777406e-10,-5.0226687497154e-07,0.00325273025609318,1.54506871210586,0,267.161443506003,60.6481711487664,2.4808752015995e-10,1,0.986611166657778,0,-3.14674730717002e-10,9.59064827554812e-10,0,0,0
36.69,9500.00000018649,1.54506871215197,9500,9500.0000002093,1.54506871215197,1.54506871215197,0,-3.84896417599092e-07,20.3844808988087,1,0,15030.1235595189,-15030.1235617061,1.54506871215197,1.5418159808907,1.54181598043869,4.52009984996948e-10,-4.79362935279796e-07,0.0032527303117893,1.54506871210651,0,267.161443506003,60.6481711487664,2.49537279288846e-10,1,0.986611166657185,0,-3.05299785452462e-10,9.04019969993897e-10,0,0,0
36.705,9500.00000018072,1.54506871214512,9500,9500.00000020339,1.54506871214512,1.54506871214512,0,-3.86866183457753e-07,20.3844808989612,1,0,15030.1235594781,-15030.1235616764,1.54506871214512,1.5418159808907,1.54181598045961,4.31083169161184e-10,-4.6050601956556e-07,0.00325273035725204,1.54506871211012,0,267.161443506003,60.6481711487664,2.51556566150878e-10,1,0.986611166656585,0,-2.95308222320045e-10,8.62166338322368e-10,0,0,0
36.72,9500.00000017491,1.54506871214177,9500,9500.00000019751,1.54506871214177,1.54506871214177,0,-3.8577244809414e-07,20.3844808991145,1,0,15030.1235594545,-15030.1235616466,1.54506871214177,1.5418159808907,1.54181598047559,4.15111944818136e-10,-4.45283760132113e-07,0.0032527303922536,1.54506871211317,0,267.161443506003,60.6481711487664,2.54321564758616e-10,1,0.986611166655983,0,-2.87815993260665e-10,8.30223889636272e-10,0,0,0
36.735,9500.00000016913,1.54506871214238,9500,9500.00000019165,1.54506871214238,1.54506871214238,0,-3.81216857918964e-07,20.3844808992674,1,0,15030.1235594506,-15030.1235616169,1.54506871214238,1.5418159808907,1.54181598048582,4.04875910575697e-10,-4.33160413210785e-07,0.00325273042085361,1.5450687121213,0,267.161443506003,60.6481711487664,2.57857526240896e-10,1,0.986611166655382,0,-2.79097633892889e-10,8.09751821151394e-10,0,0,0
36.75,9500.00000016341,1.54506871214686,9500,9500.00000018582,1.54506871214686,1.54506871214686,0,-3.73358059565169e-07,20.3844808994185,1,0,15030.1235594659,-15030.1235615876,1.54506871214686,1.5418159808907,1.54181598049352,3.97179400479786e-10,-4.2342367784512e-07,0.00325273044192786,1.54506871212698,0,267.161443506003,60.6481711487664,2.62133575353819e-10,1,0.986611166654788,0,-2.70689914927402e-10,7.94358800959571e-10,0,0,0
36.765,9500.00000015781,1.54506871215494,9500,9500.00000018001,1.54506871215494,1.54506871215494,0,-3.62424758945208e-07,20.3844808995665,1,0,15030.1235594993,-15030.1235615588,1.54506871215494,1.5418159808907,1.54181598049737,3.93324262049077e-10,-4.15384693815226e-07,0.00325273046180841,1.54506871213915,0,267.161443506003,60.6481711487664,2.67049970138477e-10,1,0.986611166654206,0,-2.61490828989963e-10,7.86648524098155e-10,0,0,0
36.78,9500.00000015237,1.54506871216604,9500,9500.00000017426,1.54506871216604,1.54506871216604,0,-3.48996537371405e-07,20.3844808997102,1,0,15030.1235595477,-15030.1235615309,1.54506871216604,1.5418159808907,1.54181598049996,3.90740328981565e-10,-4.0834603262976e-07,0.00325273047759889,1.54506871214978,0,267.161443506003,60.6481711487664,2.72486882510752e-10,1,0.986611166653641,0,-2.53039589281912e-10,7.81480657963129e-10,0,0,0
36.795,9500.00000014714,1.54506871217937,9500,9500.00000016859,1.54506871217937,1.54506871217937,0,-3.33760091583434e-07,20.3844808998485,1,0,15030.1235596074,-15030.123561504,1.54506871217937,1.5418159808907,1.54181598050184,3.88855170285751e-10,-4.01657240691747e-07,0.0032527304938621,1.54506871216227,0,267.161443506003,60.6481711487664,2.78224742427617e-10,1,0.986611166653098,0,-2.45174547330862e-10,7.77710340571502e-10,0,0,0
36.81,9500.00000014213,1.54506871219409,9500,9500.00000016303,1.54506871219409,1.54506871219409,0,-3.17458281545041e-07,20.3844808999807,1,0,15030.1235596743,-15030.1235614782,1.54506871219409,1.5418159808907,1.54181598050544,3.85261600399645e-10,-3.94784920295069e-07,0.00325273051096397,1.54506871217218,0,267.161443506003,60.6481711487664,2.8413557257701e-10,1,0.986611166652578,0,-2.36954234011932e-10,7.70523200799289e-10,0,0,0
36.825,9500.00000013737,1.54506871220933,9500,9500.00000015761,1.54506871220933,1.54506871220933,0,-3.00897078471762e-07,20.3844809001065,1,0,15030.1235597439,-15030.1235614538,1.54506871220933,1.5418159808907,1.54181598050885,3.81846110286688e-10,-3.87313660888512e-07,0.00325273053287245,1.54506871218726,0,267.161443506003,60.6481711487664,2.90009903367442e-10,1,0.986611166652083,0,-2.28740137941941e-10,7.63692220573375e-10,0,0,0
36.84,9500.00000013286,1.54506871222434,9500,9500.00000015237,1.54506871222434,1.54506871222434,0,-2.8468732980066e-07,20.3844809002258,1,0,15030.1235598129,-15030.1235614306,1.54506871222434,1.5418159808907,1.54181598051377,3.76929598644438e-10,-3.79000412215828e-07,0.00325273055494502,1.5450687121995,0,267.161443506003,60.6481711487664,2.95682799016462e-10,1,0.986611166651615,0,-2.2112889297432e-10,7.53859197288875e-10,0,0,0
36.855,9500.00000012858,1.54506871223848,9500,9500.00000014731,1.54506871223848,1.54506871223848,0,-2.69419038885638e-07,20.3844809003386,1,0,15030.1235598777,-15030.1235614087,1.54506871223848,1.5418159808907,1.54181598052079,3.6990277507698e-10,-3.69736358353459e-07,0.00325273057978492,1.54506871221029,0,267.161443506003,60.6481711487664,3.01024560544137e-10,1,0.986611166651171,0,-2.14787965191476e-10,7.3980555015396e-10,0,0,0
36.87,9500.00000012454,1.54506871225124,9500,9500.00000014246,1.54506871225124,1.54506871225124,0,-2.55495191334465e-07,20.3844809004454,1,0,15030.1235599361,-15030.1235613879,1.54506871225124,1.5418159808907,1.54181598053031,3.60388163755943e-10,-3.59517225181259e-07,0.00325273060797593,1.54506871221945,0,267.161443506003,60.6481711487664,3.05971256683365e-10,1,0.986611166650751,0,-2.08990158512279e-10,7.20776327511885e-10,0,0,0
36.885,9500.00000012071,1.54506871226227,9500,9500.00000013781,1.54506871226227,1.54506871226227,0,-2.43234817419956e-07,20.3844809005467,1,0,15030.1235599861,-15030.1235613682,1.54506871226227,1.5418159808907,1.54181598054067,3.50026452267116e-10,-3.48446979752891e-07,0.00325273063976161,1.54506871223051,0,267.161443506003,60.6481711487664,3.10433131148918e-10,1,0.986611166650353,0,-2.00449656873047e-10,7.00052904534232e-10,0,0,0
36.9,9500.00000011706,1.54506871227148,9500,9500.00000013338,1.54506871227148,1.54506871227148,0,-2.32674394287644e-07,20.3844809006431,1,0,15030.1235600273,-15030.1235613495,1.54506871227148,1.5418159808907,1.54181598055317,3.37524674876022e-10,-3.3674071136838e-07,0.00325273067152376,1.54506871223727,0,267.161443506003,60.6481711487664,3.14445076409735e-10,1,0.986611166649974,0,-1.94938953868018e-10,6.75049349752044e-10,0,0,0
36.915,9500.00000011357,1.54506871227884,9500,9500.00000012915,1.54506871227884,1.54506871227884,0,-2.23849820080748e-07,20.3844809007353,1,0,15030.1235600595,-15030.1235613316,1.54506871227884,1.5418159808907,1.5418159805658,3.24900550907614e-10,-3.24619579613909e-07,0.00325273070573462,1.54506871224623,0,267.161443506003,60.6481711487664,3.17976561555496e-10,1,0.986611166649612,0,-1.87043491806094e-10,6.49801101815228e-10,0,0,0
36.93,9500.00000011021,1.54506871228452,9500,9500.00000012511,1.54506871228452,1.54506871228452,0,-2.16579867076235e-07,20.384480900824,1,0,15030.1235600836,-15030.1235613143,1.54506871228452,1.5418159808907,1.54181598057955,3.11143111275669e-10,-3.12363119490154e-07,0.00325273073834209,1.54506871225133,0,267.161443506003,60.6481711487664,3.21092091742594e-10,1,0.986611166649263,0,-1.83744797155327e-10,6.22286222551338e-10,0,0,0
36.945,9500.00000010696,1.54506871228875,9500,9500.00000012125,1.54506871228875,1.54506871228875,0,-2.1064856741247e-07,20.3844809009099,1,0,15030.1235601006,-15030.1235612977,1.54506871228875,1.5418159808907,1.54181598059246,2.98241431551105e-10,-3.00215857009986e-07,0.00325273077153776,1.54506871225872,0,267.161443506003,60.6481711487664,3.23861337131049e-10,1,0.986611166648926,0,-1.75998549067913e-10,5.9648286310221e-10,0,0,0
36.96,9500.0000001038,1.54506871229186,9500,9500.00000011755,1.54506871229186,1.54506871229186,0,-2.05739785828186e-07,20.3844809009933,1,0,15030.1235601123,-15030.1235612814,1.54506871229186,1.5418159808907,1.54181598060656,2.84136270067847e-10,-2.88421877094595e-07,0.00325273080156996,1.54506871226054,0,267.161443506003,60.6481711487664,3.26337439869277e-10,1,0.986611166648597,0,-1.7159274001699e-10,5.68272540135695e-10,0,0,0
36.975,9500.00000010072,1.54506871229414,9500,9500.00000011399,1.54506871229414,1.54506871229414,0,-2.01619026387829e-07,20.3844809010749,1,0,15030.1235601199,-15030.1235612656,1.54506871229414,1.5418159808907,1.54181598061898,2.71715316912946e-10,-2.77144449336298e-07,0.00325273083288669,1.54506871226701,0,267.161443506003,60.6481711487664,3.28634259592762e-10,1,0.986611166648277,0,-1.65054858669578e-10,5.43430633825892e-10,0,0,0
36.99,9500.00000009769,1.54506871229599,9500,9500.00000011055,1.54506871229599,1.54506871229599,0,-1.97912253599131e-07,20.3844809011548,1,0,15030.1235601254,-15030.12356125,1.54506871229599,1.5418159808907,1.54181598063,2.60697241571961e-10,-2.66564376092332e-07,0.00325273086000943,1.5450687122721,0,267.161443506003,60.6481711487664,3.30776817874623e-10,1,0.986611166647963,0,-1.60461866016703e-10,5.21394483143922e-10,0,0,0
37.005,9500.00000009472,1.54506871229766,9500,9500.00000010722,1.54506871229766,1.54506871229766,0,-1.94382655517297e-07,20.3844809012332,1,0,15030.1235601302,-15030.1235612348,1.54506871229766,1.5418159808907,1.54181598064225,2.48447706852062e-10,-2.56715170638315e-07,0.00325273088390277,1.5450687122715,0,267.161443506003,60.6481711487664,3.32884254131829e-10,1,0.986611166647654,0,-1.56699986320064e-10,4.96895413704124e-10,0,0,0
37.02,9500.00000009181,1.54506871229947,9500,9500.00000010398,1.54506871229947,1.54506871229947,0,-1.90793999199841e-07,20.3844809013103,1,0,15030.1235601356,-15030.1235612198,1.54506871229947,1.5418159808907,1.54181598065191,2.38786768136379e-10,-2.47676581010432e-07,0.00325273091006806,1.54506871227834,0,267.161443506003,60.6481711487664,3.34964258480887e-10,1,0.986611166647352,0,-1.50744750015974e-10,4.77573536272757e-10,0,0,0
37.035,9500.00000008895,1.54506871230158,9500,9500.00000010082,1.54506871230158,1.54506871230158,0,-1.86970846946831e-07,20.3844809013859,1,0,15030.1235601426,-15030.1235612051,1.54506871230158,1.5418159808907,1.5418159806596,2.31098251646245e-10,-2.39403419299934e-07,0.00325273093119804,1.54506871228409,0,267.161443506003,60.6481711487664,3.3705987261868e-10,1,0.986611166647054,0,-1.47420742280246e-10,4.62196503292489e-10,0,0,0
37.05,9500.00000008614,1.54506871230412,9500,9500.00000009775,1.54506871230412,1.54506871230412,0,-1.82829243423313e-07,20.38448090146,1,0,15030.1235601518,-15030.1235611907,1.54506871230412,1.5418159808907,1.54181598066765,2.23044249736404e-10,-2.31833669192658e-07,0.00325273094868694,1.54506871228547,0,267.161443506003,60.6481711487664,3.39218499800706e-10,1,0.986611166646763,0,-1.41915368345735e-10,4.46088499472808e-10,0,0,0
37.065,9500.0000000834,1.54506871230721,9500,9500.00000009474,1.54506871230721,1.54506871230721,0,-1.78229649072576e-07,20.3844809015324,1,0,15030.1235601638,-15030.1235611766,1.54506871230721,1.5418159808907,1.54181598067299,2.17709406058475e-10,-2.2491903233457e-07,0.00325273096733203,1.54506871229345,0,267.161443506003,60.6481711487664,3.41466653712244e-10,1,0.986611166646478,0,-1.37286848556073e-10,4.3541881211695e-10,0,0,0
37.08,9500.00000008072,1.5450687123108,9500,9500.0000000918,1.5450687123108,1.5450687123108,0,-1.73256019229571e-07,20.3844809016031,1,0,15030.1235601783,-15030.1235611629,1.5450687123108,1.5418159808907,1.54181598067969,2.11011874640121e-10,-2.1851459818795e-07,0.00325273098109147,1.54506871229381,0,267.161443506003,60.6481711487664,3.43761866545703e-10,1,0.986611166646201,0,-1.33751676401062e-10,4.22023749280243e-10,0,0,0
37.095,9500.00000007813,1.54506871231484,9500,9500.00000008893,1.54506871231484,1.54506871231484,0,-1.67922249949739e-07,20.3844809016718,1,0,15030.1235601953,-15030.1235611495,1.54506871231484,1.5418159808907,1.54181598068443,2.06271000280367e-10,-2.12507510312546e-07,0.00325273099807744,1.54506871230132,0,267.161443506003,60.6481711487664,3.46107811192552e-10,1,0.986611166645931,0,-1.28446142610983e-10,4.12542000560734e-10,0,0,0
37.11,9500.00000007561,1.54506871231923,9500,9500.00000008613,1.54506871231923,1.54506871231923,0,-1.62347036706632e-07,20.3844809017383,1,0,15030.123560214,-15030.1235611366,1.54506871231923,1.5418159808907,1.54181598068998,2.00718330845007e-10,-2.06783052088872e-07,0.00325273101159973,1.54506871230373,0,267.161443506003,60.6481711487664,3.48466266625959e-10,1,0.986611166645669,0,-1.25011556662002e-10,4.01436661690013e-10,0,0,0
37.125,9500.00000007317,1.54506871232388,9500,9500.0000000834,1.54506871232388,1.54506871232388,0,-1.56631125902191e-07,20.3844809018027,1,0,15030.123560234,-15030.1235611241,1.54506871232388,1.5418159808907,1.54181598069418,1.96521909856529e-10,-2.0125188212384e-07,0.00325273102709689,1.54506871231084,0,267.161443506003,60.6481711487664,3.50846529852451e-10,1,0.986611166645416,0,-1.21104459793742e-10,3.93043819713057e-10,0,0,0
37.14,9500.00000007082,1.54506871232867,9500,9500.00000008075,1.54506871232867,1.54506871232867,0,-1.50814468695809e-07,20.3844809018648,1,0,15030.123560255,-15030.123561112,1.54506871232867,1.5418159808907,1.54181598069859,1.92106108798384e-10,-1.95844421270552e-07,0.00325273104013402,1.54506871231504,0,267.161443506003,60.6481711487664,3.53190178942127e-10,1,0.986611166645172,0,-1.16708420705436e-10,3.84212217596769e-10,0,0,0
37.155,9500.00000006856,1.54506871233347,9500,9500.00000007818,1.54506871233347,1.54506871233347,0,-1.45070186778177e-07,20.3844809019246,1,0,15030.1235602761,-15030.1235611004,1.54506871233347,1.5418159808907,1.541815980705,1.85696347188014e-10,-1.90479657299475e-07,0.00325273105376089,1.54506871231585,0,267.161443506003,60.6481711487664,3.55488261222037e-10,1,0.986611166644937,0,-1.14052101096718e-10,3.71392694376027e-10,0,0,0
37.17,9500.00000006638,1.54506871233816,9500,9500.00000007568,1.54506871233816,1.54506871233816,0,-1.3949381553045e-07,20.384480901982,1,0,15030.1235602966,-15030.1235610892,1.54506871233816,1.5418159808907,1.54181598070853,1.82163617523656e-10,-1.85121321758254e-07,0.00325273107137813,1.5450687123264,0,267.161443506003,60.6481711487664,3.57716902897644e-10,1,0.986611166644711,0,-1.09487974242484e-10,3.64327235047313e-10,0,0,0
37.185,9500.00000006429,1.5450687123426,9500,9500.00000007327,1.5450687123426,1.5450687123426,0,-1.34144992190557e-07,20.3844809020373,1,0,15030.1235603162,-15030.1235610785,1.5450687123426,1.5418159808907,1.54181598071413,1.76566539167311e-10,-1.7971434481235e-07,0.00325273108313873,1.54506871232697,0,267.161443506003,60.6481711487664,3.59851426729403e-10,1,0.986611166644494,0,-1.06007203015679e-10,3.53133078334622e-10,0,0,0
37.2,9500.00000006228,1.54506871234678,9500,9500.00000007094,1.54506871234678,1.54506871234678,0,-1.29128516176611e-07,20.3844809020904,1,0,15030.1235603344,-15030.1235610682,1.54506871234678,1.5418159808907,1.54181598071774,1.72959424560304e-10,-1.74296309837834e-07,0.00325273109877444,1.54506871233539,0,267.161443506003,60.6481711487664,3.61857858471241e-10,1,0.986611166644285,0,-1.02960306946898e-10,3.45918849120608e-10,0,0,0
37.215,9500.00000006034,1.54506871235061,9500,9500.0000000687,1.54506871235061,1.54506871235061,0,-1.24460020550983e-07,20.3844809021416,1,0,15030.123560351,-15030.1235610582,1.54506871235061,1.5418159808907,1.54181598072399,1.66711977556133e-10,-1.68869662861975e-07,0.00325273111015911,1.54506871233428,0,267.161443506003,60.6481711487664,3.63759268472689e-10,1,0.986611166644084,0,-1.00771613276152e-10,3.33423955112266e-10,0,0,0
37.23,9500.00000005848,1.5450687123541,9500,9500.00000006653,1.5450687123541,1.5450687123541,0,-1.20109397193551e-07,20.384480902191,1,0,15030.1235603661,-15030.1235610486,1.5450687123541,1.5418159808907,1.54181598072937,1.61324731351442e-10,-1.63463132788171e-07,0.00325273112649138,1.54506871233984,0,267.161443506003,60.6481711487664,3.65569085743173e-10,1,0.98661116664389,0,-9.69802016470567e-11,3.22649462702884e-10,0,0,0
37.245,9500.00000005667,1.54506871235723,9500,9500.00000006444,1.54506871235723,1.54506871235723,0,-1.16139178353798e-07,20.3844809022385,1,0,15030.1235603794,-15030.1235610394,1.54506871235723,1.5418159808907,1.54181598073439,1.56302970566458e-10,-1.58099093708885e-07,0.00325273114075619,1.54506871234406,0,267.161443506003,60.6481711487664,3.67264125155306e-10,1,0.986611166643703,0,-9.32036670064917e-11,3.12605941132915e-10,0,0,0
37.26,9500.00000005493,1.54506871236003,9500,9500.00000006243,1.54506871236003,1.54506871236003,0,-1.12483357768381e-07,20.3844809022846,1,0,15030.1235603912,-15030.1235610304,1.54506871236003,1.5418159808907,1.54181598074015,1.50543577603912e-10,-1.52821794520292e-07,0.00325273115392877,1.54506871234571,0,267.161443506003,60.6481711487664,3.68855864494924e-10,1,0.986611166643522,0,-9.12605546687928e-11,3.01087155207824e-10,0,0,0
37.275,9500.00000005324,1.54506871236254,9500,9500.00000006049,1.54506871236254,1.54506871236254,0,-1.0913730341882e-07,20.3844809023292,1,0,15030.1235604016,-15030.1235610218,1.54506871236254,1.5418159808907,1.5418159807468,1.43896450310876e-10,-1.47665696297383e-07,0.00325273116824909,1.54506871234674,0,267.161443506003,60.6481711487664,3.70339597869833e-10,1,0.986611166643347,0,-8.87174778085864e-11,2.87792900621753e-10,0,0,0
37.29,9500.00000005161,1.54506871236485,9500,9500.00000005861,1.54506871236485,1.54506871236485,0,-1.05988688856974e-07,20.3844809023724,1,0,15030.1235604111,-15030.1235610133,1.54506871236485,1.5418159808907,1.54181598075028,1.40418565663936e-10,-1.4268446128779e-07,0.003252731184054,1.54506871235559,0,267.161443506003,60.6481711487664,3.71779371324994e-10,1,0.986611166643176,0,-8.578937560344e-11,2.80837131327871e-10,0,0,0
37.305,9500.00000005002,1.54506871236699,9500,9500.00000005679,1.54506871236699,1.54506871236699,0,-1.03035198073602e-07,20.3844809024144,1,0,15030.1235604197,-15030.1235610052,1.54506871236699,1.5418159808907,1.54181598075568,1.35018662916764e-10,-1.37893057756547e-07,0.00325273119331393,1.54506871235405,0,267.161443506003,60.6481711487664,3.73144309616511e-10,1,0.986611166643012,0,-8.20910006638087e-11,2.70037325833528e-10,0,0,0
37.32,9500.00000004847,1.54506871236901,9500,9500.00000005504,1.54506871236901,1.54506871236901,0,-1.00189401719892e-07,20.3844809024553,1,0,15030.1235604279,-15030.1235609972,1.54506871236901,1.5418159808907,1.54181598075933,1.31369359834821e-10,-1.33303143000184e-07,0.00325273120625535,1.54506871235969,0,267.161443506003,60.6481711487664,3.74458860428211e-10,1,0.986611166642851,0,-8.01962940499834e-11,2.62738719669642e-10,0,0,0
37.335,9500.00000004697,1.54506871237097,9500,9500.00000005333,1.54506871237097,1.54506871237097,0,-9.74518787981539e-08,20.384480902495,1,0,15030.1235604358,-15030.1235609895,1.54506871237097,1.5418159808907,1.5418159807637,1.26995969296217e-10,-1.28923795730366e-07,0.00325273121557856,1.54506871236027,0,267.161443506003,60.6481711487664,3.75754702449e-10,1,0.986611166642695,0,-7.83826337169558e-11,2.53991938592435e-10,0,0,0
37.35,9500.00000004551,1.54506871237287,9500,9500.00000005168,1.54506871237287,1.54506871237287,0,-9.47861521628577e-08,20.3844809025336,1,0,15030.1235604434,-15030.123560982,1.54506871237287,1.5418159808907,1.54181598076857,1.22122978396533e-10,-1.24735262519403e-07,0.003252731226282,1.54506871236123,0,267.161443506003,60.6481711487664,3.7698225164407e-10,1,0.986611166642543,0,-7.61819496375438e-11,2.44245956793065e-10,0,0,0
37.365,9500.00000004408,1.54506871237475,9500,9500.00000005008,1.54506871237475,1.54506871237475,0,-9.21493756430621e-08,20.3844809025712,1,0,15030.1235604511,-15030.1235609747,1.54506871237475,1.5418159808907,1.54181598077358,1.17115872555473e-10,-1.20748983317786e-07,0.00325273123792247,1.54506871236285,0,267.161443506003,60.6481711487664,3.78202340278346e-10,1,0.986611166642395,0,-7.22828463750602e-11,2.34231745110947e-10,0,0,0
37.38,9500.0000000427,1.54506871237668,9500,9500.00000004853,1.54506871237668,1.54506871237668,0,-8.95154941348166e-08,20.3844809026077,1,0,15030.1235604589,-15030.1235609676,1.54506871237668,1.5418159808907,1.54181598077609,1.14604548073771e-10,-1.16973867567916e-07,0.00325273124982184,1.54506871236973,0,267.161443506003,60.6481711487664,3.79401309786686e-10,1,0.986611166642252,0,-7.04669655959833e-11,2.29209096147542e-10,0,0,0
37.395,9500.00000004136,1.54506871237862,9500,9500.00000004702,1.54506871237862,1.54506871237862,0,-8.68943506773914e-08,20.3844809026432,1,0,15030.1235604669,-15030.1235609607,1.54506871237862,1.5418159808907,1.54181598077981,1.10889741833375e-10,-1.13363206079622e-07,0.00325273125677517,1.54506871236925,0,267.161443506003,60.6481711487664,3.80584669506289e-10,1,0.986611166642112,0,-6.84261536321173e-11,2.21779483666751e-10,0,0,0
37.41,9500.00000004005,1.54506871238064,9500,9500.00000004555,1.54506871238064,1.54506871238064,0,-8.42390460836754e-08,20.3844809026776,1,0,15030.1235604753,-15030.123560954,1.54506871238064,1.5418159808907,1.54181598078288,1.07816866545818e-10,-1.09934269569912e-07,0.00325273126614722,1.54506871237248,0,267.161443506003,60.6481711487664,3.81760683442958e-10,1,0.986611166641977,0,-6.62587762434441e-11,2.15633733091636e-10,0,0,0
37.425,9500.00000003879,1.54506871238264,9500,9500.00000004413,1.54506871238264,1.54506871238264,0,-8.160863858929e-08,20.3844809027111,1,0,15030.1235604838,-15030.1235609475,1.54506871238264,1.5418159808907,1.54181598078603,1.04668274047981e-10,-1.06620036680383e-07,0.00325273127430492,1.54506871237434,0,267.161443506003,60.6481711487664,3.82917759032998e-10,1,0.986611166641846,0,-6.41136033152634e-11,2.09336548095962e-10,0,0,0
37.44,9500.00000003757,1.54506871238465,9500,9500.00000004274,1.54506871238465,1.54506871238465,0,-7.90222352704655e-08,20.3844809027434,1,0,15030.1235604922,-15030.1235609412,1.54506871238465,1.5418159808907,1.54181598079021,1.00492059118551e-10,-1.03421958995516e-07,0.0032527312826065,1.54506871237429,0,267.161443506003,60.6481711487664,3.84028464368263e-10,1,0.986611166641718,0,-6.18003426211544e-11,2.00984118237102e-10,0,0,0
37.455,9500.00000003638,1.54506871238668,9500,9500.0000000414,1.54506871238668,1.54506871238668,0,-7.6436410953951e-08,20.3844809027747,1,0,15030.1235605008,-15030.1235609352,1.54506871238668,1.5418159808907,1.54181598079152,9.91786652804194e-11,-1.00341167010442e-07,0.00325273129296932,1.54506871238202,0,267.161443506003,60.6481711487664,3.85150532711505e-10,1,0.986611166641595,0,-5.85589354784588e-11,1.98357330560839e-10,0,0,0
37.47,9500.00000003523,1.5450687123887,9500,9500.0000000401,1.5450687123887,1.5450687123887,0,-7.38546396536065e-08,20.384480902805,1,0,15030.1235605095,-15030.1235609292,1.5450687123887,1.5418159808907,1.54181598079584,9.48578993131832e-11,-9.73517172202094e-08,0.00325273129762671,1.54506871237804,0,267.161443506003,60.6481711487664,3.86236331251508e-10,1,0.986611166641476,0,-5.79332137817801e-11,1.89715798626366e-10,0,0,0
37.485,9500.00000003413,1.54506871239064,9500,9500.00000003884,1.54506871239064,1.54506871239064,0,-7.14048808799449e-08,20.3844809028343,1,0,15030.1235605178,-15030.1235609236,1.54506871239064,1.5418159808907,1.54181598080003,9.06694719304824e-11,-9.44065808674029e-08,0.00325273130828951,1.54506871238033,0,267.161443506003,60.6481711487664,3.87270824088828e-10,1,0.986611166641361,0,-5.60795854198659e-11,1.81338943860965e-10,0,0,0
37.5,9500.00000003305,1.54506871239255,9500,9500.00000003762,1.54506871239255,1.54506871239255,0,-6.89933362587441e-08,20.3844809028626,1,0,15030.123560526,-15030.123560918,1.54506871239255,1.5418159808907,1.5418159808006,9.00977070728004e-11,-9.15496037252532e-08,0.00325273131860215,1.54506871238949,0,267.161443506003,60.6481711487664,3.88286493357378e-10,1,0.98661116664125,0,-5.50139933608307e-11,1.80195414145601e-10,0,0,0
37.515,9500.00000003202,1.54506871239436,9500,9500.00000003643,1.54506871239436,1.54506871239436,0,-6.6712067157296e-08,20.3844809028899,1,0,15030.1235605337,-15030.1235609128,1.54506871239436,1.5418159808907,1.54181598080215,8.85425066599055e-11,-8.87344611099534e-08,0.0032527313216566,1.54506871238944,0,267.161443506003,60.6481711487664,3.89243740696027e-10,1,0.986611166641142,0,-5.19526643927293e-11,1.77085013319811e-10,0,0,0
37.53,9500.00000003102,1.54506871239609,9500,9500.00000003529,1.54506871239609,1.54506871239609,0,-6.45234384254499e-08,20.3844809029164,1,0,15030.123560541,-15030.1235609076,1.54506871239609,1.5418159808907,1.54181598080636,8.43372038872303e-11,-8.59787231923682e-08,0.00325273132657866,1.54506871238595,0,267.161443506003,60.6481711487664,3.90178032463006e-10,1,0.986611166641038,0,-5.08175723723525e-11,1.68674407774461e-10,0,0,0
37.545,9500.00000003005,1.54506871239775,9500,9500.00000003418,1.54506871239775,1.54506871239775,0,-6.23863408991948e-08,20.3844809029419,1,0,15030.1235605482,-15030.1235609027,1.54506871239775,1.5418159808907,1.54181598080994,8.07545141867649e-11,-8.32960736353256e-08,0.00325273133671744,1.54506871238892,0,267.161443506003,60.6481711487664,3.91093730216932e-10,1,0.986611166640938,0,-4.93700635928462e-11,1.6150902837353e-10,0,0,0
37.56,9500.00000002912,1.54506871239932,9500,9500.00000003311,1.54506871239932,1.54506871239932,0,-6.03754658765225e-08,20.3844809029666,1,0,15030.1235605548,-15030.1235608979,1.54506871239932,1.5418159808907,1.54181598081154,7.91566812097244e-11,-8.0670345350707e-08,0.00325273134554505,1.54506871239456,0,267.161443506003,60.6481711487664,3.91953875487416e-10,1,0.986611166640841,0,-4.85702589259063e-11,1.58313362419449e-10,0,0,0
37.575,9500.00000002821,1.54506871240077,9500,9500.00000003208,1.54506871240077,1.54506871240077,0,-5.84792333112325e-08,20.3844809029906,1,0,15030.1235605609,-15030.1235608932,1.54506871240077,1.5418159808907,1.54181598081315,7.7543749199549e-11,-7.80889473976256e-08,0.00325273135031057,1.5450687123961,0,267.161443506003,60.6481711487664,3.92784293292588e-10,1,0.986611166640747,0,-4.65032456986592e-11,1.55087498399098e-10,0,0,0
37.59,9500.00000002733,1.54506871240216,9500,9500.00000003107,1.54506871240216,1.54506871240216,0,-5.66495860115939e-08,20.3844809030137,1,0,15030.1235605668,-15030.1235608887,1.54506871240216,1.5418159808907,1.54181598081585,7.48503481418084e-11,-7.5595721812348e-08,0.00325273135498594,1.54506871239538,0,267.161443506003,60.6481711487664,3.93583147186712e-10,1,0.986611166640656,0,-4.48381332063263e-11,1.49700696283617e-10,0,0,0
37.605,9500.00000002648,1.54506871240348,9500,9500.0000000301,1.54506871240348,1.54506871240348,0,-5.49311071554777e-08,20.3844809030362,1,0,15030.1235605722,-15030.1235608843,1.54506871240348,1.5418159808907,1.54181598081893,7.17674808470292e-11,-7.31711649361612e-08,0.00325273136176696,1.545068712396,0,267.161443506003,60.6481711487664,3.94347338167615e-10,1,0.986611166640568,0,-4.37918590279196e-11,1.43534961694058e-10,0,0,0
37.62,9500.00000002566,1.54506871240474,9500,9500.00000002917,1.54506871240474,1.54506871240474,0,-5.32566324749224e-08,20.3844809030579,1,0,15030.1235605775,-15030.1235608801,1.54506871240474,1.5418159808907,1.54181598082152,6.91748880399246e-11,-7.08269112398313e-08,0.00325273136924675,1.54506871239829,0,267.161443506003,60.6481711487664,3.95076292346004e-10,1,0.986611166640482,0,-4.14650536129102e-11,1.38349776079849e-10,0,0,0
37.635,9500.00000002486,1.54506871240591,9500,9500.00000002826,1.54506871240591,1.54506871240591,0,-5.17002742656096e-08,20.384480903079,1,0,15030.1235605822,-15030.123560876,1.54506871240591,1.5418159808907,1.54181598082242,6.82778278360274e-11,-6.8545197722857e-08,0.00325273137568871,1.54506871240294,0,267.161443506003,60.6481711487664,3.95779191950548e-10,1,0.986611166640399,0,-4.20832257930215e-11,1.36555655672055e-10,0,0,0
37.65,9500.00000002409,1.54506871240707,9500,9500.00000002738,1.54506871240707,1.54506871240707,0,-5.01369680285767e-08,20.3844809030995,1,0,15030.1235605871,-15030.123560872,1.54506871240707,1.5418159808907,1.54181598082647,6.42228492608865e-11,-6.6365838417427e-08,0.00325273137865834,1.5450687123978,0,267.161443506003,60.6481711487664,3.96470269435681e-10,1,0.986611166640319,0,-3.99160704489532e-11,1.28445698521773e-10,0,0,0
37.665,9500.00000002334,1.5450687124082,9500,9500.00000002652,1.5450687124082,1.5450687124082,0,-4.86205609786547e-08,20.3844809031193,1,0,15030.1235605919,-15030.1235608682,1.5450687124082,1.5418159808907,1.54181598082834,6.23587848025409e-11,-6.42661926520984e-08,0.00325273138793136,1.54506871240335,0,267.161443506003,60.6481711487664,3.97140801684169e-10,1,0.986611166640241,0,-3.80293574409052e-11,1.24717569605082e-10,0,0,0
37.68,9500.00000002261,1.54506871240928,9500,9500.0000000257,1.54506871240928,1.54506871240928,0,-4.71962152960247e-08,20.3844809031386,1,0,15030.1235605962,-15030.1235608644,1.54506871240928,1.5418159808907,1.54181598082962,6.1081806279617e-11,-6.22286278542222e-08,0.00325273139278992,1.54506871240565,0,267.161443506003,60.6481711487664,3.97799626591106e-10,1,0.986611166640165,0,-3.75304232136386e-11,1.22163612559234e-10,0,0,0
37.695,9500.0000000219,1.54506871241038,9500,9500.0000000249,1.54506871241038,1.54506871241038,0,-4.5739445484034e-08,20.3844809031573,1,0,15030.1235606009,-15030.1235608608,1.54506871241038,1.5418159808907,1.54181598083047,6.02260463722359e-11,-6.02930596333005e-08,0.00325273139642213,1.54506871240757,0,267.161443506003,60.6481711487664,3.98427346698429e-10,1,0.986611166640091,0,-3.49202888827449e-11,1.20452092744472e-10,0,0,0
37.71,9500.00000002121,1.54506871241143,9500,9500.00000002412,1.54506871241143,1.54506871241143,0,-4.43533139538648e-08,20.3844809031754,1,0,15030.1235606052,-15030.1235608573,1.54506871241143,1.5418159808907,1.54181598083278,5.79183367932501e-11,-5.84101024909372e-08,0.00325273139922966,1.54506871240576,0,267.161443506003,60.6481711487664,3.99040145684166e-10,1,0.98661116664002,0,-3.51816353827417e-11,1.158366735865e-10,0,0,0
37.725,9500.00000002055,1.54506871241246,9500,9500.00000002337,1.54506871241246,1.54506871241246,0,-4.29932375276461e-08,20.384480903193,1,0,15030.1235606095,-15030.1235608538,1.54506871241246,1.5418159808907,1.5418159808346,5.61013457911486e-11,-5.65949428331978e-08,0.00325273140489624,1.5450687124078,0,267.161443506003,60.6481711487664,3.99640892994777e-10,1,0.986611166639951,0,-3.31663585484421e-11,1.12202691582297e-10,0,0,0
37.74,9500.0000000199,1.54506871241351,9500,9500.00000002264,1.54506871241351,1.54506871241351,0,-4.16296870875674e-08,20.3844809032101,1,0,15030.123560614,-15030.1235608505,1.54506871241351,1.5418159808907,1.54181598083672,5.397926550188e-11,-5.48594078450181e-08,0.00325273140956384,1.54506871240822,0,267.161443506003,60.6481711487664,4.00239115192503e-10,1,0.986611166639884,0,-3.33300054222718e-11,1.0795853100376e-10,0,0,0
37.755,9500.00000001928,1.54506871241455,9500,9500.00000002193,1.54506871241455,1.54506871241455,0,-4.02985607768493e-08,20.3844809032266,1,0,15030.1235606183,-15030.1235608473,1.54506871241455,1.5418159808907,1.54181598083822,5.24751353481179e-11,-5.31858846118433e-08,0.00325273141485227,1.5450687124105,0,267.161443506003,60.6481711487664,4.00815185263568e-10,1,0.986611166639819,0,-3.07698311274862e-11,1.04950270696236e-10,0,0,0
37.77,9500.00000001867,1.54506871241552,9500,9500.00000002124,1.54506871241552,1.54506871241552,0,-3.90403887571928e-08,20.3844809032426,1,0,15030.1235606224,-15030.1235608442,1.54506871241552,1.5418159808907,1.54181598083976,5.09388087266416e-11,-5.15338322465816e-08,0.00325273141889815,1.54506871241147,0,267.161443506003,60.6481711487664,4.01382187883823e-10,1,0.986611166639756,0,-3.20363735539786e-11,1.01877617453283e-10,0,0,0
37.785,9500.00000001809,1.54506871241649,9500,9500.00000002057,1.54506871241649,1.54506871241649,0,-3.77752687098161e-08,20.384480903258,1,0,15030.1235606265,-15030.1235608412,1.54506871241649,1.5418159808907,1.54181598084218,4.85185225329587e-11,-4.99521492809526e-08,0.00325273142294047,1.54506871241067,0,267.161443506003,60.6481711487664,4.01901328137145e-10,1,0.986611166639696,0,-3.03210789809327e-11,9.70370450659175e-11,0,0,0
37.8,9500.00000001752,1.54506871241741,9500,9500.00000001993,1.54506871241741,1.54506871241741,0,-3.6580207941951e-08,20.384480903273,1,0,15030.1235606304,-15030.1235608383,1.54506871241741,1.5418159808907,1.54181598084293,4.77669015452875e-11,-4.83984461234174e-08,0.00325273142875671,1.54506871241499,0,267.161443506003,60.6481711487664,4.02433093954887e-10,1,0.986611166639637,0,-2.95965474350623e-11,9.5533803090575e-11,0,0,0
37.815,9500.00000001697,1.54506871241831,9500,9500.00000001931,1.54506871241831,1.54506871241831,0,-3.54187293080665e-08,20.3844809032875,1,0,15030.1235606342,-15030.1235608355,1.54506871241831,1.5418159808907,1.54181598084478,4.5914383406398e-11,-4.68933575977803e-08,0.00325273143118077,1.54506871241371,0,267.161443506003,60.6481711487664,4.02933181083723e-10,1,0.986611166639579,0,-2.75042211228538e-11,9.18287668127959e-11,0,0,0
37.83,9500.00000001644,1.54506871241921,9500,9500.0000000187,1.54506871241921,1.54506871241921,0,-3.42757787481024e-08,20.3844809033016,1,0,15030.123560638,-15030.1235608328,1.54506871241921,1.5418159808907,1.54181598084573,4.49658088541582e-11,-4.54529541209785e-08,0.00325273143578197,1.54506871241641,0,267.161443506003,60.6481711487664,4.03410656974463e-10,1,0.986611166639524,0,-2.80528933416235e-11,8.99316177083165e-11,0,0,0
37.845,9500.00000001593,1.54506871242006,9500,9500.00000001812,1.54506871242006,1.54506871242006,0,-3.31803063775593e-08,20.3844809033151,1,0,15030.1235606416,-15030.1235608301,1.54506871242006,1.5418159808907,1.54181598084608,4.46136461107471e-11,-4.40361034754183e-08,0.00325273143858085,1.54506871241851,0,267.161443506003,60.6481711487664,4.03888247643063e-10,1,0.986611166639471,0,-2.64912536351858e-11,8.92272922214943e-11,0,0,0
37.86,9500.00000001543,1.54506871242088,9500,9500.00000001755,1.54506871242088,1.54506871242088,0,-3.20987300624565e-08,20.3844809033283,1,0,15030.1235606451,-15030.1235608275,1.54506871242088,1.5418159808907,1.54181598084928,4.14175360674562e-11,-4.26644197287169e-08,0.00325273144013316,1.54506871241367,0,267.161443506003,60.6481711487664,4.0435275363581e-10,1,0.986611166639419,0,-2.61810573221055e-11,8.28350721349125e-11,0,0,0
37.875,9500.00000001494,1.54506871242167,9500,9500.000000017,1.54506871242167,1.54506871242167,0,-3.10877920291752e-08,20.384480903341,1,0,15030.1235606484,-15030.1235608251,1.54506871242167,1.5418159808907,1.54181598084951,4.11866096783342e-11,-4.13279119982157e-08,0.00325273144735028,1.54506871242042,0,267.161443506003,60.6481711487664,4.04794648390462e-10,1,0.986611166639369,0,-2.39617214958798e-11,8.23732193566684e-11,0,0,0
37.89,9500.00000001448,1.54506871242246,9500,9500.00000001647,1.54506871242246,1.54506871242246,0,-3.0079749007444e-08,20.3844809033534,1,0,15030.1235606518,-15030.1235608227,1.54506871242246,1.5418159808907,1.5418159808507,3.99944521944917e-11,-4.00456233121209e-08,0.0032527314486015,1.54506871241929,0,267.161443506003,60.6481711487664,4.05224491469987e-10,1,0.986611166639321,0,-2.46100917422609e-11,7.99889043889834e-11,0,0,0
37.905,9500.00000001403,1.54506871242318,9500,9500.00000001595,1.54506871242318,1.54506871242318,0,-2.9134238235194e-08,20.3844809033653,1,0,15030.1235606548,-15030.1235608204,1.54506871242318,1.5418159808907,1.54181598085324,3.74573705386183e-11,-3.87787365248229e-08,0.0032527314517703,1.54506871241738,0,267.161443506003,60.6481711487664,4.05623918417049e-10,1,0.986611166639274,0,-2.33724151144088e-11,7.49147410772366e-11,0,0,0
37.92,9500.00000001359,1.54506871242387,9500,9500.00000001545,1.54506871242387,1.54506871242387,0,-2.82234676015448e-08,20.3844809033768,1,0,15030.1235606577,-15030.1235608181,1.54506871242387,1.5418159808907,1.54181598085416,3.65376617850188e-11,-3.75506686838129e-08,0.00325273145756766,1.54506871242134,0,267.161443506003,60.6481711487664,4.06028051256304e-10,1,0.986611166639229,0,-2.17175166739025e-11,7.30753235700377e-11,0,0,0
37.935,9500.00000001317,1.54506871242452,9500,9500.00000001497,1.54506871242452,1.54506871242452,0,-2.73671231850368e-08,20.384480903388,1,0,15030.1235606604,-15030.123560816,1.54506871242452,1.5418159808907,1.54181598085447,3.62234686690499e-11,-3.635283306857e-08,0.00325273146010052,1.54506871242324,0,267.161443506003,60.6481711487664,4.06415311750381e-10,1,0.986611166639185,0,-2.13415951577645e-11,7.24469373380998e-11,0,0,0
37.95,9500.00000001276,1.54506871242517,9500,9500.0000000145,1.54506871242517,1.54506871242517,0,-2.65084627592887e-08,20.3844809033989,1,0,15030.1235606632,-15030.1235608138,1.54506871242517,1.5418159808907,1.54181598085525,3.54463125518123e-11,-3.5205366269873e-08,0.00325273146138061,1.54506871242297,0,267.161443506003,60.6481711487664,4.06799702797999e-10,1,0.986611166639142,0,-2.11239914449379e-11,7.08926251036246e-11,0,0,0
37.965,9500.00000001236,1.54506871242579,9500,9500.00000001405,1.54506871242579,1.54506871242579,0,-2.57013335391317e-08,20.3844809034094,1,0,15030.1235606658,-15030.1235608118,1.54506871242579,1.5418159808907,1.54181598085744,3.32571747918564e-11,-3.40971267449443e-08,0.00325273146357818,1.54506871242079,0,267.161443506003,60.6481711487664,4.07145069373778e-10,1,0.986611166639101,0,-2.0682344725742e-11,6.65143495837128e-11,0,0,0
37.98,9500.00000001197,1.54506871242639,9500,9500.00000001361,1.54506871242639,1.54506871242639,0,-2.49133113952051e-08,20.3844809034196,1,0,15030.1235606682,-15030.1235608098,1.54506871242639,1.5418159808907,1.54181598085795,3.27473603789485e-11,-3.3019437451544e-08,0.00325273146858085,1.54506871242477,0,267.161443506003,60.6481711487664,4.07485615279506e-10,1,0.98661116663906,0,-1.97253324785152e-11,6.54947207578971e-11,0,0,0
37.995,9500.0000000116,1.54506871242694,9500,9500.00000001319,1.54506871242694,1.54506871242694,0,-2.41849264892097e-08,20.3844809034294,1,0,15030.1235606704,-15030.1235608079,1.54506871242694,1.5418159808907,1.54181598085847,3.22302184940781e-11,-3.19655407023812e-08,0.00325273147019556,1.54506871242535,0,267.161443506003,60.6481711487664,4.07818356290866e-10,1,0.986611166639022,0,-1.75441883243366e-11,6.44604369881563e-11,0,0,0
38.01,9500.00000001124,1.54506871242749,9500,9500.00000001278,1.54506871242749,1.54506871242749,0,-2.34472775462542e-08,20.384480903439,1,0,15030.1235606727,-15030.123560806,1.54506871242749,1.5418159808907,1.54181598086052,3.01756397647068e-11,-3.0956997540746e-08,0.00325273147178406,1.54506871242283,0,267.161443506003,60.6481711487664,4.081418002957e-10,1,0.986611166638984,0,-1.78899117742048e-11,6.03512795294137e-11,0,0,0
38.025,9500.00000001089,1.54506871242802,9500,9500.00000001238,1.54506871242802,1.54506871242802,0,-2.27420527326593e-08,20.3844809034483,1,0,15030.123560675,-15030.1235608042,1.54506871242802,1.5418159808907,1.54181598086101,2.96838109647979e-11,-2.99837757885926e-08,0.00325273147644189,1.54506871242651,0,267.161443506003,60.6481711487664,4.08455258626857e-10,1,0.986611166638948,0,-1.76063608137156e-11,5.93676219295958e-11,0,0,0
38.04,9500.00000001054,1.54506871242853,9500,9500.00000001199,1.54506871242853,1.54506871242853,0,-2.20570929999149e-08,20.3844809034573,1,0,15030.1235606772,-15030.1235608025,1.54506871242853,1.5418159808907,1.54181598086156,2.91371371474725e-11,-2.90380623778027e-08,0.00325273147795935,1.54506871242693,0,267.161443506003,60.6481711487664,4.08779850410274e-10,1,0.986611166638912,0,-1.61091140427061e-11,5.82742742949449e-11,0,0,0
38.055,9500.00000001021,1.54506871242905,9500,9500.00000001162,1.54506871242905,1.54506871242905,0,-2.13698172579304e-08,20.384480903466,1,0,15030.1235606793,-15030.1235608008,1.54506871242905,1.5418159808907,1.54181598086287,2.78241873985507e-11,-2.81405964202521e-08,0.00325273147956229,1.54506871242591,0,267.161443506003,60.6481711487664,4.09067254167585e-10,1,0.986611166638878,0,-1.6900258970054e-11,5.56483747971015e-11,0,0,0
38.07,9500.00000000989,1.54506871242958,9500,9500.00000001125,1.54506871242958,1.54506871242958,0,-2.06958585690762e-08,20.3844809034745,1,0,15030.1235606815,-15030.1235607991,1.54506871242958,1.5418159808907,1.54181598086284,2.78526091079812e-11,-2.72807056170654e-08,0.0032527314827091,1.54506871242911,0,267.161443506003,60.6481711487664,4.09377728274426e-10,1,0.986611166638845,0,-1.59086077644588e-11,5.57052182159623e-11,0,0,0
38.085,9500.00000000958,1.5450687124301,9500,9500.0000000109,1.5450687124301,1.5450687124301,0,-2.0024794891772e-08,20.3844809034828,1,0,15030.1235606837,-15030.1235607975,1.5450687124301,1.5418159808907,1.54181598086467,2.60234056526087e-11,-2.64500783735215e-08,0.00325273148317695,1.54506871242592,0,267.161443506003,60.6481711487664,4.09663295586003e-10,1,0.986611166638812,0,-1.70390368481321e-11,5.20468113052175e-11,0,0,0
38.1,9500.00000000928,1.54506871243061,9500,9500.00000001056,1.54506871243061,1.54506871243061,0,-1.93792073161084e-08,20.3844809034907,1,0,15030.1235606859,-15030.123560796,1.54506871243061,1.5418159808907,1.54181598086577,2.49307241517727e-11,-2.56422416131427e-08,0.00325273148735583,1.54506871242791,0,267.161443506003,60.6481711487664,4.09930383662386e-10,1,0.986611166638781,0,-1.45630174586131e-11,4.98614483035453e-11,0,0,0
38.115,9500.00000000899,1.5450687124311,9500,9500.00000001023,1.5450687124311,1.5450687124311,0,-1.87492528028152e-08,20.3844809034984,1,0,15030.123560688,-15030.1235607945,1.5450687124311,1.5418159808907,1.541815980866,2.46960230043669e-11,-2.48521540988995e-08,0.00325273149004901,1.54506871243014,0,267.161443506003,60.6481711487664,4.10174975278532e-10,1,0.986611166638751,0,-1.40432110384836e-11,4.93920460087338e-11,0,0,0
38.13,9500.00000000871,1.54506871243155,9500,9500.00000000991,1.54506871243155,1.54506871243155,0,-1.81476694027125e-08,20.3844809035058,1,0,15030.1235606899,-15030.123560793,1.54506871243155,1.5418159808907,1.54181598086596,2.47397657915371e-11,-2.40758897114457e-08,0.00325273149100602,1.54506871243118,0,267.161443506003,60.6481711487664,4.10462493813702e-10,1,0.986611166638721,0,-1.36355371438412e-11,4.94795315830743e-11,0,0,0
38.145,9500.00000000844,1.54506871243202,9500,9500.0000000096,1.54506871243202,1.54506871243202,0,-1.75680880903903e-08,20.384480903513,1,0,15030.1235606918,-15030.1235607916,1.54506871243202,1.5418159808907,1.54181598086848,2.22155627227494e-11,-2.33372147214043e-08,0.00325273149137728,1.54506871242651,0,267.161443506003,60.6481711487664,4.10713053878482e-10,1,0.986611166638693,0,-1.38546951689023e-11,4.44311254454988e-11,0,0,0
38.16,9500.00000000817,1.54506871243245,9500,9500.0000000093,1.54506871243245,1.54506871243245,0,-1.70162988889486e-08,20.38448090352,1,0,15030.1235606936,-15030.1235607903,1.54506871243245,1.5418159808907,1.54181598086904,2.16591189428073e-11,-2.26009904480585e-08,0.00325273149689354,1.54506871243091,0,267.161443506003,60.6481711487664,4.10972107504781e-10,1,0.986611166638666,0,-1.28796973086764e-11,4.33182378856145e-11,0,0,0
38.175,9500.00000000792,1.54506871243286,9500,9500.00000000901,1.54506871243286,1.54506871243286,0,-1.64523506389967e-08,20.3844809035267,1,0,15030.1235606955,-15030.123560789,1.54506871243286,1.5418159808907,1.54181598086885,2.18471907231788e-11,-2.18934987302387e-08,0.00325273149843053,1.54506871243282,0,267.161443506003,60.6481711487664,4.11184216987014e-10,1,0.986611166638639,0,-1.34567912368766e-11,4.36943814463575e-11,0,0,0
38.19,9500.00000000767,1.54506871243327,9500,9500.00000000872,1.54506871243327,1.54506871243327,0,-1.59451446154261e-08,20.3844809035332,1,0,15030.1235606971,-15030.1235607877,1.54506871243327,1.5418159808907,1.54181598087059,2.0104806708332e-11,-2.12083839491622e-08,0.00325273149847272,1.54506871242938,0,267.161443506003,60.6481711487664,4.11410903257257e-10,1,0.986611166638614,0,-1.2454481890245e-11,4.02096134166641e-11,0,0,0
38.205,9500.00000000743,1.54506871243366,9500,9500.00000000845,1.54506871243366,1.54506871243366,0,-1.54489396357456e-08,20.3844809035395,1,0,15030.1235606987,-15030.1235607865,1.54506871243366,1.5418159808907,1.54181598087052,2.0175860981908e-11,-2.05406963439441e-08,0.00325273150236294,1.54506871243341,0,267.161443506003,60.6481711487664,4.11622553628057e-10,1,0.986611166638589,0,-1.21536114505716e-11,4.03517219638161e-11,0,0,0
38.22,9500.0000000072,1.54506871243402,9500,9500.00000000819,1.54506871243402,1.54506871243402,0,-1.49625776953353e-08,20.3844809035456,1,0,15030.1235607003,-15030.1235607853,1.54506871243402,1.5418159808907,1.5418159808696,2.10929052002484e-11,-1.98865810369312e-08,0.00325273150260674,1.54506871243549,0,267.161443506003,60.6481711487664,4.1182559565948e-10,1,0.986611166638565,0,-1.11113340750535e-11,4.21858104004968e-11,0,0,0
38.235,9500.00000000698,1.54506871243434,9500,9500.00000000793,1.54506871243434,1.54506871243434,0,-1.45242729466561e-08,20.3844809035515,1,0,15030.1235607016,-15030.1235607841,1.54506871243434,1.5418159808907,1.54181598087207,1.8626877817951e-11,-1.92430358463887e-08,0.00325273150113214,1.54506871242908,0,267.161443506003,60.6481711487664,4.12024276132286e-10,1,0.986611166638542,0,-1.10702558231424e-11,3.72537556359021e-11,0,0,0
38.25,9500.00000000676,1.54506871243467,9500,9500.00000000769,1.54506871243467,1.54506871243467,0,-1.40882842072169e-08,20.3844809035573,1,0,15030.123560703,-15030.123560783,1.54506871243467,1.5418159808907,1.54181598087275,1.79500858621395e-11,-1.86345466062748e-08,0.0032527315063906,1.54506871243299,0,267.161443506003,60.6481711487664,4.12229269387301e-10,1,0.986611166638519,0,-1.11965992033447e-11,3.59001717242791e-11,0,0,0
38.265,9500.00000000655,1.54506871243501,9500,9500.00000000745,1.54506871243501,1.54506871243501,0,-1.36609805024279e-08,20.3844809035629,1,0,15030.1235607043,-15030.123560782,1.54506871243501,1.5418159808907,1.54181598087332,1.7376988736828e-11,-1.80533589678061e-08,0.00325273150807703,1.54506871243353,0,267.161443506003,60.6481711487664,4.12419456298589e-10,1,0.986611166638497,0,-1.09996456387762e-11,3.47539774736561e-11,0,0,0
38.28,9500.00000000634,1.54506871243534,9500,9500.00000000721,1.54506871243534,1.54506871243534,0,-1.32099377029284e-08,20.3844809035683,1,0,15030.1235607058,-15030.1235607809,1.54506871243534,1.5418159808907,1.54181598087331,1.73834280303709e-11,-1.74934338380777e-08,0.00325273150955652,1.54506871243502,0,267.161443506003,60.6481711487664,4.12610446654885e-10,1,0.986611166638476,0,-9.8987484875579e-12,3.47668560607417e-11,0,0,0
38.295,9500.00000000614,1.54506871243565,9500,9500.00000000699,1.54506871243565,1.54506871243565,0,-1.27959510512697e-08,20.3844809035736,1,0,15030.1235607072,-15030.1235607799,1.54506871243565,1.5418159808907,1.54181598087425,1.64432911731183e-11,-1.69500679668063e-08,0.00325273150987204,1.54506871243346,0,267.161443506003,60.6481711487664,4.12798911898298e-10,1,0.986611166638455,0,-1.11237685729293e-11,3.28865823462365e-11,0,0,0
38.31,9500.00000000595,1.54506871243596,9500,9500.00000000677,1.54506871243596,1.54506871243596,0,-1.24120725197316e-08,20.3844809035787,1,0,15030.1235607084,-15030.1235607789,1.54506871243596,1.5418159808907,1.54181598087391,1.67887925783816e-11,-1.64195984589883e-08,0.00325273151207073,1.54506871243635,0,267.161443506003,60.6481711487664,4.12985655473835e-10,1,0.986611166638435,0,-9.51749790090162e-12,3.35775851567632e-11,0,0,0
38.325,9500.00000000577,1.54506871243624,9500,9500.00000000656,1.54506871243624,1.54506871243624,0,-1.20287729905035e-08,20.3844809035836,1,0,15030.1235607096,-15030.1235607779,1.54506871243624,1.5418159808907,1.54181598087532,1.53812518277618e-11,-1.58991726491266e-08,0.00325273151168237,1.54506871243314,0,267.161443506003,60.6481711487664,4.13129242574633e-10,1,0.986611166638416,0,-8.83448869615222e-12,3.07625036555237e-11,0,0,0
38.34,9500.00000000559,1.54506871243654,9500,9500.00000000635,1.54506871243654,1.54506871243654,0,-1.16431574520354e-08,20.3844809035883,1,0,15030.1235607108,-15030.123560777,1.54506871243654,1.5418159808907,1.5418159808761,1.45956580155371e-11,-1.54133928145426e-08,0.00325273151477945,1.54506871243467,0,267.161443506003,60.6481711487664,4.1330347536361e-10,1,0.986611166638397,0,-8.64042171144774e-12,2.91913160310742e-11,0,0,0
38.355,9500.00000000541,1.54506871243681,9500,9500.00000000615,1.54506871243681,1.54506871243681,0,-1.12830180152078e-08,20.384480903593,1,0,15030.123560712,-15030.1235607761,1.54506871243681,1.5418159808907,1.54181598087566,1.50350842886837e-11,-1.49277713571908e-08,0.00325273151665195,1.54506871243742,0,267.161443506003,60.6481711487664,4.13450850133732e-10,1,0.986611166638379,0,-8.78119799097021e-12,3.00701685773674e-11,0,0,0
38.37,9500.00000000524,1.54506871243709,9500,9500.00000000596,1.54506871243709,1.54506871243709,0,-1.09344586245805e-08,20.3844809035974,1,0,15030.1235607131,-15030.1235607753,1.54506871243709,1.5418159808907,1.54181598087665,1.40485401090018e-11,-1.44690971795958e-08,0.00325273151604422,1.54506871243484,0,267.161443506003,60.6481711487664,4.13617278028342e-10,1,0.986611166638361,0,-9.46909217702796e-12,2.80970802180036e-11,0,0,0
38.385,9500.00000000508,1.54506871243733,9500,9500.00000000578,1.54506871243733,1.54506871243733,0,-1.06055853124935e-08,20.3844809036017,1,0,15030.1235607141,-15030.1235607744,1.54506871243733,1.5418159808907,1.54181598087731,1.338751332014e-11,-1.40045856291326e-08,0.00325273151829797,1.54506871243577,0,267.161443506003,60.6481711487664,4.1375524101408e-10,1,0.986611166638345,0,-8.72613092894881e-12,2.677502664028e-11,0,0,0
38.4,9500.00000000492,1.54506871243757,9500,9500.0000000056,1.54506871243757,1.54506871243757,0,-1.0296977081257e-08,20.3844809036059,1,0,15030.1235607151,-15030.1235607736,1.54506871243757,1.5418159808907,1.541815980877,1.36999300792695e-11,-1.3562351863553e-08,0.00325273151986116,1.54506871243796,0,267.161443506003,60.6481711487664,4.13908813788554e-10,1,0.986611166638328,0,-8.37951930066083e-12,2.7399860158539e-11,0,0,0
38.415,9500.00000000477,1.54506871243781,9500,9500.00000000542,1.54506871243781,1.54506871243781,0,-9.96636676224005e-09,20.38448090361,1,0,15030.1235607162,-15030.1235607728,1.54506871243781,1.5418159808907,1.54181598087706,1.36413103035693e-11,-1.31374680542858e-08,0.00325273151947769,1.54506871243746,0,267.161443506003,60.6481711487664,4.14039545769216e-10,1,0.986611166638312,0,-9.05808761331173e-12,2.72826206071386e-11,0,0,0
38.43,9500.00000000462,1.54506871243804,9500,9500.00000000525,1.54506871243804,1.54506871243804,0,-9.66007454024359e-09,20.3844809036139,1,0,15030.1235607171,-15030.123560772,1.54506871243804,1.5418159808907,1.54181598087775,1.29429800210801e-11,-1.27260964045811e-08,0.00325273151983296,1.54506871243642,0,267.161443506003,60.6481711487664,4.14174524530637e-10,1,0.986611166638297,0,-7.07323088988687e-12,2.58859600421601e-11,0,0,0
38.445,9500.00000000447,1.54506871243831,9500,9500.00000000509,1.54506871243831,1.54506871243831,0,-9.3329382350867e-09,20.3844809036178,1,0,15030.1235607182,-15030.1235607713,1.54506871243831,1.5418159808907,1.54181598087836,1.23363541604249e-11,-1.23520719707688e-08,0.00325273152146011,1.54506871243683,0,267.161443506003,60.6481711487664,4.14292057057588e-10,1,0.986611166638281,0,-7.23909820976587e-12,2.46727083208498e-11,0,0,0
38.46,9500.00000000433,1.54506871243856,9500,9500.00000000493,1.54506871243856,1.54506871243856,0,-9.02085598999012e-09,20.3844809036215,1,0,15030.1235607193,-15030.1235607706,1.54506871243856,1.5418159808907,1.54181598087865,1.20454757279731e-11,-1.19803096424949e-08,0.00325273152293781,1.54506871243773,0,267.161443506003,60.6481711487664,4.14439317049852e-10,1,0.986611166638267,0,-6.28985752371136e-12,2.40909514559462e-11,0,0,0
38.475,9500.0000000042,1.54506871243879,9500,9500.00000000477,1.54506871243879,1.54506871243879,0,-8.73946086732419e-09,20.3844809036251,1,0,15030.1235607202,-15030.1235607699,1.54506871243879,1.5418159808907,1.54181598087949,1.12030384968875e-11,-1.16103090437855e-08,0.00325273152377004,1.54506871243687,0,267.161443506003,60.6481711487664,4.14578542592032e-10,1,0.986611166638253,0,-5.89417403773496e-12,2.24060769937751e-11,0,0,0
38.49,9500.00000000407,1.545068712439,9500,9500.00000000462,1.545068712439,1.545068712439,0,-8.46732978161846e-09,20.3844809036285,1,0,15030.1235607211,-15030.1235607692,1.545068712439,1.5418159808907,1.54181598087955,1.11437525873725e-11,-1.12416804814407e-08,0.0032527315256865,1.54506871243867,0,267.161443506003,60.6481711487664,4.14686778112457e-10,1,0.986611166638239,0,-6.33559871232592e-12,2.22875051747451e-11,0,0,0
38.505,9500.00000000394,1.54506871243918,9500,9500.00000000448,1.54506871243918,1.54506871243918,0,-8.21430577214312e-09,20.3844809036318,1,0,15030.1235607219,-15030.1235607685,1.54506871243918,1.5418159808907,1.54181598087984,1.08548725563651e-11,-1.08741204620908e-08,0.0032527315260138,1.54506871243842,0,267.161443506003,60.6481711487664,4.14783421069189e-10,1,0.986611166638226,0,-4.71400696255841e-12,2.17097451127302e-11,0,0,0
38.52,9500.00000000381,1.54506871243938,9500,9500.00000000434,1.54506871243938,1.54506871243938,0,-7.9520177257076e-09,20.3844809036351,1,0,15030.1235607227,-15030.1235607679,1.54506871243938,1.5418159808907,1.54181598088009,1.06077369110835e-11,-1.05342165603067e-08,0.0032527315267743,1.54506871243869,0,267.161443506003,60.6481711487664,4.14914382605568e-10,1,0.986611166638213,0,-5.48183720638917e-12,2.1215473822167e-11,0,0,0
38.535,9500.00000000369,1.54506871243959,9500,9500.0000000042,1.54506871243959,1.54506871243959,0,-7.69088768389209e-09,20.3844809036383,1,0,15030.1235607236,-15030.1235607673,1.54506871243959,1.5418159808907,1.54181598087969,1.10089715121831e-11,-1.02158512645394e-08,0.00325273152746686,1.54506871244018,0,267.161443506003,60.6481711487664,4.15034899356836e-10,1,0.986611166638201,0,-5.86819481895873e-12,2.20179430243661e-11,0,0,0
38.55,9500.00000000358,1.54506871243976,9500,9500.00000000407,1.54506871243976,1.54506871243976,0,-7.44770671368697e-09,20.3844809036413,1,0,15030.1235607244,-15030.1235607667,1.54506871243976,1.5418159808907,1.54181598087954,1.11524123269646e-11,-9.88743631655989e-09,0.00325273152687466,1.54506871243988,0,267.161443506003,60.6481711487664,4.15127295532809e-10,1,0.986611166638189,0,-6.47815134868779e-12,2.23048246539292e-11,0,0,0
38.565,9500.00000000347,1.54506871243995,9500,9500.00000000394,1.54506871243995,1.54506871243995,0,-7.22131681047219e-09,20.3844809036443,1,0,15030.1235607251,-15030.1235607661,1.54506871243995,1.5418159808907,1.54181598088182,8.8804519293717e-12,-9.57801862701235e-09,0.00325273152676275,1.54506871243522,0,267.161443506003,60.6481711487664,4.15232432051059e-10,1,0.986611166638177,0,-5.87663251394588e-12,1.77609038587434e-11,0,0,0
38.58,9500.00000000336,1.54506871244013,9500,9500.00000000382,1.54506871244013,1.54506871244013,0,-6.98971588646731e-09,20.3844809036472,1,0,15030.1235607259,-15030.1235607656,1.54506871244013,1.5418159808907,1.54181598088145,9.2521545980162e-12,-9.28339601720781e-09,0.00325273153148697,1.54506871244069,0,267.161443506003,60.6481711487664,4.15333092232833e-10,1,0.986611166638166,0,-5.18585174802411e-12,1.85043091960324e-11,0,0,0
38.595,9500.00000000325,1.54506871244031,9500,9500.0000000037,1.54506871244031,1.54506871244031,0,-6.75985196939247e-09,20.3844809036499,1,0,15030.1235607266,-15030.123560765,1.54506871244031,1.5418159808907,1.54181598088156,9.13313868977639e-12,-9.00029582709273e-09,0.00325273153092631,1.54506871243989,0,267.161443506003,60.6481711487664,4.15430423856714e-10,1,0.986611166638155,0,-4.80326889373828e-12,1.82662773795528e-11,0,0,0
38.61,9500.00000000315,1.54506871244049,9500,9500.00000000358,1.54506871244049,1.54506871244049,0,-6.51493399225731e-09,20.3844809036526,1,0,15030.1235607275,-15030.1235607645,1.54506871244049,1.5418159808907,1.54181598088227,8.43147773821329e-12,-8.72616930645467e-09,0.00325273153134775,1.54506871243891,0,267.161443506003,60.6481711487664,4.15513867359735e-10,1,0.986611166638144,0,-5.17008658107443e-12,1.68629554764266e-11,0,0,0
38.625,9500.00000000305,1.54506871244062,9500,9500.00000000347,1.54506871244062,1.54506871244062,0,-6.33254826460346e-09,20.3844809036552,1,0,15030.123560728,-15030.123560764,1.54506871244062,1.5418159808907,1.54181598088187,8.82960371484387e-12,-8.43220755118797e-09,0.00325273153293204,1.54506871244129,0,267.161443506003,60.6481711487664,4.15606378313566e-10,1,0.986611166638134,0,-4.55346871319762e-12,1.76592074296877e-11,0,0,0
38.64,9500.00000000296,1.54506871244079,9500,9500.00000000336,1.54506871244079,1.54506871244079,0,-6.12179142375902e-09,20.3844809036577,1,0,15030.1235607287,-15030.1235607635,1.54506871244079,1.5418159808907,1.5418159808819,8.79651906871004e-12,-8.17644597054882e-09,0.00325273153226635,1.54506871244056,0,267.161443506003,60.6481711487664,4.15698430155964e-10,1,0.986611166638124,0,-5.39523981046841e-12,1.75930381374201e-11,0,0,0
38.655,9500.00000000287,1.54506871244095,9500,9500.00000000326,1.54506871244095,1.54506871244095,0,-5.92782564990493e-09,20.3844809036601,1,0,15030.1235607294,-15030.1235607631,1.54506871244095,1.5418159808907,1.54181598088285,7.85149723014911e-12,-7.92361078037871e-09,0.00325273153249905,1.5450687124389,0,267.161443506003,60.6481711487664,4.15781988436844e-10,1,0.986611166638115,0,-5.18829423867828e-12,1.57029944602982e-11,0,0,0
38.67,9500.00000000278,1.54506871244109,9500,9500.00000000316,1.54506871244109,1.54506871244109,0,-5.74717692918113e-09,20.3844809036625,1,0,15030.1235607299,-15030.1235607626,1.54506871244109,1.5418159808907,1.5418159808827,7.99382782190605e-12,-7.67305466539745e-09,0.00325273153454497,1.54506871244123,0,267.161443506003,60.6481711487664,4.15859922602664e-10,1,0.986611166638106,0,-4.62829774505735e-12,1.59876556438121e-11,0,0,0
38.685,9500.00000000269,1.54506871244121,9500,9500.00000000306,1.54506871244121,1.54506871244121,0,-5.58216127082765e-09,20.3844809036648,1,0,15030.1235607304,-15030.1235607622,1.54506871244121,1.5418159808907,1.54181598088318,7.51465556447783e-12,-7.42427349595796e-09,0.00325273153440309,1.54506871244013,0,267.161443506003,60.6481711487664,4.15932232653425e-10,1,0.986611166638097,0,-4.47575310147386e-12,1.50293111289557e-11,0,0,0
38.7,9500.00000000261,1.54506871244132,9500,9500.00000000296,1.54506871244132,1.54506871244132,0,-5.42467264250433e-09,20.384480903667,1,0,15030.1235607309,-15030.1235607617,1.54506871244132,1.5418159808907,1.54181598088377,6.92423895998218e-12,-7.17687465549629e-09,0.00325273153548822,1.54506871244003,0,267.161443506003,60.6481711487664,4.16021644605081e-10,1,0.986611166638088,0,-3.49542617072984e-12,1.38484779199644e-11,0,0,0
38.715,9500.00000000253,1.54506871244141,9500,9500.00000000287,1.54506871244141,1.54506871244141,0,-5.30076614816172e-09,20.3844809036691,1,0,15030.1235607312,-15030.1235607613,1.54506871244141,1.5418159808907,1.54181598088408,6.61293242387728e-12,-6.93055237392501e-09,0.00325273153677785,1.5450687124407,0,267.161443506003,60.6481711487664,4.16092118210109e-10,1,0.98661116663808,0,-4.67537120130146e-12,1.32258648477546e-11,0,0,0
38.73,9500.00000000245,1.54506871244152,9500,9500.00000000278,1.54506871244152,1.54506871244152,0,-5.1386455013583e-09,20.3844809036712,1,0,15030.1235607317,-15030.1235607609,1.54506871244152,1.5418159808907,1.54181598088292,7.77666819828937e-12,-6.71189245270499e-09,0.00325273153748795,1.54506871244374,0,267.161443506003,60.6481711487664,4.16142390912066e-10,1,0.986611166638071,0,-4.430900091279e-12,1.55533363965787e-11,0,0,0
38.745,9500.00000000237,1.54506871244165,9500,9500.0000000027,1.54506871244165,1.54506871244165,0,-4.97594585224487e-09,20.3844809036732,1,0,15030.1235607322,-15030.1235607605,1.54506871244165,1.5418159808907,1.54181598088305,7.6465500598033e-12,-6.51477599938811e-09,0.00325273153526928,1.54506871244126,0,267.161443506003,60.6481711487664,4.16216537408561e-10,1,0.986611166638063,0,-4.50217640945993e-12,1.52931001196066e-11,0,0,0
38.76,9500.0000000023,1.54506871244175,9500,9500.00000000261,1.54506871244175,1.54506871244175,0,-4.81324620313144e-09,20.3844809036752,1,0,15030.1235607328,-15030.1235607601,1.54506871244175,1.5418159808907,1.54181598088461,6.09112760230346e-12,-6.30761368029991e-09,0.00325273153565941,1.54506871243854,0,267.161443506003,60.6481711487664,4.16299636578008e-10,1,0.986611166638056,0,-3.55870888313348e-12,1.21822552046069e-11,0,0,0
38.775,9500.00000000222,1.54506871244187,9500,9500.00000000253,1.54506871244187,1.54506871244187,0,-4.68354968568871e-09,20.3844809036771,1,0,15030.1235607331,-15030.1235607597,1.54506871244187,1.5418159808907,1.54181598088466,6.03339600502295e-12,-6.11945156852674e-09,0.00325273153887373,1.54506871244164,0,267.161443506003,60.6481711487664,4.1633980882843e-10,1,0.986611166638048,0,-3.73345798720948e-12,1.20667920100459e-11,0,0,0
38.79,9500.00000000215,1.54506871244201,9500,9500.00000000245,1.54506871244201,1.54506871244201,0,-4.507532983445e-09,20.384480903679,1,0,15030.1235607338,-15030.1235607594,1.54506871244201,1.5418159808907,1.54181598088444,6.26054763586126e-12,-5.94608683308905e-09,0.00325273153910866,1.54506871244233,0,267.161443506003,60.6481711487664,4.16421530663576e-10,1,0.986611166638041,0,-3.43391981516561e-12,1.25210952717225e-11,0,0,0
38.805,9500.00000000209,1.54506871244211,9500,9500.00000000237,1.54506871244211,1.54506871244211,0,-4.38304748679238e-09,20.3844809036808,1,0,15030.1235607341,-15030.1235607591,1.54506871244211,1.5418159808907,1.54181598088402,6.67998989456464e-12,-5.75742237048444e-09,0.00325273153878847,1.54506871244285,0,267.161443506003,60.6481711487664,4.16487183598553e-10,1,0.986611166638034,0,-2.96163094049007e-12,1.33599797891293e-11,0,0,0
38.82,9500.00000000202,1.54506871244222,9500,9500.0000000023,1.54506871244222,1.54506871244222,0,-4.2180318284389e-09,20.3844809036825,1,0,15030.1235607347,-15030.1235607587,1.54506871244222,1.5418159808907,1.54181598088575,4.94937424377895e-12,-5.58366640382584e-09,0.00325273153805217,1.54506871243865,0,267.161443506003,60.6481711487664,4.16539407524103e-10,1,0.986611166638027,0,-3.23052695705428e-12,9.8987484875579e-12,0,0,0
38.835,9500.00000000196,1.54506871244235,9500,9500.00000000223,1.54506871244235,1.54506871244235,0,-4.08659830406613e-09,20.3844809036842,1,0,15030.1235607352,-15030.1235607584,1.54506871244235,1.5418159808907,1.54181598088617,4.52970994047064e-12,-5.4215211854844e-09,0.00325273154162686,1.54506871244138,0,267.161443506003,60.6481711487664,4.1660643779338e-10,1,0.98661116663802,0,-2.07767136828352e-12,9.05941988094128e-12,0,0,0
38.85,9500.0000000019,1.54506871244243,9500,9500.00000000216,1.54506871244243,1.54506871244243,0,-3.96616582358359e-09,20.3844809036858,1,0,15030.1235607355,-15030.1235607581,1.54506871244243,1.5418159808907,1.54181598088571,4.99111862950485e-12,-5.24159449158005e-09,0.00325273154258898,1.54506871244327,0,267.161443506003,60.6481711487664,4.16670942949774e-10,1,0.986611166638014,0,-2.88102874890228e-12,9.98223725900971e-12,0,0,0
38.865,9500.00000000184,1.54506871244252,9500,9500.00000000209,1.54506871244252,1.54506871244252,0,-3.85557638237126e-09,20.3844809036874,1,0,15030.1235607359,-15030.1235607578,1.54506871244252,1.5418159808907,1.54181598088504,5.6559201766504e-12,-5.0746435060275e-09,0.00325273154175187,1.54506871244376,0,267.161443506003,60.6481711487664,4.167303978804e-10,1,0.986611166638008,0,-3.03312930327593e-12,1.13118403533008e-11,0,0,0
38.88,9500.00000000178,1.54506871244262,9500,9500.00000000202,1.54506871244262,1.54506871244262,0,-3.72761687185856e-09,20.3844809036889,1,0,15030.1235607363,-15030.1235607575,1.54506871244262,1.5418159808907,1.54181598088588,4.81459316858945e-12,-4.91779801230025e-09,0.00325273154051375,1.54506871244084,0,267.161443506003,60.6481711487664,4.16760125345712e-10,1,0.986611166638002,0,-2.32525110277493e-12,9.62918633717891e-12,0,0,0
38.895,9500.00000000172,1.54506871244272,9500,9500.00000000196,1.54506871244272,1.54506871244272,0,-3.59155132900569e-09,20.3844809036904,1,0,15030.1235607368,-15030.1235607572,1.54506871244272,1.5418159808907,1.54181598088552,5.17785814224681e-12,-4.76882268351986e-09,0.00325273154229211,1.54506871244335,0,267.161443506003,60.6481711487664,4.16826466947839e-10,1,0.986611166637996,0,-3.24917870386798e-12,1.03557162844936e-11,0,0,0
38.91,9500.00000000167,1.54506871244282,9500,9500.0000000019,1.54506871244282,1.54506871244282,0,-3.4734348577632e-09,20.3844809036919,1,0,15030.1235607371,-15030.1235607569,1.54506871244282,1.5418159808907,1.54181598088648,4.21507273529187e-12,-4.62597664536299e-09,0.00325273154166372,1.54506871244079,0,267.161443506003,60.6481711487664,4.16876739649797e-10,1,0.98661116663799,0,-2.55218068900831e-12,8.43014547058374e-12,0,0,0
38.925,9500.00000000161,1.54506871244292,9500,9500.00000000184,1.54506871244292,1.54506871244292,0,-3.34547534725051e-09,20.3844809036933,1,0,15030.1235607376,-15030.1235607566,1.54506871244292,1.5418159808907,1.54181598088594,4.76041428498775e-12,-4.48790410354339e-09,0.00325273154368944,1.54506871244391,0,267.161443506003,60.6481711487664,4.16926782796038e-10,1,0.986611166637985,0,-2.52931009470103e-12,9.52082856997549e-12,0,0,0
38.94,9500.00000000156,1.54506871244302,9500,9500.00000000178,1.54506871244302,1.54506871244302,0,-3.22214785521791e-09,20.3844809036947,1,0,15030.123560738,-15030.1235607563,1.54506871244302,1.5418159808907,1.54181598088631,4.38871161634324e-12,-4.35354916440925e-09,0.00325273154269867,1.54506871244217,0,267.161443506003,60.6481711487664,4.16973612162245e-10,1,0.986611166637979,0,-3.33466587676412e-12,8.77742323268649e-12,0,0,0
38.955,9500.00000000151,1.54506871244311,9500,9500.00000000172,1.54506871244311,1.54506871244311,0,-3.08955632622511e-09,20.384480903696,1,0,15030.1235607385,-15030.123560756,1.54506871244311,1.5418159808907,1.54181598088598,4.72089034531109e-12,-4.22208949715768e-09,0.00325273154354133,1.54506871244368,0,267.161443506003,60.6481711487664,4.17021244973461e-10,1,0.986611166637974,0,-1.70197189675036e-12,9.44178069062218e-12,0,0,0
38.97,9500.00000000147,1.5450687124432,9500,9500.00000000167,1.5450687124432,1.5450687124432,0,-2.98533591042292e-09,20.3844809036971,1,0,15030.1235607389,-15030.1235607558,1.5450687124432,1.5418159808907,1.54181598088677,3.9315217748026e-12,-4.09288466991546e-09,0.00325273154297312,1.54506871244153,0,267.161443506003,60.6481711487664,4.17066237893934e-10,1,0.986611166637969,0,-2.43849385128669e-12,7.86304354960521e-12,0,0,0
38.985,9500.00000000142,1.54506871244329,9500,9500.00000000162,1.54506871244329,1.54506871244329,0,-2.87706247845064e-09,20.3844809036984,1,0,15030.1235607393,-15030.1235607556,1.54506871244329,1.5418159808907,1.54181598088695,3.74744679731975e-12,-3.96543591383824e-09,0.00325273154464423,1.54506871244284,0,267.161443506003,60.6481711487664,4.17102507697173e-10,1,0.986611166637965,0,-1.45639056370328e-12,7.49489359463951e-12,0,0,0
39,9500.00000000138,1.54506871244337,9500,9500.00000000157,1.54506871244337,1.54506871244337,0,-2.7803690926786e-09,20.3844809036995,1,0,15030.1235607396,-15030.1235607554,1.54506871244337,1.5418159808907,1.54181598088779,2.90656387846866e-12,-3.83935478735944e-09,0.00325273154509942,1.54506871244161,0,267.161443506003,60.6481711487664,4.17139007056129e-10,1,0.98661116663796,0,-2.40518716054794e-12,5.81312775693732e-12,0,0,0
39.015,9500.00000000134,1.54506871244344,9500,9500.00000000152,1.54506871244344,1.54506871244344,0,-2.66862164684624e-09,20.3844809037006,1,0,15030.12356074,-15030.1235607551,1.54506871244344,1.5418159808907,1.54181598088701,3.68993724464417e-12,-3.71433877188284e-09,0.00325273154686156,1.54506871244494,0,267.161443506003,60.6481711487664,4.17200757543922e-10,1,0.986611166637956,0,-2.06767936106189e-12,7.37987448928834e-12,0,0,0
39.03,9500.0000000013,1.54506871244351,9500,9500.00000000147,1.54506871244351,1.54506871244351,0,-2.62056445511523e-09,20.3844809037016,1,0,15030.1235607401,-15030.123560755,1.54506871244351,1.5418159808907,1.541815980886,4.69868588481859e-12,-3.59015226568881e-09,0.00325273154536698,1.54506871244546,0,267.161443506003,60.6481711487664,4.17240355905053e-10,1,0.986611166637952,0,-6.56585896763318e-13,9.39737176963718e-12,0,0,0
39.045,9500.00000000126,1.54506871244356,9500,9500.00000000142,1.54506871244356,1.54506871244356,0,-2.53487211323342e-09,20.3844809037027,1,0,15030.1235607404,-15030.1235607548,1.54506871244356,1.5418159808907,1.54181598088717,3.5225156125307e-12,-3.46661178197362e-09,0.00325273154341277,1.54506871244116,0,267.161443506003,60.6481711487664,4.17270542481799e-10,1,0.986611166637948,0,-2.62301291797939e-12,7.04503122506139e-12,0,0,0
39.06,9500.00000000122,1.5450687124436,9500,9500.00000000138,1.5450687124436,1.5450687124436,0,-2.47233986375211e-09,20.3844809037037,1,0,15030.1235607405,-15030.1235607546,1.5450687124436,1.5418159808907,1.5418159808863,4.39870362356487e-12,-3.34357442107082e-09,0.00325273154581707,1.54506871244531,0,267.161443506003,60.6481711487664,4.17304401950013e-10,1,0.986611166637944,0,-1.0387246618393e-12,8.79740724712974e-12,0,0,0
39.075,9500.00000000118,1.54506871244363,9500,9500.00000000134,1.54506871244363,1.54506871244363,0,-2.42775668588117e-09,20.3844809037047,1,0,15030.1235607406,-15030.1235607544,1.54506871244363,1.5418159808907,1.54181598088723,3.47166739800286e-12,-3.2209288926083e-09,0.0032527315441051,1.54506871244175,0,267.161443506003,60.6481711487664,4.17332981636743e-10,1,0.98661116663794,0,-1.18527410108982e-12,6.94333479600573e-12,0,0,0
39.09,9500.00000000115,1.54506871244364,9500,9500.0000000013,1.54506871244364,1.54506871244364,0,-2.39475355421047e-09,20.3844809037057,1,0,15030.1235607406,-15030.1235607542,1.54506871244364,1.5418159808907,1.54181598088729,3.40882877480908e-12,-3.0985885235571e-09,0.0032527315459856,1.5450687124435,0,267.161443506003,60.6481711487664,4.17341934309694e-10,1,0.986611166637936,0,-1.79301018476963e-12,6.81765754961816e-12,0,0,0
39.105,9500.00000000111,1.54506871244368,9500,9500.00000000126,1.54506871244368,1.54506871244368,0,-2.33801132782928e-09,20.3844809037066,1,0,15030.1235607407,-15030.123560754,1.54506871244368,1.5418159808907,1.54181598088782,2.87414536614961e-12,-3.00330974833878e-09,0.00325273154612393,1.54506871244257,0,267.161443506003,60.6481711487664,4.17356740653421e-10,1,0.986611166637932,0,-2.21556106794196e-12,5.74829073229921e-12,0,0,0
39.12,9500.00000000108,1.54506871244371,9500,9500.00000000122,1.54506871244371,1.54506871244371,0,-2.28648012223819e-09,20.3844809037075,1,0,15030.1235607409,-15030.1235607539,1.54506871244371,1.5418159808907,1.5418159808879,2.80020451270957e-12,-2.90228262814428e-09,0.00325273154723504,1.54506871244353,0,267.161443506003,60.6481711487664,4.17388648898043e-10,1,0.986611166637929,0,-1.54276591501912e-12,5.60040902541914e-12,0,0,0
39.135,9500.00000000104,1.54506871244376,9500,9500.00000000118,1.54506871244376,1.54506871244376,0,-2.22394787275687e-09,20.3844809037084,1,0,15030.123560741,-15030.1235607537,1.54506871244376,1.5418159808907,1.54181598088768,3.01536573488193e-12,-2.82360262782536e-09,0.00325273154740913,1.54506871244414,0,267.161443506003,60.6481711487664,4.17427558592024e-10,1,0.986611166637925,0,-1.88915549870217e-12,6.03073146976385e-12,0,0,0
39.15,9500.00000000101,1.5450687124438,9500,9500.00000000115,1.5450687124438,1.5450687124438,0,-2.15446759555541e-09,20.3844809037093,1,0,15030.1235607412,-15030.1235607535,1.5450687124438,1.5418159808907,1.54181598088857,2.1245227799227e-12,-2.73550264652054e-09,0.00325273154703321,1.54506871244198,0,267.161443506003,60.6481711487664,4.17458089502346e-10,1,0.986611166637922,0,-9.5989882709091e-13,4.2490455598454e-12,0,0,0
39.165,9500.00000000097,1.54506871244386,9500,9500.00000000111,1.54506871244386,1.54506871244386,0,-2.07977629756383e-09,20.3844809037101,1,0,15030.1235607415,-15030.1235607533,1.54506871244386,1.5418159808907,1.54181598088733,3.37219141499645e-12,-2.66689031209177e-09,0.00325273154885219,1.54506871244629,0,267.161443506003,60.6481711487664,4.17496195751318e-10,1,0.986611166637918,0,-2.86903834023633e-12,6.7443828299929e-12,0,0,0
39.18,9500.00000000094,1.54506871244391,9500,9500.00000000108,1.54506871244391,1.54506871244391,0,-2.00624300419228e-09,20.384480903711,1,0,15030.1235607418,-15030.1235607532,1.54506871244391,1.5418159808907,1.54181598088782,2.88213897192691e-12,-2.58663103686591e-09,0.00325273154642147,1.54506871244288,0,267.161443506003,60.6481711487664,4.17517085321538e-10,1,0.986611166637915,0,-7.72271135929259e-13,5.76427794385381e-12,0,0,0
39.195,9500.00000000091,1.54506871244398,9500,9500.00000000104,1.54506871244398,1.54506871244398,0,-1.93386771544076e-09,20.3844809037118,1,0,15030.123560742,-15030.123560753,1.54506871244398,1.5418159808907,1.54181598088758,3.11861647617206e-12,-2.52412505047126e-09,0.00325273154744687,1.54506871244438,0,267.161443506003,60.6481711487664,4.17545435452551e-10,1,0.986611166637912,0,-6.34825525480665e-13,6.23723295234413e-12,0,0,0
39.21,9500.00000000088,1.54506871244403,9500,9500.00000000101,1.54506871244403,1.54506871244403,0,-1.850491382799e-09,20.3844809037125,1,0,15030.1235607423,-15030.1235607529,1.54506871244403,1.5418159808907,1.54181598088887,1.82764914313793e-12,-2.44862140387607e-09,0.00325273154704497,1.5450687124414,0,267.161443506003,60.6481711487664,4.17579065365048e-10,1,0.986611166637909,0,-7.7760020644746e-13,3.65529828627587e-12,0,0,0
39.225,9500.00000000086,1.54506871244406,9500,9500.00000000098,1.54506871244406,1.54506871244406,0,-1.82096226498838e-09,20.3844809037133,1,0,15030.1235607423,-15030.1235607527,1.54506871244406,1.5418159808907,1.5418159808879,2.79487544219137e-12,-2.36299516933861e-09,0.00325273154967798,1.54506871244596,0,267.161443506003,60.6481711487664,4.17597429822384e-10,1,0.986611166637906,0,-2.01660910192913e-12,5.58975088438274e-12,0,0,0
39.24,9500.00000000083,1.54506871244411,9500,9500.00000000095,1.54506871244411,1.54506871244411,0,-1.7601670224371e-09,20.384480903714,1,0,15030.1235607425,-15030.1235607525,1.54506871244411,1.5418159808907,1.54181598088845,2.25197638314967e-12,-2.29630939082938e-09,0.0032527315477735,1.54506871244297,0,267.161443506003,60.6481711487664,4.17614072611844e-10,1,0.986611166637903,0,-1.60760293965723e-13,4.50395276629934e-12,0,0,0
39.255,9500.0000000008,1.54506871244419,9500,9500.00000000091,1.54506871244419,1.54506871244419,0,-1.66405263897507e-09,20.3844809037147,1,0,15030.123560743,-15030.1235607524,1.54506871244419,1.5418159808907,1.54181598088769,3.0044855492406e-12,-2.24437445430667e-09,0.00325273154891192,1.54506871244562,0,267.161443506003,60.6481711487664,4.17650686748658e-10,1,0.9866111666379,0,-1.05182529352987e-12,6.0089710984812e-12,0,0,0
39.27,9500.00000000078,1.54506871244424,9500,9500.00000000089,1.54506871244424,1.54506871244424,0,-1.60673141028386e-09,20.3844809037154,1,0,15030.1235607432,-15030.1235607523,1.54506871244424,1.5418159808907,1.5418159808893,1.39244171748487e-12,-2.17710354962963e-09,0.00325273154748262,1.54506871244096,0,267.161443506003,60.6481711487664,4.17685579217597e-10,1,0.986611166637898,0,-7.95807864051312e-13,2.78488343496974e-12,0,0,0
39.285,9500.00000000075,1.54506871244432,9500,9500.00000000086,1.54506871244432,1.54506871244432,0,-1.54304115618252e-09,20.384480903716,1,0,15030.1235607434,-15030.1235607522,1.54506871244432,1.5418159808907,1.54181598088861,2.08877359852977e-12,-2.12471291638923e-09,0.00325273155075934,1.54506871244563,0,267.161443506003,60.6481711487664,4.1772368546657e-10,1,0.986611166637895,0,-7.77378161842535e-13,4.17754719705954e-12,0,0,0
39.3,9500.00000000073,1.54506871244437,9500,9500.00000000083,1.54506871244437,1.54506871244437,0,-1.44924278196054e-09,20.3844809037166,1,0,15030.1235607438,-15030.123560752,1.54506871244437,1.5418159808907,1.54181598088704,3.65307784022662e-12,-2.05708711475162e-09,0.00325273154944128,1.54506871244744,0,267.161443506003,60.6481711487664,4.17734933696688e-10,1,0.986611166637893,0,-6.10844708148761e-13,7.30615568045323e-12,0,0,0
39.315,9500.00000000071,1.54506871244439,9500,9500.0000000008,1.54506871244439,1.54506871244439,0,-1.43882074038032e-09,20.3844809037172,1,0,15030.1235607438,-15030.1235607519,1.54506871244439,1.5418159808907,1.54181598088855,2.14295248213148e-12,-1.97759615203603e-09,0.00325273154636285,1.54506871244135,0,267.161443506003,60.6481711487664,4.17754101599033e-10,1,0.986611166637891,0,-1.04116715249347e-12,4.28590496426295e-12,0,0,0
39.33,9500.00000000069,1.54506871244443,9500,9500.00000000078,1.54506871244443,1.54506871244443,0,-1.37165647241891e-09,20.3844809037178,1,0,15030.1235607441,-15030.1235607518,1.54506871244443,1.5418159808907,1.54181598088804,2.65876209937232e-12,-1.91568852802603e-09,0.00325273154940753,1.54506871244542,0,267.161443506003,60.6481711487664,4.17774991169252e-10,1,0.986611166637888,0,-7.58060281214057e-13,5.31752419874465e-12,0,0,0
39.345,9500.00000000067,1.54506871244445,9500,9500.00000000075,1.54506871244445,1.54506871244445,0,-1.34965438463844e-09,20.3844809037184,1,0,15030.1235607441,-15030.1235607517,1.54506871244445,1.5418159808907,1.54181598089006,6.40598685208715e-13,-1.84065088652457e-09,0.00325273154841965,1.5450687124404,0,267.161443506003,60.6481711487664,4.17781992618612e-10,1,0.986611166637886,0,-1.24478205520973e-12,1.28119737041743e-12,0,0,0
39.36,9500.00000000065,1.54506871244448,9500,9500.00000000073,1.54506871244448,1.54506871244448,0,-1.30854522062758e-09,20.3844809037188,1,0,15030.1235607442,-15030.1235607516,1.54506871244448,1.5418159808907,1.54181598088725,3.44280159936261e-12,-1.7822115125634e-09,0.00325273155247263,1.54506871245006,0,267.161443506003,60.6481711487664,4.17800471853806e-10,1,0.986611166637884,0,-1.02273745028469e-12,6.88560319872522e-12,0,0,0
39.375,9500.00000000063,1.54506871244449,9500,9500.00000000071,1.54506871244449,1.54506871244449,0,-1.28364812129705e-09,20.3844809037194,1,0,15030.1235607442,-15030.1235607515,1.54506871244449,1.5418159808907,1.54181598088939,1.30295774170008e-12,-1.70987494691585e-09,0.00325273154690198,1.54506871244021,0,267.161443506003,60.6481711487664,4.17815278197534e-10,1,0.986611166637882,0,-1.70086167372574e-13,2.60591548340017e-12,0,0,0
39.39,9500.00000000061,1.54506871244451,9500,9500.00000000069,1.54506871244451,1.54506871244451,0,-1.25180299424638e-09,20.3844809037199,1,0,15030.1235607443,-15030.1235607514,1.54506871244451,1.5418159808907,1.54181598088793,2.76534350973634e-12,-1.65353917294485e-09,0.00325273155118766,1.54506871244742,0,267.161443506003,60.6481711487664,4.17838692880638e-10,1,0.98661116663788,0,-2.89990254032091e-13,5.53068701947268e-12,0,0,0
39.405,9500.00000000059,1.54506871244455,9500,9500.00000000067,1.54506871244455,1.54506871244455,0,-1.21764185795566e-09,20.3844809037204,1,0,15030.1235607444,-15030.1235607513,1.54506871244455,1.5418159808907,1.54181598088902,1.67710290099876e-12,-1.60966482806129e-09,0.00325273154828531,1.54506871244234,0,267.161443506003,60.6481711487664,4.17856024337249e-10,1,0.986611166637878,0,-4.92050844513869e-13,3.35420580199752e-12,0,0,0
39.42,9500.00000000057,1.54506871244456,9500,9500.00000000065,1.54506871244456,1.54506871244456,0,-1.18463872628497e-09,20.3844809037209,1,0,15030.1235607445,-15030.1235607512,1.54506871244456,1.5418159808907,1.54181598088882,1.88027371450517e-12,-1.54867151846485e-09,0.00325273155050021,1.54506871244496,0,267.161443506003,60.6481711487664,4.17864517898767e-10,1,0.986611166637876,0,-1.49258383430606e-12,3.76054742901033e-12,0,0,0
39.435,9500.00000000055,1.54506871244458,9500,9500.00000000063,1.54506871244458,1.54506871244458,0,-1.14758257844419e-09,20.3844809037214,1,0,15030.1235607446,-15030.1235607511,1.54506871244458,1.5418159808907,1.54181598088916,1.54032342436494e-12,-1.50116988118903e-09,0.00325273155010275,1.54506871244388,0,267.161443506003,60.6481711487664,4.17893671474788e-10,1,0.986611166637874,0,-4.9338311214342e-13,3.08064684872988e-12,0,0,0
39.45,9500.00000000053,1.54506871244462,9500,9500.00000000061,1.54506871244462,1.54506871244462,0,-1.10010438902319e-09,20.3844809037218,1,0,15030.1235607448,-15030.1235607511,1.54506871244462,1.5418159808907,1.54181598089053,1.71418435002124e-13,-1.46417556888145e-09,0.00325273155080619,1.54506871244185,0,267.161443506003,60.6481711487664,4.17906411817065e-10,1,0.986611166637873,0,-1.18216547662087e-12,3.42836870004248e-13,0,0,0
39.465,9500.00000000052,1.54506871244463,9500,9500.00000000059,1.54506871244463,1.54506871244463,0,-1.09084035206299e-09,20.3844809037222,1,0,15030.1235607448,-15030.123560751,1.54506871244463,1.5418159808907,1.5418159808894,1.29540822513263e-12,-1.40854043404273e-09,0.00325273155358241,1.54506871244687,0,267.161443506003,60.6481711487664,4.17910773375682e-10,1,0.986611166637871,0,-1.92512672470002e-13,2.59081645026527e-12,0,0,0
39.48,9500.0000000005,1.54506871244465,9500,9500.00000000057,1.54506871244465,1.54506871244465,0,-1.05725821808228e-09,20.3844809037226,1,0,15030.1235607449,-15030.1235607509,1.54506871244465,1.5418159808907,1.54181598089061,9.17044218340379e-14,-1.36521174746405e-09,0.0032527315513422,1.54506871244222,0,267.161443506003,60.6481711487664,4.17930744723035e-10,1,0.986611166637869,0,2.32702745961433e-13,1.83408843668076e-13,0,0,0
39.495,9500.00000000049,1.54506871244469,9500,9500.00000000055,1.54506871244469,1.54506871244469,0,-1.0155700517614e-09,20.3844809037231,1,0,15030.1235607451,-15030.1235607508,1.54506871244469,1.5418159808907,1.54181598088898,1.72040159895914e-12,-1.33146733242712e-09,0.00325273155377093,1.54506871244791,0,267.161443506003,60.6481711487664,4.17937860950253e-10,1,0.986611166637867,0,-8.78408457083424e-13,3.44080319791829e-12,0,0,0
39.51,9500.00000000047,1.54506871244469,9500,9500.00000000053,1.54506871244469,1.54506871244469,0,-9.99357987081062e-10,20.3844809037235,1,0,15030.1235607451,-15030.1235607507,1.54506871244469,1.5418159808907,1.5418159808886,2.09743333812185e-12,-1.27836322012769e-09,0.00325273155054862,1.54506871244544,0,267.161443506003,60.6481711487664,4.17958061853323e-10,1,0.986611166637866,0,3.26405569239796e-14,4.19486667624369e-12,0,0,0
39.525,9500.00000000046,1.5450687124447,9500,9500.00000000052,1.5450687124447,1.5450687124447,0,-9.85461931640769e-10,20.3844809037238,1,0,15030.1235607451,-15030.1235607507,1.5450687124447,1.5418159808907,1.54181598088999,7.04103442217274e-13,-1.23700569588458e-09,0.00325273154979699,1.5450687124419,0,267.161443506003,60.6481711487664,4.17962538189799e-10,1,0.986611166637865,0,-5.15587572635923e-13,1.40820688443455e-12,0,0,0
39.54,9500.00000000044,1.54506871244473,9500,9500.0000000005,1.54506871244473,1.54506871244473,0,-9.61722836930269e-10,20.3844809037242,1,0,15030.1235607451,-15030.1235607506,1.54506871244473,1.5418159808907,1.54181598089013,5.62661028880029e-13,-1.20479642361815e-09,0.00325273155259787,1.54506871244442,0,267.161443506003,60.6481711487664,4.17970572639883e-10,1,0.986611166637863,0,-2.36033415035308e-13,1.12532205776006e-12,0,0,0
39.555,9500.00000000043,1.54506871244477,9500,9500.00000000049,1.54506871244477,1.54506871244477,0,-9.10191631339183e-10,20.3844809037246,1,0,15030.1235607454,-15030.1235607505,1.54506871244477,1.5418159808907,1.5418159808891,1.59738888783068e-12,-1.1797118171549e-09,0.0032527315529074,1.5450687124468,0,267.161443506003,60.6481711487664,4.17986871095769e-10,1,0.986611166637861,0,1.58095758706622e-13,3.19477777566135e-12,0,0,0
39.57,9500.00000000041,1.54506871244477,9500,9500.00000000047,1.54506871244477,1.54506871244477,0,-8.84715529698646e-10,20.384480903725,1,0,15030.1235607454,-15030.1235607505,1.54506871244477,1.5418159808907,1.54181598088914,1.55653268052447e-12,-1.1333519705539e-09,0.0032527315508768,1.54506871244469,0,267.161443506003,60.6481711487664,4.18009597111723e-10,1,0.98661116663786,0,-9.77440350879988e-13,3.11306536104894e-12,0,0,0
39.585,9500.0000000004,1.54506871244479,9500,9500.00000000046,1.54506871244479,1.54506871244479,0,-8.78925506598524e-10,20.3844809037253,1,0,15030.1235607454,-15030.1235607504,1.54506871244479,1.5418159808907,1.54181598088914,1.55919721578357e-12,-1.09724688571796e-09,0.00325273155096406,1.54506871244478,0,267.161443506003,60.6481711487664,4.18016598561082e-10,1,0.986611166637859,0,-8.93063401008476e-13,3.11839443156714e-12,0,0,0
39.6,9500.00000000039,1.54506871244482,9500,9500.00000000044,1.54506871244482,1.54506871244482,0,-8.49975391097914e-10,20.3844809037257,1,0,15030.1235607455,-15030.1235607503,1.54506871244482,1.5418159808907,1.54181598088902,1.68021152546771e-12,-1.06912821737488e-09,0.00325273155097494,1.54506871244503,0,267.161443506003,60.6481711487664,4.18030257126226e-10,1,0.986611166637857,0,-1.00919272938427e-12,3.36042305093542e-12,0,0,0
39.615,9500.00000000037,1.54506871244486,9500,9500.00000000043,1.54506871244486,1.54506871244486,0,-7.77600102346389e-10,20.384480903726,1,0,15030.1235607458,-15030.1235607502,1.54506871244486,1.5418159808907,1.54181598088923,1.46282985724611e-12,-1.04722937645036e-09,0.00325273155076022,1.54506871244438,0,267.161443506003,60.6481711487664,4.18042997468503e-10,1,0.986611166637856,0,-4.2632564145606e-14,2.92565971449221e-12,0,0,0
39.63,9500.00000000036,1.54506871244486,9500,9500.00000000041,1.54506871244486,1.54506871244486,0,-7.71231076936254e-10,20.3844809037263,1,0,15030.1235607458,-15030.1235607502,1.54506871244486,1.5418159808907,1.54181598088901,1.68265401612189e-12,-1.00335060654561e-09,0.00325273155123318,1.5450687124453,0,267.161443506003,60.6481711487664,4.18037258575585e-10,1,0.986611166637855,0,-7.57616192004207e-13,3.36530803224377e-12,0,0,0
39.645,9500.00000000035,1.54506871244487,9500,9500.0000000004,1.54506871244487,1.54506871244487,0,-7.71231076936254e-10,20.3844809037265,1,0,15030.1235607458,-15030.1235607502,1.54506871244487,1.5418159808907,1.54181598088904,1.65556457432103e-12,-9.69177786183573e-10,0.00325273155079664,1.54506871244481,0,267.161443506003,60.6481711487664,4.1805504914363e-10,1,0.986611166637854,0,3.74145159298678e-13,3.31112914864207e-12,0,0,0
39.66,9500.00000000034,1.54506871244489,9500,9500.00000000039,1.54506871244489,1.54506871244489,0,-7.38227945265559e-10,20.3844809037269,1,0,15030.1235607459,-15030.1235607501,1.54506871244489,1.5418159808907,1.5418159808891,1.60182977992918e-12,-9.42563966925863e-10,0.00325273155086325,1.54506871244476,0,267.161443506003,60.6481711487664,4.1807031459879e-10,1,0.986611166637853,0,-3.86801701779405e-13,3.20365955985835e-12,0,0,0
39.675,9500.00000000033,1.54506871244492,9500,9500.00000000038,1.54506871244492,1.54506871244492,0,-7.15646855175083e-10,20.3844809037272,1,0,15030.123560746,-15030.12356075,1.54506871244492,1.5418159808907,1.54181598088891,1.78879133727605e-12,-9.21837103647438e-10,0.00325273155099248,1.54506871244527,0,267.161443506003,60.6481711487664,4.18084087941792e-10,1,0.986611166637851,0,-1.15996101612836e-12,3.5775826745521e-12,0,0,0
39.69,9500.00000000032,1.54506871244492,9500,9500.00000000037,1.54506871244492,1.54506871244492,0,-6.94802772014644e-10,20.3844809037274,1,0,15030.123560746,-15030.1235607499,1.54506871244492,1.5418159808907,1.54181598089011,5.84865489372532e-13,-8.78871070851203e-10,0.00325273155064965,1.54506871244252,0,267.161443506003,60.6481711487664,4.18102452399129e-10,1,0.98661116663785,0,5.75095526755831e-14,1.16973097874506e-12,0,0,0
39.705,9500.00000000031,1.54506871244492,9500,9500.00000000035,1.54506871244492,1.54506871244492,0,-6.93065765084607e-10,20.3844809037277,1,0,15030.123560746,-15030.1235607499,1.54506871244492,1.5418159808907,1.54181598088928,1.41797684705125e-12,-8.45409090864023e-10,0.00325273155305261,1.54506871244659,0,267.161443506003,60.6481711487664,4.18098549951945e-10,1,0.986611166637849,0,6.89004409082372e-13,2.8359536941025e-12,0,0,0
39.72,9500.0000000003,1.54506871244498,9500,9500.00000000034,1.54506871244498,1.54506871244498,0,-6.40376554873496e-10,20.3844809037281,1,0,15030.1235607462,-15030.1235607499,1.54506871244498,1.5418159808907,1.54181598088917,1.52544643583497e-12,-8.46172810091272e-10,0.00325273155138994,1.54506871244514,0,267.161443506003,60.6481711487664,4.18128277417258e-10,1,0.986611166637848,0,1.41864298086603e-12,3.05089287166993e-12,0,0,0
39.735,9500.00000000029,1.545068712445,9500,9500.00000000033,1.545068712445,1.545068712445,0,-6.14321450922947e-10,20.3844809037283,1,0,15030.1235607463,-15030.1235607498,1.545068712445,1.5418159808907,1.54181598089024,4.55635529306164e-13,-8.19943659779116e-10,0.00325273155123207,1.54506871244284,0,267.161443506003,60.6481711487664,4.18119209966448e-10,1,0.986611166637847,0,-1.02429176251917e-12,9.11271058612328e-13,0,0,0
39.75,9500.00000000028,1.54506871244503,9500,9500.00000000032,1.54506871244503,1.54506871244503,0,-5.73212286912081e-10,20.3844809037285,1,0,15030.1235607465,-15030.1235607498,1.54506871244503,1.5418159808907,1.54181598088935,1.34936506412942e-12,-7.99516376976712e-10,0.00325273155339234,1.54506871244679,0,267.161443506003,60.6481711487664,4.18131032085858e-10,1,0.986611166637846,0,-5.18252107895023e-13,2.69873012825883e-12,0,0,0
39.765,9500.00000000027,1.54506871244507,9500,9500.00000000031,1.54506871244507,1.54506871244507,0,-5.50631196821605e-10,20.3844809037287,1,0,15030.1235607466,-15030.1235607497,1.54506871244507,1.5418159808907,1.54181598088985,8.5087492607272e-13,-7.83607593134178e-10,0.00325273155163353,1.54506871244403,0,267.161443506003,60.6481711487664,4.18143313316701e-10,1,0.986611166637845,0,-1.05604414102345e-12,1.70174985214544e-12,0,0,0
39.78,9500.00000000026,1.54506871244507,9500,9500.0000000003,1.54506871244507,1.54506871244507,0,-5.33261127521239e-10,20.3844809037289,1,0,15030.1235607467,-15030.1235607497,1.54506871244507,1.5418159808907,1.54181598088925,1.44262379819793e-12,-7.44393884375515e-10,0.00325273155266737,1.54506871244625,0,267.161443506003,60.6481711487664,4.18141017759534e-10,1,0.986611166637844,0,-5.79536418854332e-13,2.88524759639586e-12,0,0,0
39.795,9500.00000000025,1.54506871244507,9500,9500.00000000029,1.54506871244507,1.54506871244507,0,-5.25155095181068e-10,20.3844809037291,1,0,15030.1235607467,-15030.1235607496,1.54506871244507,1.5418159808907,1.54181598088916,1.54121160278464e-12,-7.13854217287135e-10,0.00325273155148342,1.54506871244526,0,267.161443506003,60.6481711487664,4.18141591648826e-10,1,0.986611166637843,0,-8.94839757847876e-13,3.08242320556928e-12,0,0,0
39.81,9500.00000000025,1.54506871244509,9500,9500.00000000028,1.54506871244509,1.54506871244509,0,-4.97941986610494e-10,20.3844809037294,1,0,15030.1235607468,-15030.1235607496,1.54506871244509,1.5418159808907,1.54181598088961,1.08957287636713e-12,-6.90069900643964e-10,0.00325273155129246,1.54506871244417,0,267.161443506003,60.6481711487664,4.18155479769687e-10,1,0.986611166637843,0,-4.01900734914307e-14,2.17914575273426e-12,0,0,0
39.825,9500.00000000024,1.5450687124451,9500,9500.00000000027,1.5450687124451,1.5450687124451,0,-4.84045931170202e-10,20.3844809037296,1,0,15030.1235607468,-15030.1235607496,1.5450687124451,1.5418159808907,1.54181598088934,1.35935707135104e-12,-6.71546656217444e-10,0.00325273155220862,1.54506871244562,0,267.161443506003,60.6481711487664,4.18169712224122e-10,1,0.986611166637842,0,-8.95505891662651e-13,2.71871414270208e-12,0,0,0
39.84,9500.00000000023,1.54506871244513,9500,9500.00000000026,1.54506871244513,1.54506871244513,0,-4.62043843389738e-10,20.3844809037298,1,0,15030.1235607469,-15030.1235607495,1.54506871244513,1.5418159808907,1.54181598088989,8.05355782063089e-13,-6.57120738953048e-10,0.00325273155168837,1.545068712444,0,267.161443506003,60.6481711487664,4.18174762449889e-10,1,0.986611166637841,0,-6.69464483848969e-13,1.61071156412618e-12,0,0,0
39.855,9500.00000000023,1.54506871244512,9500,9500.00000000026,1.54506871244512,1.54506871244512,0,-4.59727834149689e-10,20.3844809037299,1,0,15030.1235607469,-15030.1235607495,1.54506871244512,1.5418159808907,1.54181598089034,3.5527136788005e-13,-6.19061887846628e-10,0.00325273155282257,1.54506871244423,0,267.161443506003,60.6481711487664,4.18180616120666e-10,1,0.986611166637841,0,7.53397344510631e-13,7.105427357601e-13,0,0,0
39.87,9500.00000000022,1.54506871244511,9500,9500.00000000025,1.54506871244511,1.54506871244511,0,-4.65517857249811e-10,20.3844809037301,1,0,15030.1235607468,-15030.1235607494,1.54506871244511,1.5418159808907,1.54181598088961,1.09157127781145e-12,-5.89421624802151e-10,0.00325273155371009,1.54506871244659,0,267.161443506003,60.6481711487664,4.18180501342807e-10,1,0.98661116663784,0,1.27453603226968e-13,2.18314255562291e-12,0,0,0
39.885,9500.00000000021,1.54506871244511,9500,9500.00000000024,1.54506871244511,1.54506871244511,0,-4.5741182490964e-10,20.3844809037303,1,0,15030.1235607468,-15030.1235607494,1.54506871244511,1.5418159808907,1.54181598089001,6.83231249354321e-13,-5.6633776473267e-10,0.00325273155223038,1.54506871244429,0,267.161443506003,60.6481711487664,4.18181763899249e-10,1,0.986611166637839,0,-3.02646796512818e-13,1.36646249870864e-12,0,0,0
39.9,9500.0000000002,1.54506871244511,9500,9500.00000000023,1.54506871244511,1.54506871244511,0,-4.53358808739555e-10,20.3844809037306,1,0,15030.1235607468,-15030.1235607494,1.54506871244511,1.5418159808907,1.54181598088955,1.15130127653629e-12,-5.48360036434248e-10,0.00325273155304573,1.54506871244605,0,267.161443506003,60.6481711487664,4.18177287562773e-10,1,0.986611166637838,0,-5.53113110868253e-13,2.30260255307257e-12,0,0,0
39.915,9500.0000000002,1.54506871244512,9500,9500.00000000023,1.54506871244512,1.54506871244512,0,-4.43515769469347e-10,20.3844809037307,1,0,15030.1235607468,-15030.1235607493,1.54506871244512,1.5418159808907,1.54181598089058,1.20348175869367e-13,-5.34358967557591e-10,0.00325273155211336,1.54506871244305,0,267.161443506003,60.6481711487664,4.18192782573651e-10,1,0.986611166637837,0,-2.72892819452863e-13,2.40696351738734e-13,0,0,0
39.93,9500.00000000019,1.54506871244514,9500,9500.00000000022,1.54506871244514,1.54506871244514,0,-4.17460665518798e-10,20.3844809037309,1,0,15030.1235607469,-15030.1235607493,1.54506871244514,1.5418159808907,1.54181598088987,8.23563439666941e-13,-5.23454924152614e-10,0.0032527315541846,1.54506871244653,0,267.161443506003,60.6481711487664,4.18202768247327e-10,1,0.986611166637837,0,6.55031584528842e-14,1.64712687933388e-12,0,0,0
39.945,9500.00000000018,1.54506871244516,9500,9500.00000000021,1.54506871244516,1.54506871244516,0,-4.05880619318554e-10,20.3844809037311,1,0,15030.123560747,-15030.1235607493,1.54506871244516,1.5418159808907,1.5418159808896,1.09490194688533e-12,-5.14962846610174e-10,0.00325273155279282,1.54506871244568,0,267.161443506003,60.6481711487664,4.1821654159033e-10,1,0.986611166637836,0,-1.73194791841524e-14,2.18980389377066e-12,0,0,0
39.96,9500.00000000018,1.54506871244518,9500,9500.00000000021,1.54506871244518,1.54506871244518,0,-3.64771455307688e-10,20.3844809037312,1,0,15030.1235607472,-15030.1235607492,1.54506871244518,1.5418159808907,1.54181598089059,1.03472785895065e-13,-5.08349209970218e-10,0.00325273155227035,1.54506871244317,0,267.161443506003,60.6481711487664,4.18217459813196e-10,1,0.986611166637836,0,-1.46593848171506e-12,2.06945571790129e-13,0,0,0
39.975,9500.00000000017,1.54506871244521,9500,9500.0000000002,1.54506871244521,1.54506871244521,0,-3.4682238369731e-10,20.3844809037313,1,0,15030.1235607472,-15030.1235607492,1.54506871244521,1.5418159808907,1.54181598089083,-1.36779476633819e-13,-5.03198504576071e-10,0.0032527315542783,1.5450687124447,0,267.161443506003,60.6481711487664,4.18227101153298e-10,1,0.986611166637835,0,-9.87210313496689e-13,-2.73558953267639e-13,0,0,0
39.99,9500.00000000017,1.54506871244525,9500,9500.00000000019,1.54506871244525,1.54506871244525,0,-3.19030272816724e-10,20.3844809037315,1,0,15030.1235607474,-15030.1235607492,1.54506871244525,1.5418159808907,1.54181598088879,1.90603088867647e-12,-4.99187131181739e-10,0.00325273155478922,1.5450687124493,0,267.161443506003,60.6481711487664,4.18237660716266e-10,1,0.986611166637834,0,3.46389583683049e-14,3.81206177735294e-12,0,0,0
40.005,9500.00000000016,1.54506871244524,9500,9500.00000000019,1.54506871244524,1.54506871244524,0,-3.08608231236504e-10,20.3844809037316,1,0,15030.1235607474,-15030.1235607491,1.54506871244524,1.5418159808907,1.54181598088946,1.23279164654377e-12,-4.69239134996657e-10,0.00325273155073957,1.5450687124439,0,267.161443506003,60.6481711487664,4.18236972049116e-10,1,0.986611166637834,0,7.42961248079155e-13,2.46558329308755e-12,0,0,0
40.02,9500.00000000016,1.54506871244524,9500,9500.00000000018,1.54506871244524,1.54506871244524,0,-3.09766235856529e-10,20.3844809037318,1,0,15030.1235607474,-15030.1235607491,1.54506871244524,1.5418159808907,1.54181598088955,1.15063514272151e-12,-4.45915612116296e-10,0.00325273155208161,1.54506871244508,0,267.161443506003,60.6481711487664,4.18244891721342e-10,1,0.986611166637833,0,6.87006007638047e-13,2.30127028544302e-12,0,0,0
40.035,9500.00000000015,1.54506871244525,9500,9500.00000000017,1.54506871244525,1.54506871244525,0,-3.1266124740659e-10,20.3844809037319,1,0,15030.1235607473,-15030.1235607491,1.54506871244525,1.5418159808907,1.54181598088992,7.73159314348959e-13,-4.27751234233088e-10,0.00325273155224592,1.54506871244449,0,267.161443506003,60.6481711487664,4.18251778392843e-10,1,0.986611166637833,0,-1.10578213252666e-12,1.54631862869792e-12,0,0,0
40.05,9500.00000000015,1.54506871244526,9500,9500.00000000017,1.54506871244526,1.54506871244526,0,-2.99344194276309e-10,20.3844809037321,1,0,15030.1235607474,-15030.1235607491,1.54506871244526,1.5418159808907,1.54181598088943,1.2694290063564e-12,-4.1360480251364e-10,0.00325273155300465,1.54506871244624,0,267.161443506003,60.6481711487664,4.18273930519505e-10,1,0.986611166637832,0,2.28927987677707e-13,2.53885801271281e-12,0,0,0
40.065,9500.00000000014,1.54506871244527,9500,9500.00000000016,1.54506871244527,1.54506871244527,0,-2.90080157316114e-10,20.3844809037322,1,0,15030.1235607474,-15030.123560749,1.54506871244527,1.5418159808907,1.54181598088992,7.74713626583434e-13,-4.02587550412868e-10,0.0032527315520201,1.54506871244427,0,267.161443506003,60.6481711487664,4.1826245273367e-10,1,0.986611166637832,0,-2.93098878501041e-14,1.54942725316687e-12,0,0,0
40.08,9500.00000000014,1.54506871244528,9500,9500.00000000016,1.54506871244528,1.54506871244528,0,-2.64025053365565e-10,20.3844809037323,1,0,15030.1235607475,-15030.123560749,1.54506871244528,1.5418159808907,1.54181598088973,9.70779012732237e-13,-3.94007305849491e-10,0.00325273155302153,1.54506871244566,0,267.161443506003,60.6481711487664,4.1826658473657e-10,1,0.986611166637831,0,4.18332035678759e-13,1.94155802546447e-12,0,0,0
40.095,9500.00000000013,1.5450687124453,9500,9500.00000000015,1.5450687124453,1.5450687124453,0,-2.28126910144808e-10,20.3844809037324,1,0,15030.1235607477,-15030.123560749,1.5450687124453,1.5418159808907,1.54181598088922,1.47704071196131e-12,-3.87325004664589e-10,0.00325273155264494,1.5450687124463,0,267.161443506003,60.6481711487664,4.18259238953636e-10,1,0.986611166637831,0,1.19437792989174e-12,2.95408142392262e-12,0,0,0
40.11,9500.00000000013,1.54506871244533,9500,9500.00000000015,1.54506871244533,1.54506871244533,0,-2.06703824674356e-10,20.3844809037324,1,0,15030.1235607478,-15030.123560749,1.54506871244533,1.5418159808907,1.54181598088976,9.32365296080206e-13,-3.82120823269069e-10,0.0032527315516524,1.54506871244421,0,267.161443506003,60.6481711487664,4.18282997970315e-10,1,0.986611166637831,0,3.10640402290119e-13,1.86473059216041e-12,0,0,0
40.125,9500.00000000013,1.54506871244531,9500,9500.00000000014,1.54506871244531,1.54506871244531,0,-2.3912795403504e-10,20.3844809037325,1,0,15030.1235607476,-15030.123560749,1.54506871244531,1.5418159808907,1.54181598088933,1.36735067712834e-12,-3.51243867278608e-10,0.00325273155276551,1.5450687124462,0,267.161443506003,60.6481711487664,4.18296771313317e-10,1,0.98661116663783,0,1.16773257730074e-12,2.73470135425669e-12,0,0,0
40.14,9500.00000000012,1.54506871244529,9500,9500.00000000014,1.54506871244529,1.54506871244529,0,-2.3912795403504e-10,20.3844809037326,1,0,15030.1235607476,-15030.123560749,1.54506871244529,1.5418159808907,1.54181598088983,8.64641691578072e-13,-3.27196869774376e-10,0.00325273155187733,1.5450687124443,0,267.161443506003,60.6481711487664,4.18270372405896e-10,1,0.98661116663783,0,-5.99520433297585e-14,1.72928338315614e-12,0,0,0
40.155,9500.00000000012,1.54506871244528,9500,9500.00000000014,1.54506871244528,1.54506871244528,0,-2.58235030265442e-10,20.3844809037327,1,0,15030.1235607475,-15030.1235607489,1.54506871244528,1.5418159808907,1.54181598089021,4.83613149526718e-13,-3.08469049287564e-10,0.00325273155286721,1.54506871244453,0,267.161443506003,60.6481711487664,4.18288736863232e-10,1,0.986611166637829,0,3.41948691584548e-13,9.67226299053436e-13,0,0,0
40.17,9500.00000000012,1.54506871244527,9500,9500.00000000013,1.54506871244527,1.54506871244527,0,-2.61130041815503e-10,20.3844809037328,1,0,15030.1235607474,-15030.1235607489,1.54506871244527,1.5418159808907,1.54181598089077,-7.34967642301854e-14,-2.93883808027214e-10,0.00325273155361661,1.54506871244417,0,267.161443506003,60.6481711487664,4.18280702413148e-10,1,0.986611166637829,0,-1.08468789505878e-12,-1.46993528460371e-13,0,0,0
40.185,9500.00000000011,1.54506871244526,9500,9500.00000000013,1.54506871244526,1.54506871244526,0,-2.54182014095357e-10,20.3844809037329,1,0,15030.1235607474,-15030.1235607489,1.54506871244526,1.5418159808907,1.54181598089086,-1.66533453693773e-13,-2.82524810712368e-10,0.00325273155472083,1.54506871244509,0,267.161443506003,60.6481711487664,4.18277029521681e-10,1,0.986611166637829,0,-7.93809462606987e-13,-3.33066907387547e-13,0,0,0
40.2,9500.00000000011,1.54506871244526,9500,9500.00000000013,1.54506871244526,1.54506871244526,0,-2.50128997925272e-10,20.3844809037331,1,0,15030.1235607475,-15030.1235607489,1.54506871244526,1.5418159808907,1.54181598089019,5.07816011463547e-13,-2.7367841470866e-10,0.00325273155489958,1.54506871244661,0,267.161443506003,60.6481711487664,4.18279439856706e-10,1,0.986611166637828,0,-6.07069949865036e-13,1.01563202292709e-12,0,0,0
40.215,9500.00000000011,1.54506871244526,9500,9500.00000000012,1.54506871244526,1.54506871244526,0,-2.54182014095357e-10,20.3844809037331,1,0,15030.1235607474,-15030.1235607488,1.54506871244526,1.5418159808907,1.54181598088915,1.54942725316687e-12,-2.66788834573613e-10,0.00325273155354644,1.54506871244734,0,267.161443506003,60.6481711487664,4.18282079747448e-10,1,0.986611166637828,0,9.32809385290057e-13,3.09885450633374e-12,0,0,0
40.23,9500.0000000001,1.54506871244526,9500,9500.00000000012,1.54506871244526,1.54506871244526,0,-2.5765602795543e-10,20.3844809037332,1,0,15030.1235607474,-15030.1235607488,1.54506871244526,1.5418159808907,1.54181598089006,6.3993255139394e-13,-2.61423224169405e-10,0.00325273155146122,1.54506871244344,0,267.161443506003,60.6481711487664,4.18298033869759e-10,1,0.986611166637828,0,1.0369483049999e-13,1.27986510278788e-12,0,0,0
40.245,9500.0000000001,1.54506871244526,9500,9500.00000000011,1.54506871244526,1.54506871244526,0,-2.46654984065198e-10,20.3844809037333,1,0,15030.1235607474,-15030.1235607488,1.54506871244526,1.5418159808907,1.54181598088988,8.1379347705024e-13,-2.57244482584951e-10,0.0032527315532811,1.54506871244561,0,267.161443506003,60.6481711487664,4.18276455632389e-10,1,0.986611166637827,0,4.76507722169117e-13,1.62758695410048e-12,0,0,0
40.26,9500.00000000009,1.54506871244527,9500,9500.00000000011,1.54506871244527,1.54506871244527,0,-2.36811944794991e-10,20.3844809037334,1,0,15030.1235607475,-15030.1235607488,1.54506871244527,1.5418159808907,1.54181598089064,6.21724893790088e-14,-2.53990075366726e-10,0.00325273155293715,1.54506871244376,0,267.161443506003,60.6481711487664,4.18294360978292e-10,1,0.986611166637827,0,3.86135567964629e-13,1.24344978758018e-13,0,0,0
40.275,9500.00000000009,1.54506871244528,9500,9500.00000000011,1.54506871244528,1.54506871244528,0,-2.24073893974723e-10,20.3844809037335,1,0,15030.1235607475,-15030.1235607488,1.54506871244528,1.5418159808907,1.54181598088944,1.26076926676433e-12,-2.51455540476739e-10,0.00325273155444661,1.54506871244767,0,267.161443506003,60.6481711487664,4.18288736863232e-10,1,0.986611166637827,0,4.49196235763338e-13,2.52153853352866e-12,0,0,0
40.29,9500.00000000009,1.54506871244529,9500,9500.0000000001,1.54506871244529,1.54506871244529,0,-2.35074937864954e-10,20.3844809037336,1,0,15030.1235607474,-15030.1235607488,1.54506871244529,1.5418159808907,1.54181598089063,6.63913368725844e-14,-2.49481642719695e-10,0.00325273155205852,1.54506871244289,0,267.161443506003,60.6481711487664,4.18297459980467e-10,1,0.986611166637826,0,-3.78364006792253e-13,1.32782673745169e-13,0,0,0
40.305,9500.00000000008,1.5450687124453,9500,9500.0000000001,1.5450687124453,1.5450687124453,0,-1.945447761641e-10,20.3844809037337,1,0,15030.1235607476,-15030.1235607487,1.5450687124453,1.5418159808907,1.54181598089072,-2.44249065417534e-14,-2.47944369600806e-10,0.00325273155445904,1.54506871244511,0,267.161443506003,60.6481711487664,4.18311807212761e-10,1,0.986611166637826,0,1.09490194688533e-12,-4.88498130835069e-14,0,0,0
40.32,9500.00000000008,1.54506871244532,9500,9500.0000000001,1.54506871244532,1.54506871244532,0,-1.95123778474112e-10,20.3844809037338,1,0,15030.1235607476,-15030.1235607487,1.54506871244532,1.5418159808907,1.54181598089079,-8.83737527601625e-14,-2.46747140092021e-10,0.00325273155465533,1.54506871244518,0,267.161443506003,60.6481711487664,4.18310085544886e-10,1,0.986611166637825,0,-9.70334923522387e-14,-1.76747505520325e-13,0,0,0
40.335,9500.00000000008,1.54506871244534,9500,9500.00000000009,1.54506871244534,1.54506871244534,0,-1.58067630633331e-10,20.3844809037339,1,0,15030.1235607478,-15030.1235607487,1.54506871244534,1.5418159808907,1.54181598089053,1.67421632113474e-13,-2.45814736813063e-10,0.00325273155480055,1.54506871244583,0,267.161443506003,60.6481711487664,4.18319152995695e-10,1,0.986611166637825,0,-4.10338429901458e-13,3.34843264226947e-13,0,0,0
40.35,9500.00000000007,1.54506871244536,9500,9500.00000000009,1.54506871244536,1.54506871244536,0,-1.56909626013307e-10,20.3844809037339,1,0,15030.1235607478,-15030.1235607487,1.54506871244536,1.5418159808907,1.54181598088976,9.34363697524532e-13,-2.45088580409272e-10,0.00325273155430894,1.54506871244687,0,267.161443506003,60.6481711487664,4.18336484452306e-10,1,0.986611166637825,0,3.88578058618805e-13,1.86872739504906e-12,0,0,0
40.365,9500.00000000007,1.54506871244539,9500,9500.00000000009,1.54506871244539,1.54506871244539,0,-1.30854522062758e-10,20.384480903734,1,0,15030.123560748,-15030.1235607487,1.54506871244539,1.5418159808907,1.54181598089039,3.07309733216243e-13,-2.44523049233368e-10,0.00325273155279793,1.54506871244411,0,267.161443506003,60.6481711487664,4.18329138669372e-10,1,0.986611166637824,0,1.29474209131786e-12,6.14619466432487e-13,0,0,0
40.38,9500.00000000007,1.54506871244542,9500,9500.00000000008,1.54506871244542,1.54506871244542,0,-9.37983742219769e-11,20.384480903734,1,0,15030.1235607482,-15030.1235607487,1.54506871244542,1.5418159808907,1.54181598088974,9.58344514856435e-13,-2.44082613110722e-10,0.00325273155407735,1.54506871244669,0,267.161443506003,60.6481711487664,4.18329827336522e-10,1,0.986611166637824,0,-8.39994740431393e-13,1.91668902971287e-12,0,0,0
40.395,9500.00000000007,1.5450687124454,9500,9500.00000000008,1.5450687124454,1.5450687124454,0,-1.01904406562148e-10,20.3844809037341,1,0,15030.1235607481,-15030.1235607487,1.5450687124454,1.5418159808907,1.54181598088995,7.42517158869305e-13,-2.16915665669129e-10,0.00325273155280348,1.54506871244499,0,267.161443506003,60.6481711487664,4.18322940665021e-10,1,0.986611166637824,0,-5.54667423102728e-13,1.48503431773861e-12,0,0,0
40.41,9500.00000000007,1.54506871244539,9500,9500.00000000008,1.54506871244539,1.54506871244539,0,-1.17537468932477e-10,20.3844809037341,1,0,15030.123560748,-15030.1235607487,1.54506871244539,1.5418159808907,1.54181598089006,6.38378239159465e-13,-1.95758025727956e-10,0.00325273155322048,1.54506871244519,0,267.161443506003,60.6481711487664,4.1833969823234e-10,1,0.986611166637824,0,-1.50990331349021e-14,1.27675647831893e-12,0,0,0
40.425,9500.00000000007,1.54506871244542,9500,9500.00000000007,1.54506871244542,1.54506871244542,0,-9.72723880820501e-11,20.3844809037342,1,0,15030.1235607481,-15030.1235607487,1.54506871244542,1.5418159808907,1.54181598089093,-2.27817764653082e-13,-2.06104374618212e-10,0.00325273155341543,1.54506871244366,0,267.161443506003,60.6481711487664,4.18329597780805e-10,1,0.986611166637824,0,1.26343380202343e-13,-4.55635529306164e-13,0,0,0
40.44,9500.00000000006,1.54506871244541,9500,9500.00000000007,1.54506871244541,1.54506871244541,0,-9.78513903920623e-11,20.3844809037342,1,0,15030.1235607481,-15030.1235607487,1.54506871244541,1.5418159808907,1.54181598089009,6.06403816050261e-13,-1.87338183791489e-10,0.00325273155518113,1.54506871244709,0,267.161443506003,60.6481711487664,4.18330745559389e-10,1,0.986611166637824,0,4.34985381048136e-13,1.21280763210052e-12,0,0,0
40.455,9500.00000000006,1.54506871244541,9500,9500.00000000007,1.54506871244541,1.54506871244541,0,-8.51133395717938e-11,20.3844809037343,1,0,15030.1235607481,-15030.1235607486,1.54506871244541,1.5418159808907,1.54181598089073,-3.46389583683049e-14,-1.7272305968037e-10,0.00325273155350336,1.54506871244413,0,267.161443506003,60.6481711487664,4.18342682456657e-10,1,0.986611166637823,0,-3.85691478754779e-13,-6.92779167366098e-14,0,0,0
40.47,9500.00000000006,1.5450687124454,9500,9500.00000000007,1.5450687124454,1.5450687124454,0,-9.03243603619037e-11,20.3844809037344,1,0,15030.1235607481,-15030.1235607486,1.5450687124454,1.5418159808907,1.54181598088971,9.87654402706539e-13,-1.61340789577945e-10,0.00325273155477745,1.54506871244745,0,267.161443506003,60.6481711487664,4.18335795785156e-10,1,0.986611166637823,0,4.98490138056695e-13,1.97530880541308e-12,0,0,0
40.485,9500.00000000006,1.54506871244539,9500,9500.00000000007,1.54506871244539,1.54506871244539,0,-1.22169487412575e-10,20.3844809037344,1,0,15030.1235607479,-15030.1235607486,1.54506871244539,1.5418159808907,1.54181598088977,9.23927601093055e-13,-1.52476268709046e-10,0.00325273155272643,1.54506871244527,0,267.161443506003,60.6481711487664,4.18340157343774e-10,1,0.986611166637823,0,4.11892742135933e-13,1.84785520218611e-12,0,0,0
40.5,9500.00000000006,1.54506871244539,9500,9500.00000000007,1.54506871244539,1.54506871244539,0,-9.61143834620257e-11,20.3844809037345,1,0,15030.1235607481,-15030.1235607486,1.54506871244539,1.5418159808907,1.541815980891,-3.06421554796543e-13,-1.45572572914795e-10,0.00325273155284855,1.54506871244293,0,267.161443506003,60.6481711487664,4.18340731233065e-10,1,0.986611166637823,0,4.92050844513869e-13,-6.12843109593086e-13,0,0,0
40.515,9500.00000000005,1.54506871244539,9500,9500.00000000006,1.54506871244539,1.54506871244539,0,-1.18116471242489e-10,20.3844809037345,1,0,15030.1235607479,-15030.1235607486,1.54506871244539,1.5418159808907,1.5418159808901,6.0063065632221e-13,-1.40195969224145e-10,0.00325273155530548,1.5450687124472,0,267.161443506003,60.6481711487664,4.18340272121632e-10,1,0.986611166637823,0,2.72226685638088e-13,1.20126131264442e-12,0,0,0
40.53,9500.00000000005,1.54506871244539,9500,9500.00000000006,1.54506871244539,1.54506871244539,0,-1.07115427352258e-10,20.3844809037345,1,0,15030.123560748,-15030.1235607486,1.54506871244539,1.5418159808907,1.54181598089084,-1.4122036873232e-13,-1.36008666059603e-10,0.00325273155348893,1.5450687124439,0,267.161443506003,60.6481711487664,4.18331089892964e-10,1,0.986611166637822,0,-7.19424519957101e-14,-2.8244073746464e-13,0,0,0
40.545,9500.00000000005,1.54506871244539,9500,9500.00000000006,1.54506871244539,1.54506871244539,0,-1.03062411182172e-10,20.3844809037346,1,0,15030.123560748,-15030.1235607486,1.54506871244539,1.5418159808907,1.5418159808899,7.98028310100563e-13,-1.32747591076099e-10,0.00325273155497108,1.54506871244726,0,267.161443506003,60.6481711487664,4.183494543503e-10,1,0.986611166637822,0,1.01030295240889e-13,1.59605662020113e-12,0,0,0
40.56,9500.00000000005,1.54506871244539,9500,9500.00000000006,1.54506871244539,1.54506871244539,0,-1.19274475862514e-10,20.3844809037346,1,0,15030.1235607479,-15030.1235607486,1.54506871244539,1.5418159808907,1.54181598088948,1.2170264795941e-12,-1.30207863325293e-10,0.0032527315530928,1.54506871244622,0,267.161443506003,60.6481711487664,4.18341879011649e-10,1,0.986611166637822,0,9.48574552239734e-13,2.43405295918819e-12,0,0,0
40.575,9500.00000000005,1.54506871244539,9500,9500.00000000006,1.54506871244539,1.54506871244539,0,-9.90093950120867e-11,20.3844809037347,1,0,15030.123560748,-15030.1235607486,1.54506871244539,1.5418159808907,1.5418159808911,-4.04787314778332e-13,-1.28229921364176e-10,0.00325273155225614,1.54506871244214,0,267.161443506003,60.6481711487664,4.18341419900215e-10,1,0.986611166637822,0,4.9471537977297e-13,-8.09574629556664e-13,0,0,0
40.59,9500.00000000005,1.5450687124454,9500,9500.00000000005,1.5450687124454,1.5450687124454,0,-8.97453580518915e-11,20.3844809037347,1,0,15030.1235607481,-15030.1235607486,1.5450687124454,1.5418159808907,1.54181598089047,2.25375273998907e-13,-1.26689498615989e-10,0.00325273155550287,1.54506871244665,0,267.161443506003,60.6481711487664,4.18353242019626e-10,1,0.986611166637822,0,-2.98872038229092e-13,4.50750547997814e-13,0,0,0
40.605,9500.00000000004,1.5450687124454,9500,9500.00000000005,1.5450687124454,1.5450687124454,0,-8.74293488118426e-11,20.3844809037347,1,0,15030.1235607481,-15030.1235607485,1.5450687124454,1.5418159808907,1.54181598088991,7.86926079854311e-13,-1.25489816173439e-10,0.00325273155424699,1.54506871244652,0,267.161443506003,60.6481711487664,4.18345322347399e-10,1,0.986611166637822,0,1.80744308408975e-13,1.57385215970862e-12,0,0,0
40.62,9500.00000000004,1.54506871244541,9500,9500.00000000005,1.54506871244541,1.54506871244541,0,-7.29542910615376e-11,20.3844809037348,1,0,15030.1235607481,-15030.1235607485,1.54506871244541,1.5418159808907,1.54181598089125,-5.55333556917503e-13,-1.24555502547745e-10,0.00325273155312966,1.54506871244272,0,267.161443506003,60.6481711487664,4.18342452900941e-10,1,0.986611166637821,0,-1.87405646556726e-13,-1.11066711383501e-12,0,0,0
40.635,9500.00000000004,1.54506871244542,9500,9500.00000000005,1.54506871244542,1.54506871244542,0,-7.81653118516474e-11,20.3844809037349,1,0,15030.1235607481,-15030.1235607485,1.54506871244542,1.5418159808907,1.54181598089037,3.29958282918597e-13,-1.2382785836442e-10,0.00325273155582129,1.54506871244718,0,267.161443506003,60.6481711487664,4.18364145916169e-10,1,0.986611166637821,0,-8.97060203897126e-13,6.59916565837193e-13,0,0,0
40.65,9500.00000000004,1.54506871244543,9500,9500.00000000005,1.54506871244543,1.54506871244543,0,-6.94802772014643e-11,20.3844809037349,1,0,15030.1235607481,-15030.1235607485,1.54506871244543,1.5418159808907,1.54181598089037,3.25961480029946e-13,-1.23261168504649e-10,0.00325273155405892,1.54506871244541,0,267.161443506003,60.6481711487664,4.1835152035175e-10,1,0.986611166637821,0,1.82964754458226e-13,6.51922960059892e-13,0,0,0
40.665,9500.00000000004,1.54506871244544,9500,9500.00000000005,1.54506871244544,1.54506871244544,0,-6.19532471713057e-11,20.384480903735,1,0,15030.1235607482,-15030.1235607485,1.54506871244544,1.5418159808907,1.54181598088969,1.00963681859412e-12,-1.22819829998101e-10,0.00325273155407624,1.54506871244679,0,267.161443506003,60.6481711487664,4.1835921046826e-10,1,0.986611166637821,0,1.57229784747415e-12,2.01927363718823e-12,0,0,0
40.68,9500.00000000003,1.54506871244545,9500,9500.00000000004,1.54506871244545,1.54506871244545,0,-4.63201848009762e-11,20.384480903735,1,0,15030.1235607482,-15030.1235607485,1.54506871244545,1.5418159808907,1.54181598089077,-7.34967642301854e-14,-1.22476115223601e-10,0.00325273155271999,1.54506871244327,0,267.161443506003,60.6481711487664,4.18358062689676e-10,1,0.986611166637821,0,-7.19868609166952e-13,-1.46993528460371e-13,0,0,0
40.695,9500.00000000003,1.54506871244546,9500,9500.00000000004,1.54506871244546,1.54506871244546,0,-2.54761016405369e-11,20.384480903735,1,0,15030.1235607483,-15030.1235607485,1.54506871244546,1.5418159808907,1.54181598089051,1.85185200507476e-13,-1.22208429888068e-10,0.00325273155489891,1.54506871244597,0,267.161443506003,60.6481711487664,4.18372754255545e-10,1,0.986611166637821,0,1.25677246387568e-13,3.70370401014952e-13,0,0,0
40.71,9500.00000000003,1.54506871244548,9500,9500.00000000004,1.54506871244548,1.54506871244548,0,-2.08440831604393e-11,20.384480903735,1,0,15030.1235607484,-15030.1235607485,1.54506871244548,1.5418159808907,1.54181598088969,1.01141317543352e-12,-1.21999956339138e-10,0.00325273155439554,1.54506871244712,0,267.161443506003,60.6481711487664,4.18359669579693e-10,1,0.986611166637821,0,-1.90958360235527e-13,2.02282635086704e-12,0,0,0
40.725,9500.00000000003,1.54506871244549,9500,9500.00000000004,1.54506871244549,1.54506871244549,0,5.21102079010983e-12,20.384480903735,1,0,15030.1235607485,-15030.1235607485,1.54506871244549,1.5418159808907,1.54181598089136,-6.67021993194794e-13,-1.21837596975982e-10,0.00325273155275774,1.54506871244212,0,267.161443506003,60.6481711487664,4.1836196513686e-10,1,0.986611166637821,0,3.79252185211953e-13,-1.33404398638959e-12,0,0,0
40.74,9500.00000000003,1.54506871244546,9500,9500.00000000004,1.54506871244546,1.54506871244546,0,-2.72131085705735e-11,20.384480903735,1,0,15030.1235607483,-15030.1235607485,1.54506871244546,1.5418159808907,1.54181598089013,5.64659430324355e-13,-9.48872159324327e-11,0.00325273155613037,1.54506871244796,0,267.161443506003,60.6481711487664,4.18356226243942e-10,1,0.986611166637821,0,3.79252185211953e-13,1.12931886064871e-12,0,0,0
40.755,9500.00000000003,1.54506871244544,9500,9500.00000000004,1.54506871244544,1.54506871244544,0,-5.44262171411471e-11,20.384480903735,1,0,15030.1235607482,-15030.1235607485,1.54506871244544,1.5418159808907,1.54181598089004,6.60804744256893e-13,-7.38982380716441e-11,0.00325273155363837,1.54506871244566,0,267.161443506003,60.6481711487664,4.18356914911093e-10,1,0.986611166637821,0,3.79252185211953e-13,1.32160948851379e-12,0,0,0
40.77,9500.00000000003,1.54506871244541,9500,9500.00000000004,1.54506871244541,1.54506871244541,0,-7.35332933715498e-11,20.384480903735,1,0,15030.1235607481,-15030.1235607485,1.54506871244541,1.5418159808907,1.54181598089084,-1.47437617670221e-13,-5.75520056777935e-11,0.00325273155341743,1.54506871244382,0,267.161443506003,60.6481711487664,4.18358177467535e-10,1,0.986611166637821,0,3.79252185211953e-13,-2.94875235340442e-13,0,0,0
40.785,9500.00000000003,1.54506871244538,9500,9500.00000000004,1.54506871244538,1.54506871244538,0,-1.11168443522343e-10,20.384480903735,1,0,15030.1235607479,-15030.1235607485,1.54506871244538,1.5418159808907,1.54181598089142,-7.24753590475302e-13,-4.48215470891955e-11,0.00325273155500527,1.54506871244425,0,267.161443506003,60.6481711487664,4.18354619353926e-10,1,0.98661116663782,0,3.79252185211953e-13,-1.4495071809506e-12,0,0,0
40.8,9500.00000000003,1.5450687124454,9500,9500.00000000004,1.5450687124454,1.5450687124454,0,-8.5692341881806e-11,20.3844809037351,1,0,15030.123560748,-15030.1235607485,1.5450687124454,1.5418159808907,1.5418159808903,3.95239396766556e-13,-6.1730991415921e-11,0.00325273155613126,1.54506871244762,0,267.161443506003,60.6481711487664,4.1837103258767e-10,1,0.98661116663782,0,7.55617790559882e-13,7.90478793533111e-13,0,0,0
40.815,9500.00000000003,1.54506871244541,9500,9500.00000000003,1.54506871244541,1.54506871244541,0,-8.22183280217328e-11,20.3844809037351,1,0,15030.123560748,-15030.1235607485,1.54506871244541,1.5418159808907,1.54181598089032,3.73479025483903e-13,-7.49000798988772e-11,0.00325273155390837,1.54506871244535,0,267.161443506003,60.6481711487664,4.18357603578243e-10,1,0.98661116663782,0,-1.54876111935209e-12,7.46958050967805e-13,0,0,0
40.83,9500.00000000003,1.54506871244543,9500,9500.00000000003,1.54506871244543,1.54506871244543,0,-3.87931547708176e-11,20.3844809037352,1,0,15030.1235607482,-15030.1235607484,1.54506871244543,1.5418159808907,1.54181598089173,-1.03761443881467e-12,-8.51561763217401e-11,0.00325273155397032,1.54506871244259,0,267.161443506003,60.6481711487664,4.18361620803285e-10,1,0.98661116663782,0,8.66640093022397e-13,-2.07522887762934e-12,0,0,0
40.845,9500.00000000003,1.54506871244546,9500,9500.00000000003,1.54506871244546,1.54506871244546,0,-3.35821339807078e-11,20.3844809037352,1,0,15030.1235607482,-15030.1235607484,1.54506871244546,1.5418159808907,1.54181598089119,-4.91828799908944e-13,-9.31436322471215e-11,0.00325273155681227,1.54506871244653,0,267.161443506003,60.6481711487664,4.18364834583319e-10,1,0.98661116663782,0,-1.14619425062301e-12,-9.83657599817889e-13,0,0,0
40.86,9500.00000000003,1.54506871244543,9500,9500.00000000003,1.54506871244543,1.54506871244543,0,-4.8636194041025e-11,20.3844809037352,1,0,15030.1235607482,-15030.1235607484,1.54506871244543,1.5418159808907,1.54181598089029,4.03899136358632e-13,-7.25403337321732e-11,0.00325273155574157,1.54506871244725,0,267.161443506003,60.6481711487664,4.18354504576067e-10,1,0.98661116663782,0,-1.14619425062301e-12,8.07798272717264e-13,0,0,0
40.875,9500.00000000003,1.54506871244541,9500,9500.00000000003,1.54506871244541,1.54506871244541,0,-6.42692564113545e-11,20.3844809037352,1,0,15030.1235607481,-15030.1235607484,1.54506871244541,1.5418159808907,1.54181598088891,1.78901338188098e-12,-5.64944687148775e-11,0.00325273155392702,1.5450687124482,0,267.161443506003,60.6481711487664,4.18358292245393e-10,1,0.98661116663782,0,-1.14619425062301e-12,3.57802676376195e-12,0,0,0
40.89,9500.00000000003,1.54506871244539,9500,9500.00000000003,1.54506871244539,1.54506871244539,0,-9.78513903920623e-11,20.3844809037352,1,0,15030.1235607479,-15030.1235607484,1.54506871244539,1.5418159808907,1.54181598089051,1.86295423532101e-13,-4.39979364743496e-11,0.0032527315511337,1.5450687124422,0,267.161443506003,60.6481711487664,4.18349224794584e-10,1,0.98661116663782,0,-1.14619425062301e-12,3.72590847064203e-13,0,0,0
40.905,9500.00000000002,1.54506871244541,9500,9500.00000000003,1.54506871244541,1.54506871244541,0,-6.25322494813179e-11,20.3844809037353,1,0,15030.1235607481,-15030.1235607485,1.54506871244541,1.5418159808907,1.5418159808895,1.19393384068189e-12,-6.10895628241331e-11,0.00325273155431605,1.5450687124474,0,267.161443506003,60.6481711487664,4.18368507474787e-10,1,0.986611166637819,0,-2.48245868306185e-13,2.38786768136379e-12,0,0,0
40.92,9500.00000000002,1.54506871244543,9500,9500.00000000003,1.54506871244543,1.54506871244543,0,-6.07952425512813e-11,20.3844809037353,1,0,15030.1235607481,-15030.1235607484,1.54506871244543,1.5418159808907,1.54181598088827,2.42739162104044e-12,-7.44005348093084e-11,0.00325273155232342,1.54506871244788,0,267.161443506003,60.6481711487664,4.1836334247116e-10,1,0.986611166637819,0,2.92654789291191e-13,4.85478324208088e-12,0,0,0
40.935,9500.00000000002,1.54506871244546,9500,9500.00000000003,1.54506871244546,1.54506871244546,0,-2.72131085705735e-11,20.3844809037354,1,0,15030.1235607483,-15030.1235607484,1.54506871244546,1.5418159808907,1.54181598089094,-2.41584530158434e-13,-8.47671302148044e-11,0.00325273154988048,1.54506871244009,0,267.161443506003,60.6481711487664,4.1837240992197e-10,1,0.986611166637819,0,-1.29896093881143e-12,-4.83169060316868e-13,0,0,0
40.95,9500.00000000002,1.54506871244548,9500,9500.00000000002,1.54506871244548,1.54506871244548,0,-4.63201848009762e-12,20.3844809037354,1,0,15030.1235607484,-15030.1235607484,1.54506871244548,1.5418159808907,1.54181598089042,2.73114864057789e-13,-9.28406428343891e-11,0.00325273155524375,1.54506871244649,0,267.161443506003,60.6481711487664,4.18372639477687e-10,1,0.986611166637819,0,7.77378161842535e-13,5.46229728115577e-13,0,0,0
40.965,9500.00000000002,1.54506871244547,9500,9500.00000000002,1.54506871244547,1.54506871244547,0,-1.56330623703295e-11,20.3844809037354,1,0,15030.1235607483,-15030.1235607484,1.54506871244547,1.5418159808907,1.54181598089095,-2.53574938824386e-13,-7.23043653402749e-11,0.003252731554241,1.54506871244443,0,267.161443506003,60.6481711487664,4.18381821706355e-10,1,0.986611166637819,0,7.77378161842535e-13,-5.07149877648772e-13,0,0,0
40.98,9500.00000000002,1.54506871244545,9500,9500.00000000002,1.54506871244545,1.54506871244545,0,-3.93721570808298e-11,20.3844809037354,1,0,15030.1235607482,-15030.1235607484,1.54506871244545,1.5418159808907,1.54181598089139,-6.93889390390723e-13,-5.6310696346487e-11,0.00325273155527661,1.54506871244459,0,267.161443506003,60.6481711487664,4.183508316846e-10,1,0.986611166637819,0,7.77378161842535e-13,-1.38777878078145e-12,0,0,0
40.995,9500.00000000002,1.54506871244543,9500,9500.00000000002,1.54506871244543,1.54506871244543,0,-4.45831778709396e-11,20.3844809037354,1,0,15030.1235607482,-15030.1235607484,1.54506871244543,1.5418159808907,1.54181598089043,2.62456723021387e-13,-4.38548144099402e-11,0.00325273155613948,1.54506871244736,0,267.161443506003,60.6481711487664,4.18358636578968e-10,1,0.986611166637819,0,7.77378161842535e-13,5.24913446042774e-13,0,0,0
41.01,9500.00000000002,1.54506871244541,9500,9500.00000000002,1.54506871244541,1.54506871244541,0,-8.62713441918182e-11,20.3844809037354,1,0,15030.1235607479,-15030.1235607484,1.54506871244541,1.5418159808907,1.5418159808897,1.00097707900204e-12,-3.41541638039125e-11,0.00325273155420902,1.54506871244691,0,267.161443506003,60.6481711487664,4.1836965525337e-10,1,0.986611166637819,0,7.77378161842535e-13,2.00195415800408e-12,0,0,0
41.025,9500.00000000002,1.5450687124454,9500,9500.00000000002,1.5450687124454,1.5450687124454,0,-6.13742448612935e-11,20.3844809037354,1,0,15030.1235607481,-15030.1235607484,1.5450687124454,1.5418159808907,1.54181598088967,1.02229336107484e-12,-2.65992895156361e-11,0.00325273155271422,1.54506871244546,0,267.161443506003,60.6481711487664,4.18363342471161e-10,1,0.986611166637819,0,7.77378161842535e-13,2.04458672214969e-12,0,0,0
41.04,9500.00000000002,1.54506871244542,9500,9500.00000000002,1.54506871244542,1.54506871244542,0,-5.67422263811959e-11,20.3844809037355,1,0,15030.1235607481,-15030.1235607484,1.54506871244542,1.5418159808907,1.54181598089023,4.66293670342566e-13,-4.75394829483041e-11,0.00325273155265382,1.54506871244428,0,267.161443506003,60.6481711487664,4.18365293694753e-10,1,0.986611166637819,0,-2.24265050974282e-14,9.32587340685131e-13,0,0,0
41.055,9500.00000000002,1.54506871244545,9500,9500.00000000002,1.54506871244545,1.54506871244545,0,-2.95291178106223e-11,20.3844809037355,1,0,15030.1235607482,-15030.1235607484,1.54506871244545,1.5418159808907,1.54181598089084,-1.46771483855446e-13,-6.38477219913327e-11,0.00325273155379358,1.5450687124442,0,267.161443506003,60.6481711487664,4.18371950810537e-10,1,0.986611166637819,0,2.61790589206612e-13,-2.93542967710891e-13,0,0,0
41.07,9500.00000000002,1.54506871244548,9500,9500.00000000002,1.54506871244548,1.54506871244548,0,-4.05301617008542e-12,20.3844809037355,1,0,15030.1235607484,-15030.1235607484,1.54506871244548,1.5418159808907,1.54181598089006,6.3637983771514e-13,-7.6548591328559e-11,0.00325273155504902,1.54506871244702,0,267.161443506003,60.6481711487664,4.18366326695477e-10,1,0.986611166637819,0,-5.33795230239775e-13,1.27275967543028e-12,0,0,0
41.085,9500.00000000002,1.54506871244547,9500,9500.00000000002,1.54506871244547,1.54506871244547,0,-1.15800462002441e-11,20.3844809037355,1,0,15030.1235607483,-15030.1235607484,1.54506871244547,1.5418159808907,1.54181598089079,-8.83737527601625e-14,-5.96161028696947e-11,0.00325273155351335,1.54506871244403,0,267.161443506003,60.6481711487664,4.18359554801835e-10,1,0.986611166637819,0,-5.33795230239775e-13,-1.76747505520325e-13,0,0,0
41.1,9500.00000000002,1.54506871244546,9500,9500.00000000002,1.54506871244546,1.54506871244546,0,-1.85280739203905e-11,20.3844809037355,1,0,15030.1235607483,-15030.1235607484,1.54506871244546,1.5418159808907,1.5418159808898,8.97948382316827e-13,-4.64290675985836e-11,0.00325273155494932,1.54506871244744,0,267.161443506003,60.6481711487664,4.18371606476962e-10,1,0.986611166637819,0,-5.33795230239775e-13,1.79589676463365e-12,0,0,0
41.115,9500.00000000002,1.54506871244544,9500,9500.00000000002,1.54506871244544,1.54506871244544,0,-3.24241293606834e-11,20.3844809037355,1,0,15030.1235607482,-15030.1235607484,1.54506871244544,1.5418159808907,1.54181598089018,5.21360732363974e-13,-3.61589942030521e-11,0.00325273155296313,1.5450687124447,0,267.161443506003,60.6481711487664,4.18364834583319e-10,1,0.986611166637819,0,-5.33795230239775e-13,1.04272146472795e-12,0,0,0
41.13,9500.00000000002,1.54506871244543,9500,9500.00000000002,1.54506871244543,1.54506871244543,0,-4.5741182490964e-11,20.3844809037355,1,0,15030.1235607481,-15030.1235607484,1.54506871244543,1.5418159808907,1.54181598089019,5.12034858957122e-13,-2.81606530004114e-11,0.00325273155370276,1.54506871244542,0,267.161443506003,60.6481711487664,4.18367818807636e-10,1,0.986611166637819,0,-5.33795230239775e-13,1.02406971791424e-12,0,0,0
41.145,9500.00000000002,1.54506871244542,9500,9500.00000000002,1.54506871244542,1.54506871244542,0,-6.13742448612935e-11,20.3844809037355,1,0,15030.1235607481,-15030.1235607484,1.54506871244542,1.5418159808907,1.54181598089048,2.20268248085631e-13,-2.19315386085225e-11,0.00325273155370787,1.54506871244485,0,267.161443506003,60.6481711487664,4.18380444372055e-10,1,0.986611166637819,0,-5.33795230239775e-13,4.40536496171262e-13,0,0,0
41.16,9500.00000000001,1.5450687124454,9500,9500.00000000002,1.5450687124454,1.5450687124454,0,-8.04813210916962e-11,20.3844809037355,1,0,15030.1235607479,-15030.1235607484,1.5450687124454,1.5418159808907,1.54181598088971,9.88542581126239e-13,-1.70802994422781e-11,0.00325273155427785,1.54506871244695,0,267.161443506003,60.6481711487664,4.18348191793858e-10,1,0.986611166637818,0,-5.33795230239775e-13,1.97708516225248e-12,0,0,0
41.175,9500.00000000001,1.54506871244539,9500,9500.00000000002,1.54506871244539,1.54506871244539,0,-7.29542910615376e-11,20.3844809037356,1,0,15030.123560748,-15030.1235607484,1.54506871244539,1.5418159808907,1.54181598089051,1.89182003396127e-13,-1.33021505807402e-11,0.00325273155272776,1.5450687124438,0,267.161443506003,60.6481711487664,4.18371262143387e-10,1,0.986611166637818,0,-5.33795230239775e-13,3.78364006792253e-13,0,0,0
41.19,9500.00000000001,1.54506871244542,9500,9500.00000000002,1.54506871244542,1.54506871244542,0,-4.63201848009762e-11,20.3844809037356,1,0,15030.1235607481,-15030.1235607484,1.54506871244542,1.5418159808907,1.54181598089129,-5.92192961335058e-13,-3.7183660733198e-11,0.00325273155431294,1.54506871244383,0,267.161443506003,60.6481711487664,4.18381018261347e-10,1,0.986611166637818,0,4.90940621489244e-13,-1.18438592267012e-12,0,0,0
41.205,9500.00000000001,1.54506871244545,9500,9500.00000000001,1.54506871244545,1.54506871244545,0,-1.85280739203905e-11,20.3844809037356,1,0,15030.1235607483,-15030.1235607484,1.54506871244545,1.5418159808907,1.54181598089062,7.7715611723761e-14,-5.57825995408597e-11,0.00325273155590788,1.54506871244676,0,267.161443506003,60.6481711487664,4.18372983811262e-10,1,0.986611166637818,0,-5.91082738310433e-13,1.55431223447522e-13,0,0,0
41.22,9500.00000000001,1.54506871244544,9500,9500.00000000001,1.54506871244544,1.54506871244544,0,-2.83711131905979e-11,20.3844809037356,1,0,15030.1235607482,-15030.1235607484,1.54506871244544,1.5418159808907,1.54181598089055,1.4477308241112e-13,-4.34435322041802e-11,0.0032527315546016,1.54506871244559,0,267.161443506003,60.6481711487664,4.18364834583319e-10,1,0.986611166637818,0,-5.91082738310433e-13,2.89546164822241e-13,0,0,0
41.235,9500.00000000001,1.54506871244543,9500,9500.00000000001,1.54506871244543,1.54506871244543,0,-3.64771455307688e-11,20.3844809037356,1,0,15030.1235607482,-15030.1235607484,1.54506871244543,1.5418159808907,1.54181598088995,7.4540373873333e-13,-3.38338569000033e-11,0.0032527315544566,1.54506871244664,0,267.161443506003,60.6481711487664,4.18365178916894e-10,1,0.986611166637818,0,-5.91082738310433e-13,1.49080747746666e-12,0,0,0
41.25,9500.00000000001,1.54506871244542,9500,9500.00000000001,1.54506871244542,1.54506871244542,0,-6.07952425512813e-11,20.3844809037356,1,0,15030.123560748,-15030.1235607484,1.54506871244542,1.5418159808907,1.54181598089008,6.20392626160537e-13,-2.63498342480484e-11,0.00325273155324446,1.54506871244518,0,267.161443506003,60.6481711487664,4.18372295144112e-10,1,0.986611166637818,0,-5.91082738310433e-13,1.24078525232107e-12,0,0,0
41.265,9500.00000000001,1.54506871244541,9500,9500.00000000001,1.54506871244541,1.54506871244541,0,-4.97941986610494e-11,20.3844809037357,1,0,15030.1235607481,-15030.1235607484,1.54506871244541,1.5418159808907,1.54181598089105,-3.50164341966774e-13,-2.05212715461818e-11,0.0032527315534836,1.54506871244348,0,267.161443506003,60.6481711487664,4.18377460147738e-10,1,0.986611166637818,0,-5.91082738310433e-13,-7.00328683933549e-13,0,0,0
41.28,9500.00000000001,1.54506871244545,9500,9500.00000000001,1.54506871244545,1.54506871244545,0,-1.96860785404149e-11,20.3844809037357,1,0,15030.1235607482,-15030.1235607484,1.54506871244545,1.5418159808907,1.54181598088978,9.2192919964873e-13,-4.28059177941711e-11,0.00325273155541383,1.54506871244795,0,267.161443506003,60.6481711487664,4.18368507474786e-10,1,0.986611166637818,0,1.14086518010481e-12,1.84385839929746e-12,0,0,0
41.295,9500.00000000001,1.54506871244548,9500,9500.00000000001,1.54506871244548,1.54506871244548,0,2.89501155006101e-12,20.3844809037357,1,0,15030.1235607484,-15030.1235607484,1.54506871244548,1.5418159808907,1.54181598089207,-1.37290179225147e-12,-6.01612177425743e-11,0.00325273155290429,1.54506871244086,0,267.161443506003,60.6481711487664,4.18378837482038e-10,1,0.986611166637818,0,-5.39568389967826e-14,-2.74580358450294e-12,0,0,0
41.31,9500.00000000001,1.54506871244547,9500,9500.00000000001,1.54506871244547,1.54506871244547,0,-8.68503465018304e-12,20.3844809037357,1,0,15030.1235607483,-15030.1235607484,1.54506871244547,1.5418159808907,1.54181598089097,-2.72892819452863e-13,-4.68536034884462e-11,0.00325273155753014,1.54506871244768,0,267.161443506003,60.6481711487664,4.18356685355376e-10,1,0.986611166637818,0,-5.39568389967826e-14,-5.45785638905727e-13,0,0,0
41.325,9500.00000000001,1.54506871244547,9500,9500.00000000001,1.54506871244547,1.54506871244547,0,-1.73700693003661e-12,20.3844809037357,1,0,15030.1235607483,-15030.1235607484,1.54506871244547,1.5418159808907,1.54181598089115,-4.56301663120939e-13,-3.6489623086519e-11,0.00325273155532191,1.54506871244511,0,267.161443506003,60.6481711487664,4.18378837482038e-10,1,0.986611166637818,0,-5.39568389967826e-14,-9.12603326241879e-13,0,0,0
41.34,9500.00000000001,1.54506871244546,9500,9500.00000000001,1.54506871244546,1.54506871244546,0,-3.30031316706956e-11,20.3844809037357,1,0,15030.1235607482,-15030.1235607484,1.54506871244546,1.5418159808907,1.5418159808911,-4.03010957938932e-13,-2.84181470337614e-11,0.00325273155568051,1.54506871244557,0,267.161443506003,60.6481711487664,4.1837872270418e-10,1,0.986611166637818,0,-5.39568389967826e-14,-8.06021915877864e-13,0,0,0
41.355,9500.00000000001,1.54506871244545,9500,9500.00000000001,1.54506871244545,1.54506871244545,0,-1.62120646803417e-11,20.3844809037357,1,0,15030.1235607483,-15030.1235607484,1.54506871244545,1.5418159808907,1.54181598089079,-9.12603326241879e-14,-2.21320751633317e-11,0.00325273155556571,1.54506871244608,0,267.161443506003,60.6481711487664,4.18371836032679e-10,1,0.986611166637818,0,-5.39568389967826e-14,-1.82520665248376e-13,0,0,0
41.37,9500.00000000001,1.54506871244544,9500,9500.00000000001,1.54506871244544,1.54506871244544,0,-3.06871224306468e-11,20.3844809037357,1,0,15030.1235607482,-15030.1235607484,1.54506871244544,1.5418159808907,1.54181598089094,-2.38697950294409e-13,-1.72364774681979e-11,0.003252731554934,1.54506871244515,0,267.161443506003,60.6481711487664,4.18364031138311e-10,1,0.986611166637818,0,-5.39568389967826e-14,-4.77395900588817e-13,0,0,0
41.385,9500.00000000001,1.54506871244543,9500,9500.00000000001,1.54506871244543,1.54506871244543,0,-2.89501155006101e-11,20.3844809037357,1,0,15030.1235607482,-15030.1235607484,1.54506871244543,1.5418159808907,1.54181598089125,-5.54001289287953e-13,-1.34237821496252e-11,0.00325273155522066,1.54506871244481,0,267.161443506003,60.6481711487664,4.18378837482038e-10,1,0.986611166637818,0,-5.39568389967826e-14,-1.10800257857591e-12,0,0,0
41.4,9500.00000000001,1.54506871244542,9500,9500.00000000001,1.54506871244542,1.54506871244542,0,-3.18451270506712e-11,20.3844809037357,1,0,15030.1235607482,-15030.1235607484,1.54506871244542,1.5418159808907,1.54181598089085,-1.56097357262297e-13,-1.0454452049908e-11,0.00325273155584305,1.54506871244623,0,267.161443506003,60.6481711487664,4.18376427147013e-10,1,0.986611166637818,0,-5.39568389967826e-14,-3.12194714524594e-13,0,0,0
41.415,9500.00000000001,1.54506871244542,9500,9500.00000000001,1.54506871244542,1.54506871244542,0,-4.40041755609274e-11,20.3844809037357,1,0,15030.1235607481,-15030.1235607484,1.54506871244542,1.5418159808907,1.5418159808906,9.2370555648813e-14,-8.14193544305083e-12,0.00325273155503902,1.54506871244592,0,267.161443506003,60.6481711487664,4.18381706928497e-10,1,0.986611166637818,0,-5.39568389967826e-14,1.84741111297626e-13,0,0,0
41.43,9500.00000000001,1.54506871244541,9500,9500.00000000001,1.54506871244541,1.54506871244541,0,-4.2846170940903e-11,20.3844809037357,1,0,15030.1235607481,-15030.1235607484,1.54506871244541,1.5418159808907,1.54181598089129,-5.92415005939984e-13,-6.34094569876481e-12,0.00325273155453387,1.54506871244405,0,267.161443506003,60.6481711487664,4.18366097139761e-10,1,0.986611166637818,0,-5.39568389967826e-14,-1.18483001187997e-12,0,0,0
41.445,9500.00000000001,1.5450687124454,9500,9500.00000000001,1.5450687124454,1.5450687124454,0,-6.48482587213667e-11,20.3844809037357,1,0,15030.123560748,-15030.1235607484,1.5450687124454,1.5418159808907,1.5418159808906,9.34807786734382e-14,-4.93833347561129e-12,0.00325273155589523,1.54506871244678,0,267.161443506003,60.6481711487664,4.18379870482764e-10,1,0.986611166637818,0,-5.39568389967826e-14,1.86961557346876e-13,0,0,0
41.46,9500.00000000001,1.54506871244539,9500,9500.00000000001,1.54506871244539,1.54506871244539,0,-7.35332933715498e-11,20.3844809037357,1,0,15030.1235607479,-15030.1235607484,1.54506871244539,1.5418159808907,1.54181598089055,1.48547840694846e-13,-3.84597797787381e-12,0.00325273155451522,1.54506871244551,0,267.161443506003,60.6481711487664,4.18374016811988e-10,1,0.986611166637818,0,-5.39568389967826e-14,2.97095681389692e-13,0,0,0
41.475,9500.00000000001,1.54506871244543,9500,9500.00000000001,1.54506871244543,1.54506871244543,0,-4.51621801809518e-11,20.3844809037358,1,0,15030.1235607481,-15030.1235607483,1.54506871244543,1.5418159808907,1.54181598089047,2.28483898467857e-13,-2.98191861052272e-11,0.00325273155439687,1.54506871244555,0,267.161443506003,60.6481711487664,4.18381706928497e-10,1,0.986611166637818,0,9.54791801177635e-14,4.56967796935714e-13,0,0,0
41.49,9500.00000000001,1.54506871244542,9500,9500.00000000001,1.54506871244542,1.54506871244542,0,-4.40041755609274e-11,20.3844809037358,1,0,15030.1235607481,-15030.1235607483,1.54506871244542,1.5418159808907,1.5418159808905,1.98729921407903e-13,-2.32232054893029e-11,0.00325273155427452,1.54506871244537,0,267.161443506003,60.6481711487664,4.18383428596372e-10,1,0.986611166637818,0,9.54791801177635e-14,3.97459842815806e-13,0,0,0
41.505,9500.00000000001,1.54506871244541,9500,9500.00000000001,1.54506871244541,1.54506871244541,0,-4.51621801809518e-11,20.3844809037358,1,0,15030.1235607481,-15030.1235607483,1.54506871244541,1.5418159808907,1.54181598089091,-2.08943973234454e-13,-1.80862506204973e-11,0.00325273155432715,1.54506871244461,0,267.161443506003,60.6481711487664,4.18380903483489e-10,1,0.986611166637818,0,9.54791801177635e-14,-4.17887946468909e-13,0,0,0
41.52,9500.00000000001,1.54506871244541,9500,9500.00000000001,1.54506871244541,1.54506871244541,0,-6.02162402412691e-11,20.3844809037358,1,0,15030.123560748,-15030.1235607483,1.54506871244541,1.5418159808907,1.54181598089065,4.35207425653061e-14,-1.40855861460689e-11,0.00325273155513561,1.54506871244592,0,267.161443506003,60.6481711487664,4.18367933585495e-10,1,0.986611166637818,0,9.54791801177635e-14,8.70414851306123e-14,0,0,0
41.535,9500.00000000001,1.5450687124454,9500,9500.00000000001,1.5450687124454,1.5450687124454,0,-6.89012748914521e-11,20.3844809037358,1,0,15030.1235607479,-15030.1235607483,1.5450687124454,1.5418159808907,1.54181598089023,4.69624339416441e-13,-1.09698655205782e-11,0.0032527315546238,1.54506871244626,0,267.161443506003,60.6481711487664,4.18381133039205e-10,1,0.986611166637818,0,9.54791801177635e-14,9.39248678832882e-13,0,0,0
41.55,9500,1.54506871244539,9500,9500.00000000001,1.54506871244539,1.54506871244539,0,-5.90582356212447e-11,20.3844809037358,1,0,15030.123560748,-15030.1235607483,1.54506871244539,1.5418159808907,1.5418159808904,2.93320923105966e-13,-8.54333985761433e-12,0.00325273155376471,1.54506871244505,0,267.161443506003,60.6481711487664,4.18388364044282e-10,1,0.986611166637817,0,9.54791801177635e-14,5.86641846211933e-13,0,0,0
41.565,9500,1.54506871244543,9500,9500.00000000001,1.54506871244543,1.54506871244543,0,-3.06871224306468e-11,20.3844809037358,1,0,15030.1235607482,-15030.1235607483,1.54506871244543,1.5418159808907,1.54181598088984,8.54871728961371e-13,-3.34774952155389e-11,0.00325273155411043,1.54506871244652,0,267.161443506003,60.6481711487664,4.18376197591296e-10,1,0.986611166637817,0,7.14317494043826e-13,1.70974345792274e-12,0,0,0
41.58,9500,1.54506871244547,9500,9500.00000000001,1.54506871244547,1.54506871244547,0,0,20.3844809037358,1,0,15030.1235607483,-15030.1235607483,1.54506871244547,1.5418159808907,1.54181598089048,2.13828954542805e-13,-5.28962349335146e-11,0.00325273155302619,1.54506871244415,0,267.161443506003,60.6481711487664,4.18385724153539e-10,1,0.986611166637817,0,-4.5763393075049e-13,4.2765790908561e-13,0,0,0
41.595,9500,1.54506871244547,9500,9500.00000000001,1.54506871244547,1.54506871244547,0,1.27380508202685e-11,20.3844809037358,1,0,15030.1235607484,-15030.1235607483,1.54506871244547,1.5418159808907,1.54181598089107,-3.73256980878978e-13,-4.11956291877502e-11,0.00325273155434846,1.5450687124443,0,267.161443506003,60.6481711487664,4.18373213366979e-10,1,0.986611166637817,0,-4.5763393075049e-13,-7.46513961757955e-13,0,0,0
41.61,9500,1.54506871244547,9500,9500.00000000001,1.54506871244547,1.54506871244547,0,-5.21102079010983e-12,20.3844809037358,1,0,15030.1235607483,-15030.1235607483,1.54506871244547,1.5418159808907,1.54181598089019,5.07149877648772e-13,-3.20831882705391e-11,0.00325273155551864,1.54506871244723,0,267.161443506003,60.6481711487664,4.18370114364803e-10,1,0.986611166637817,0,-4.5763393075049e-13,1.01429975529754e-12,0,0,0
41.625,9500,1.54506871244546,9500,9500.00000000001,1.54506871244546,1.54506871244546,0,-3.47401386007322e-12,20.3844809037358,1,0,15030.1235607483,-15030.1235607483,1.54506871244546,1.5418159808907,1.54181598089019,5.08038056068472e-13,-2.49864121485231e-11,0.00325273155375383,1.54506871244547,0,267.161443506003,60.6481711487664,4.18370688254095e-10,1,0.986611166637817,0,-4.5763393075049e-13,1.01607611213694e-12,0,0,0
41.64,9500,1.54506871244546,9500,9500.00000000001,1.54506871244546,1.54506871244546,0,-1.33170531302807e-11,20.3844809037358,1,0,15030.1235607483,-15030.1235607483,1.54506871244546,1.5418159808907,1.54181598088983,8.69526672886423e-13,-1.94594373474147e-11,0.00325273155374806,1.54506871244618,0,267.161443506003,60.6481711487664,4.18376886258446e-10,1,0.986611166637817,0,-4.5763393075049e-13,1.73905334577285e-12,0,0,0
41.655,9500,1.54506871244545,9500,9500.00000000001,1.54506871244545,1.54506871244545,0,-2.31600924004881e-11,20.3844809037358,1,0,15030.1235607482,-15030.1235607483,1.54506871244545,1.5418159808907,1.54181598089125,-5.53557200078103e-13,-1.51550250442955e-11,0.00325273155302108,1.54506871244261,0,267.161443506003,60.6481711487664,4.18366671029053e-10,1,0.986611166637817,0,-4.5763393075049e-13,-1.10711440015621e-12,0,0,0
41.67,9500,1.54506871244545,9500,9500.00000000001,1.54506871244545,1.54506871244545,0,-2.54761016405369e-11,20.3844809037358,1,0,15030.1235607482,-15030.1235607483,1.54506871244545,1.5418159808907,1.54181598089106,-3.58157947744075e-13,-1.18027453719641e-11,0.00325273155586325,1.54506871244584,0,267.161443506003,60.6481711487664,4.18378378370605e-10,1,0.986611166637817,0,-4.5763393075049e-13,-7.16315895488151e-13,0,0,0
41.685,9500,1.54506871244545,9500,9500.00000000001,1.54506871244545,1.54506871244545,0,-2.08440831604393e-11,20.3844809037358,1,0,15030.1235607482,-15030.1235607483,1.54506871244545,1.5418159808907,1.54181598089108,-3.8657965717448e-13,-9.19198733807803e-12,0.00325273155546846,1.54506871244539,0,267.161443506003,60.6481711487664,4.18385838931398e-10,1,0.986611166637817,0,-4.5763393075049e-13,-7.73159314348959e-13,0,0,0
41.7,9500,1.54506871244544,9500,9500.00000000001,1.54506871244544,1.54506871244544,0,-2.60551039505491e-11,20.3844809037358,1,0,15030.1235607482,-15030.1235607483,1.54506871244544,1.5418159808907,1.54181598089015,5.51336754028853e-13,-7.15872693687761e-12,0.0032527315555213,1.54506871244732,0,267.161443506003,60.6481711487664,4.18368507474786e-10,1,0.986611166637817,0,-4.5763393075049e-13,1.10267350805771e-12,0,0,0
41.715,9500,1.54506871244544,9500,9500.00000000001,1.54506871244544,1.54506871244544,0,-2.83711131905979e-11,20.3844809037358,1,0,15030.1235607482,-15030.1235607483,1.54506871244544,1.5418159808907,1.54181598089038,3.2041036490682e-13,-5.57522214423464e-12,0.00325273155364147,1.54506871244498,0,267.161443506003,60.6481711487664,4.18373328144837e-10,1,0.986611166637817,0,-4.5763393075049e-13,6.4082072981364e-13,0,0,0
41.73,9500,1.54506871244543,9500,9500.00000000001,1.54506871244543,1.54506871244543,0,-2.31600924004881e-11,20.3844809037358,1,0,15030.1235607482,-15030.1235607483,1.54506871244543,1.5418159808907,1.54181598089066,3.79696274421804e-14,-4.34198737172698e-12,0.00325273155409933,1.54506871244487,0,267.161443506003,60.6481711487664,4.1836758925192e-10,1,0.986611166637817,0,-4.5763393075049e-13,7.59392548843607e-14,0,0,0
41.745,9500,1.54506871244543,9500,9500.00000000001,1.54506871244543,1.54506871244543,0,-2.72131085705735e-11,20.3844809037358,1,0,15030.1235607482,-15030.1235607483,1.54506871244543,1.5418159808907,1.54181598089032,3.80806497446429e-13,-3.38154316518712e-12,0.00325273155466022,1.54506871244612,0,267.161443506003,60.6481711487664,4.18375623702004e-10,1,0.986611166637817,0,-4.5763393075049e-13,7.61612994892857e-13,0,0,0
41.76,9500,1.54506871244543,9500,9500.00000000001,1.54506871244543,1.54506871244543,0,-4.68991871109884e-11,20.3844809037358,1,0,15030.1235607481,-15030.1235607483,1.54506871244543,1.5418159808907,1.54181598089092,-2.19602114270856e-13,-2.63354846503749e-12,0.00325273155397054,1.54506871244423,0,267.161443506003,60.6481711487664,4.1837172125482e-10,1,0.986611166637817,0,-4.5763393075049e-13,-4.39204228541712e-13,0,0,0
41.775,9500,1.54506871244542,9500,9500.00000000001,1.54506871244542,1.54506871244542,0,-3.24241293606834e-11,20.3844809037358,1,0,15030.1235607482,-15030.1235607483,1.54506871244542,1.5418159808907,1.5418159808908,-1.0591527654924e-13,-2.05100960682769e-12,0.00325273155516737,1.54506871244565,0,267.161443506003,60.6481711487664,4.18386757154264e-10,1,0.986611166637817,0,-4.5763393075049e-13,-2.1183055309848e-13,0,0,0
41.79,9500,1.54506871244542,9500,9500.00000000001,1.54506871244542,1.54506871244542,0,-4.92151963510372e-11,20.3844809037358,1,0,15030.1235607481,-15030.1235607483,1.54506871244542,1.5418159808907,1.54181598089081,-1.13020703906841e-13,-1.59732788788438e-12,0.00325273155493599,1.54506871244541,0,267.161443506003,60.6481711487664,4.1837103258767e-10,1,0.986611166637817,0,-4.5763393075049e-13,-2.26041407813682e-13,0,0,0
41.805,9500,1.54506871244541,9500,9500.00000000001,1.54506871244541,1.54506871244541,0,-5.21102079010983e-11,20.3844809037358,1,0,15030.123560748,-15030.1235607483,1.54506871244541,1.5418159808907,1.54181598089058,1.14352971536391e-13,-1.24400020990615e-12,0.00325273155494621,1.54506871244587,0,267.161443506003,60.6481711487664,4.18383199040656e-10,1,0.986611166637817,0,-4.5763393075049e-13,2.28705943072782e-13,0,0,0
41.82,9500,1.54506871244541,9500,9500.00000000001,1.54506871244541,1.54506871244541,0,-6.31112517913301e-11,20.3844809037358,1,0,15030.123560748,-15030.1235607483,1.54506871244541,1.5418159808907,1.54181598089058,1.14352971536391e-13,-9.688283376159e-13,0.00325273155448746,1.54506871244541,0,267.161443506003,60.6481711487664,4.18358292245393e-10,1,0.986611166637817,0,-4.5763393075049e-13,2.28705943072782e-13,0,0,0
41.835,9500,1.54506871244541,9500,9500.00000000001,1.54506871244541,1.54506871244541,0,-4.05301617008542e-11,20.3844809037359,1,0,15030.1235607481,-15030.1235607483,1.54506871244541,1.5418159808907,1.54181598089104,-3.40394379350073e-13,-7.5452426799703e-13,0.00325273155448347,1.5450687124445,0,267.161443506003,60.6481711487664,4.18372180366254e-10,1,0.986611166637817,0,-4.5763393075049e-13,-6.80788758700146e-13,0,0,0
41.85,9500,1.54506871244545,9500,9500,1.54506871244545,1.54506871244545,0,-2.66341062605613e-11,20.3844809037359,1,0,15030.1235607482,-15030.1235607483,1.54506871244545,1.5418159808907,1.54181598089098,-2.8554936193359e-13,-2.74115595351462e-11,0.00325273155538897,1.54506871244552,0,267.161443506003,60.6481711487664,4.1838010003848e-10,1,0.986611166637817,0,9.01501095995627e-14,-5.71098723867181e-13,0,0,0
41.865,9500,1.54506871244544,9500,9500,1.54506871244544,1.54506871244544,0,-2.66341062605613e-11,20.3844809037359,1,0,15030.1235607482,-15030.1235607483,1.54506871244544,1.5418159808907,1.54181598089031,3.91242593877905e-13,-2.13481440311803e-11,0.0032527315553208,1.5450687124468,0,267.161443506003,60.6481711487664,4.18367933585495e-10,1,0.986611166637817,0,9.01501095995627e-14,7.8248518775581e-13,0,0,0
41.88,9500,1.54506871244544,9500,9500,1.54506871244544,1.54506871244544,0,-1.33170531302807e-11,20.3844809037359,1,0,15030.1235607482,-15030.1235607483,1.54506871244544,1.5418159808907,1.54181598089059,1.08801856413265e-13,-1.66259512886043e-11,0.00325273155396455,1.54506871244488,0,267.161443506003,60.6481711487664,4.18368737030503e-10,1,0.986611166637817,0,9.01501095995627e-14,2.17603712826531e-13,0,0,0
41.895,9500,1.54506871244544,9500,9500,1.54506871244544,1.54506871244544,0,-2.95291178106223e-11,20.3844809037359,1,0,15030.1235607481,-15030.1235607483,1.54506871244544,1.5418159808907,1.54181598089122,-5.22248910783674e-13,-1.29483038828721e-11,0.00325273155452677,1.54506871244418,0,267.161443506003,60.6481711487664,4.18369770031228e-10,1,0.986611166637817,0,9.01501095995627e-14,-1.04449782156735e-12,0,0,0
41.91,9500,1.54506871244544,9500,9500,1.54506871244544,1.54506871244544,0,-1.50540600603173e-11,20.3844809037359,1,0,15030.1235607482,-15030.1235607483,1.54506871244544,1.5418159808907,1.54181598089008,6.14619466432487e-13,-1.00841492034273e-11,0.0032527315557862,1.54506871244771,0,267.161443506003,60.6481711487664,4.18377115814163e-10,1,0.986611166637817,0,9.01501095995627e-14,1.22923893286497e-12,0,0,0
41.925,9500,1.54506871244543,9500,9500,1.54506871244543,1.54506871244543,0,-2.77921108805857e-11,20.3844809037359,1,0,15030.1235607482,-15030.1235607483,1.54506871244543,1.5418159808907,1.54181598088992,7.7982065249671e-13,-7.85354329623807e-12,0.0032527315535098,1.54506871244577,0,267.161443506003,60.6481711487664,4.18369770031228e-10,1,0.986611166637817,0,9.01501095995627e-14,1.55964130499342e-12,0,0,0
41.94,9500,1.54506871244543,9500,9500,1.54506871244543,1.54506871244543,0,-3.416113629072e-11,20.3844809037359,1,0,15030.1235607481,-15030.1235607483,1.54506871244543,1.5418159808907,1.54181598089038,3.21520587931445e-13,-6.11634566899539e-12,0.00325273155317674,1.54506871244452,0,267.161443506003,60.6481711487664,4.18364834583319e-10,1,0.986611166637817,0,9.01501095995627e-14,6.43041175862891e-13,0,0,0
41.955,9500,1.54506871244543,9500,9500,1.54506871244543,1.54506871244543,0,-3.416113629072e-11,20.3844809037359,1,0,15030.1235607481,-15030.1235607483,1.54506871244543,1.5418159808907,1.54181598089077,-7.63833440942108e-14,-4.763414796549e-12,0.00325273155409067,1.54506871244464,0,267.161443506003,60.6481711487664,4.18364145916169e-10,1,0.986611166637817,0,9.01501095995627e-14,-1.52766688188422e-13,0,0,0
41.97,9500,1.54506871244543,9500,9500,1.54506871244543,1.54506871244543,0,-5.32682125211227e-11,20.3844809037359,1,0,15030.123560748,-15030.1235607483,1.54506871244543,1.5418159808907,1.54181598089066,3.73034936274053e-14,-3.70975117364628e-12,0.00325273155488381,1.54506871244566,0,267.161443506003,60.6481711487664,4.18372754255546e-10,1,0.986611166637817,0,9.01501095995627e-14,7.46069872548105e-14,0,0,0
41.985,9500,1.54506871244542,9500,9500,1.54506871244542,1.54506871244542,0,-3.416113629072e-11,20.3844809037359,1,0,15030.1235607481,-15030.1235607483,1.54506871244542,1.5418159808907,1.54181598089089,-1.90070181815827e-13,-2.88915711903579e-12,0.00325273155465378,1.54506871244497,0,267.161443506003,60.6481711487664,4.1838147737278e-10,1,0.986611166637817,0,9.01501095995627e-14,-3.80140363631654e-13,0,0,0
42,9500,1.54506871244542,9500,9500,1.54506871244542,1.54506871244542,0,-4.11091640108664e-11,20.3844809037359,1,0,15030.1235607481,-15030.1235607483,1.54506871244542,1.5418159808907,1.54181598089083,-1.33226762955019e-13,-2.2500778267214e-12,0.00325273155510586,1.54506871244554,0,267.161443506003,60.6481711487664,4.18388134488565e-10,1,0.986611166637817,0,9.01501095995627e-14,-2.66453525910038e-13,0,0,0
42.015,9500,1.54506871244542,9500,9500,1.54506871244542,1.54506871244542,0,-4.68991871109884e-11,20.3844809037359,1,0,15030.123560748,-15030.1235607483,1.54506871244542,1.5418159808907,1.5418159808906,9.37028232783632e-14,-1.75236237342223e-12,0.00325273155498951,1.54506871244587,0,267.161443506003,60.6481711487664,4.18376312369154e-10,1,0.986611166637817,0,9.01501095995627e-14,1.87405646556726e-13,0,0,0
42.03,9500,1.54506871244541,9500,9500,1.54506871244541,1.54506871244541,0,-5.03732009710617e-11,20.3844809037359,1,0,15030.123560748,-15030.1235607483,1.54506871244541,1.5418159808907,1.54181598089106,-3.64597241286901e-13,-1.3647411886461e-12,0.00325273155453298,1.5450687124445,0,267.161443506003,60.6481711487664,4.18384117263523e-10,1,0.986611166637817,0,9.01501095995627e-14,-7.29194482573803e-13,0,0,0
42.045,9500,1.54506871244541,9500,9500,1.54506871244541,1.54506871244541,0,-6.02162402412691e-11,20.3844809037359,1,0,15030.123560748,-15030.1235607483,1.54506871244541,1.5418159808907,1.54181598089106,-3.64597241286901e-13,-1.06286150640738e-12,0.00325273155544692,1.54506871244541,0,267.161443506003,60.6481711487664,4.18370917809812e-10,1,0.986611166637817,0,9.01501095995627e-14,-7.29194482573803e-13,0,0,0
42.06,9500,1.54506871244541,9500,9500,1.54506871244541,1.54506871244541,0,-4.92151963510372e-11,20.3844809037359,1,0,15030.123560748,-15030.1235607483,1.54506871244541,1.5418159808907,1.54181598089083,-1.37223565843669e-13,-8.2775737348652e-13,0.00325273155544425,1.54506871244587,0,267.161443506003,60.6481711487664,4.18378952259897e-10,1,0.986611166637817,0,9.01501095995627e-14,-2.74447131687339e-13,0,0,0
42.075,9500,1.54506871244541,9500,9500,1.54506871244541,1.54506871244541,0,-6.02162402412691e-11,20.3844809037359,1,0,15030.123560748,-15030.1235607483,1.54506871244541,1.5418159808907,1.54181598089083,-1.37223565843669e-13,-6.44658090664431e-13,0.00325273155498684,1.54506871244541,0,267.161443506003,60.6481711487664,4.18380214816338e-10,1,0.986611166637817,0,9.01501095995627e-14,-2.74447131687339e-13,0,0,0
42.09,9500,1.5450687124454,9500,9500,1.5450687124454,1.5450687124454,0,-4.68991871109884e-11,20.3844809037359,1,0,15030.123560748,-15030.1235607483,1.5450687124454,1.5418159808907,1.54181598089083,-1.37223565843669e-13,-5.02060225822776e-13,0.00325273155498418,1.54506871244541,0,267.161443506003,60.6481711487664,4.18381821706355e-10,1,0.986611166637817,0,9.01501095995627e-14,-2.74447131687339e-13,0,0,0
42.105,9500,1.5450687124454,9500,9500,1.5450687124454,1.5450687124454,0,-6.36902541013423e-11,20.3844809037359,1,0,15030.123560748,-15030.1235607483,1.5450687124454,1.5418159808907,1.54181598089083,-1.37223565843669e-13,-3.91004897019784e-13,0.00325273155498151,1.5450687124454,0,267.161443506003,60.6481711487664,4.1835989913541e-10,1,0.986611166637817,0,9.01501095995627e-14,-2.74447131687339e-13,0,0,0
42.12,9500,1.5450687124454,9500,9500,1.5450687124454,1.5450687124454,0,-5.67422263811959e-11,20.3844809037359,1,0,15030.123560748,-15030.1235607483,1.5450687124454,1.5418159808907,1.54181598089106,-3.64597241286901e-13,-3.04514919983762e-13,0.00325273155497885,1.54506871244495,0,267.161443506003,60.6481711487664,4.18372869033404e-10,1,0.986611166637817,0,9.01501095995627e-14,-7.29194482573803e-13,0,0,0
42.135,9500,1.5450687124454,9500,9500,1.5450687124454,1.5450687124454,0,-7.23752887515254e-11,20.3844809037359,1,0,15030.1235607479,-15030.1235607483,1.5450687124454,1.5418159808907,1.54181598089106,-3.64597241286901e-13,-2.3715645814028e-13,0.00325273155543093,1.5450687124454,0,267.161443506003,60.6481711487664,4.18384805930673e-10,1,0.986611166637817,0,9.01501095995627e-14,-7.29194482573803e-13,0,0,0
42.15,9500,1.54506871244539,9500,9500,1.54506871244539,1.54506871244539,0,-6.36902541013423e-11,20.384480903736,1,0,15030.123560748,-15030.1235607483,1.54506871244539,1.5418159808907,1.54181598089106,-3.64597241286901e-13,-1.84697635310091e-13,0.00325273155542827,1.5450687124454,0,267.161443506003,60.6481711487664,4.18375279368429e-10,1,0.986611166637817,0,9.01501095995627e-14,-7.29194482573803e-13,0,0,0
42.165,9500,1.54506871244544,9500,9500,1.54506871244544,1.54506871244544,0,-1.91070762304027e-11,20.384480903736,1,0,15030.1235607482,-15030.1235607483,1.54506871244544,1.5418159808907,1.54181598088985,8.45989944764369e-13,-2.69677781073947e-11,0.0032527315554256,1.54506871244781,0,267.161443506003,60.6481711487664,4.18370229142662e-10,1,0.986611166637817,0,4.58744153775115e-13,1.69197988952874e-12,0,0,0
42.18,9500,1.54506871244548,9500,9500,1.54506871244548,1.54506871244548,0,8.10603234017084e-12,20.384480903736,1,0,15030.1235607483,-15030.1235607483,1.54506871244548,1.5418159808907,1.54181598088958,1.12088116566156e-12,-4.78264621521186e-11,0.00325273155304751,1.54506871244599,0,267.161443506003,60.6481711487664,4.18383313818513e-10,1,0.986611166637817,0,0,2.24176233132312e-12,0,0,0
42.195,9500,1.54506871244548,9500,9500,1.54506871244548,1.54506871244548,0,8.10603234017084e-12,20.384480903736,1,0,15030.1235607483,-15030.1235607483,1.54506871244548,1.5418159808907,1.54181598088969,1.00275343584144e-12,-3.72472861756048e-11,0.00325273155254213,1.54506871244524,0,267.161443506003,60.6481711487664,4.18383313818513e-10,1,0.986611166637817,0,0,2.00550687168288e-12,0,0,0
42.21,9500,1.54506871244548,9500,9500,1.54506871244548,1.54506871244548,0,8.10603234017084e-12,20.384480903736,1,0,15030.1235607483,-15030.1235607483,1.54506871244548,1.5418159808907,1.5418159808903,3.98792110445356e-13,-2.90082156408458e-11,0.00325273155277839,1.54506871244427,0,267.161443506003,60.6481711487664,4.18383313818513e-10,1,0.986611166637817,0,0,7.97584220890712e-13,0,0,0
42.225,9500,1.54506871244548,9500,9500,1.54506871244548,1.54506871244548,0,8.10603234017084e-12,20.384480903736,1,0,15030.1235607483,-15030.1235607483,1.54506871244548,1.5418159808907,1.54181598088988,8.20010725988141e-13,-2.25916210565949e-11,0.00325273155398631,1.54506871244632,0,267.161443506003,60.6481711487664,4.18383313818513e-10,1,0.986611166637817,0,0,1.64002145197628e-12,0,0,0
42.24,9500,1.54506871244548,9500,9500,1.54506871244548,1.54506871244548,0,8.10603234017084e-12,20.384480903736,1,0,15030.1235607483,-15030.1235607483,1.54506871244548,1.5418159808907,1.54181598088937,1.32271971153841e-12,-1.75943721697285e-11,0.00325273155314387,1.54506871244649,0,267.161443506003,60.6481711487664,4.18383313818513e-10,1,0.986611166637817,0,0,2.64543942307682e-12,0,0,0
42.255,9500,1.54506871244548,9500,9500,1.54506871244548,1.54506871244548,0,8.10603234017084e-12,20.384480903736,1,0,15030.1235607483,-15030.1235607483,1.54506871244548,1.5418159808907,1.54181598089041,2.91544566266566e-13,-1.37025108234343e-11,0.00325273155213845,1.54506871244342,0,267.161443506003,60.6481711487664,4.18383313818513e-10,1,0.986611166637817,0,0,5.83089132533132e-13,0,0,0
42.27,9500,1.54506871244548,9500,9500,1.54506871244548,1.54506871244548,0,8.10603234017084e-12,20.384480903736,1,0,15030.1235607483,-15030.1235607483,1.54506871244548,1.5418159808907,1.5418159808898,8.92841356403551e-13,-1.0671526159335e-11,0.00325273155420081,1.54506871244668,0,267.161443506003,60.6481711487664,4.18383313818513e-10,1,0.986611166637817,0,0,1.7856827128071e-12,0,0,0
42.285,9500,1.54506871244548,9500,9500,1.54506871244548,1.54506871244548,0,8.10603234017084e-12,20.384480903736,1,0,15030.1235607483,-15030.1235607483,1.54506871244548,1.5418159808907,1.54181598088939,1.31206157050201e-12,-8.31099292945711e-12,0.00325273155299821,1.54506871244632,0,267.161443506003,60.6481711487664,4.18383313818513e-10,1,0.986611166637817,0,0,2.62412314100402e-12,0,0,0
42.3,9500,1.54506871244548,9500,9500,1.54506871244548,1.54506871244548,0,8.10603234017084e-12,20.384480903736,1,0,15030.1235607483,-15030.1235607483,1.54506871244548,1.5418159808907,1.54181598088972,9.74553771015962e-13,-6.4726078015621e-12,0.00325273155215977,1.54506871244481,0,267.161443506003,60.6481711487664,4.18383313818513e-10,1,0.986611166637817,0,0,1.94910754203192e-12,0,0,0
42.315,9500,1.54506871244548,9500,9500,1.54506871244548,1.54506871244548,0,8.10603234017084e-12,20.384480903736,1,0,15030.1235607483,-15030.1235607483,1.54506871244548,1.5418159808907,1.54181598088972,9.77218306275063e-13,-5.04087202437065e-12,0.00325273155283479,1.54506871244549,0,267.161443506003,60.6481711487664,4.18383313818513e-10,1,0.986611166637817,0,0,1.95443661255013e-12,0,0,0
42.33,9500,1.54506871244548,9500,9500,1.54506871244548,1.54506871244548,0,8.10603234017084e-12,20.384480903736,1,0,15030.1235607483,-15030.1235607483,1.54506871244548,1.5418159808907,1.54181598089003,6.64579502540619e-13,-3.9258350799426e-12,0.00325273155282946,1.54506871244486,0,267.161443506003,60.6481711487664,4.18383313818513e-10,1,0.986611166637817,0,0,1.32915900508124e-12,0,0,0
42.345,9500,1.54506871244548,9500,9500,1.54506871244548,1.54506871244548,0,8.10603234017084e-12,20.384480903736,1,0,15030.1235607483,-15030.1235607483,1.54506871244548,1.5418159808907,1.54181598089009,6.07736083679811e-13,-3.05744343446849e-12,0.00325273155345474,1.54506871244537,0,267.161443506003,60.6481711487664,4.18383313818513e-10,1,0.986611166637817,0,0,1.21547216735962e-12,0,0,0
42.36,9500,1.54506871244548,9500,9500,1.54506871244548,1.54506871244548,0,8.10603234017084e-12,20.384480903736,1,0,15030.1235607483,-15030.1235607483,1.54506871244548,1.5418159808907,1.54181598089,6.92779167366098e-13,-2.38113934096058e-12,0.00325273155356842,1.54506871244565,0,267.161443506003,60.6481711487664,4.18383313818513e-10,1,0.986611166637817,0,0,1.3855583347322e-12,0,0,0
42.375,9500,1.54506871244548,9500,9500,1.54506871244548,1.54506871244548,0,8.10603234017084e-12,20.384480903736,1,0,15030.1235607483,-15030.1235607483,1.54506871244548,1.5418159808907,1.54181598089046,2.36477504245158e-13,-1.85443318334223e-12,0.00325273155339834,1.54506871244457,0,267.161443506003,60.6481711487664,4.18383313818513e-10,1,0.986611166637817,0,0,4.72955008490317e-13,0,0,0
42.39,9500,1.54506871244548,9500,9500,1.54506871244548,1.54506871244548,0,8.10603234017084e-12,20.384480903736,1,0,15030.1235607483,-15030.1235607483,1.54506871244548,1.5418159808907,1.54181598089075,-4.77395900588817e-14,-1.44423401534053e-12,0.00325273155431094,1.54506871244491,0,267.161443506003,60.6481711487664,4.18383313818513e-10,1,0.986611166637817,0,0,-9.54791801177635e-14,0,0,0
42.405,9500,1.54506871244548,9500,9500,1.54506871244548,1.54506871244548,0,8.10603234017084e-12,20.384480903736,1,0,15030.1235607483,-15030.1235607483,1.54506871244548,1.5418159808907,1.54181598089098,-2.8244073746464e-13,-1.12477058208556e-12,0.00325273155487937,1.54506871244501,0,267.161443506003,60.6481711487664,4.18383313818513e-10,1,0.986611166637817,0,0,-5.6488147492928e-13,0,0,0
42.42,9500,1.54506871244548,9500,9500,1.54506871244548,1.54506871244548,0,8.10603234017084e-12,20.384480903736,1,0,15030.1235607483,-15030.1235607483,1.54506871244548,1.5418159808907,1.54181598089047,2.29150032282632e-13,-8.75972210103916e-13,0.00325273155534878,1.5450687124465,0,267.161443506003,60.6481711487664,4.18383313818513e-10,1,0.986611166637817,0,0,4.58300064565265e-13,0,0,0
42.435,9500,1.54506871244548,9500,9500,1.54506871244548,1.54506871244548,0,8.10603234017084e-12,20.384480903736,1,0,15030.1235607483,-15030.1235607483,1.54506871244548,1.5418159808907,1.54181598089024,4.54747350886464e-13,-6.82207843177719e-13,0.00325273155432559,1.54506871244593,0,267.161443506003,60.6481711487664,4.18383313818513e-10,1,0.986611166637817,0,0,9.09494701772928e-13,0,0,0
42.45,9500,1.54506871244548,9500,9500,1.54506871244548,1.54506871244548,0,8.10603234017084e-12,20.384480903736,1,0,15030.1235607483,-15030.1235607483,1.54506871244548,1.5418159808907,1.54181598089047,2.27373675443232e-13,-5.31304002484262e-13,0.0032527315538744,1.54506871244503,0,267.161443506003,60.6481711487664,4.18383313818513e-10,1,0.986611166637817,0,0,4.54747350886464e-13,0,0,0
42.465,9500,1.54506871244548,9500,9500,1.54506871244548,1.54506871244548,0,8.10603234017084e-12,20.384480903736,1,0,15030.1235607483,-15030.1235607483,1.54506871244548,1.5418159808907,1.54181598089047,2.27373675443232e-13,-4.13779973183715e-13,0.00325273155432915,1.54506871244548,0,267.161443506003,60.6481711487664,4.18383313818513e-10,1,0.986611166637817,0,0,4.54747350886464e-13,0,0,0
42.48,9500,1.54506871244548,9500,9500,1.54506871244548,1.54506871244548,0,8.10603234017084e-12,20.384480903736,1,0,15030.1235607483,-15030.1235607483,1.54506871244548,1.5418159808907,1.54181598089047,2.27373675443232e-13,-3.22252167134742e-13,0.00325273155432915,1.54506871244548,0,267.161443506003,60.6481711487664,4.18383313818513e-10,1,0.986611166637817,0,0,4.54747350886464e-13,0,0,0
42.495,9500,1.54506871244548,9500,9500,1.54506871244548,1.54506871244548,0,8.10603234017084e-12,20.384480903736,1,0,15030.1235607483,-15030.1235607483,1.54506871244548,1.5418159808907,1.5418159808907,0,-2.50970240110994e-13,0.00325273155432915,1.54506871244503,0,267.161443506003,60.6481711487664,4.18383313818513e-10,1,0.986611166637817,0,0,0,0,0,0
42.51,9500,1.54506871244548,9500,9500,1.54506871244548,1.54506871244548,0,8.10603234017084e-12,20.384480903736,1,0,15030.1235607483,-15030.1235607483,1.54506871244548,1.5418159808907,1.5418159808907,0,-1.95455819526061e-13,0.00325273155478389,1.54506871244548,0,267.161443506003,60.6481711487664,4.18383313818513e-10,1,0.986611166637817,0,0,0,0,0,0
42.525,9500,1.54506871244548,9500,9500,1.54506871244548,1.54506871244548,0,8.10603234017084e-12,20.384480903736,1,0,15030.1235607483,-15030.1235607483,1.54506871244548,1.5418159808907,1.5418159808907,0,-1.52221145302759e-13,0.00325273155478389,1.54506871244548,0,267.161443506003,60.6481711487664,4.18383313818513e-10,1,0.986611166637817,0,0,0,0,0,0
42.54,9500,1.54506871244548,9500,9500,1.54506871244548,1.54506871244548,0,8.10603234017084e-12,20.384480903736,1,0,15030.1235607483,-15030.1235607483,1.54506871244548,1.5418159808907,1.5418159808907,0,-1.18549947161815e-13,0.00325273155478389,1.54506871244548,0,267.161443506003,60.6481711487664,4.18383313818513e-10,1,0.986611166637817,0,0,0,0,0,0
42.555,9500,1.54506871244548,9500,9500,1.54506871244548,1.54506871244548,0,8.10603234017084e-12,20.384480903736,1,0,15030.1235607483,-15030.1235607483,1.54506871244548,1.5418159808907,1.5418159808907,0,-9.23267916826953e-14,0.00325273155478389,1.54506871244548,0,267.161443506003,60.6481711487664,4.18383313818513e-10,1,0.986611166637817,0,0,0,0,0,0
42.57,9500,1.54506871244548,9500,9500,1.54506871244548,1.54506871244548,0,8.10603234017084e-12,20.384480903736,1,0,15030.1235607483,-15030.1235607483,1.54506871244548,1.5418159808907,1.5418159808907,0,-7.19041776609536e-14,0.00325273155478389,1.54506871244548,0,267.161443506003,60.6481711487664,4.18383313818513e-10,1,0.986611166637817,0,0,0,0,0,0
42.585,9500,1.54506871244548,9500,9500,1.54506871244548,1.54506871244548,0,8.10603234017084e-12,20.384480903736,1,0,15030.1235607483,-15030.1235607483,1.54506871244548,1.5418159808907,1.5418159808907,0,-5.59990298684561e-14,0.00325273155478389,1.54506871244548,0,267.161443506003,60.6481711487664,4.18383313818513e-10,1,0.986611166637817,0,0,0,0,0,0
42.6,9500,1.54506871244548,9500,9500,1.54506871244548,1.54506871244548,0,8.10603234017084e-12,20.384480903736,1,0,15030.1235607483,-15030.1235607483,1.54506871244548,1.5418159808907,1.5418159808907,0,-4.36120883127926e-14,0.00325273155478389,1.54506871244548,0,267.161443506003,60.6481711487664,4.18383313818513e-10,1,0.986611166637817,0,0,0,0,0,0
42.615,9500,1.54506871244548,9500,9500,1.54506871244548,1.54506871244548,0,8.10603234017084e-12,20.384480903736,1,0,15030.1235607483,-15030.1235607483,1.54506871244548,1.5418159808907,1.5418159808907,0,-3.39651285293821e-14,0.00325273155478389,1.54506871244548,0,267.161443506003,60.6481711487664,4.18383313818513e-10,1,0.986611166637817,0,0,0,0,0,0
42.63,9500,1.54506871244548,9500,9500,1.54506871244548,1.54506871244548,0,8.10603234017084e-12,20.384480903736,1,0,15030.1235607483,-15030.1235607483,1.54506871244548,1.5418159808907,1.5418159808907,0,-2.64520686958037e-14,0.00325273155478389,1.54506871244548,0,267.161443506003,60.6481711487664,4.18383313818513e-10,1,0.986611166637817,0,0,0,0,0,0
42.645,9500,1.54506871244548,9500,9500,1.54506871244548,1.54506871244548,0,8.10603234017084e-12,20.384480903736,1,0,15030.1235607483,-15030.1235607483,1.54506871244548,1.5418159808907,1.5418159808907,0,-2.06008918141505e-14,0.00325273155478389,1.54506871244548,0,267.161443506003,60.6481711487664,4.18383313818513e-10,1,0.986611166637817,0,0,0,0,0,0
42.66,9500,1.54506871244548,9500,9500,1.54506871244548,1.54506871244548,0,8.10603234017084e-12,20.384480903736,1,0,15030.1235607483,-15030.1235607483,1.54506871244548,1.5418159808907,1.5418159808907,0,-1.60439906768297e-14,0.00325273155478389,1.54506871244548,0,267.161443506003,60.6481711487664,4.18383313818513e-10,1,0.986611166637817,0,0,0,0,0,0
42.675,9500,1.54506871244548,9500,9500,1.54506871244548,1.54506871244548,0,8.10603234017084e-12,20.384480903736,1,0,15030.1235607483,-15030.1235607483,1.54506871244548,1.5418159808907,1.5418159808907,0,-1.24950725027053e-14,0.00325273155478389,1.54506871244548,0,267.161443506003,60.6481711487664,4.18383313818513e-10,1,0.986611166637817,0,0,0,0,0,0
42.69,9500,1.54506871244548,9500,9500,1.54506871244548,1.54506871244548,0,8.10603234017084e-12,20.384480903736,1,0,15030.1235607483,-15030.1235607483,1.54506871244548,1.5418159808907,1.5418159808907,0,-9.73117224964087e-15,0.00325273155478389,1.54506871244548,0,267.161443506003,60.6481711487664,4.18383313818513e-10,1,0.986611166637817,0,0,0,0,0,0
42.705,9500,1.54506871244548,9500,9500,1.54506871244548,1.54506871244548,0,8.10603234017084e-12,20.384480903736,1,0,15030.1235607483,-15030.1235607483,1.54506871244548,1.5418159808907,1.5418159808907,0,-7.57864456822304e-15,0.00325273155478389,1.54506871244548,0,267.161443506003,60.6481711487664,4.18383313818513e-10,1,0.986611166637817,0,0,0,0,0,0
42.72,9500,1.54506871244548,9500,9500,1.54506871244548,1.54506871244548,0,8.10603234017084e-12,20.384480903736,1,0,15030.1235607483,-15030.1235607483,1.54506871244548,1.5418159808907,1.5418159808907,0,-5.90225432435195e-15,0.00325273155478389,1.54506871244548,0,267.161443506003,60.6481711487664,4.18383313818513e-10,1,0.986611166637817,0,0,0,0,0,0
42.735,9500,1.54506871244548,9500,9500,1.54506871244548,1.54506871244548,0,8.10603234017084e-12,20.384480903736,1,0,15030.1235607483,-15030.1235607483,1.54506871244548,1.5418159808907,1.5418159808907,0,-4.59668028969188e-15,0.00325273155478389,1.54506871244548,0,267.161443506003,60.6481711487664,4.18383313818513e-10,1,0.986611166637817,0,0,0,0,0,0
42.75,9500,1.54506871244548,9500,9500,1.54506871244548,1.54506871244548,0,8.10603234017084e-12,20.384480903736,1,0,15030.1235607483,-15030.1235607483,1.54506871244548,1.5418159808907,1.5418159808907,0,-3.57989820914093e-15,0.00325273155478389,1.54506871244548,0,267.161443506003,60.6481711487664,4.18383313818513e-10,1,0.986611166637817,0,0,0,0,0,0
42.765,9500,1.54506871244548,9500,9500,1.54506871244548,1.54506871244548,0,8.10603234017084e-12,20.384480903736,1,0,15030.1235607483,-15030.1235607483,1.54506871244548,1.5418159808907,1.5418159808907,0,-2.78802752859488e-15,0.00325273155478389,1.54506871244548,0,267.161443506003,60.6481711487664,4.18383313818513e-10,1,0.986611166637817,0,0,0,0,0,0
42.78,9500,1.54506871244548,9500,9500,1.54506871244548,1.54506871244548,0,8.10603234017084e-12,20.384480903736,1,0,15030.1235607483,-15030.1235607483,1.54506871244548,1.5418159808907,1.5418159808907,0,-2.17131802249432e-15,0.00325273155478389,1.54506871244548,0,267.161443506003,60.6481711487664,4.18383313818513e-10,1,0.986611166637817,0,0,0,0,0,0
42.795,9500,1.54506871244548,9500,9500,1.54506871244548,1.54506871244548,0,8.10603234017084e-12,20.384480903736,1,0,15030.1235607483,-15030.1235607483,1.54506871244548,1.5418159808907,1.5418159808907,0,-1.69102417621563e-15,0.00325273155478389,1.54506871244548,0,267.161443506003,60.6481711487664,4.18383313818513e-10,1,0.986611166637817,0,0,0,0,0,0
42.81,9500,1.54506871244548,9500,9500,1.54506871244548,1.54506871244548,0,8.10603234017084e-12,20.384480903736,1,0,15030.1235607483,-15030.1235607483,1.54506871244548,1.5418159808907,1.5418159808907,0,-1.31697095262941e-15,0.00325273155478389,1.54506871244548,0,267.161443506003,60.6481711487664,4.18383313818513e-10,1,0.986611166637817,0,0,0,0,0,0
42.825,9500,1.54506871244548,9500,9500,1.54506871244548,1.54506871244548,0,8.10603234017084e-12,20.384480903736,1,0,15030.1235607483,-15030.1235607483,1.54506871244548,1.5418159808907,1.5418159808907,0,-1.02565800919008e-15,0.00325273155478389,1.54506871244548,0,267.161443506003,60.6481711487664,4.18383313818513e-10,1,0.986611166637817,0,0,0,0,0,0
42.84,9500,1.54506871244548,9500,9500,1.54506871244548,1.54506871244548,0,8.10603234017084e-12,20.384480903736,1,0,15030.1235607483,-15030.1235607483,1.54506871244548,1.5418159808907,1.5418159808907,0,-7.98783260720693e-16,0.00325273155478389,1.54506871244548,0,267.161443506003,60.6481711487664,4.18383313818513e-10,1,0.986611166637817,0,0,0,0,0,0
42.855,9500,1.54506871244548,9500,9500,1.54506871244548,1.54506871244548,0,8.10603234017084e-12,20.384480903736,1,0,15030.1235607483,-15030.1235607483,1.54506871244548,1.5418159808907,1.5418159808907,0,-6.22093028953606e-16,0.00325273155478389,1.54506871244548,0,267.161443506003,60.6481711487664,4.18383313818513e-10,1,0.986611166637817,0,0,0,0,0,0
42.87,9500,1.54506871244548,9500,9500,1.54506871244548,1.54506871244548,0,8.10603234017084e-12,20.384480903736,1,0,15030.1235607483,-15030.1235607483,1.54506871244548,1.5418159808907,1.5418159808907,0,-4.84486538092331e-16,0.00325273155478389,1.54506871244548,0,267.161443506003,60.6481711487664,4.18383313818513e-10,1,0.986611166637817,0,0,0,0,0,0
42.885,9500,1.54506871244548,9500,9500,1.54506871244548,1.54506871244548,0,8.10603234017084e-12,20.384480903736,1,0,15030.1235607483,-15030.1235607483,1.54506871244548,1.5418159808907,1.5418159808907,0,-3.77318495253861e-16,0.00325273155478389,1.54506871244548,0,267.161443506003,60.6481711487664,4.18383313818513e-10,1,0.986611166637817,0,0,0,0,0,0
42.9,9500,1.54506871244548,9500,9500,1.54506871244548,1.54506871244548,0,8.10603234017084e-12,20.384480903736,1,0,15030.1235607483,-15030.1235607483,1.54506871244548,1.5418159808907,1.5418159808907,0,-2.93855939571031e-16,0.00325273155478389,1.54506871244548,0,267.161443506003,60.6481711487664,4.18383313818513e-10,1,0.986611166637817,0,0,0,0,0,0
42.915,9500,1.54506871244548,9500,9500,1.54506871244548,1.54506871244548,0,8.10603234017084e-12,20.384480903736,1,0,15030.1235607483,-15030.1235607483,1.54506871244548,1.5418159808907,1.5418159808907,0,-2.28855235848103e-16,0.00325273155478389,1.54506871244548,0,267.161443506003,60.6481711487664,4.18383313818513e-10,1,0.986611166637817,0,0,0,0,0,0
42.93,9500,1.54506871244548,9500,9500,1.54506871244548,1.54506871244548,0,8.10603234017084e-12,20.384480903736,1,0,15030.1235607483,-15030.1235607483,1.54506871244548,1.5418159808907,1.5418159808907,0,-1.78232636888493e-16,0.00325273155478389,1.54506871244548,0,267.161443506003,60.6481711487664,4.18383313818513e-10,1,0.986611166637817,0,0,0,0,0,0
42.945,9500,1.54506871244548,9500,9500,1.54506871244548,1.54506871244548,0,8.10603234017084e-12,20.384480903736,1,0,15030.1235607483,-15030.1235607483,1.54506871244548,1.5418159808907,1.5418159808907,0,-1.3880771717764e-16,0.00325273155478389,1.54506871244548,0,267.161443506003,60.6481711487664,4.18383313818513e-10,1,0.986611166637817,0,0,0,0,0,0
42.96,9500,1.54506871244548,9500,9500,1.54506871244548,1.54506871244548,0,8.10603234017084e-12,20.384480903736,1,0,15030.1235607483,-15030.1235607483,1.54506871244548,1.5418159808907,1.5418159808907,0,-1.081035588343e-16,0.00325273155478389,1.54506871244548,0,267.161443506003,60.6481711487664,4.18383313818513e-10,1,0.986611166637817,0,0,0,0,0,0
42.975,9500,1.54506871244548,9500,9500,1.54506871244548,1.54506871244548,0,8.10603234017084e-12,20.384480903736,1,0,15030.1235607483,-15030.1235607483,1.54506871244548,1.5418159808907,1.5418159808907,0,-8.41911362729586e-17,0.00325273155478389,1.54506871244548,0,267.161443506003,60.6481711487664,4.18383313818513e-10,1,0.986611166637817,0,0,0,0,0,0
42.99,9500,1.54506871244548,9500,9500,1.54506871244548,1.54506871244548,0,8.10603234017084e-12,20.384480903736,1,0,15030.1235607483,-15030.1235607483,1.54506871244548,1.5418159808907,1.5418159808907,0,-6.55681228570515e-17,0.00325273155478389,1.54506871244548,0,267.161443506003,60.6481711487664,4.18383313818513e-10,1,0.986611166637817,0,0,0,0,0,0
43.005,9500,1.54506871244548,9500,9500,1.54506871244548,1.54506871244548,0,8.10603234017084e-12,20.384480903736,1,0,15030.1235607483,-15030.1235607483,1.54506871244548,1.5418159808907,1.5418159808907,0,-5.10645054255938e-17,0.00325273155478389,1.54506871244548,0,267.161443506003,60.6481711487664,4.18383313818513e-10,1,0.986611166637817,0,0,0,0,0,0
43.02,9500,1.54506871244548,9500,9500,1.54506871244548,1.54506871244548,0,8.10603234017084e-12,20.384480903736,1,0,15030.1235607483,-15030.1235607483,1.54506871244548,1.5418159808907,1.5418159808907,0,-3.97690768126065e-17,0.00325273155478389,1.54506871244548,0,267.161443506003,60.6481711487664,4.18383313818513e-10,1,0.986611166637817,0,0,0,0,0,0
43.035,9500,1.54506871244548,9500,9500,1.54506871244548,1.54506871244548,0,8.10603234017084e-12,20.384480903736,1,0,15030.1235607483,-15030.1235607483,1.54506871244548,1.5418159808907,1.5418159808907,0,-3.09721881636848e-17,0.00325273155478389,1.54506871244548,0,267.161443506003,60.6481711487664,4.18383313818513e-10,1,0.986611166637817,0,0,0,0,0,0
43.05,9500,1.54506871244548,9500,9500,1.54506871244548,1.54506871244548,0,8.10603234017084e-12,20.384480903736,1,0,15030.1235607483,-15030.1235607483,1.54506871244548,1.5418159808907,1.5418159808907,0,-2.41211643953126e-17,0.00325273155478389,1.54506871244548,0,267.161443506003,60.6481711487664,4.18383313818513e-10,1,0.986611166637817,0,0,0,0,0,0
43.065,9500,1.54506871244548,9500,9500,1.54506871244548,1.54506871244548,0,8.10603234017084e-12,20.384480903736,1,0,15030.1235607483,-15030.1235607483,1.54506871244548,1.5418159808907,1.5418159808907,0,-1.87855817196635e-17,0.00325273155478389,1.54506871244548,0,267.161443506003,60.6481711487664,4.18383313818513e-10,1,0.986611166637817,0,0,0,0,0,0
43.08,9500,1.54506871244548,9500,9500,1.54506871244548,1.54506871244548,0,8.10603234017084e-12,20.384480903736,1,0,15030.1235607483,-15030.1235607483,1.54506871244548,1.5418159808907,1.5418159808907,0,-1.46302257537258e-17,0.00325273155478389,1.54506871244548,0,267.161443506003,60.6481711487664,4.18383313818513e-10,1,0.986611166637817,0,0,0,0,0,0
43.095,9500,1.54506871244548,9500,9500,1.54506871244548,1.54506871244548,0,8.10603234017084e-12,20.384480903736,1,0,15030.1235607483,-15030.1235607483,1.54506871244548,1.5418159808907,1.5418159808907,0,-1.13940312735131e-17,0.00325273155478389,1.54506871244548,0,267.161443506003,60.6481711487664,4.18383313818513e-10,1,0.986611166637817,0,0,0,0,0,0
43.11,9500,1.54506871244548,9500,9500,1.54506871244548,1.54506871244548,0,8.10603234017084e-12,20.384480903736,1,0,15030.1235607483,-15030.1235607483,1.54506871244548,1.5418159808907,1.5418159808907,0,-8.87368047815209e-18,0.00325273155478389,1.54506871244548,0,267.161443506003,60.6481711487664,4.18383313818513e-10,1,0.986611166637817,0,0,0,0,0,0
43.125,9500,1.54506871244548,9500,9500,1.54506871244548,1.54506871244548,0,8.10603234017084e-12,20.384480903736,1,0,15030.1235607483,-15030.1235607483,1.54506871244548,1.5418159808907,1.5418159808907,0,-6.91082930511028e-18,0.00325273155478389,1.54506871244548,0,267.161443506003,60.6481711487664,4.18383313818513e-10,1,0.986611166637817,0,0,0,0,0,0
43.14,9500,1.54506871244548,9500,9500,1.54506871244548,1.54506871244548,0,8.10603234017084e-12,20.384480903736,1,0,15030.1235607483,-15030.1235607483,1.54506871244548,1.5418159808907,1.5418159808907,0,-5.3821592744927e-18,0.00325273155478389,1.54506871244548,0,267.161443506003,60.6481711487664,4.18383313818513e-10,1,0.986611166637817,0,0,0,0,0,0
43.155,9500,1.54506871244548,9500,9500,1.54506871244548,1.54506871244548,0,8.10603234017084e-12,20.384480903736,1,0,15030.1235607483,-15030.1235607483,1.54506871244548,1.5418159808907,1.5418159808907,0,-4.19162985758994e-18,0.00325273155478389,1.54506871244548,0,267.161443506003,60.6481711487664,4.18383313818513e-10,1,0.986611166637817,0,0,0,0,0,0
43.17,9500,1.54506871244548,9500,9500,1.54506871244548,1.54506871244548,0,8.10603234017084e-12,20.384480903736,1,0,15030.1235607483,-15030.1235607483,1.54506871244548,1.5418159808907,1.5418159808907,0,-3.26444461543653e-18,0.00325273155478389,1.54506871244548,0,267.161443506003,60.6481711487664,4.18383313818513e-10,1,0.986611166637817,0,0,0,0,0,0
43.185,9500,1.54506871244548,9500,9500,1.54506871244548,1.54506871244548,0,8.10603234017084e-12,20.384480903736,1,0,15030.1235607483,-15030.1235607483,1.54506871244548,1.5418159808907,1.5418159808907,0,-2.5423520227952e-18,0.00325273155478389,1.54506871244548,0,267.161443506003,60.6481711487664,4.18383313818513e-10,1,0.986611166637817,0,0,0,0,0,0
43.2,9500,1.54506871244548,9500,9500,1.54506871244548,1.54506871244548,0,8.10603234017084e-12,20.384480903736,1,0,15030.1235607483,-15030.1235607483,1.54506871244548,1.5418159808907,1.5418159808907,0,-1.97998574619607e-18,0.00325273155478389,1.54506871244548,0,267.161443506003,60.6481711487664,4.18383313818513e-10,1,0.986611166637817,0,0,0,0,0,0
43.215,9500,1.54506871244548,9500,9500,1.54506871244548,1.54506871244548,0,8.10603234017084e-12,20.384480903736,1,0,15030.1235607483,-15030.1235607483,1.54506871244548,1.5418159808907,1.5418159808907,0,-1.54201444960772e-18,0.00325273155478389,1.54506871244548,0,267.161443506003,60.6481711487664,4.18383313818513e-10,1,0.986611166637817,0,0,0,0,0,0
43.23,9500,1.54506871244548,9500,9500,1.54506871244548,1.54506871244548,0,8.10603234017084e-12,20.384480903736,1,0,15030.1235607483,-15030.1235607483,1.54506871244548,1.5418159808907,1.5418159808907,0,-1.20092206086191e-18,0.00325273155478389,1.54506871244548,0,267.161443506003,60.6481711487664,4.18383313818513e-10,1,0.986611166637817,0,0,0,0,0,0
43.245,9500,1.54506871244548,9500,9500,1.54506871244548,1.54506871244548,0,8.10603234017084e-12,20.384480903736,1,0,15030.1235607483,-15030.1235607483,1.54506871244548,1.5418159808907,1.5418159808907,0,-9.35279041406983e-19,0.00325273155478389,1.54506871244548,0,267.161443506003,60.6481711487664,4.18383313818513e-10,1,0.986611166637817,0,0,0,0,0,0
43.26,9500,1.54506871244548,9500,9500,1.54506871244548,1.54506871244548,0,8.10603234017084e-12,20.384480903736,1,0,15030.1235607483,-15030.1235607483,1.54506871244548,1.5418159808907,1.5418159808907,0,-7.28396049838032e-19,0.00325273155478389,1.54506871244548,0,267.161443506003,60.6481711487664,4.18383313818513e-10,1,0.986611166637817,0,0,0,0,0,0
43.275,9500,1.54506871244548,9500,9500,1.54506871244548,1.54506871244548,0,8.10603234017084e-12,20.384480903736,1,0,15030.1235607483,-15030.1235607483,1.54506871244548,1.5418159808907,1.5418159808907,0,-5.67275413999977e-19,0.00325273155478389,1.54506871244548,0,267.161443506003,60.6481711487664,4.18383313818513e-10,1,0.986611166637817,0,0,0,0,0,0
43.29,9500,1.54506871244548,9500,9500,1.54506871244548,1.54506871244548,0,8.10603234017084e-12,20.384480903736,1,0,15030.1235607483,-15030.1235607483,1.54506871244548,1.5418159808907,1.5418159808907,0,-4.41794536640337e-19,0.00325273155478389,1.54506871244548,0,267.161443506003,60.6481711487664,4.18383313818513e-10,1,0.986611166637817,0,0,0,0,0,0
43.305,9500,1.54506871244548,9500,9500,1.54506871244548,1.54506871244548,0,8.10603234017084e-12,20.384480903736,1,0,15030.1235607483,-15030.1235607483,1.54506871244548,1.5418159808907,1.5418159808907,0,-3.44069931092163e-19,0.00325273155478389,1.54506871244548,0,267.161443506003,60.6481711487664,4.18383313818513e-10,1,0.986611166637817,0,0,0,0,0,0
43.32,9500,1.54506871244548,9500,9500,1.54506871244548,1.54506871244548,0,8.10603234017084e-12,20.384480903736,1,0,15030.1235607483,-15030.1235607483,1.54506871244548,1.5418159808907,1.5418159808907,0,-2.67961931765901e-19,0.00325273155478389,1.54506871244548,0,267.161443506003,60.6481711487664,4.18383313818513e-10,1,0.986611166637817,0,0,0,0,0,0
43.335,9500,1.54506871244548,9500,9500,1.54506871244548,1.54506871244548,0,8.10603234017084e-12,20.384480903736,1,0,15030.1235607483,-15030.1235607483,1.54506871244548,1.5418159808907,1.5418159808907,0,-2.0868896229261e-19,0.00325273155478389,1.54506871244548,0,267.161443506003,60.6481711487664,4.18383313818513e-10,1,0.986611166637817,0,0,0,0,0,0
43.35,9500,1.54506871244548,9500,9500,1.54506871244548,1.54506871244548,0,8.10603234017084e-12,20.384480903736,1,0,15030.1235607483,-15030.1235607483,1.54506871244548,1.5418159808907,1.5418159808907,0,-1.62527127251844e-19,0.00325273155478389,1.54506871244548,0,267.161443506003,60.6481711487664,4.18383313818513e-10,1,0.986611166637817,0,0,0,0,0,0
43.365,9500,1.54506871244548,9500,9500,1.54506871244548,1.54506871244548,0,8.10603234017084e-12,20.384480903736,1,0,15030.1235607483,-15030.1235607483,1.54506871244548,1.5418159808907,1.5418159808907,0,-1.26576253974082e-19,0.00325273155478389,1.54506871244548,0,267.161443506003,60.6481711487664,4.18383313818513e-10,1,0.986611166637817,0,0,0,0,0,0
43.38,9500,1.54506871244548,9500,9500,1.54506871244548,1.54506871244548,0,8.10603234017084e-12,20.384480903736,1,0,15030.1235607483,-15030.1235607483,1.54506871244548,1.5418159808907,1.5418159808907,0,-9.85776857132599e-20,0.00325273155478389,1.54506871244548,0,267.161443506003,60.6481711487664,4.18383313818513e-10,1,0.986611166637817,0,0,0,0,0,0
43.395,9500,1.54506871244548,9500,9500,1.54506871244548,1.54506871244548,0,8.10603234017084e-12,20.384480903736,1,0,15030.1235607483,-15030.1235607483,1.54506871244548,1.5418159808907,1.5418159808907,0,-7.67723788268536e-20,0.00325273155478389,1.54506871244548,0,267.161443506003,60.6481711487664,4.18383313818513e-10,1,0.986611166637817,0,0,0,0,0,0
43.41,9500,1.54506871244548,9500,9500,1.54506871244548,1.54506871244548,0,8.10603234017084e-12,20.384480903736,1,0,15030.1235607483,-15030.1235607483,1.54506871244548,1.5418159808907,1.5418159808907,0,-5.97903887486081e-20,0.00325273155478389,1.54506871244548,0,267.161443506003,60.6481711487664,4.18383313818513e-10,1,0.986611166637817,0,0,0,0,0,0
43.425,9500,1.54506871244548,9500,9500,1.54506871244548,1.54506871244548,0,8.10603234017084e-12,20.384480903736,1,0,15030.1235607483,-15030.1235607483,1.54506871244548,1.5418159808907,1.5418159808907,0,-4.65648015775597e-20,0.00325273155478389,1.54506871244548,0,267.161443506003,60.6481711487664,4.18383313818513e-10,1,0.986611166637817,0,0,0,0,0,0
43.44,9500,1.54506871244548,9500,9500,1.54506871244548,1.54506871244548,0,8.10603234017084e-12,20.384480903736,1,0,15030.1235607483,-15030.1235607483,1.54506871244548,1.5418159808907,1.5418159808907,0,-3.62647039321681e-20,0.00325273155478389,1.54506871244548,0,267.161443506003,60.6481711487664,4.18383313818513e-10,1,0.986611166637817,0,0,0,0,0,0
43.455,9500,1.54506871244548,9500,9500,1.54506871244548,1.54506871244548,0,8.10603234017084e-12,20.384480903736,1,0,15030.1235607483,-15030.1235607483,1.54506871244548,1.5418159808907,1.5418159808907,0,-2.82429798202252e-20,0.00325273155478389,1.54506871244548,0,267.161443506003,60.6481711487664,4.18383313818513e-10,1,0.986611166637817,0,0,0,0,0,0
43.47,9500,1.54506871244548,9500,9500,1.54506871244548,1.54506871244548,0,8.10603234017084e-12,20.384480903736,1,0,15030.1235607483,-15030.1235607483,1.54506871244548,1.5418159808907,1.5418159808907,0,-2.19956548002613e-20,0.00325273155478389,1.54506871244548,0,267.161443506003,60.6481711487664,4.18383313818513e-10,1,0.986611166637817,0,0,0,0,0,0
43.485,9500,1.54506871244548,9500,9500,1.54506871244548,1.54506871244548,0,8.10603234017084e-12,20.384480903736,1,0,15030.1235607483,-15030.1235607483,1.54506871244548,1.5418159808907,1.5418159808907,0,-1.71302331826118e-20,0.00325273155478389,1.54506871244548,0,267.161443506003,60.6481711487664,4.18383313818513e-10,1,0.986611166637817,0,0,0,0,0,0
43.5,9500,1.54506871244548,9500,9500,1.54506871244548,1.54506871244548,0,8.10603234017084e-12,20.384480903736,1,0,15030.1235607483,-15030.1235607483,1.54506871244548,1.5418159808907,1.5418159808907,0,-1.33410390168138e-20,0.00325273155478389,1.54506871244548,0,267.161443506003,60.6481711487664,4.18383313818513e-10,1,0.986611166637817,0,0,0,0,0,0
43.515,9500,1.54506871244548,9500,9500,1.54506871244548,1.54506871244548,0,8.10603234017084e-12,20.384480903736,1,0,15030.1235607483,-15030.1235607483,1.54506871244548,1.5418159808907,1.5418159808907,0,-1.03900116332808e-20,0.00325273155478389,1.54506871244548,0,267.161443506003,60.6481711487664,4.18383313818513e-10,1,0.986611166637817,0,0,0,0,0,0
43.53,9500,1.54506871244548,9500,9500,1.54506871244548,1.54506871244548,0,8.10603234017084e-12,20.384480903736,1,0,15030.1235607483,-15030.1235607483,1.54506871244548,1.5418159808907,1.5418159808907,0,-8.09174919612006e-21,0.00325273155478389,1.54506871244548,0,267.161443506003,60.6481711487664,4.18383313818513e-10,1,0.986611166637817,0,0,0,0,0,0
43.545,9500,1.54506871244548,9500,9500,1.54506871244548,1.54506871244548,0,8.10603234017084e-12,20.384480903736,1,0,15030.1235607483,-15030.1235607483,1.54506871244548,1.5418159808907,1.5418159808907,0,-6.30186061035572e-21,0.00325273155478389,1.54506871244548,0,267.161443506003,60.6481711487664,4.18383313818513e-10,1,0.986611166637817,0,0,0,0,0,0
43.56,9500,1.54506871244548,9500,9500,1.54506871244548,1.54506871244548,0,8.10603234017084e-12,20.384480903736,1,0,15030.1235607483,-15030.1235607483,1.54506871244548,1.5418159808907,1.5418159808907,0,-4.90789397815187e-21,0.00325273155478389,1.54506871244548,0,267.161443506003,60.6481711487664,4.18383313818513e-10,1,0.986611166637817,0,0,0,0,0,0
43.575,9500,1.54506871244548,9500,9500,1.54506871244548,1.54506871244548,0,8.10603234017084e-12,20.384480903736,1,0,15030.1235607483,-15030.1235607483,1.54506871244548,1.5418159808907,1.5418159808907,0,-3.82227167341611e-21,0.00325273155478389,1.54506871244548,0,267.161443506003,60.6481711487664,4.18383313818513e-10,1,0.986611166637817,0,0,0,0,0,0
43.59,9500,1.54506871244548,9500,9500,1.54506871244548,1.54506871244548,0,8.10603234017084e-12,20.384480903736,1,0,15030.1235607483,-15030.1235607483,1.54506871244548,1.5418159808907,1.5418159808907,0,-2.97678817236812e-21,0.00325273155478389,1.54506871244548,0,267.161443506003,60.6481711487664,4.18383313818513e-10,1,0.986611166637817,0,0,0,0,0,0
43.605,9500,1.54506871244548,9500,9500,1.54506871244548,1.54506871244548,0,8.10603234017084e-12,20.384480903736,1,0,15030.1235607483,-15030.1235607483,1.54506871244548,1.5418159808907,1.5418159808907,0,-2.31832495967799e-21,0.00325273155478389,1.54506871244548,0,267.161443506003,60.6481711487664,4.18383313818513e-10,1,0.986611166637817,0,0,0,0,0,0
43.62,9500,1.54506871244548,9500,9500,1.54506871244548,1.54506871244548,0,8.10603234017084e-12,20.384480903736,1,0,15030.1235607483,-15030.1235607483,1.54506871244548,1.5418159808907,1.5418159808907,0,-1.8055132940112e-21,0.00325273155478389,1.54506871244548,0,267.161443506003,60.6481711487664,4.18383313818513e-10,1,0.986611166637817,0,0,0,0,0,0
43.635,9500,1.54506871244548,9500,9500,1.54506871244548,1.54506871244548,0,8.10603234017084e-12,20.384480903736,1,0,15030.1235607483,-15030.1235607483,1.54506871244548,1.5418159808907,1.5418159808907,0,-1.40613516722175e-21,0.00325273155478389,1.54506871244548,0,267.161443506003,60.6481711487664,4.18383313818513e-10,1,0.986611166637817,0,0,0,0,0,0
43.65,9500,1.54506871244548,9500,9500,1.54506871244548,1.54506871244548,0,8.10603234017084e-12,20.384480903736,1,0,15030.1235607483,-15030.1235607483,1.54506871244548,1.5418159808907,1.5418159808907,0,-1.09509916933654e-21,0.00325273155478389,1.54506871244548,0,267.161443506003,60.6481711487664,4.18383313818513e-10,1,0.986611166637817,0,0,0,0,0,0
43.665,9500,1.54506871244548,9500,9500,1.54506871244548,1.54506871244548,0,8.10603234017084e-12,20.384480903736,1,0,15030.1235607483,-15030.1235607483,1.54506871244548,1.5418159808907,1.5418159808907,0,-8.52864090620144e-22,0.00325273155478389,1.54506871244548,0,267.161443506003,60.6481711487664,4.18383313818513e-10,1,0.986611166637817,0,0,0,0,0,0
43.68,9500,1.54506871244548,9500,9500,1.54506871244548,1.54506871244548,0,8.10603234017084e-12,20.384480903736,1,0,15030.1235607483,-15030.1235607483,1.54506871244548,1.5418159808907,1.5418159808907,0,-6.6421122162845e-22,0.00325273155478389,1.54506871244548,0,267.161443506003,60.6481711487664,4.18383313818513e-10,1,0.986611166637817,0,0,0,0,0,0
43.695,9500,1.54506871244548,9500,9500,1.54506871244548,1.54506871244548,0,8.10603234017084e-12,20.384480903736,1,0,15030.1235607483,-15030.1235607483,1.54506871244548,1.5418159808907,1.5418159808907,0,-5.17288219529051e-22,0.00325273155478389,1.54506871244548,0,267.161443506003,60.6481711487664,4.18383313818513e-10,1,0.986611166637817,0,0,0,0,0,0
43.71,9500,1.54506871244548,9500,9500,1.54506871244548,1.54506871244548,0,8.10603234017084e-12,20.384480903736,1,0,15030.1235607483,-15030.1235607483,1.54506871244548,1.5418159808907,1.5418159808907,0,-4.02864470442838e-22,0.00325273155478389,1.54506871244548,0,267.161443506003,60.6481711487664,4.18383313818513e-10,1,0.986611166637817,0,0,0,0,0,0
43.725,9500,1.54506871244548,9500,9500,1.54506871244548,1.54506871244548,0,8.10603234017084e-12,20.384480903736,1,0,15030.1235607483,-15030.1235607483,1.54506871244548,1.5418159808907,1.5418159808907,0,-3.13751165052529e-22,0.00325273155478389,1.54506871244548,0,267.161443506003,60.6481711487664,4.18383313818513e-10,1,0.986611166637817,0,0,0,0,0,0
43.74,9500,1.54506871244548,9500,9500,1.54506871244548,1.54506871244548,0,8.10603234017084e-12,20.384480903736,1,0,15030.1235607483,-15030.1235607483,1.54506871244548,1.5418159808907,1.5418159808907,0,-2.44349653032475e-22,0.00325273155478389,1.54506871244548,0,267.161443506003,60.6481711487664,4.18383313818513e-10,1,0.986611166637817,0,0,0,0,0,0
43.755,9500,1.54506871244548,9500,9500,1.54506871244548,1.54506871244548,0,8.10603234017084e-12,20.384480903736,1,0,15030.1235607483,-15030.1235607483,1.54506871244548,1.5418159808907,1.5418159808907,0,-1.90299701124918e-22,0.00325273155478389,1.54506871244548,0,267.161443506003,60.6481711487664,4.18383313818513e-10,1,0.986611166637817,0,0,0,0,0,0
43.77,9500,1.54506871244548,9500,9500,1.54506871244548,1.54506871244548,0,8.10603234017084e-12,20.384480903736,1,0,15030.1235607483,-15030.1235607483,1.54506871244548,1.5418159808907,1.5418159808907,0,-1.4820555625434e-22,0.00325273155478389,1.54506871244548,0,267.161443506003,60.6481711487664,4.18383313818513e-10,1,0.986611166637817,0,0,0,0,0,0
43.785,9500,1.54506871244548,9500,9500,1.54506871244548,1.54506871244548,0,8.10603234017084e-12,20.384480903736,1,0,15030.1235607483,-15030.1235607483,1.54506871244548,1.5418159808907,1.5418159808907,0,-1.15422603266413e-22,0.00325273155478389,1.54506871244548,0,267.161443506003,60.6481711487664,4.18383313818513e-10,1,0.986611166637817,0,0,0,0,0,0
43.8,9500,1.54506871244548,9500,9500,1.54506871244548,1.54506871244548,0,8.10603234017084e-12,20.384480903736,1,0,15030.1235607483,-15030.1235607483,1.54506871244548,1.5418159808907,1.5418159808907,0,-8.98912138080228e-23,0.00325273155478389,1.54506871244548,0,267.161443506003,60.6481711487664,4.18383313818513e-10,1,0.986611166637817,0,0,0,0,0,0
43.815,9500,1.54506871244548,9500,9500,1.54506871244548,1.54506871244548,0,8.10603234017084e-12,20.384480903736,1,0,15030.1235607483,-15030.1235607483,1.54506871244548,1.5418159808907,1.5418159808907,0,-7.00073477049273e-23,0.00325273155478389,1.54506871244548,0,267.161443506003,60.6481711487664,4.18383313818513e-10,1,0.986611166637817,0,0,0,0,0,0
43.83,9500,1.54506871244548,9500,9500,1.54506871244548,1.54506871244548,0,8.10603234017084e-12,20.384480903736,1,0,15030.1235607483,-15030.1235607483,1.54506871244548,1.5418159808907,1.5418159808907,0,-5.45217772133495e-23,0.00325273155478389,1.54506871244548,0,267.161443506003,60.6481711487664,4.18383313818513e-10,1,0.986611166637817,0,0,0,0,0,0
43.845,9500,1.54506871244548,9500,9500,1.54506871244548,1.54506871244548,0,8.10603234017084e-12,20.384480903736,1,0,15030.1235607483,-15030.1235607483,1.54506871244548,1.5418159808907,1.5418159808907,0,-4.24616027882012e-23,0.00325273155478389,1.54506871244548,0,267.161443506003,60.6481711487664,4.18383313818513e-10,1,0.986611166637817,0,0,0,0,0,0
43.86,9500,1.54506871244548,9500,9500,1.54506871244548,1.54506871244548,0,8.10603234017084e-12,20.384480903736,1,0,15030.1235607483,-15030.1235607483,1.54506871244548,1.5418159808907,1.5418159808907,0,-3.30691295019181e-23,0.00325273155478389,1.54506871244548,0,267.161443506003,60.6481711487664,4.18383313818513e-10,1,0.986611166637817,0,0,0,0,0,0
43.875,9500,1.54506871244548,9500,9500,1.54506871244548,1.54506871244548,0,8.10603234017084e-12,20.384480903736,1,0,15030.1235607483,-15030.1235607483,1.54506871244548,1.5418159808907,1.5418159808907,0,-2.57542639515835e-23,0.00325273155478389,1.54506871244548,0,267.161443506003,60.6481711487664,4.18383313818513e-10,1,0.986611166637817,0,0,0,0,0,0
43.89,9500,1.54506871244548,9500,9500,1.54506871244548,1.54506871244548,0,8.10603234017084e-12,20.384480903736,1,0,15030.1235607483,-15030.1235607483,1.54506871244548,1.5418159808907,1.5418159808907,0,-2.00574409329209e-23,0.00325273155478389,1.54506871244548,0,267.161443506003,60.6481711487664,4.18383313818513e-10,1,0.986611166637817,0,0,0,0,0,0
43.905,9500,1.54506871244548,9500,9500,1.54506871244548,1.54506871244548,0,8.10603234017084e-12,20.384480903736,1,0,15030.1235607483,-15030.1235607483,1.54506871244548,1.5418159808907,1.5418159808907,0,-1.56207507049672e-23,0.00325273155478389,1.54506871244548,0,267.161443506003,60.6481711487664,4.18383313818513e-10,1,0.986611166637817,0,0,0,0,0,0
43.92,9500,1.54506871244548,9500,9500,1.54506871244548,1.54506871244548,0,8.10603234017084e-12,20.384480903736,1,0,15030.1235607483,-15030.1235607483,1.54506871244548,1.5418159808907,1.5418159808907,0,-1.21654528811917e-23,0.00325273155478389,1.54506871244548,0,267.161443506003,60.6481711487664,4.18383313818513e-10,1,0.986611166637817,0,0,0,0,0,0
43.935,9500,1.54506871244548,9500,9500,1.54506871244548,1.54506871244548,0,8.10603234017084e-12,20.384480903736,1,0,15030.1235607483,-15030.1235607483,1.54506871244548,1.5418159808907,1.5418159808907,0,-9.47446423029036e-24,0.00325273155478389,1.54506871244548,0,267.161443506003,60.6481711487664,4.18383313818513e-10,1,0.986611166637817,0,0,0,0,0,0
43.95,9500,1.54506871244548,9500,9500,1.54506871244548,1.54506871244548,0,8.10603234017084e-12,20.384480903736,1,0,15030.1235607483,-15030.1235607483,1.54506871244548,1.5418159808907,1.5418159808907,0,-7.37872016173215e-24,0.00325273155478389,1.54506871244548,0,267.161443506003,60.6481711487664,4.18383313818513e-10,1,0.986611166637817,0,0,0,0,0,0
43.965,9500,1.54506871244548,9500,9500,1.54506871244548,1.54506871244548,0,8.10603234017084e-12,20.384480903736,1,0,15030.1235607483,-15030.1235607483,1.54506871244548,1.5418159808907,1.5418159808907,0,-5.74655304002176e-24,0.00325273155478389,1.54506871244548,0,267.161443506003,60.6481711487664,4.18383313818513e-10,1,0.986611166637817,0,0,0,0,0,0
43.98,9500,1.54506871244548,9500,9500,1.54506871244548,1.54506871244548,0,8.10603234017084e-12,20.384480903736,1,0,15030.1235607483,-15030.1235607483,1.54506871244548,1.5418159808907,1.5418159808907,0,-4.47542000753031e-24,0.00325273155478389,1.54506871244548,0,267.161443506003,60.6481711487664,4.18383313818513e-10,1,0.986611166637817,0,0,0,0,0,0
43.995,9500,1.54506871244548,9500,9500,1.54506871244548,1.54506871244548,0,8.10603234017084e-12,20.384480903736,1,0,15030.1235607483,-15030.1235607483,1.54506871244548,1.5418159808907,1.5418159808907,0,-3.48546060643804e-24,0.00325273155478389,1.54506871244548,0,267.161443506003,60.6481711487664,4.18383313818513e-10,1,0.986611166637817,0,0,0,0,0,0
44.01,9500,1.54506871244548,9500,9500,1.54506871244548,1.54506871244548,0,8.10603234017084e-12,20.384480903736,1,0,15030.1235607483,-15030.1235607483,1.54506871244548,1.5418159808907,1.5418159808907,0,-2.71447944965848e-24,0.00325273155478389,1.54506871244548,0,267.161443506003,60.6481711487664,4.18383313818513e-10,1,0.986611166637817,0,0,0,0,0,0
44.025,9500,1.54506871244548,9500,9500,1.54506871244548,1.54506871244548,0,8.10603234017084e-12,20.384480903736,1,0,15030.1235607483,-15030.1235607483,1.54506871244548,1.5418159808907,1.5418159808907,0,-2.11403872102526e-24,0.00325273155478389,1.54506871244548,0,267.161443506003,60.6481711487664,4.18383313818513e-10,1,0.986611166637817,0,0,0,0,0,0
44.04,9500,1.54506871244548,9500,9500,1.54506871244548,1.54506871244548,0,8.10603234017084e-12,20.384480903736,1,0,15030.1235607483,-15030.1235607483,1.54506871244548,1.5418159808907,1.5418159808907,0,-1.64641501137774e-24,0.00325273155478389,1.54506871244548,0,267.161443506003,60.6481711487664,4.18383313818513e-10,1,0.986611166637817,0,0,0,0,0,0
44.055,9500,1.54506871244548,9500,9500,1.54506871244548,1.54506871244548,0,8.10603234017084e-12,20.384480903736,1,0,15030.1235607483,-15030.1235607483,1.54506871244548,1.5418159808907,1.5418159808907,0,-1.2822293001215e-24,0.00325273155478389,1.54506871244548,0,267.161443506003,60.6481711487664,4.18383313818513e-10,1,0.986611166637817,0,0,0,0,0,0
44.07,9500,1.54506871244548,9500,9500,1.54506871244548,1.54506871244548,0,8.10603234017084e-12,20.384480903736,1,0,15030.1235607483,-15030.1235607483,1.54506871244548,1.5418159808907,1.5418159808907,0,-9.98601183011725e-25,0.00325273155478389,1.54506871244548,0,267.161443506003,60.6481711487664,4.18383313818513e-10,1,0.986611166637817,0,0,0,0,0,0
44.085,9500,1.54506871244548,9500,9500,1.54506871244548,1.54506871244548,0,8.10603234017084e-12,20.384480903736,1,0,15030.1235607483,-15030.1235607483,1.54506871244548,1.5418159808907,1.5418159808907,0,-7.77711383305563e-25,0.00325273155478389,1.54506871244548,0,267.161443506003,60.6481711487664,4.18383313818513e-10,1,0.986611166637817,0,0,0,0,0,0
44.1,9500,1.54506871244548,9500,9500,1.54506871244548,1.54506871244548,0,8.10603234017084e-12,20.384480903736,1,0,15030.1235607483,-15030.1235607483,1.54506871244548,1.5418159808907,1.5418159808907,0,-6.05682234321918e-25,0.00325273155478389,1.54506871244548,0,267.161443506003,60.6481711487664,4.18383313818513e-10,1,0.986611166637817,0,0,0,0,0,0
44.115,9500,1.54506871244548,9500,9500,1.54506871244548,1.54506871244548,0,8.10603234017084e-12,20.384480903736,1,0,15030.1235607483,-15030.1235607483,1.54506871244548,1.5418159808907,1.5418159808907,0,-4.71705798382348e-25,0.00325273155478389,1.54506871244548,0,267.161443506003,60.6481711487664,4.18383313818513e-10,1,0.986611166637817,0,0,0,0,0,0
44.13,9500,1.54506871244548,9500,9500,1.54506871244548,1.54506871244548,0,8.10603234017084e-12,20.384480903736,1,0,15030.1235607483,-15030.1235607483,1.54506871244548,1.5418159808907,1.5418159808907,0,-3.67364845159495e-25,0.00325273155478389,1.54506871244548,0,267.161443506003,60.6481711487664,4.18383313818513e-10,1,0.986611166637817,0,0,0,0,0,0
44.145,9500,1.54506871244548,9500,9500,1.54506871244548,1.54506871244548,0,8.10603234017084e-12,20.384480903736,1,0,15030.1235607483,-15030.1235607483,1.54506871244548,1.5418159808907,1.5418159808907,0,-2.8610402908312e-25,0.00325273155478389,1.54506871244548,0,267.161443506003,60.6481711487664,4.18383313818513e-10,1,0.986611166637817,0,0,0,0,0,0
44.16,9500,1.54506871244548,9500,9500,1.54506871244548,1.54506871244548,0,8.10603234017084e-12,20.384480903736,1,0,15030.1235607483,-15030.1235607483,1.54506871244548,1.5418159808907,1.5418159808907,0,-2.22818041889818e-25,0.00325273155478389,1.54506871244548,0,267.161443506003,60.6481711487664,4.18383313818513e-10,1,0.986611166637817,0,0,0,0,0,0
44.175,9500,1.54506871244548,9500,9500,1.54506871244548,1.54506871244548,0,8.10603234017084e-12,20.384480903736,1,0,15030.1235607483,-15030.1235607483,1.54506871244548,1.5418159808907,1.5418159808907,0,-1.73530865506227e-25,0.00325273155478389,1.54506871244548,0,267.161443506003,60.6481711487664,4.18383313818513e-10,1,0.986611166637817,0,0,0,0,0,0
44.19,9500,1.54506871244548,9500,9500,1.54506871244548,1.54506871244548,0,8.10603234017084e-12,20.384480903736,1,0,15030.1235607483,-15030.1235607483,1.54506871244548,1.5418159808907,1.5418159808907,0,-1.35145973943308e-25,0.00325273155478389,1.54506871244548,0,267.161443506003,60.6481711487664,4.18383313818513e-10,1,0.986611166637817,0,0,0,0,0,0
44.205,9500,1.54506871244548,9500,9500,1.54506871244548,1.54506871244548,0,8.10603234017084e-12,20.384480903736,1,0,15030.1235607483,-15030.1235607483,1.54506871244548,1.5418159808907,1.5418159808907,0,-1.05251790335996e-25,0.00325273155478389,1.54506871244548,0,267.161443506003,60.6481711487664,4.18383313818513e-10,1,0.986611166637817,0,0,0,0,0,0
44.22,9500,1.54506871244548,9500,9500,1.54506871244548,1.54506871244548,0,8.10603234017084e-12,20.384480903736,1,0,15030.1235607483,-15030.1235607483,1.54506871244548,1.5418159808907,1.5418159808907,0,-8.19701767333412e-26,0.00325273155478389,1.54506871244548,0,267.161443506003,60.6481711487664,4.18383313818513e-10,1,0.986611166637817,0,0,0,0,0,0
44.235,9500,1.54506871244548,9500,9500,1.54506871244548,1.54506871244548,0,8.10603234017084e-12,20.384480903736,1,0,15030.1235607483,-15030.1235607483,1.54506871244548,1.5418159808907,1.5418159808907,0,-6.38384378284275e-26,0.00325273155478389,1.54506871244548,0,267.161443506003,60.6481711487664,4.18383313818513e-10,1,0.986611166637817,0,0,0,0,0,0
44.25,9500,1.54506871244548,9500,9500,1.54506871244548,1.54506871244548,0,8.10603234017084e-12,20.384480903736,1,0,15030.1235607483,-15030.1235607483,1.54506871244548,1.5418159808907,1.5418159808907,0,-4.97174253708346e-26,0.00325273155478389,1.54506871244548,0,267.161443506003,60.6481711487664,4.18383313818513e-10,1,0.986611166637817,0,0,0,0,0,0
44.265,9500,1.54506871244548,9500,9500,1.54506871244548,1.54506871244548,0,8.10603234017084e-12,20.384480903736,1,0,15030.1235607483,-15030.1235607483,1.54506871244548,1.5418159808907,1.5418159808907,0,-3.87199698111001e-26,0.00325273155478389,1.54506871244548,0,267.161443506003,60.6481711487664,4.18383313818513e-10,1,0.986611166637817,0,0,0,0,0,0
44.28,9500,1.54506871244548,9500,9500,1.54506871244548,1.54506871244548,0,8.10603234017084e-12,20.384480903736,1,0,15030.1235607483,-15030.1235607483,1.54506871244548,1.5418159808907,1.5418159808907,0,-3.01551428093859e-26,0.00325273155478389,1.54506871244548,0,267.161443506003,60.6481711487664,4.18383313818513e-10,1,0.986611166637817,0,0,0,0,0,0
44.295,9500,1.54506871244548,9500,9500,1.54506871244548,1.54506871244548,0,8.10603234017084e-12,20.384480903736,1,0,15030.1235607483,-15030.1235607483,1.54506871244548,1.5418159808907,1.5418159808907,0,-2.34848488335798e-26,0.00325273155478389,1.54506871244548,0,267.161443506003,60.6481711487664,4.18383313818513e-10,1,0.986611166637817,0,0,0,0,0,0
44.31,9500,1.54506871244548,9500,9500,1.54506871244548,1.54506871244548,0,8.10603234017084e-12,20.384480903736,1,0,15030.1235607483,-15030.1235607483,1.54506871244548,1.5418159808907,1.5418159808907,0,-1.82900186619055e-26,0.00325273155478389,1.54506871244548,0,267.161443506003,60.6481711487664,4.18383313818513e-10,1,0.986611166637817,0,0,0,0,0,0
44.325,9500,1.54506871244548,9500,9500,1.54506871244548,1.54506871244548,0,8.10603234017084e-12,20.384480903736,1,0,15030.1235607483,-15030.1235607483,1.54506871244548,1.5418159808907,1.5418159808907,0,-1.42442808562826e-26,0.00325273155478389,1.54506871244548,0,267.161443506003,60.6481711487664,4.18383313818513e-10,1,0.986611166637817,0,0,0,0,0,0
44.34,9500,1.54506871244548,9500,9500,1.54506871244548,1.54506871244548,0,8.10603234017084e-12,20.384480903736,1,0,15030.1235607483,-15030.1235607483,1.54506871244548,1.5418159808907,1.5418159808907,0,-1.10934570851619e-26,0.00325273155478389,1.54506871244548,0,267.161443506003,60.6481711487664,4.18383313818513e-10,1,0.986611166637817,0,0,0,0,0,0
44.355,9500,1.54506871244548,9500,9500,1.54506871244548,1.54506871244548,0,8.10603234017084e-12,20.384480903736,1,0,15030.1235607483,-15030.1235607483,1.54506871244548,1.5418159808907,1.5418159808907,0,-8.63959306489313e-27,0.00325273155478389,1.54506871244548,0,267.161443506003,60.6481711487664,4.18383313818513e-10,1,0.986611166637817,0,0,0,0,0,0
44.37,9500,1.54506871244548,9500,9500,1.54506871244548,1.54506871244548,0,8.10603234017084e-12,20.384480903736,1,0,15030.1235607483,-15030.1235607483,1.54506871244548,1.5418159808907,1.5418159808907,0,-6.72852184435705e-27,0.00325273155478389,1.54506871244548,0,267.161443506003,60.6481711487664,4.18383313818513e-10,1,0.986611166637817,0,0,0,0,0,0
44.385,9500,1.54506871244548,9500,9500,1.54506871244548,1.54506871244548,0,8.10603234017084e-12,20.384480903736,1,0,15030.1235607483,-15030.1235607483,1.54506871244548,1.5418159808907,1.5418159808907,0,-5.24017808129832e-27,0.00325273155478389,1.54506871244548,0,267.161443506003,60.6481711487664,4.18383313818513e-10,1,0.986611166637817,0,0,0,0,0,0
44.4,9500,1.54506871244548,9500,9500,1.54506871244548,1.54506871244548,0,8.10603234017084e-12,20.384480903736,1,0,15030.1235607483,-15030.1235607483,1.54506871244548,1.5418159808907,1.5418159808907,0,-4.08105479314875e-27,0.00325273155478389,1.54506871244548,0,267.161443506003,60.6481711487664,4.18383313818513e-10,1,0.986611166637817,0,0,0,0,0,0
44.415,9500,1.54506871244548,9500,9500,1.54506871244548,1.54506871244548,0,8.10603234017084e-12,20.384480903736,1,0,15030.1235607483,-15030.1235607483,1.54506871244548,1.5418159808907,1.5418159808907,0,-3.17832866866155e-27,0.00325273155478389,1.54506871244548,0,267.161443506003,60.6481711487664,4.18383313818513e-10,1,0.986611166637817,0,0,0,0,0,0
44.43,9500,1.54506871244548,9500,9500,1.54506871244548,1.54506871244548,0,8.10603234017084e-12,20.384480903736,1,0,15030.1235607483,-15030.1235607483,1.54506871244548,1.5418159808907,1.5418159808907,0,-2.47528485601191e-27,0.00325273155478389,1.54506871244548,0,267.161443506003,60.6481711487664,4.18383313818513e-10,1,0.986611166637817,0,0,0,0,0,0
44.445,9500,1.54506871244548,9500,9500,1.54506871244548,1.54506871244548,0,8.10603234017084e-12,20.384480903736,1,0,15030.1235607483,-15030.1235607483,1.54506871244548,1.5418159808907,1.5418159808907,0,-1.92775378418687e-27,0.00325273155478389,1.54506871244548,0,267.161443506003,60.6481711487664,4.18383313818513e-10,1,0.986611166637817,0,0,0,0,0,0
44.46,9500,1.54506871244548,9500,9500,1.54506871244548,1.54506871244548,0,8.10603234017084e-12,20.384480903736,1,0,15030.1235607483,-15030.1235607483,1.54506871244548,1.5418159808907,1.5418159808907,0,-1.5013361566936e-27,0.00325273155478389,1.54506871244548,0,267.161443506003,60.6481711487664,4.18383313818513e-10,1,0.986611166637817,0,0,0,0,0,0
44.475,9500,1.54506871244548,9500,9500,1.54506871244548,1.54506871244548,0,8.10603234017084e-12,20.384480903736,1,0,15030.1235607483,-15030.1235607483,1.54506871244548,1.5418159808907,1.5418159808907,0,-1.16924177448639e-27,0.00325273155478389,1.54506871244548,0,267.161443506003,60.6481711487664,4.18383313818513e-10,1,0.986611166637817,0,0,0,0,0,0
44.49,9500,1.54506871244548,9500,9500,1.54506871244548,1.54506871244548,0,8.10603234017084e-12,20.384480903736,1,0,15030.1235607483,-15030.1235607483,1.54506871244548,1.5418159808907,1.5418159808907,0,-9.10606409569797e-28,0.00325273155478389,1.54506871244548,0,267.161443506003,60.6481711487664,4.18383313818513e-10,1,0.986611166637817,0,0,0,0,0,0
44.505,9500,1.54506871244548,9500,9500,1.54506871244548,1.54506871244548,0,8.10603234017084e-12,20.384480903736,1,0,15030.1235607483,-15030.1235607483,1.54506871244548,1.5418159808907,1.5418159808907,0,-7.09180984842798e-28,0.00325273155478389,1.54506871244548,0,267.161443506003,60.6481711487664,4.18383313818513e-10,1,0.986611166637817,0,0,0,0,0,0
44.52,9500,1.54506871244548,9500,9500,1.54506871244548,1.54506871244548,0,8.10603234017084e-12,20.384480903736,1,0,15030.1235607483,-15030.1235607483,1.54506871244548,1.5418159808907,1.5418159808907,0,-5.52310706334922e-28,0.00325273155478389,1.54506871244548,0,267.161443506003,60.6481711487664,4.18383313818513e-10,1,0.986611166637817,0,0,0,0,0,0
44.535,9500,1.54506871244548,9500,9500,1.54506871244548,1.54506871244548,0,8.10603234017084e-12,20.384480903736,1,0,15030.1235607483,-15030.1235607483,1.54506871244548,1.5418159808907,1.5418159808907,0,-4.30140010592358e-28,0.00325273155478389,1.54506871244548,0,267.161443506003,60.6481711487664,4.18383313818513e-10,1,0.986611166637817,0,0,0,0,0,0
44.55,9500,1.54506871244548,9500,9500,1.54506871244548,1.54506871244548,0,8.10603234017084e-12,20.384480903736,1,0,15030.1235607483,-15030.1235607483,1.54506871244548,1.5418159808907,1.5418159808907,0,-3.3499337707967e-28,0.00325273155478389,1.54506871244548,0,267.161443506003,60.6481711487664,4.18383313818513e-10,1,0.986611166637817,0,0,0,0,0,0
44.565,9500,1.54506871244548,9500,9500,1.54506871244548,1.54506871244548,0,8.10603234017084e-12,20.384480903736,1,0,15030.1235607483,-15030.1235607483,1.54506871244548,1.5418159808907,1.5418159808907,0,-2.60893104393382e-28,0.00325273155478389,1.54506871244548,0,267.161443506003,60.6481711487664,4.18383313818513e-10,1,0.986611166637817,0,0,0,0,0,0
44.58,9500,1.54506871244548,9500,9500,1.54506871244548,1.54506871244548,0,8.10603234017084e-12,20.384480903736,1,0,15030.1235607483,-15030.1235607483,1.54506871244548,1.5418159808907,1.5418159808907,0,-2.03183753999496e-28,0.00325273155478389,1.54506871244548,0,267.161443506003,60.6481711487664,4.18383313818513e-10,1,0.986611166637817,0,0,0,0,0,0
44.595,9500,1.54506871244548,9500,9500,1.54506871244548,1.54506871244548,0,8.10603234017084e-12,20.384480903736,1,0,15030.1235607483,-15030.1235607483,1.54506871244548,1.5418159808907,1.5418159808907,0,-1.58239666722195e-28,0.00325273155478389,1.54506871244548,0,267.161443506003,60.6481711487664,4.18383313818513e-10,1,0.986611166637817,0,0,0,0,0,0
44.61,9500,1.54506871244548,9500,9500,1.54506871244548,1.54506871244548,0,8.10603234017084e-12,20.384480903736,1,0,15030.1235607483,-15030.1235607483,1.54506871244548,1.5418159808907,1.5418159808907,0,-1.23237176356203e-28,0.00325273155478389,1.54506871244548,0,267.161443506003,60.6481711487664,4.18383313818513e-10,1,0.986611166637817,0,0,0,0,0,0
44.625,9500,1.54506871244548,9500,9500,1.54506871244548,1.54506871244548,0,8.10603234017084e-12,20.384480903736,1,0,15030.1235607483,-15030.1235607483,1.54506871244548,1.5418159808907,1.5418159808907,0,-9.59772094497201e-29,0.00325273155478389,1.54506871244548,0,267.161443506003,60.6481711487664,4.18383313818513e-10,1,0.986611166637817,0,0,0,0,0,0
44.64,9500,1.54506871244548,9500,9500,1.54506871244548,1.54506871244548,0,8.10603234017084e-12,20.384480903736,1,0,15030.1235607483,-15030.1235607483,1.54506871244548,1.5418159808907,1.5418159808907,0,-7.47471258764502e-29,0.00325273155478389,1.54506871244548,0,267.161443506003,60.6481711487664,4.18383313818513e-10,1,0.986611166637817,0,0,0,0,0,0
44.655,9500,1.54506871244548,9500,9500,1.54506871244548,1.54506871244548,0,8.10603234017084e-12,20.384480903736,1,0,15030.1235607483,-15030.1235607483,1.54506871244548,1.5418159808907,1.5418159808907,0,-5.82131201649163e-29,0.00325273155478389,1.54506871244548,0,267.161443506003,60.6481711487664,4.18383313818513e-10,1,0.986611166637817,0,0,0,0,0,0
44.67,9500,1.54506871244548,9500,9500,1.54506871244548,1.54506871244548,0,8.10603234017084e-12,20.384480903736,1,0,15030.1235607483,-15030.1235607483,1.54506871244548,1.5418159808907,1.5418159808907,0,-4.53364235694666e-29,0.00325273155478389,1.54506871244548,0,267.161443506003,60.6481711487664,4.18383313818513e-10,1,0.986611166637817,0,0,0,0,0,0
44.685,9500,1.54506871244548,9500,9500,1.54506871244548,1.54506871244548,0,8.10603234017084e-12,20.384480903736,1,0,15030.1235607483,-15030.1235607483,1.54506871244548,1.5418159808907,1.5418159808907,0,-3.53080421775575e-29,0.00325273155478389,1.54506871244548,0,267.161443506003,60.6481711487664,4.18383313818513e-10,1,0.986611166637817,0,0,0,0,0,0
44.7,9500,1.54506871244548,9500,9500,1.54506871244548,1.54506871244548,0,8.10603234017084e-12,20.384480903736,1,0,15030.1235607483,-15030.1235607483,1.54506871244548,1.5418159808907,1.5418159808907,0,-2.74979308966e-29,0.00325273155478389,1.54506871244548,0,267.161443506003,60.6481711487664,4.18383313818513e-10,1,0.986611166637817,0,0,0,0,0,0
44.715,9500,1.54506871244548,9500,9500,1.54506871244548,1.54506871244548,0,8.10603234017084e-12,20.384480903736,1,0,15030.1235607483,-15030.1235607483,1.54506871244548,1.5418159808907,1.5418159808907,0,-2.14154101151154e-29,0.00325273155478389,1.54506871244548,0,267.161443506003,60.6481711487664,4.18383313818513e-10,1,0.986611166637817,0,0,0,0,0,0
44.73,9500,1.54506871244548,9500,9500,1.54506871244548,1.54506871244548,0,8.10603234017084e-12,20.384480903736,1,0,15030.1235607483,-15030.1235607483,1.54506871244548,1.5418159808907,1.5418159808907,0,-1.66783381674472e-29,0.00325273155478389,1.54506871244548,0,267.161443506003,60.6481711487664,4.18383313818513e-10,1,0.986611166637817,0,0,0,0,0,0
44.745,9500,1.54506871244548,9500,9500,1.54506871244548,1.54506871244548,0,8.10603234017084e-12,20.384480903736,1,0,15030.1235607483,-15030.1235607483,1.54506871244548,1.5418159808907,1.5418159808907,0,-1.29891028251376e-29,0.00325273155478389,1.54506871244548,0,267.161443506003,60.6481711487664,4.18383313818513e-10,1,0.986611166637817,0,0,0,0,0,0
44.76,9500,1.54506871244548,9500,9500,1.54506871244548,1.54506871244548,0,8.10603234017084e-12,20.384480903736,1,0,15030.1235607483,-15030.1235607483,1.54506871244548,1.5418159808907,1.5418159808907,0,-1.01159234516121e-29,0.00325273155478389,1.54506871244548,0,267.161443506003,60.6481711487664,4.18383313818513e-10,1,0.986611166637817,0,0,0,0,0,0
44.775,9500,1.54506871244548,9500,9500,1.54506871244548,1.54506871244548,0,8.10603234017084e-12,20.384480903736,1,0,15030.1235607483,-15030.1235607483,1.54506871244548,1.5418159808907,1.5418159808907,0,-7.87828910560592e-30,0.00325273155478389,1.54506871244548,0,267.161443506003,60.6481711487664,4.18383313818513e-10,1,0.986611166637817,0,0,0,0,0,0
44.79,9500,1.54506871244548,9500,9500,1.54506871244548,1.54506871244548,0,8.10603234017084e-12,20.384480903736,1,0,15030.1235607483,-15030.1235607483,1.54506871244548,1.5418159808907,1.5418159808907,0,-6.13561772470881e-30,0.00325273155478389,1.54506871244548,0,267.161443506003,60.6481711487664,4.18383313818513e-10,1,0.986611166637817,0,0,0,0,0,0
44.805,9500,1.54506871244548,9500,9500,1.54506871244548,1.54506871244548,0,8.10603234017084e-12,20.384480903736,1,0,15030.1235607483,-15030.1235607483,1.54506871244548,1.5418159808907,1.5418159808907,0,-4.77842388863001e-30,0.00325273155478389,1.54506871244548,0,267.161443506003,60.6481711487664,4.18383313818513e-10,1,0.986611166637817,0,0,0,0,0,0
44.82,9500,1.54506871244548,9500,9500,1.54506871244548,1.54506871244548,0,8.10603234017084e-12,20.384480903736,1,0,15030.1235607483,-15030.1235607483,1.54506871244548,1.5418159808907,1.5418159808907,0,-3.72144026631216e-30,0.00325273155478389,1.54506871244548,0,267.161443506003,60.6481711487664,4.18383313818513e-10,1,0.986611166637817,0,0,0,0,0,0
44.835,9500,1.54506871244548,9500,9500,1.54506871244548,1.54506871244548,0,8.10603234017084e-12,20.384480903736,1,0,15030.1235607483,-15030.1235607483,1.54506871244548,1.5418159808907,1.5418159808907,0,-2.89826059355737e-30,0.00325273155478389,1.54506871244548,0,267.161443506003,60.6481711487664,4.18383313818513e-10,1,0.986611166637817,0,0,0,0,0,0
44.85,9500,1.54506871244548,9500,9500,1.54506871244548,1.54506871244548,0,8.10603234017084e-12,20.384480903736,1,0,15030.1235607483,-15030.1235607483,1.54506871244548,1.5418159808907,1.5418159808907,0,-2.25716761980747e-30,0.00325273155478389,1.54506871244548,0,267.161443506003,60.6481711487664,4.18383313818513e-10,1,0.986611166637817,0,0,0,0,0,0
44.865,9500,1.54506871244548,9500,9500,1.54506871244548,1.54506871244548,0,8.10603234017084e-12,20.384480903736,1,0,15030.1235607483,-15030.1235607483,1.54506871244548,1.5418159808907,1.5418159808907,0,-1.75788390982948e-30,0.00325273155478389,1.54506871244548,0,267.161443506003,60.6481711487664,4.18383313818513e-10,1,0.986611166637817,0,0,0,0,0,0
44.88,9500,1.54506871244548,9500,9500,1.54506871244548,1.54506871244548,0,8.10603234017084e-12,20.384480903736,1,0,15030.1235607483,-15030.1235607483,1.54506871244548,1.5418159808907,1.5418159808907,0,-1.36904136552382e-30,0.00325273155478389,1.54506871244548,0,267.161443506003,60.6481711487664,4.18383313818513e-10,1,0.986611166637817,0,0,0,0,0,0
44.895,9500,1.54506871244548,9500,9500,1.54506871244548,1.54506871244548,0,8.10603234017084e-12,20.384480903736,1,0,15030.1235607483,-15030.1235607483,1.54506871244548,1.5418159808907,1.5418159808907,0,-1.0662104875271e-30,0.00325273155478389,1.54506871244548,0,267.161443506003,60.6481711487664,4.18383313818513e-10,1,0.986611166637817,0,0,0,0,0,0
44.91,9500,1.54506871244548,9500,9500,1.54506871244548,1.54506871244548,0,8.10603234017084e-12,20.384480903736,1,0,15030.1235607483,-15030.1235607483,1.54506871244548,1.5418159808907,1.5418159808907,0,-8.30365562605047e-31,0.00325273155478389,1.54506871244548,0,267.161443506003,60.6481711487664,4.18383313818513e-10,1,0.986611166637817,0,0,0,0,0,0
44.925,9500,1.54506871244548,9500,9500,1.54506871244548,1.54506871244548,0,8.10603234017084e-12,20.384480903736,1,0,15030.1235607483,-15030.1235607483,1.54506871244548,1.5418159808907,1.5418159808907,0,-6.46689350392338e-31,0.00325273155478389,1.54506871244548,0,267.161443506003,60.6481711487664,4.18383313818513e-10,1,0.986611166637817,0,0,0,0,0,0
44.94,9500,1.54506871244548,9500,9500,1.54506871244548,1.54506871244548,0,8.10603234017084e-12,20.384480903736,1,0,15030.1235607483,-15030.1235607483,1.54506871244548,1.5418159808907,1.5418159808907,0,-5.03642172489491e-31,0.00325273155478389,1.54506871244548,0,267.161443506003,60.6481711487664,4.18383313818513e-10,1,0.986611166637817,0,0,0,0,0,0
44.955,9500,1.54506871244548,9500,9500,1.54506871244548,1.54506871244548,0,8.10603234017084e-12,20.384480903736,1,0,15030.1235607483,-15030.1235607483,1.54506871244548,1.5418159808907,1.5418159808907,0,-3.92236918322599e-31,0.00325273155478389,1.54506871244548,0,267.161443506003,60.6481711487664,4.18383313818513e-10,1,0.986611166637817,0,0,0,0,0,0
44.97,9500,1.54506871244548,9500,9500,1.54506871244548,1.54506871244548,0,8.10603234017084e-12,20.384480903736,1,0,15030.1235607483,-15030.1235607483,1.54506871244548,1.5418159808907,1.5418159808907,0,-3.05474419139155e-31,0.00325273155478389,1.54506871244548,0,267.161443506003,60.6481711487664,4.18383313818513e-10,1,0.986611166637817,0,0,0,0,0,0
44.985,9500,1.54506871244548,9500,9500,1.54506871244548,1.54506871244548,0,8.10603234017084e-12,20.384480903736,1,0,15030.1235607483,-15030.1235607483,1.54506871244548,1.5418159808907,1.5418159808907,0,-2.37903716833857e-31,0.00325273155478389,1.54506871244548,0,267.161443506003,60.6481711487664,4.18383313818513e-10,1,0.986611166637817,0,0,0,0,0,0
45,9500,1.54506871244548,9500,9500,1.54506871244548,1.54506871244548,0,8.10603234017084e-12,20.384480903736,1,0,15030.1235607483,-15030.1235607483,1.54506871244548,1.5418159808907,1.5418159808907,0,-1.85279600965805e-31,0.00325273155478389,1.54506871244548,0,267.161443506003,60.6481711487664,4.18383313818513e-10,1,0.986611166637817,0,0,0,0,0,0
45.015,9500,1.54506871244548,9500,9500,1.54506871244548,1.54506871244548,0,8.10603234017084e-12,20.384480903736,1,0,15030.1235607483,-15030.1235607483,1.54506871244548,1.5418159808907,1.5418159808907,0,-1.44295898319327e-31,0.00325273155478389,1.54506871244548,0,267.161443506003,60.6481711487664,4.18383313818513e-10,1,0.986611166637817,0,0,0,0,0,0
45.03,9500,1.54506871244548,9500,9500,1.54506871244548,1.54506871244548,0,8.10603234017084e-12,20.384480903736,1,0,15030.1235607483,-15030.1235607483,1.54506871244548,1.5418159808907,1.5418159808907,0,-1.12377758605083e-31,0.00325273155478389,1.54506871244548,0,267.161443506003,60.6481711487664,4.18383313818513e-10,1,0.986611166637817,0,0,0,0,0,0
45.045,9500,1.54506871244548,9500,9500,1.54506871244548,1.54506871244548,0,8.10603234017084e-12,20.384480903736,1,0,15030.1235607483,-15030.1235607483,1.54506871244548,1.5418159808907,1.5418159808907,0,-8.75198864014482e-32,0.00325273155478389,1.54506871244548,0,267.161443506003,60.6481711487664,4.18383313818513e-10,1,0.986611166637817,0,0,0,0,0,0
45.06,9500,1.54506871244548,9500,9500,1.54506871244548,1.54506871244548,0,8.10603234017084e-12,20.384480903736,1,0,15030.1235607483,-15030.1235607483,1.54506871244548,1.5418159808907,1.5418159808907,0,-6.81605560637683e-32,0.00325273155478389,1.54506871244548,0,267.161443506003,60.6481711487664,4.18383313818513e-10,1,0.986611166637817,0,0,0,0,0,0
45.075,9500,1.54506871244548,9500,9500,1.54506871244548,1.54506871244548,0,8.10603234017084e-12,20.384480903736,1,0,15030.1235607483,-15030.1235607483,1.54506871244548,1.5418159808907,1.5418159808907,0,-5.30834944370451e-32,0.00325273155478389,1.54506871244548,0,267.161443506003,60.6481711487664,4.18383313818513e-10,1,0.986611166637817,0,0,0,0,0,0
45.09,9500,1.54506871244548,9500,9500,1.54506871244548,1.54506871244548,0,8.10603234017084e-12,20.384480903736,1,0,15030.1235607483,-15030.1235607483,1.54506871244548,1.5418159808907,1.5418159808907,0,-4.13414670357373e-32,0.00325273155478389,1.54506871244548,0,267.161443506003,60.6481711487664,4.18383313818513e-10,1,0.986611166637817,0,0,0,0,0,0
45.105,9500,1.54506871244548,9500,9500,1.54506871244548,1.54506871244548,0,8.10603234017084e-12,20.384480903736,1,0,15030.1235607483,-15030.1235607483,1.54506871244548,1.5418159808907,1.5418159808907,0,-3.21967669007529e-32,0.00325273155478389,1.54506871244548,0,267.161443506003,60.6481711487664,4.18383313818513e-10,1,0.986611166637817,0,0,0,0,0,0
45.12,9500,1.54506871244548,9500,9500,1.54506871244548,1.54506871244548,0,8.10603234017084e-12,20.384480903736,1,0,15030.1235607483,-15030.1235607483,1.54506871244548,1.5418159808907,1.5418159808907,0,-2.50748672746738e-32,0.00325273155478389,1.54506871244548,0,267.161443506003,60.6481711487664,4.18383313818513e-10,1,0.986611166637817,0,0,0,0,0,0
45.135,9500,1.54506871244548,9500,9500,1.54506871244548,1.54506871244548,0,8.10603234017084e-12,20.384480903736,1,0,15030.1235607483,-15030.1235607483,1.54506871244548,1.5418159808907,1.5418159808907,0,-1.95283262689275e-32,0.00325273155478389,1.54506871244548,0,267.161443506003,60.6481711487664,4.18383313818513e-10,1,0.986611166637817,0,0,0,0,0,0
45.15,9500,1.54506871244548,9500,9500,1.54506871244548,1.54506871244548,0,8.10603234017084e-12,20.384480903736,1,0,15030.1235607483,-15030.1235607483,1.54506871244548,1.5418159808907,1.5418159808907,0,-1.52086757903146e-32,0.00325273155478389,1.54506871244548,0,267.161443506003,60.6481711487664,4.18383313818513e-10,1,0.986611166637817,0,0,0,0,0,0
45.165,9500,1.54506871244548,9500,9500,1.54506871244548,1.54506871244548,0,8.10603234017084e-12,20.384480903736,1,0,15030.1235607483,-15030.1235607483,1.54506871244548,1.5418159808907,1.5418159808907,0,-1.18445286149762e-32,0.00325273155478389,1.54506871244548,0,267.161443506003,60.6481711487664,4.18383313818513e-10,1,0.986611166637817,0,0,0,0,0,0
45.18,9500,1.54506871244548,9500,9500,1.54506871244548,1.54506871244548,0,8.10603234017084e-12,20.384480903736,1,0,15030.1235607483,-15030.1235607483,1.54506871244548,1.5418159808907,1.5418159808907,0,-9.2245281604551e-33,0.00325273155478389,1.54506871244548,0,267.161443506003,60.6481711487664,4.18383313818513e-10,1,0.986611166637817,0,0,0,0,0,0
45.195,9500,1.54506871244548,9500,9500,1.54506871244548,1.54506871244548,0,8.10603234017084e-12,20.384480903736,1,0,15030.1235607483,-15030.1235607483,1.54506871244548,1.5418159808907,1.5418159808907,0,-7.18406975482666e-33,0.00325273155478389,1.54506871244548,0,267.161443506003,60.6481711487664,4.18383313818513e-10,1,0.986611166637817,0,0,0,0,0,0
45.21,9500,1.54506871244548,9500,9500,1.54506871244548,1.54506871244548,0,8.10603234017084e-12,20.384480903736,1,0,15030.1235607483,-15030.1235607483,1.54506871244548,1.5418159808907,1.5418159808907,0,-5.5949591506986e-33,0.00325273155478389,1.54506871244548,0,267.161443506003,60.6481711487664,4.18383313818513e-10,1,0.986611166637817,0,0,0,0,0,0
45.225,9500,1.54506871244548,9500,9500,1.54506871244548,1.54506871244548,0,8.10603234017084e-12,20.384480903736,1,0,15030.1235607483,-15030.1235607483,1.54506871244548,1.5418159808907,1.5418159808907,0,-4.35735856781659e-33,0.00325273155478389,1.54506871244548,0,267.161443506003,60.6481711487664,4.18383313818513e-10,1,0.986611166637817,0,0,0,0,0,0
45.24,9500,1.54506871244548,9500,9500,1.54506871244548,1.54506871244548,0,8.10603234017084e-12,20.384480903736,1,0,15030.1235607483,-15030.1235607483,1.54506871244548,1.5418159808907,1.5418159808907,0,-3.39351426473845e-33,0.00325273155478389,1.54506871244548,0,267.161443506003,60.6481711487664,4.18383313818513e-10,1,0.986611166637817,0,0,0,0,0,0
45.255,9500,1.54506871244548,9500,9500,1.54506871244548,1.54506871244548,0,8.10603234017084e-12,20.384480903736,1,0,15030.1235607483,-15030.1235607483,1.54506871244548,1.5418159808907,1.5418159808907,0,-2.64287156674229e-33,0.00325273155478389,1.54506871244548,0,267.161443506003,60.6481711487664,4.18383313818513e-10,1,0.986611166637817,0,0,0,0,0,0
45.27,9500,1.54506871244548,9500,9500,1.54506871244548,1.54506871244548,0,8.10603234017084e-12,20.384480903736,1,0,15030.1235607483,-15030.1235607483,1.54506871244548,1.5418159808907,1.5418159808907,0,-2.05827044573605e-33,0.00325273155478389,1.54506871244548,0,267.161443506003,60.6481711487664,4.18383313818513e-10,1,0.986611166637817,0,0,0,0,0,0
45.285,9500,1.54506871244548,9500,9500,1.54506871244548,1.54506871244548,0,8.10603234017084e-12,20.384480903736,1,0,15030.1235607483,-15030.1235607483,1.54506871244548,1.5418159808907,1.5418159808907,0,-1.60298263491196e-33,0.00325273155478389,1.54506871244548,0,267.161443506003,60.6481711487664,4.18383313818513e-10,1,0.986611166637817,0,0,0,0,0,0
45.3,9500,1.54506871244548,9500,9500,1.54506871244548,1.54506871244548,0,8.10603234017084e-12,20.384480903736,1,0,15030.1235607483,-15030.1235607483,1.54506871244548,1.5418159808907,1.5418159808907,0,-1.2484041313193e-33,0.00325273155478389,1.54506871244548,0,267.161443506003,60.6481711487664,4.18383313818513e-10,1,0.986611166637817,0,0,0,0,0,0
45.315,9500,1.54506871244548,9500,9500,1.54506871244548,1.54506871244548,0,8.10603234017084e-12,20.384480903736,1,0,15030.1235607483,-15030.1235607483,1.54506871244548,1.5418159808907,1.5418159808907,0,-9.72258115061048e-34,0.00325273155478389,1.54506871244548,0,267.161443506003,60.6481711487664,4.18383313818513e-10,1,0.986611166637817,0,0,0,0,0,0
45.33,9500,1.54506871244548,9500,9500,1.54506871244548,1.54506871244548,0,8.10603234017084e-12,20.384480903736,1,0,15030.1235607483,-15030.1235607483,1.54506871244548,1.5418159808907,1.5418159808907,0,-7.57195381357072e-34,0.00325273155478389,1.54506871244548,0,267.161443506003,60.6481711487664,4.18383313818513e-10,1,0.986611166637817,0,0,0,0,0,0
45.345,9500,1.54506871244548,9500,9500,1.54506871244548,1.54506871244548,0,8.10603234017084e-12,20.384480903736,1,0,15030.1235607483,-15030.1235607483,1.54506871244548,1.5418159808907,1.5418159808907,0,-5.89704355938939e-34,0.00325273155478389,1.54506871244548,0,267.161443506003,60.6481711487664,4.18383313818513e-10,1,0.986611166637817,0,0,0,0,0,0
45.36,9500,1.54506871244548,9500,9500,1.54506871244548,1.54506871244548,0,8.10603234017084e-12,20.384480903736,1,0,15030.1235607483,-15030.1235607483,1.54506871244548,1.5418159808907,1.5418159808907,0,-4.59262214185864e-34,0.00325273155478389,1.54506871244548,0,267.161443506003,60.6481711487664,4.18383313818513e-10,1,0.986611166637817,0,0,0,0,0,0
45.375,9500,1.54506871244548,9500,9500,1.54506871244548,1.54506871244548,0,8.10603234017084e-12,20.384480903736,1,0,15030.1235607483,-15030.1235607483,1.54506871244548,1.5418159808907,1.5418159808907,0,-3.57673772043058e-34,0.00325273155478389,1.54506871244548,0,267.161443506003,60.6481711487664,4.18383313818513e-10,1,0.986611166637817,0,0,0,0,0,0
45.39,9500,1.54506871244548,9500,9500,1.54506871244548,1.54506871244548,0,8.10603234017084e-12,20.384480903736,1,0,15030.1235607483,-15030.1235607483,1.54506871244548,1.5418159808907,1.5418159808907,0,-2.78556613751237e-34,0.00325273155478389,1.54506871244548,0,267.161443506003,60.6481711487664,4.18383313818513e-10,1,0.986611166637817,0,0,0,0,0,0
45.405,9500,1.54506871244548,9500,9500,1.54506871244548,1.54506871244548,0,8.10603234017084e-12,20.384480903736,1,0,15030.1235607483,-15030.1235607483,1.54506871244548,1.5418159808907,1.5418159808907,0,-2.16940108919182e-34,0.00325273155478389,1.54506871244548,0,267.161443506003,60.6481711487664,4.18383313818513e-10,1,0.986611166637817,0,0,0,0,0,0
45.42,9500,1.54506871244548,9500,9500,1.54506871244548,1.54506871244548,0,8.10603234017084e-12,20.384480903736,1,0,15030.1235607483,-15030.1235607483,1.54506871244548,1.5418159808907,1.5418159808907,0,-1.68953126705855e-34,0.00325273155478389,1.54506871244548,0,267.161443506003,60.6481711487664,4.18383313818513e-10,1,0.986611166637817,0,0,0,0,0,0
45.435,9500,1.54506871244548,9500,9500,1.54506871244548,1.54506871244548,0,8.10603234017084e-12,20.384480903736,1,0,15030.1235607483,-15030.1235607483,1.54506871244548,1.5418159808907,1.5418159808907,0,-1.31580827380882e-34,0.00325273155478389,1.54506871244548,0,267.161443506003,60.6481711487664,4.18383313818513e-10,1,0.986611166637817,0,0,0,0,0,0
45.45,9500,1.54506871244548,9500,9500,1.54506871244548,1.54506871244548,0,8.10603234017084e-12,20.384480903736,1,0,15030.1235607483,-15030.1235607483,1.54506871244548,1.5418159808907,1.5418159808907,0,-1.02475251401414e-34,0.00325273155478389,1.54506871244548,0,267.161443506003,60.6481711487664,4.18383313818513e-10,1,0.986611166637817,0,0,0,0,0,0
45.465,9500,1.54506871244548,9500,9500,1.54506871244548,1.54506871244548,0,8.10603234017084e-12,20.384480903736,1,0,15030.1235607483,-15030.1235607483,1.54506871244548,1.5418159808907,1.5418159808907,0,-7.98078060368606e-35,0.00325273155478389,1.54506871244548,0,267.161443506003,60.6481711487664,4.18383313818513e-10,1,0.986611166637817,0,0,0,0,0,0
45.48,9500,1.54506871244548,9500,9500,1.54506871244548,1.54506871244548,0,8.10603234017084e-12,20.384480903736,1,0,15030.1235607483,-15030.1235607483,1.54506871244548,1.5418159808907,1.5418159808907,0,-6.21543818367178e-35,0.00325273155478389,1.54506871244548,0,267.161443506003,60.6481711487664,4.18383313818513e-10,1,0.986611166637817,0,0,0,0,0,0
45.495,9500,1.54506871244548,9500,9500,1.54506871244548,1.54506871244548,0,8.10603234017084e-12,20.384480903736,1,0,15030.1235607483,-15030.1235607483,1.54506871244548,1.5418159808907,1.5418159808907,0,-4.84058812457549e-35,0.00325273155478389,1.54506871244548,0,267.161443506003,60.6481711487664,4.18383313818513e-10,1,0.986611166637817,0,0,0,0,0,0
45.51,9500,1.54506871244548,9500,9500,1.54506871244548,1.54506871244548,0,8.10603234017084e-12,20.384480903736,1,0,15030.1235607483,-15030.1235607483,1.54506871244548,1.5418159808907,1.5418159808907,0,-3.76985382194554e-35,0.00325273155478389,1.54506871244548,0,267.161443506003,60.6481711487664,4.18383313818513e-10,1,0.986611166637817,0,0,0,0,0,0
45.525,9500,1.54506871244548,9500,9500,1.54506871244548,1.54506871244548,0,8.10603234017084e-12,20.384480903736,1,0,15030.1235607483,-15030.1235607483,1.54506871244548,1.5418159808907,1.5418159808907,0,-2.93596510859591e-35,0.00325273155478389,1.54506871244548,0,267.161443506003,60.6481711487664,4.18383313818513e-10,1,0.986611166637817,0,0,0,0,0,0
45.54,9500,1.54506871244548,9500,9500,1.54506871244548,1.54506871244548,0,8.10603234017084e-12,20.384480903736,1,0,15030.1235607483,-15030.1235607483,1.54506871244548,1.5418159808907,1.5418159808907,0,-2.28653192564482e-35,0.00325273155478389,1.54506871244548,0,267.161443506003,60.6481711487664,4.18383313818513e-10,1,0.986611166637817,0,0,0,0,0,0
45.555,9500,1.54506871244548,9500,9500,1.54506871244548,1.54506871244548,0,8.10603234017084e-12,20.384480903736,1,0,15030.1235607483,-15030.1235607483,1.54506871244548,1.5418159808907,1.5418159808907,0,-1.78075285420995e-35,0.00325273155478389,1.54506871244548,0,267.161443506003,60.6481711487664,4.18383313818513e-10,1,0.986611166637817,0,0,0,0,0,0
45.57,9500,1.54506871244548,9500,9500,1.54506871244548,1.54506871244548,0,8.10603234017084e-12,20.384480903736,1,0,15030.1235607483,-15030.1235607483,1.54506871244548,1.5418159808907,1.5418159808907,0,-1.38685171731535e-35,0.00325273155478389,1.54506871244548,0,267.161443506003,60.6481711487664,4.18383313818513e-10,1,0.986611166637817,0,0,0,0,0,0
45.585,9500,1.54506871244548,9500,9500,1.54506871244548,1.54506871244548,0,8.10603234017084e-12,20.384480903736,1,0,15030.1235607483,-15030.1235607483,1.54506871244548,1.5418159808907,1.5418159808907,0,-1.08008120344912e-35,0.00325273155478389,1.54506871244548,0,267.161443506003,60.6481711487664,4.18383313818513e-10,1,0.986611166637817,0,0,0,0,0,0
45.6,9500,1.54506871244548,9500,9500,1.54506871244548,1.54506871244548,0,8.10603234017084e-12,20.384480903736,1,0,15030.1235607483,-15030.1235607483,1.54506871244548,1.5418159808907,1.5418159808907,0,-8.41168087026878e-36,0.00325273155478389,1.54506871244548,0,267.161443506003,60.6481711487664,4.18383313818513e-10,1,0.986611166637817,0,0,0,0,0,0
45.615,9500,1.54506871244548,9500,9500,1.54506871244548,1.54506871244548,0,8.10603234017084e-12,20.384480903736,1,0,15030.1235607483,-15030.1235607483,1.54506871244548,1.5418159808907,1.5418159808907,0,-6.55102364871208e-36,0.00325273155478389,1.54506871244548,0,267.161443506003,60.6481711487664,4.18383313818513e-10,1,0.986611166637817,0,0,0,0,0,0
45.63,9500,1.54506871244548,9500,9500,1.54506871244548,1.54506871244548,0,8.10603234017084e-12,20.384480903736,1,0,15030.1235607483,-15030.1235607483,1.54506871244548,1.5418159808907,1.5418159808907,0,-5.10194234753626e-36,0.00325273155478389,1.54506871244548,0,267.161443506003,60.6481711487664,4.18383313818513e-10,1,0.986611166637817,0,0,0,0,0,0
45.645,9500,1.54506871244548,9500,9500,1.54506871244548,1.54506871244548,0,8.10603234017084e-12,20.384480903736,1,0,15030.1235607483,-15030.1235607483,1.54506871244548,1.5418159808907,1.5418159808907,0,-3.9733966954464e-36,0.00325273155478389,1.54506871244548,0,267.161443506003,60.6481711487664,4.18383313818513e-10,1,0.986611166637817,0,0,0,0,0,0
45.66,9500,1.54506871244548,9500,9500,1.54506871244548,1.54506871244548,0,8.10603234017084e-12,20.384480903736,1,0,15030.1235607483,-15030.1235607483,1.54506871244548,1.5418159808907,1.5418159808907,0,-3.09448445786699e-36,0.00325273155478389,1.54506871244548,0,267.161443506003,60.6481711487664,4.18383313818513e-10,1,0.986611166637817,0,0,0,0,0,0
45.675,9500,1.54506871244548,9500,9500,1.54506871244548,1.54506871244548,0,8.10603234017084e-12,20.384480903736,1,0,15030.1235607483,-15030.1235607483,1.54506871244548,1.5418159808907,1.5418159808907,0,-2.4099869189891e-36,0.00325273155478389,1.54506871244548,0,267.161443506003,60.6481711487664,4.18383313818513e-10,1,0.986611166637817,0,0,0,0,0,0
45.69,9500,1.54506871244548,9500,9500,1.54506871244548,1.54506871244548,0,8.10603234017084e-12,20.384480903736,1,0,15030.1235607483,-15030.1235607483,1.54506871244548,1.5418159808907,1.5418159808907,0,-1.87689969970056e-36,0.00325273155478389,1.54506871244548,0,267.161443506003,60.6481711487664,4.18383313818513e-10,1,0.986611166637817,0,0,0,0,0,0
45.705,9500,1.54506871244548,9500,9500,1.54506871244548,1.54506871244548,0,8.10603234017084e-12,20.384480903736,1,0,15030.1235607483,-15030.1235607483,1.54506871244548,1.5418159808907,1.5418159808907,0,-1.46173095587328e-36,0.00325273155478389,1.54506871244548,0,267.161443506003,60.6481711487664,4.18383313818513e-10,1,0.986611166637817,0,0,0,0,0,0
45.72,9500,1.54506871244548,9500,9500,1.54506871244548,1.54506871244548,0,8.10603234017084e-12,20.384480903736,1,0,15030.1235607483,-15030.1235607483,1.54506871244548,1.5418159808907,1.5418159808907,0,-1.13839721307382e-36,0.00325273155478389,1.54506871244548,0,267.161443506003,60.6481711487664,4.18383313818513e-10,1,0.986611166637817,0,0,0,0,0,0
45.735,9500,1.54506871244548,9500,9500,1.54506871244548,1.54506871244548,0,8.10603234017084e-12,20.384480903736,1,0,15030.1235607483,-15030.1235607483,1.54506871244548,1.5418159808907,1.5418159808907,0,-8.86584640988198e-37,0.00325273155478389,1.54506871244548,0,267.161443506003,60.6481711487664,4.18383313818513e-10,1,0.986611166637817,0,0,0,0,0,0
45.75,9500,1.54506871244548,9500,9500,1.54506871244548,1.54506871244548,0,8.10603234017084e-12,20.384480903736,1,0,15030.1235607483,-15030.1235607483,1.54506871244548,1.5418159808907,1.5418159808907,0,-6.90472812660689e-37,0.00325273155478389,1.54506871244548,0,267.161443506003,60.6481711487664,4.18383313818513e-10,1,0.986611166637817,0,0,0,0,0,0
45.765,9500,1.54506871244548,9500,9500,1.54506871244548,1.54506871244548,0,8.10603234017084e-12,20.384480903736,1,0,15030.1235607483,-15030.1235607483,1.54506871244548,1.5418159808907,1.5418159808907,0,-5.3774076718966e-37,0.00325273155478389,1.54506871244548,0,267.161443506003,60.6481711487664,4.18383313818513e-10,1,0.986611166637817,0,0,0,0,0,0
45.78,9500,1.54506871244548,9500,9500,1.54506871244548,1.54506871244548,0,8.10603234017084e-12,20.384480903736,1,0,15030.1235607483,-15030.1235607483,1.54506871244548,1.5418159808907,1.5418159808907,0,-4.18792930576725e-37,0.00325273155478389,1.54506871244548,0,267.161443506003,60.6481711487664,4.18383313818513e-10,1,0.986611166637817,0,0,0,0,0,0
45.795,9500,1.54506871244548,9500,9500,1.54506871244548,1.54506871244548,0,8.10603234017084e-12,20.384480903736,1,0,15030.1235607483,-15030.1235607483,1.54506871244548,1.5418159808907,1.5418159808907,0,-3.26156262277922e-37,0.00325273155478389,1.54506871244548,0,267.161443506003,60.6481711487664,4.18383313818513e-10,1,0.986611166637817,0,0,0,0,0,0
45.81,9500,1.54506871244548,9500,9500,1.54506871244548,1.54506871244548,0,8.10603234017084e-12,20.384480903736,1,0,15030.1235607483,-15030.1235607483,1.54506871244548,1.5418159808907,1.5418159808907,0,-2.54010752465688e-37,0.00325273155478389,1.54506871244548,0,267.161443506003,60.6481711487664,4.18383313818513e-10,1,0.986611166637817,0,0,0,0,0,0
45.825,9500,1.54506871244548,9500,9500,1.54506871244548,1.54506871244548,0,8.10603234017084e-12,20.384480903736,1,0,15030.1235607483,-15030.1235607483,1.54506871244548,1.5418159808907,1.5418159808907,0,-1.97823772928835e-37,0.00325273155478389,1.54506871244548,0,267.161443506003,60.6481711487664,4.18383313818513e-10,1,0.986611166637817,0,0,0,0,0,0
45.84,9500,1.54506871244548,9500,9500,1.54506871244548,1.54506871244548,0,8.10603234017084e-12,20.384480903736,1,0,15030.1235607483,-15030.1235607483,1.54506871244548,1.5418159808907,1.5418159808907,0,-1.54065309267116e-37,0.00325273155478389,1.54506871244548,0,267.161443506003,60.6481711487664,4.18383313818513e-10,1,0.986611166637817,0,0,0,0,0,0
45.855,9500,1.54506871244548,9500,9500,1.54506871244548,1.54506871244548,0,8.10603234017084e-12,20.384480903736,1,0,15030.1235607483,-15030.1235607483,1.54506871244548,1.5418159808907,1.5418159808907,0,-1.19986183501368e-37,0.00325273155478389,1.54506871244548,0,267.161443506003,60.6481711487664,4.18383313818513e-10,1,0.986611166637817,0,0,0,0,0,0
45.87,9500,1.54506871244548,9500,9500,1.54506871244548,1.54506871244548,0,8.10603234017084e-12,20.384480903736,1,0,15030.1235607483,-15030.1235607483,1.54506871244548,1.5418159808907,1.5418159808907,0,-9.34453336686149e-38,0.00325273155478389,1.54506871244548,0,267.161443506003,60.6481711487664,4.18383313818513e-10,1,0.986611166637817,0,0,0,0,0,0
45.885,9500,1.54506871244548,9500,9500,1.54506871244548,1.54506871244548,0,8.10603234017084e-12,20.384480903736,1,0,15030.1235607483,-15030.1235607483,1.54506871244548,1.5418159808907,1.5418159808907,0,-7.2775299035486e-38,0.00325273155478389,1.54506871244548,0,267.161443506003,60.6481711487664,4.18383313818513e-10,1,0.986611166637817,0,0,0,0,0,0
45.9,9500,1.54506871244548,9500,9500,1.54506871244548,1.54506871244548,0,8.10603234017084e-12,20.384480903736,1,0,15030.1235607483,-15030.1235607483,1.54506871244548,1.5418159808907,1.5418159808907,0,-5.66774598770922e-38,0.00325273155478389,1.54506871244548,0,267.161443506003,60.6481711487664,4.18383313818513e-10,1,0.986611166637817,0,0,0,0,0,0
45.915,9500,1.54506871244548,9500,9500,1.54506871244548,1.54506871244548,0,8.10603234017084e-12,20.384480903736,1,0,15030.1235607483,-15030.1235607483,1.54506871244548,1.5418159808907,1.5418159808907,0,-4.41404501347775e-38,0.00325273155478389,1.54506871244548,0,267.161443506003,60.6481711487664,4.18383313818513e-10,1,0.986611166637817,0,0,0,0,0,0
45.93,9500,1.54506871244548,9500,9500,1.54506871244548,1.54506871244548,0,8.10603234017084e-12,20.384480903736,1,0,15030.1235607483,-15030.1235607483,1.54506871244548,1.5418159808907,1.5418159808907,0,-3.4376617130089e-38,0.00325273155478389,1.54506871244548,0,267.161443506003,60.6481711487664,4.18383313818513e-10,1,0.986611166637817,0,0,0,0,0,0
45.945,9500,1.54506871244548,9500,9500,1.54506871244548,1.54506871244548,0,8.10603234017084e-12,20.384480903736,1,0,15030.1235607483,-15030.1235607483,1.54506871244548,1.5418159808907,1.5418159808907,0,-2.67725363402592e-38,0.00325273155478389,1.54506871244548,0,267.161443506003,60.6481711487664,4.18383313818513e-10,1,0.986611166637817,0,0,0,0,0,0
45.96,9500,1.54506871244548,9500,9500,1.54506871244548,1.54506871244548,0,8.10603234017084e-12,20.384480903736,1,0,15030.1235607483,-15030.1235607483,1.54506871244548,1.5418159808907,1.5418159808907,0,-2.08504722666015e-38,0.00325273155478389,1.54506871244548,0,267.161443506003,60.6481711487664,4.18383313818513e-10,1,0.986611166637817,0,0,0,0,0,0
45.975,9500,1.54506871244548,9500,9500,1.54506871244548,1.54506871244548,0,8.10603234017084e-12,20.384480903736,1,0,15030.1235607483,-15030.1235607483,1.54506871244548,1.5418159808907,1.5418159808907,0,-1.62383641286379e-38,0.00325273155478389,1.54506871244548,0,267.161443506003,60.6481711487664,4.18383313818513e-10,1,0.986611166637817,0,0,0,0,0,0
45.99,9500,1.54506871244548,9500,9500,1.54506871244548,1.54506871244548,0,8.10603234017084e-12,20.384480903736,1,0,15030.1235607483,-15030.1235607483,1.54506871244548,1.5418159808907,1.5418159808907,0,-1.26464506991818e-38,0.00325273155478389,1.54506871244548,0,267.161443506003,60.6481711487664,4.18383313818513e-10,1,0.986611166637817,0,0,0,0,0,0
46.005,9500,1.54506871244548,9500,9500,1.54506871244548,1.54506871244548,0,8.10603234017084e-12,20.384480903736,1,0,15030.1235607483,-15030.1235607483,1.54506871244548,1.5418159808907,1.5418159808907,0,-9.84906570759669e-39,0.00325273155478389,1.54506871244548,0,267.161443506003,60.6481711487664,4.18383313818513e-10,1,0.986611166637817,0,0,0,0,0,0
46.02,9500,1.54506871244548,9500,9500,1.54506871244548,1.54506871244548,0,8.10603234017084e-12,20.384480903736,1,0,15030.1235607483,-15030.1235607483,1.54506871244548,1.5418159808907,1.5418159808907,0,-7.67046008559802e-39,0.00325273155478389,1.54506871244548,0,267.161443506003,60.6481711487664,4.18383313818513e-10,1,0.986611166637817,0,0,0,0,0,0
46.035,9500,1.54506871244548,9500,9500,1.54506871244548,1.54506871244548,0,8.10603234017084e-12,20.384480903736,1,0,15030.1235607483,-15030.1235607483,1.54506871244548,1.5418159808907,1.5418159808907,0,-5.9737603211817e-39,0.00325273155478389,1.54506871244548,0,267.161443506003,60.6481711487664,4.18383313818513e-10,1,0.986611166637817,0,0,0,0,0,0
46.05,9500,1.54506871244548,9500,9500,1.54506871244548,1.54506871244548,0,8.10603234017084e-12,20.384480903736,1,0,15030.1235607483,-15030.1235607483,1.54506871244548,1.5418159808907,1.5418159808907,0,-4.65236921601719e-39,0.00325273155478389,1.54506871244548,0,267.161443506003,60.6481711487664,4.18383313818513e-10,1,0.986611166637817,0,0,0,0,0,0
46.065,9500,1.54506871244548,9500,9500,1.54506871244548,1.54506871244548,0,8.10603234017084e-12,20.384480903736,1,0,15030.1235607483,-15030.1235607483,1.54506871244548,1.5418159808907,1.5418159808907,0,-3.62326878857149e-39,0.00325273155478389,1.54506871244548,0,267.161443506003,60.6481711487664,4.18383313818513e-10,1,0.986611166637817,0,0,0,0,0,0
46.08,9500,1.54506871244548,9500,9500,1.54506871244548,1.54506871244548,0,8.10603234017084e-12,20.384480903736,1,0,15030.1235607483,-15030.1235607483,1.54506871244548,1.5418159808907,1.5418159808907,0,-2.82180456981765e-39,0.00325273155478389,1.54506871244548,0,267.161443506003,60.6481711487664,4.18383313818513e-10,1,0.986611166637817,0,0,0,0,0,0
46.095,9500,1.54506871244548,9500,9500,1.54506871244548,1.54506871244548,0,8.10603234017084e-12,20.384480903736,1,0,15030.1235607483,-15030.1235607483,1.54506871244548,1.5418159808907,1.5418159808907,0,-2.19762360864846e-39,0.00325273155478389,1.54506871244548,0,267.161443506003,60.6481711487664,4.18383313818513e-10,1,0.986611166637817,0,0,0,0,0,0
46.11,9500,1.54506871244548,9500,9500,1.54506871244548,1.54506871244548,0,8.10603234017084e-12,20.384480903736,1,0,15030.1235607483,-15030.1235607483,1.54506871244548,1.5418159808907,1.5418159808907,0,-1.71151098731163e-39,0.00325273155478389,1.54506871244548,0,267.161443506003,60.6481711487664,4.18383313818513e-10,1,0.986611166637817,0,0,0,0,0,0
46.125,9500,1.54506871244548,9500,9500,1.54506871244548,1.54506871244548,0,8.10603234017084e-12,20.384480903736,1,0,15030.1235607483,-15030.1235607483,1.54506871244548,1.5418159808907,1.5418159808907,0,-1.33292609715361e-39,0.00325273155478389,1.54506871244548,0,267.161443506003,60.6481711487664,4.18383313818513e-10,1,0.986611166637817,0,0,0,0,0,0
46.14,9500,1.54506871244548,9500,9500,1.54506871244548,1.54506871244548,0,8.10603234017084e-12,20.384480903736,1,0,15030.1235607483,-15030.1235607483,1.54506871244548,1.5418159808907,1.5418159808907,0,-1.03808388823954e-39,0.00325273155478389,1.54506871244548,0,267.161443506003,60.6481711487664,4.18383313818513e-10,1,0.986611166637817,0,0,0,0,0,0
46.155,9500,1.54506871244548,9500,9500,1.54506871244548,1.54506871244548,0,8.10603234017084e-12,20.384480903736,1,0,15030.1235607483,-15030.1235607483,1.54506871244548,1.5418159808907,1.5418159808907,0,-8.08460545054763e-40,0.00325273155478389,1.54506871244548,0,267.161443506003,60.6481711487664,4.18383313818513e-10,1,0.986611166637817,0,0,0,0,0,0
46.17,9500,1.54506871244548,9500,9500,1.54506871244548,1.54506871244548,0,8.10603234017084e-12,20.384480903736,1,0,15030.1235607483,-15030.1235607483,1.54506871244548,1.5418159808907,1.5418159808907,0,-6.29629705570984e-40,0.00325273155478389,1.54506871244548,0,267.161443506003,60.6481711487664,4.18383313818513e-10,1,0.986611166637817,0,0,0,0,0,0
46.185,9500,1.54506871244548,9500,9500,1.54506871244548,1.54506871244548,0,8.10603234017084e-12,20.384480903736,1,0,15030.1235607483,-15030.1235607483,1.54506871244548,1.5418159808907,1.5418159808907,0,-4.90356107743701e-40,0.00325273155478389,1.54506871244548,0,267.161443506003,60.6481711487664,4.18383313818513e-10,1,0.986611166637817,0,0,0,0,0,0
46.2,9500,1.54506871244548,9500,9500,1.54506871244548,1.54506871244548,0,8.10603234017084e-12,20.384480903736,1,0,15030.1235607483,-15030.1235607483,1.54506871244548,1.5418159808907,1.5418159808907,0,-3.8188972069464e-40,0.00325273155478389,1.54506871244548,0,267.161443506003,60.6481711487664,4.18383313818513e-10,1,0.986611166637817,0,0,0,0,0,0
46.215,9500,1.54506871244548,9500,9500,1.54506871244548,1.54506871244548,0,8.10603234017084e-12,20.384480903736,1,0,15030.1235607483,-15030.1235607483,1.54506871244548,1.5418159808907,1.5418159808907,0,-2.97416013523906e-40,0.00325273155478389,1.54506871244548,0,267.161443506003,60.6481711487664,4.18383313818513e-10,1,0.986611166637817,0,0,0,0,0,0
46.23,9500,1.54506871244548,9500,9500,1.54506871244548,1.54506871244548,0,8.10603234017084e-12,20.384480903736,1,0,15030.1235607483,-15030.1235607483,1.54506871244548,1.5418159808907,1.5418159808907,0,-2.31627824230394e-40,0.00325273155478389,1.54506871244548,0,267.161443506003,60.6481711487664,4.18383313818513e-10,1,0.986611166637817,0,0,0,0,0,0
46.245,9500,1.54506871244548,9500,9500,1.54506871244548,1.54506871244548,0,8.10603234017084e-12,20.384480903736,1,0,15030.1235607483,-15030.1235607483,1.54506871244548,1.5418159808907,1.5418159808907,0,-1.80391930891756e-40,0.00325273155478389,1.54506871244548,0,267.161443506003,60.6481711487664,4.18383313818513e-10,1,0.986611166637817,0,0,0,0,0,0
46.26,9500,1.54506871244548,9500,9500,1.54506871244548,1.54506871244548,0,8.10603234017084e-12,20.384480903736,1,0,15030.1235607483,-15030.1235607483,1.54506871244548,1.5418159808907,1.5418159808907,0,-1.40489377038262e-40,0.00325273155478389,1.54506871244548,0,267.161443506003,60.6481711487664,4.18383313818513e-10,1,0.986611166637817,0,0,0,0,0,0
46.275,9500,1.54506871244548,9500,9500,1.54506871244548,1.54506871244548,0,8.10603234017084e-12,20.384480903736,1,0,15030.1235607483,-15030.1235607483,1.54506871244548,1.5418159808907,1.5418159808907,0,-1.09413236850613e-40,0.00325273155478389,1.54506871244548,0,267.161443506003,60.6481711487664,4.18383313818513e-10,1,0.986611166637817,0,0,0,0,0,0
46.29,9500,1.54506871244548,9500,9500,1.54506871244548,1.54506871244548,0,8.10603234017084e-12,20.384480903736,1,0,15030.1235607483,-15030.1235607483,1.54506871244548,1.5418159808907,1.5418159808907,0,-8.52111145376342e-41,0.00325273155478389,1.54506871244548,0,267.161443506003,60.6481711487664,4.18383313818513e-10,1,0.986611166637817,0,0,0,0,0,0
46.305,9500,1.54506871244548,9500,9500,1.54506871244548,1.54506871244548,0,8.10603234017084e-12,20.384480903736,1,0,15030.1235607483,-15030.1235607483,1.54506871244548,1.5418159808907,1.5418159808907,0,-6.63624827282967e-41,0.00325273155478389,1.54506871244548,0,267.161443506003,60.6481711487664,4.18383313818513e-10,1,0.986611166637817,0,0,0,0,0,0
46.32,9500,1.54506871244548,9500,9500,1.54506871244548,1.54506871244548,0,8.10603234017084e-12,20.384480903736,1,0,15030.1235607483,-15030.1235607483,1.54506871244548,1.5418159808907,1.5418159808907,0,-5.16831535153601e-41,0.00325273155478389,1.54506871244548,0,267.161443506003,60.6481711487664,4.18383313818513e-10,1,0.986611166637817,0,0,0,0,0,0
46.335,9500,1.54506871244548,9500,9500,1.54506871244548,1.54506871244548,0,8.10603234017084e-12,20.384480903736,1,0,15030.1235607483,-15030.1235607483,1.54506871244548,1.5418159808907,1.5418159808907,0,-4.0250880429362e-41,0.00325273155478389,1.54506871244548,0,267.161443506003,60.6481711487664,4.18383313818513e-10,1,0.986611166637817,0,0,0,0,0,0
46.35,9500,1.54506871244548,9500,9500,1.54506871244548,1.54506871244548,0,8.10603234017084e-12,20.384480903736,1,0,15030.1235607483,-15030.1235607483,1.54506871244548,1.5418159808907,1.5418159808907,0,-3.13474171977006e-41,0.00325273155478389,1.54506871244548,0,267.161443506003,60.6481711487664,4.18383313818513e-10,1,0.986611166637817,0,0,0,0,0,0
46.365,9500,1.54506871244548,9500,9500,1.54506871244548,1.54506871244548,0,8.10603234017084e-12,20.384480903736,1,0,15030.1235607483,-15030.1235607483,1.54506871244548,1.5418159808907,1.5418159808907,0,-2.44133930608353e-41,0.00325273155478389,1.54506871244548,0,267.161443506003,60.6481711487664,4.18383313818513e-10,1,0.986611166637817,0,0,0,0,0,0
46.38,9500,1.54506871244548,9500,9500,1.54506871244548,1.54506871244548,0,8.10603234017084e-12,20.384480903736,1,0,15030.1235607483,-15030.1235607483,1.54506871244548,1.5418159808907,1.5418159808907,0,-1.90131696332085e-41,0.00325273155478389,1.54506871244548,0,267.161443506003,60.6481711487664,4.18383313818513e-10,1,0.986611166637817,0,0,0,0,0,0
46.395,9500,1.54506871244548,9500,9500,1.54506871244548,1.54506871244548,0,8.10603234017084e-12,20.384480903736,1,0,15030.1235607483,-15030.1235607483,1.54506871244548,1.5418159808907,1.5418159808907,0,-1.48074713990123e-41,0.00325273155478389,1.54506871244548,0,267.161443506003,60.6481711487664,4.18383313818513e-10,1,0.986611166637817,0,0,0,0,0,0
46.41,9500,1.54506871244548,9500,9500,1.54506871244548,1.54506871244548,0,8.10603234017084e-12,20.384480903736,1,0,15030.1235607483,-15030.1235607483,1.54506871244548,1.5418159808907,1.5418159808907,0,-1.15320703208582e-41,0.00325273155478389,1.54506871244548,0,267.161443506003,60.6481711487664,4.18383313818513e-10,1,0.986611166637817,0,0,0,0,0,0
46.425,9500,1.54506871244548,9500,9500,1.54506871244548,1.54506871244548,0,8.10603234017084e-12,20.384480903736,1,0,15030.1235607483,-15030.1235607483,1.54506871244548,1.5418159808907,1.5418159808907,0,-8.98118539631885e-42,0.00325273155478389,1.54506871244548,0,267.161443506003,60.6481711487664,4.18383313818513e-10,1,0.986611166637817,0,0,0,0,0,0
46.44,9500,1.54506871244548,9500,9500,1.54506871244548,1.54506871244548,0,8.10603234017084e-12,20.384480903736,1,0,15030.1235607483,-15030.1235607483,1.54506871244548,1.5418159808907,1.5418159808907,0,-6.99455421956259e-42,0.00325273155478389,1.54506871244548,0,267.161443506003,60.6481711487664,4.18383313818513e-10,1,0.986611166637817,0,0,0,0,0,0
46.455,9500,1.54506871244548,9500,9500,1.54506871244548,1.54506871244548,0,8.10603234017084e-12,20.384480903736,1,0,15030.1235607483,-15030.1235607483,1.54506871244548,1.5418159808907,1.5418159808907,0,-5.44736430343074e-42,0.00325273155478389,1.54506871244548,0,267.161443506003,60.6481711487664,4.18383313818513e-10,1,0.986611166637817,0,0,0,0,0,0
46.47,9500,1.54506871244548,9500,9500,1.54506871244548,1.54506871244548,0,8.10603234017084e-12,20.384480903736,1,0,15030.1235607483,-15030.1235607483,1.54506871244548,1.5418159808907,1.5418159808907,0,-4.24241158518708e-42,0.00325273155478389,1.54506871244548,0,267.161443506003,60.6481711487664,4.18383313818513e-10,1,0.986611166637817,0,0,0,0,0,0
46.485,9500,1.54506871244548,9500,9500,1.54506871244548,1.54506871244548,0,8.10603234017084e-12,20.384480903736,1,0,15030.1235607483,-15030.1235607483,1.54506871244548,1.5418159808907,1.5418159808907,0,-3.3039934646549e-42,0.00325273155478389,1.54506871244548,0,267.161443506003,60.6481711487664,4.18383313818513e-10,1,0.986611166637817,0,0,0,0,0,0
46.5,9500,1.54506871244548,9500,9500,1.54506871244548,1.54506871244548,0,8.10603234017084e-12,20.384480903736,1,0,15030.1235607483,-15030.1235607483,1.54506871244548,1.5418159808907,1.5418159808907,0,-2.57315269753604e-42,0.00325273155478389,1.54506871244548,0,267.161443506003,60.6481711487664,4.18383313818513e-10,1,0.986611166637817,0,0,0,0,0,0
46.515,9500,1.54506871244548,9500,9500,1.54506871244548,1.54506871244548,0,8.10603234017084e-12,20.384480903736,1,0,15030.1235607483,-15030.1235607483,1.54506871244548,1.5418159808907,1.5418159808907,0,-2.00397333580336e-42,0.00325273155478389,1.54506871244548,0,267.161443506003,60.6481711487664,4.18383313818513e-10,1,0.986611166637817,0,0,0,0,0,0
46.53,9500,1.54506871244548,9500,9500,1.54506871244548,1.54506871244548,0,8.10603234017084e-12,20.384480903736,1,0,15030.1235607483,-15030.1235607483,1.54506871244548,1.5418159808907,1.5418159808907,0,-1.56069600317788e-42,0.00325273155478389,1.54506871244548,0,267.161443506003,60.6481711487664,4.18383313818513e-10,1,0.986611166637817,0,0,0,0,0,0
46.545,9500,1.54506871244548,9500,9500,1.54506871244548,1.54506871244548,0,8.10603234017084e-12,20.384480903736,1,0,15030.1235607483,-15030.1235607483,1.54506871244548,1.5418159808907,1.5418159808907,0,-1.21547126941134e-42,0.00325273155478389,1.54506871244548,0,267.161443506003,60.6481711487664,4.18383313818513e-10,1,0.986611166637817,0,0,0,0,0,0
46.56,9500,1.54506871244548,9500,9500,1.54506871244548,1.54506871244548,0,8.10603234017084e-12,20.384480903736,1,0,15030.1235607483,-15030.1235607483,1.54506871244548,1.5418159808907,1.5418159808907,0,-9.46609976418347e-43,0.00325273155478389,1.54506871244548,0,267.161443506003,60.6481711487664,4.18383313818513e-10,1,0.986611166637817,0,0,0,0,0,0
46.575,9500,1.54506871244548,9500,9500,1.54506871244548,1.54506871244548,0,8.10603234017084e-12,20.384480903736,1,0,15030.1235607483,-15030.1235607483,1.54506871244548,1.5418159808907,1.5418159808907,0,-7.37220590897813e-43,0.00325273155478389,1.54506871244548,0,267.161443506003,60.6481711487664,4.18383313818513e-10,1,0.986611166637817,0,0,0,0,0,0
46.59,9500,1.54506871244548,9500,9500,1.54506871244548,1.54506871244548,0,8.10603234017084e-12,20.384480903736,1,0,15030.1235607483,-15030.1235607483,1.54506871244548,1.5418159808907,1.5418159808907,0,-5.7414797348758e-43,0.00325273155478389,1.54506871244548,0,267.161443506003,60.6481711487664,4.18383313818513e-10,1,0.986611166637817,0,0,0,0,0,0
46.605,9500,1.54506871244548,9500,9500,1.54506871244548,1.54506871244548,0,8.10603234017084e-12,20.384480903736,1,0,15030.1235607483,-15030.1235607483,1.54506871244548,1.5418159808907,1.5418159808907,0,-4.47146891350988e-43,0.00325273155478389,1.54506871244548,0,267.161443506003,60.6481711487664,4.18383313818513e-10,1,0.986611166637817,0,0,0,0,0,0
46.62,9500,1.54506871244548,9500,9500,1.54506871244548,1.54506871244548,0,8.10603234017084e-12,20.384480903736,1,0,15030.1235607483,-15030.1235607483,1.54506871244548,1.5418159808907,1.5418159808907,0,-3.48238349132094e-43,0.00325273155478389,1.54506871244548,0,267.161443506003,60.6481711487664,4.18383313818513e-10,1,0.986611166637817,0,0,0,0,0,0
46.635,9500,1.54506871244548,9500,9500,1.54506871244548,1.54506871244548,0,8.10603234017084e-12,20.384480903736,1,0,15030.1235607483,-15030.1235607483,1.54506871244548,1.5418159808907,1.5418159808907,0,-2.71208298999568e-43,0.00325273155478389,1.54506871244548,0,267.161443506003,60.6481711487664,4.18383313818513e-10,1,0.986611166637817,0,0,0,0,0,0
46.65,9500,1.54506871244548,9500,9500,1.54506871244548,1.54506871244548,0,8.10603234017084e-12,20.384480903736,1,0,15030.1235607483,-15030.1235607483,1.54506871244548,1.5418159808907,1.5418159808907,0,-2.11217235636327e-43,0.00325273155478389,1.54506871244548,0,267.161443506003,60.6481711487664,4.18383313818513e-10,1,0.986611166637817,0,0,0,0,0,0
46.665,9500,1.54506871244548,9500,9500,1.54506871244548,1.54506871244548,0,8.10603234017084e-12,20.384480903736,1,0,15030.1235607483,-15030.1235607483,1.54506871244548,1.5418159808907,1.5418159808907,0,-1.64496148511749e-43,0.00325273155478389,1.54506871244548,0,267.161443506003,60.6481711487664,4.18383313818513e-10,1,0.986611166637817,0,0,0,0,0,0
46.68,9500,1.54506871244548,9500,9500,1.54506871244548,1.54506871244548,0,8.10603234017084e-12,20.384480903736,1,0,15030.1235607483,-15030.1235607483,1.54506871244548,1.5418159808907,1.5418159808907,0,-1.2810972927318e-43,0.00325273155478389,1.54506871244548,0,267.161443506003,60.6481711487664,4.18383313818513e-10,1,0.986611166637817,0,0,0,0,0,0
46.695,9500,1.54506871244548,9500,9500,1.54506871244548,1.54506871244548,0,8.10603234017084e-12,20.384480903736,1,0,15030.1235607483,-15030.1235607483,1.54506871244548,1.5418159808907,1.5418159808907,0,-9.97719574770185e-44,0.00325273155478389,1.54506871244548,0,267.161443506003,60.6481711487664,4.18383313818513e-10,1,0.986611166637817,0,0,0,0,0,0
46.71,9500,1.54506871244548,9500,9500,1.54506871244548,1.54506871244548,0,8.10603234017084e-12,20.384480903736,1,0,15030.1235607483,-15030.1235607483,1.54506871244548,1.5418159808907,1.5418159808907,0,-7.77024786116689e-44,0.00325273155478389,1.54506871244548,0,267.161443506003,60.6481711487664,4.18383313818513e-10,1,0.986611166637817,0,0,0,0,0,0
46.725,9500,1.54506871244548,9500,9500,1.54506871244548,1.54506871244548,0,8.10603234017084e-12,20.384480903736,1,0,15030.1235607483,-15030.1235607483,1.54506871244548,1.5418159808907,1.5418159808907,0,-6.05147511893568e-44,0.00325273155478389,1.54506871244548,0,267.161443506003,60.6481711487664,4.18383313818513e-10,1,0.986611166637817,0,0,0,0,0,0
46.74,9500,1.54506871244548,9500,9500,1.54506871244548,1.54506871244548,0,8.10603234017084e-12,20.384480903736,1,0,15030.1235607483,-15030.1235607483,1.54506871244548,1.5418159808907,1.5418159808907,0,-4.71289356136423e-44,0.00325273155478389,1.54506871244548,0,267.161443506003,60.6481711487664,4.18383313818513e-10,1,0.986611166637817,0,0,0,0,0,0
46.755,9500,1.54506871244548,9500,9500,1.54506871244548,1.54506871244548,0,8.10603234017084e-12,20.384480903736,1,0,15030.1235607483,-15030.1235607483,1.54506871244548,1.5418159808907,1.5418159808907,0,-3.67040519612265e-44,0.00325273155478389,1.54506871244548,0,267.161443506003,60.6481711487664,4.18383313818513e-10,1,0.986611166637817,0,0,0,0,0,0
46.77,9500,1.54506871244548,9500,9500,1.54506871244548,1.54506871244548,0,8.10603234017084e-12,20.384480903736,1,0,15030.1235607483,-15030.1235607483,1.54506871244548,1.5418159808907,1.5418159808907,0,-2.85851444092967e-44,0.00325273155478389,1.54506871244548,0,267.161443506003,60.6481711487664,4.18383313818513e-10,1,0.986611166637817,0,0,0,0,0,0
46.785,9500,1.54506871244548,9500,9500,1.54506871244548,1.54506871244548,0,8.10603234017084e-12,20.384480903736,1,0,15030.1235607483,-15030.1235607483,1.54506871244548,1.5418159808907,1.5418159808907,0,-2.22621328501695e-44,0.00325273155478389,1.54506871244548,0,267.161443506003,60.6481711487664,4.18383313818513e-10,1,0.986611166637817,0,0,0,0,0,0
46.8,9500,1.54506871244548,9500,9500,1.54506871244548,1.54506871244548,0,8.10603234017084e-12,20.384480903736,1,0,15030.1235607483,-15030.1235607483,1.54506871244548,1.5418159808907,1.5418159808907,0,-1.73377664965516e-44,0.00325273155478389,1.54506871244548,0,267.161443506003,60.6481711487664,4.18383313818513e-10,1,0.986611166637817,0,0,0,0,0,0
46.815,9500,1.54506871244548,9500,9500,1.54506871244548,1.54506871244548,0,8.10603234017084e-12,20.384480903736,1,0,15030.1235607483,-15030.1235607483,1.54506871244548,1.5418159808907,1.5418159808907,0,-1.35026661242236e-44,0.00325273155478389,1.54506871244548,0,267.161443506003,60.6481711487664,4.18383313818513e-10,1,0.986611166637817,0,0,0,0,0,0
46.83,9500,1.54506871244548,9500,9500,1.54506871244548,1.54506871244548,0,8.10603234017084e-12,20.384480903736,1,0,15030.1235607483,-15030.1235607483,1.54506871244548,1.5418159808907,1.5418159808907,0,-1.05158869510971e-44,0.00325273155478389,1.54506871244548,0,267.161443506003,60.6481711487664,4.18383313818513e-10,1,0.986611166637817,0,0,0,0,0,0
46.845,9500,1.54506871244548,9500,9500,1.54506871244548,1.54506871244548,0,8.10603234017084e-12,20.384480903736,1,0,15030.1235607483,-15030.1235607483,1.54506871244548,1.5418159808907,1.5418159808907,0,-8.18978099220475e-45,0.00325273155478389,1.54506871244548,0,267.161443506003,60.6481711487664,4.18383313818513e-10,1,0.986611166637817,0,0,0,0,0,0
46.86,9500,1.54506871244548,9500,9500,1.54506871244548,1.54506871244548,0,8.10603234017084e-12,20.384480903736,1,0,15030.1235607483,-15030.1235607483,1.54506871244548,1.5418159808907,1.5418159808907,0,-6.37820784991237e-45,0.00325273155478389,1.54506871244548,0,267.161443506003,60.6481711487664,4.18383313818513e-10,1,0.986611166637817,0,0,0,0,0,0
46.875,9500,1.54506871244548,9500,9500,1.54506871244548,1.54506871244548,0,8.10603234017084e-12,20.384480903736,1,0,15030.1235607483,-15030.1235607483,1.54506871244548,1.5418159808907,1.5418159808907,0,-4.96735326810393e-45,0.00325273155478389,1.54506871244548,0,267.161443506003,60.6481711487664,4.18383313818513e-10,1,0.986611166637817,0,0,0,0,0,0
46.89,9500,1.54506871244548,9500,9500,1.54506871244548,1.54506871244548,0,8.10603234017084e-12,20.384480903736,1,0,15030.1235607483,-15030.1235607483,1.54506871244548,1.5418159808907,1.5418159808907,0,-3.86857861499165e-45,0.00325273155478389,1.54506871244548,0,267.161443506003,60.6481711487664,4.18383313818513e-10,1,0.986611166637817,0,0,0,0,0,0
46.905,9500,1.54506871244548,9500,9500,1.54506871244548,1.54506871244548,0,8.10603234017084e-12,20.384480903736,1,0,15030.1235607483,-15030.1235607483,1.54506871244548,1.5418159808907,1.5418159808907,0,-3.01285205472879e-45,0.00325273155478389,1.54506871244548,0,267.161443506003,60.6481711487664,4.18383313818513e-10,1,0.986611166637817,0,0,0,0,0,0
46.92,9500,1.54506871244548,9500,9500,1.54506871244548,1.54506871244548,0,8.10603234017084e-12,20.384480903736,1,0,15030.1235607483,-15030.1235607483,1.54506871244548,1.5418159808907,1.5418159808907,0,-2.34641153950107e-45,0.00325273155478389,1.54506871244548,0,267.161443506003,60.6481711487664,4.18383313818513e-10,1,0.986611166637817,0,0,0,0,0,0
46.935,9500,1.54506871244548,9500,9500,1.54506871244548,1.54506871244548,0,8.10603234017084e-12,20.384480903736,1,0,15030.1235607483,-15030.1235607483,1.54506871244548,1.5418159808907,1.5418159808907,0,-1.82738714437121e-45,0.00325273155478389,1.54506871244548,0,267.161443506003,60.6481711487664,4.18383313818513e-10,1,0.986611166637817,0,0,0,0,0,0
46.95,9500,1.54506871244548,9500,9500,1.54506871244548,1.54506871244548,0,8.10603234017084e-12,20.384480903736,1,0,15030.1235607483,-15030.1235607483,1.54506871244548,1.5418159808907,1.5418159808907,0,-1.42317053901092e-45,0.00325273155478389,1.54506871244548,0,267.161443506003,60.6481711487664,4.18383313818513e-10,1,0.986611166637817,0,0,0,0,0,0
46.965,9500,1.54506871244548,9500,9500,1.54506871244548,1.54506871244548,0,8.10603234017084e-12,20.384480903736,1,0,15030.1235607483,-15030.1235607483,1.54506871244548,1.5418159808907,1.5418159808907,0,-1.10836633022586e-45,0.00325273155478389,1.54506871244548,0,267.161443506003,60.6481711487664,4.18383313818513e-10,1,0.986611166637817,0,0,0,0,0,0
46.98,9500,1.54506871244548,9500,9500,1.54506871244548,1.54506871244548,0,8.10603234017084e-12,20.384480903736,1,0,15030.1235607483,-15030.1235607483,1.54506871244548,1.5418159808907,1.5418159808907,0,-8.63196565909877e-46,0.00325273155478389,1.54506871244548,0,267.161443506003,60.6481711487664,4.18383313818513e-10,1,0.986611166637817,0,0,0,0,0,0
46.995,9500,1.54506871244548,9500,9500,1.54506871244548,1.54506871244548,0,8.10603234017084e-12,20.384480903736,1,0,15030.1235607483,-15030.1235607483,1.54506871244548,1.5418159808907,1.5418159808907,0,-6.7225816147516e-46,0.00325273155478389,1.54506871244548,0,267.161443506003,60.6481711487664,4.18383313818513e-10,1,0.986611166637817,0,0,0,0,0,0
47.01,9500,1.54506871244548,9500,9500,1.54506871244548,1.54506871244548,0,8.10603234017084e-12,20.384480903736,1,0,15030.1235607483,-15030.1235607483,1.54506871244548,1.5418159808907,1.5418159808907,0,-5.23555182582997e-46,0.00325273155478389,1.54506871244548,0,267.161443506003,60.6481711487664,4.18383313818513e-10,1,0.986611166637817,0,0,0,0,0,0
47.025,9500,1.54506871244548,9500,9500,1.54506871244548,1.54506871244548,0,8.10603234017084e-12,20.384480903736,1,0,15030.1235607483,-15030.1235607483,1.54506871244548,1.5418159808907,1.5418159808907,0,-4.07745186176731e-46,0.00325273155478389,1.54506871244548,0,267.161443506003,60.6481711487664,4.18383313818513e-10,1,0.986611166637817,0,0,0,0,0,0
47.04,9500,1.54506871244548,9500,9500,1.54506871244548,1.54506871244548,0,8.10603234017084e-12,20.384480903736,1,0,15030.1235607483,-15030.1235607483,1.54506871244548,1.5418159808907,1.5418159808907,0,-3.17552270288034e-46,0.00325273155478389,1.54506871244548,0,267.161443506003,60.6481711487664,4.18383313818513e-10,1,0.986611166637817,0,0,0,0,0,0
47.055,9500,1.54506871244548,9500,9500,1.54506871244548,1.54506871244548,0,8.10603234017084e-12,20.384480903736,1,0,15030.1235607483,-15030.1235607483,1.54506871244548,1.5418159808907,1.5418159808907,0,-2.47309956766423e-46,0.00325273155478389,1.54506871244548,0,267.161443506003,60.6481711487664,4.18383313818513e-10,1,0.986611166637817,0,0,0,0,0,0
47.07,9500,1.54506871244548,9500,9500,1.54506871244548,1.54506871244548,0,8.10603234017084e-12,20.384480903736,1,0,15030.1235607483,-15030.1235607483,1.54506871244548,1.5418159808907,1.5418159808907,0,-1.92605187991046e-46,0.00325273155478389,1.54506871244548,0,267.161443506003,60.6481711487664,4.18383313818513e-10,1,0.986611166637817,0,0,0,0,0,0
47.085,9500,1.54506871244548,9500,9500,1.54506871244548,1.54506871244548,0,8.10603234017084e-12,20.384480903736,1,0,15030.1235607483,-15030.1235607483,1.54506871244548,1.5418159808907,1.5418159808907,0,-1.50001071231041e-46,0.00325273155478389,1.54506871244548,0,267.161443506003,60.6481711487664,4.18383313818513e-10,1,0.986611166637817,0,0,0,0,0,0
47.1,9500,1.54506871244548,9500,9500,1.54506871244548,1.54506871244548,0,8.10603234017084e-12,20.384480903736,1,0,15030.1235607483,-15030.1235607483,1.54506871244548,1.5418159808907,1.5418159808907,0,-1.16820951736285e-46,0.00325273155478389,1.54506871244548,0,267.161443506003,60.6481711487664,4.18383313818513e-10,1,0.986611166637817,0,0,0,0,0,0
47.115,9500,1.54506871244548,9500,9500,1.54506871244548,1.54506871244548,0,8.10603234017084e-12,20.384480903736,1,0,15030.1235607483,-15030.1235607483,1.54506871244548,1.5418159808907,1.5418159808907,0,-9.09802486913653e-47,0.00325273155478389,1.54506871244548,0,267.161443506003,60.6481711487664,4.18383313818513e-10,1,0.986611166637817,0,0,0,0,0,0
47.13,9500,1.54506871244548,9500,9500,1.54506871244548,1.54506871244548,0,8.10603234017084e-12,20.384480903736,1,0,15030.1235607483,-15030.1235607483,1.54506871244548,1.5418159808907,1.5418159808907,0,-7.08554889248664e-47,0.00325273155478389,1.54506871244548,0,267.161443506003,60.6481711487664,4.18383313818513e-10,1,0.986611166637817,0,0,0,0,0,0
47.145,9500,1.54506871244548,9500,9500,1.54506871244548,1.54506871244548,0,8.10603234017084e-12,20.384480903736,1,0,15030.1235607483,-15030.1235607483,1.54506871244548,1.5418159808907,1.5418159808907,0,-5.51823102595932e-47,0.00325273155478389,1.54506871244548,0,267.161443506003,60.6481711487664,4.18383313818513e-10,1,0.986611166637817,0,0,0,0,0,0
47.16,9500,1.54506871244548,9500,9500,1.54506871244548,1.54506871244548,0,8.10603234017084e-12,20.384480903736,1,0,15030.1235607483,-15030.1235607483,1.54506871244548,1.5418159808907,1.5418159808907,0,-4.29760264418604e-47,0.00325273155478389,1.54506871244548,0,267.161443506003,60.6481711487664,4.18383313818513e-10,1,0.986611166637817,0,0,0,0,0,0
47.175,9500,1.54506871244548,9500,9500,1.54506871244548,1.54506871244548,0,8.10603234017084e-12,20.384480903736,1,0,15030.1235607483,-15030.1235607483,1.54506871244548,1.5418159808907,1.5418159808907,0,-3.34697630462183e-47,0.00325273155478389,1.54506871244548,0,267.161443506003,60.6481711487664,4.18383313818513e-10,1,0.986611166637817,0,0,0,0,0,0
47.19,9500,1.54506871244548,9500,9500,1.54506871244548,1.54506871244548,0,8.10603234017084e-12,20.384480903736,1,0,15030.1235607483,-15030.1235607483,1.54506871244548,1.5418159808907,1.5418159808907,0,-2.60662776696092e-47,0.00325273155478389,1.54506871244548,0,267.161443506003,60.6481711487664,4.18383313818513e-10,1,0.986611166637817,0,0,0,0,0,0
47.205,9500,1.54506871244548,9500,9500,1.54506871244548,1.54506871244548,0,8.10603234017084e-12,20.384480903736,1,0,15030.1235607483,-15030.1235607483,1.54506871244548,1.5418159808907,1.5418159808907,0,-2.03004374608483e-47,0.00325273155478389,1.54506871244548,0,267.161443506003,60.6481711487664,4.18383313818513e-10,1,0.986611166637817,0,0,0,0,0,0
47.22,9500,1.54506871244548,9500,9500,1.54506871244548,1.54506871244548,0,8.10603234017084e-12,20.384480903736,1,0,15030.1235607483,-15030.1235607483,1.54506871244548,1.5418159808907,1.5418159808907,0,-1.58099965912007e-47,0.00325273155478389,1.54506871244548,0,267.161443506003,60.6481711487664,4.18383313818513e-10,1,0.986611166637817,0,0,0,0,0,0
47.235,9500,1.54506871244548,9500,9500,1.54506871244548,1.54506871244548,0,8.10603234017084e-12,20.384480903736,1,0,15030.1235607483,-15030.1235607483,1.54506871244548,1.5418159808907,1.5418159808907,0,-1.23128377255834e-47,0.00325273155478389,1.54506871244548,0,267.161443506003,60.6481711487664,4.18383313818513e-10,1,0.986611166637817,0,0,0,0,0,0
47.25,9500,1.54506871244548,9500,9500,1.54506871244548,1.54506871244548,0,8.10603234017084e-12,20.384480903736,1,0,15030.1235607483,-15030.1235607483,1.54506871244548,1.5418159808907,1.5418159808907,0,-9.58924766251547e-48,0.00325273155478389,1.54506871244548,0,267.161443506003,60.6481711487664,4.18383313818513e-10,1,0.986611166637817,0,0,0,0,0,0
47.265,9500,1.54506871244548,9500,9500,1.54506871244548,1.54506871244548,0,8.10603234017084e-12,20.384480903736,1,0,15030.1235607483,-15030.1235607483,1.54506871244548,1.5418159808907,1.5418159808907,0,-7.46811358863269e-48,0.00325273155478389,1.54506871244548,0,267.161443506003,60.6481711487664,4.18383313818513e-10,1,0.986611166637817,0,0,0,0,0,0
47.28,9500,1.54506871244548,9500,9500,1.54506871244548,1.54506871244548,0,8.10603234017084e-12,20.384480903736,1,0,15030.1235607483,-15030.1235607483,1.54506871244548,1.5418159808907,1.5418159808907,0,-5.81617271089334e-48,0.00325273155478389,1.54506871244548,0,267.161443506003,60.6481711487664,4.18383313818513e-10,1,0.986611166637817,0,0,0,0,0,0
47.295,9500,1.54506871244548,9500,9500,1.54506871244548,1.54506871244548,0,8.10603234017084e-12,20.384480903736,1,0,15030.1235607483,-15030.1235607483,1.54506871244548,1.5418159808907,1.5418159808907,0,-4.52963986172227e-48,0.00325273155478389,1.54506871244548,0,267.161443506003,60.6481711487664,4.18383313818513e-10,1,0.986611166637817,0,0,0,0,0,0
47.31,9500,1.54506871244548,9500,9500,1.54506871244548,1.54506871244548,0,8.10603234017084e-12,20.384480903736,1,0,15030.1235607483,-15030.1235607483,1.54506871244548,1.5418159808907,1.5418159808907,0,-3.52768707134075e-48,0.00325273155478389,1.54506871244548,0,267.161443506003,60.6481711487664,4.18383313818513e-10,1,0.986611166637817,0,0,0,0,0,0
47.325,9500,1.54506871244548,9500,9500,1.54506871244548,1.54506871244548,0,8.10603234017084e-12,20.384480903736,1,0,15030.1235607483,-15030.1235607483,1.54506871244548,1.5418159808907,1.5418159808907,0,-2.74736545359105e-48,0.00325273155478389,1.54506871244548,0,267.161443506003,60.6481711487664,4.18383313818513e-10,1,0.986611166637817,0,0,0,0,0,0
47.34,9500,1.54506871244548,9500,9500,1.54506871244548,1.54506871244548,0,8.10603234017084e-12,20.384480903736,1,0,15030.1235607483,-15030.1235607483,1.54506871244548,1.5418159808907,1.5418159808907,0,-2.13965036664003e-48,0.00325273155478389,1.54506871244548,0,267.161443506003,60.6481711487664,4.18383313818513e-10,1,0.986611166637817,0,0,0,0,0,0
47.355,9500,1.54506871244548,9500,9500,1.54506871244548,1.54506871244548,0,8.10603234017084e-12,20.384480903736,1,0,15030.1235607483,-15030.1235607483,1.54506871244548,1.5418159808907,1.5418159808907,0,-1.66636138103828e-48,0.00325273155478389,1.54506871244548,0,267.161443506003,60.6481711487664,4.18383313818513e-10,1,0.986611166637817,0,0,0,0,0,0
47.37,9500,1.54506871244548,9500,9500,1.54506871244548,1.54506871244548,0,8.10603234017084e-12,20.384480903736,1,0,15030.1235607483,-15030.1235607483,1.54506871244548,1.5418159808907,1.5418159808907,0,-1.29776354843256e-48,0.00325273155478389,1.54506871244548,0,267.161443506003,60.6481711487664,4.18383313818513e-10,1,0.986611166637817,0,0,0,0,0,0
47.385,9500,1.54506871244548,9500,9500,1.54506871244548,1.54506871244548,0,8.10603234017084e-12,20.384480903736,1,0,15030.1235607483,-15030.1235607483,1.54506871244548,1.5418159808907,1.5418159808907,0,-1.0106992677608e-48,0.00325273155478389,1.54506871244548,0,267.161443506003,60.6481711487664,4.18383313818513e-10,1,0.986611166637817,0,0,0,0,0,0
47.4,9500,1.54506871244548,9500,9500,1.54506871244548,1.54506871244548,0,8.10603234017084e-12,20.384480903736,1,0,15030.1235607483,-15030.1235607483,1.54506871244548,1.5418159808907,1.5418159808907,0,-7.87133381181807e-49,0.00325273155478389,1.54506871244548,0,267.161443506003,60.6481711487664,4.18383313818513e-10,1,0.986611166637817,0,0,0,0,0,0
47.415,9500,1.54506871244548,9500,9500,1.54506871244548,1.54506871244548,0,8.10603234017084e-12,20.384480903736,1,0,15030.1235607483,-15030.1235607483,1.54506871244548,1.5418159808907,1.5418159808907,0,-6.13020093646034e-49,0.00325273155478389,1.54506871244548,0,267.161443506003,60.6481711487664,4.18383313818513e-10,1,0.986611166637817,0,0,0,0,0,0
47.43,9500,1.54506871244548,9500,9500,1.54506871244548,1.54506871244548,0,8.10603234017084e-12,20.384480903736,1,0,15030.1235607483,-15030.1235607483,1.54506871244548,1.5418159808907,1.5418159808907,0,-4.77420528970037e-49,0.00325273155478389,1.54506871244548,0,267.161443506003,60.6481711487664,4.18383313818513e-10,1,0.986611166637817,0,0,0,0,0,0
47.445,9500,1.54506871244548,9500,9500,1.54506871244548,1.54506871244548,0,8.10603234017084e-12,20.384480903736,1,0,15030.1235607483,-15030.1235607483,1.54506871244548,1.5418159808907,1.5418159808907,0,-3.71815481816229e-49,0.00325273155478389,1.54506871244548,0,267.161443506003,60.6481711487664,4.18383313818513e-10,1,0.986611166637817,0,0,0,0,0,0
47.46,9500,1.54506871244548,9500,9500,1.54506871244548,1.54506871244548,0,8.10603234017084e-12,20.384480903736,1,0,15030.1235607483,-15030.1235607483,1.54506871244548,1.5418159808907,1.5418159808907,0,-2.89570188396551e-49,0.00325273155478389,1.54506871244548,0,267.161443506003,60.6481711487664,4.18383313818513e-10,1,0.986611166637817,0,0,0,0,0,0
47.475,9500,1.54506871244548,9500,9500,1.54506871244548,1.54506871244548,0,8.10603234017084e-12,20.384480903736,1,0,15030.1235607483,-15030.1235607483,1.54506871244548,1.5418159808907,1.5418159808907,0,-2.25517489477368e-49,0.00325273155478389,1.54506871244548,0,267.161443506003,60.6481711487664,4.18383313818513e-10,1,0.986611166637817,0,0,0,0,0,0
47.49,9500,1.54506871244548,9500,9500,1.54506871244548,1.54506871244548,0,8.10603234017084e-12,20.384480903736,1,0,15030.1235607483,-15030.1235607483,1.54506871244548,1.5418159808907,1.5418159808907,0,-1.75633197401272e-49,0.00325273155478389,1.54506871244548,0,267.161443506003,60.6481711487664,4.18383313818513e-10,1,0.986611166637817,0,0,0,0,0,0
47.505,9500,1.54506871244548,9500,9500,1.54506871244548,1.54506871244548,0,8.10603234017084e-12,20.384480903736,1,0,15030.1235607483,-15030.1235607483,1.54506871244548,1.5418159808907,1.5418159808907,0,-1.36783271669445e-49,0.00325273155478389,1.54506871244548,0,267.161443506003,60.6481711487664,4.18383313818513e-10,1,0.986611166637817,0,0,0,0,0,0
47.52,9500,1.54506871244548,9500,9500,1.54506871244548,1.54506871244548,0,8.10603234017084e-12,20.384480903736,1,0,15030.1235607483,-15030.1235607483,1.54506871244548,1.5418159808907,1.5418159808907,0,-1.06526919087233e-49,0.00325273155478389,1.54506871244548,0,267.161443506003,60.6481711487664,4.18383313818513e-10,1,0.986611166637817,0,0,0,0,0,0
47.535,9500,1.54506871244548,9500,9500,1.54506871244548,1.54506871244548,0,8.10603234017084e-12,20.384480903736,1,0,15030.1235607483,-15030.1235607483,1.54506871244548,1.5418159808907,1.5418159808907,0,-8.29632480033209e-50,0.00325273155478389,1.54506871244548,0,267.161443506003,60.6481711487664,4.18383313818513e-10,1,0.986611166637817,0,0,0,0,0,0
47.55,9500,1.54506871244548,9500,9500,1.54506871244548,1.54506871244548,0,8.10603234017084e-12,20.384480903736,1,0,15030.1235607483,-15030.1235607483,1.54506871244548,1.5418159808907,1.5418159808907,0,-6.46118425111335e-50,0.00325273155478389,1.54506871244548,0,267.161443506003,60.6481711487664,4.18383313818513e-10,1,0.986611166637817,0,0,0,0,0,0
47.565,9500,1.54506871244548,9500,9500,1.54506871244548,1.54506871244548,0,8.10603234017084e-12,20.384480903736,1,0,15030.1235607483,-15030.1235607483,1.54506871244548,1.5418159808907,1.5418159808907,0,-5.0319753543357e-50,0.00325273155478389,1.54506871244548,0,267.161443506003,60.6481711487664,4.18383313818513e-10,1,0.986611166637817,0,0,0,0,0,0
47.58,9500,1.54506871244548,9500,9500,1.54506871244548,1.54506871244548,0,8.10603234017084e-12,20.384480903736,1,0,15030.1235607483,-15030.1235607483,1.54506871244548,1.5418159808907,1.5418159808907,0,-3.91890634635266e-50,0.00325273155478389,1.54506871244548,0,267.161443506003,60.6481711487664,4.18383313818513e-10,1,0.986611166637817,0,0,0,0,0,0
47.595,9500,1.54506871244548,9500,9500,1.54506871244548,1.54506871244548,0,8.10603234017084e-12,20.384480903736,1,0,15030.1235607483,-15030.1235607483,1.54506871244548,1.5418159808907,1.5418159808907,0,-3.05204733132295e-50,0.00325273155478389,1.54506871244548,0,267.161443506003,60.6481711487664,4.18383313818513e-10,1,0.986611166637817,0,0,0,0,0,0
47.61,9500,1.54506871244548,9500,9500,1.54506871244548,1.54506871244548,0,8.10603234017084e-12,20.384480903736,1,0,15030.1235607483,-15030.1235607483,1.54506871244548,1.5418159808907,1.5418159808907,0,-2.3769368516053e-50,0.00325273155478389,1.54506871244548,0,267.161443506003,60.6481711487664,4.18383313818513e-10,1,0.986611166637817,0,0,0,0,0,0
47.625,9500,1.54506871244548,9500,9500,1.54506871244548,1.54506871244548,0,8.10603234017084e-12,20.384480903736,1,0,15030.1235607483,-15030.1235607483,1.54506871244548,1.5418159808907,1.5418159808907,0,-1.85116028134149e-50,0.00325273155478389,1.54506871244548,0,267.161443506003,60.6481711487664,4.18383313818513e-10,1,0.986611166637817,0,0,0,0,0,0
47.64,9500,1.54506871244548,9500,9500,1.54506871244548,1.54506871244548,0,8.10603234017084e-12,20.384480903736,1,0,15030.1235607483,-15030.1235607483,1.54506871244548,1.5418159808907,1.5418159808907,0,-1.44168507669943e-50,0.00325273155478389,1.54506871244548,0,267.161443506003,60.6481711487664,4.18383313818513e-10,1,0.986611166637817,0,0,0,0,0,0
47.655,9500,1.54506871244548,9500,9500,1.54506871244548,1.54506871244548,0,8.10603234017084e-12,20.384480903736,1,0,15030.1235607483,-15030.1235607483,1.54506871244548,1.5418159808907,1.5418159808907,0,-1.12278546667588e-50,0.00325273155478389,1.54506871244548,0,267.161443506003,60.6481711487664,4.18383313818513e-10,1,0.986611166637817,0,0,0,0,0,0
47.67,9500,1.54506871244548,9500,9500,1.54506871244548,1.54506871244548,0,8.10603234017084e-12,20.384480903736,1,0,15030.1235607483,-15030.1235607483,1.54506871244548,1.5418159808907,1.5418159808907,0,-8.74426200668366e-51,0.00325273155478389,1.54506871244548,0,267.161443506003,60.6481711487664,4.18383313818513e-10,1,0.986611166637817,0,0,0,0,0,0
47.685,9500,1.54506871244548,9500,9500,1.54506871244548,1.54506871244548,0,8.10603234017084e-12,20.384480903736,1,0,15030.1235607483,-15030.1235607483,1.54506871244548,1.5418159808907,1.5418159808907,0,-6.81003809818677e-51,0.00325273155478389,1.54506871244548,0,267.161443506003,60.6481711487664,4.18383313818513e-10,1,0.986611166637817,0,0,0,0,0,0
47.7,9500,1.54506871244548,9500,9500,1.54506871244548,1.54506871244548,0,8.10603234017084e-12,20.384480903736,1,0,15030.1235607483,-15030.1235607483,1.54506871244548,1.5418159808907,1.5418159808907,0,-5.30366300361396e-51,0.00325273155478389,1.54506871244548,0,267.161443506003,60.6481711487664,4.18383313818513e-10,1,0.986611166637817,0,0,0,0,0,0
47.715,9500,1.54506871244548,9500,9500,1.54506871244548,1.54506871244548,0,8.10603234017084e-12,20.384480903736,1,0,15030.1235607483,-15030.1235607483,1.54506871244548,1.5418159808907,1.5418159808907,0,-4.13049690036139e-51,0.00325273155478389,1.54506871244548,0,267.161443506003,60.6481711487664,4.18383313818513e-10,1,0.986611166637817,0,0,0,0,0,0
47.73,9500,1.54506871244548,9500,9500,1.54506871244548,1.54506871244548,0,8.10603234017084e-12,20.384480903736,1,0,15030.1235607483,-15030.1235607483,1.54506871244548,1.5418159808907,1.5418159808907,0,-3.21683422047546e-51,0.00325273155478389,1.54506871244548,0,267.161443506003,60.6481711487664,4.18383313818513e-10,1,0.986611166637817,0,0,0,0,0,0
47.745,9500,1.54506871244548,9500,9500,1.54506871244548,1.54506871244548,0,8.10603234017084e-12,20.384480903736,1,0,15030.1235607483,-15030.1235607483,1.54506871244548,1.5418159808907,1.5418159808907,0,-2.50527300991718e-51,0.00325273155478389,1.54506871244548,0,267.161443506003,60.6481711487664,4.18383313818513e-10,1,0.986611166637817,0,0,0,0,0,0
47.76,9500,1.54506871244548,9500,9500,1.54506871244548,1.54506871244548,0,8.10603234017084e-12,20.384480903736,1,0,15030.1235607483,-15030.1235607483,1.54506871244548,1.5418159808907,1.5418159808907,0,-1.95110858193116e-51,0.00325273155478389,1.54506871244548,0,267.161443506003,60.6481711487664,4.18383313818513e-10,1,0.986611166637817,0,0,0,0,0,0
47.775,9500,1.54506871244548,9500,9500,1.54506871244548,1.54506871244548,0,8.10603234017084e-12,20.384480903736,1,0,15030.1235607483,-15030.1235607483,1.54506871244548,1.5418159808907,1.5418159808907,0,-1.51952489146532e-51,0.00325273155478389,1.54506871244548,0,267.161443506003,60.6481711487664,4.18383313818513e-10,1,0.986611166637817,0,0,0,0,0,0
47.79,9500,1.54506871244548,9500,9500,1.54506871244548,1.54506871244548,0,8.10603234017084e-12,20.384480903736,1,0,15030.1235607483,-15030.1235607483,1.54506871244548,1.5418159808907,1.5418159808907,0,-1.18340717536968e-51,0.00325273155478389,1.54506871244548,0,267.161443506003,60.6481711487664,4.18383313818513e-10,1,0.986611166637817,0,0,0,0,0,0
47.805,9500,1.54506871244548,9500,9500,1.54506871244548,1.54506871244548,0,8.10603234017084e-12,20.384480903736,1,0,15030.1235607483,-15030.1235607483,1.54506871244548,1.5418159808907,1.5418159808907,0,-9.2163843487023e-52,0.00325273155478389,1.54506871244548,0,267.161443506003,60.6481711487664,4.18383313818513e-10,1,0.986611166637817,0,0,0,0,0,0
47.82,9500,1.54506871244548,9500,9500,1.54506871244548,1.54506871244548,0,8.10603234017084e-12,20.384480903736,1,0,15030.1235607483,-15030.1235607483,1.54506871244548,1.5418159808907,1.5418159808907,0,-7.17772734785639e-52,0.00325273155478389,1.54506871244548,0,267.161443506003,60.6481711487664,4.18383313818513e-10,1,0.986611166637817,0,0,0,0,0,0
47.835,9500,1.54506871244548,9500,9500,1.54506871244548,1.54506871244548,0,8.10603234017084e-12,20.384480903736,1,0,15030.1235607483,-15030.1235607483,1.54506871244548,1.5418159808907,1.5418159808907,0,-5.59001967918359e-52,0.00325273155478389,1.54506871244548,0,267.161443506003,60.6481711487664,4.18383313818513e-10,1,0.986611166637817,0,0,0,0,0,0
47.85,9500,1.54506871244548,9500,9500,1.54506871244548,1.54506871244548,0,8.10603234017084e-12,20.384480903736,1,0,15030.1235607483,-15030.1235607483,1.54506871244548,1.5418159808907,1.5418159808907,0,-4.35351170353275e-52,0.00325273155478389,1.54506871244548,0,267.161443506003,60.6481711487664,4.18383313818513e-10,1,0.986611166637817,0,0,0,0,0,0
47.865,9500,1.54506871244548,9500,9500,1.54506871244548,1.54506871244548,0,8.10603234017084e-12,20.384480903736,1,0,15030.1235607483,-15030.1235607483,1.54506871244548,1.5418159808907,1.5418159808907,0,-3.39051832382183e-52,0.00325273155478389,1.54506871244548,0,267.161443506003,60.6481711487664,4.18383313818513e-10,1,0.986611166637817,0,0,0,0,0,0
47.88,9500,1.54506871244548,9500,9500,1.54506871244548,1.54506871244548,0,8.10603234017084e-12,20.384480903736,1,0,15030.1235607483,-15030.1235607483,1.54506871244548,1.5418159808907,1.5418159808907,0,-2.64053832561039e-52,0.00325273155478389,1.54506871244548,0,267.161443506003,60.6481711487664,4.18383313818513e-10,1,0.986611166637817,0,0,0,0,0,0
47.895,9500,1.54506871244548,9500,9500,1.54506871244548,1.54506871244548,0,8.10603234017084e-12,20.384480903736,1,0,15030.1235607483,-15030.1235607483,1.54506871244548,1.5418159808907,1.5418159808907,0,-2.05645331571543e-52,0.00325273155478389,1.54506871244548,0,267.161443506003,60.6481711487664,4.18383313818513e-10,1,0.986611166637817,0,0,0,0,0,0
47.91,9500,1.54506871244548,9500,9500,1.54506871244548,1.54506871244548,0,8.10603234017084e-12,20.384480903736,1,0,15030.1235607483,-15030.1235607483,1.54506871244548,1.5418159808907,1.5418159808907,0,-1.60156745262896e-52,0.00325273155478389,1.54506871244548,0,267.161443506003,60.6481711487664,4.18383313818513e-10,1,0.986611166637817,0,0,0,0,0,0
47.925,9500,1.54506871244548,9500,9500,1.54506871244548,1.54506871244548,0,8.10603234017084e-12,20.384480903736,1,0,15030.1235607483,-15030.1235607483,1.54506871244548,1.5418159808907,1.5418159808907,0,-1.24730198624911e-52,0.00325273155478389,1.54506871244548,0,267.161443506003,60.6481711487664,4.18383313818513e-10,1,0.986611166637817,0,0,0,0,0,0
47.94,9500,1.54506871244548,9500,9500,1.54506871244548,1.54506871244548,0,8.10603234017084e-12,20.384480903736,1,0,15030.1235607483,-15030.1235607483,1.54506871244548,1.5418159808907,1.5418159808907,0,-9.71399763617325e-53,0.00325273155478389,1.54506871244548,0,267.161443506003,60.6481711487664,4.18383313818513e-10,1,0.986611166637817,0,0,0,0,0,0
47.955,9500,1.54506871244548,9500,9500,1.54506871244548,1.54506871244548,0,8.10603234017084e-12,20.384480903736,1,0,15030.1235607483,-15030.1235607483,1.54506871244548,1.5418159808907,1.5418159808907,0,-7.5652689658055e-53,0.00325273155478389,1.54506871244548,0,267.161443506003,60.6481711487664,4.18383313818513e-10,1,0.986611166637817,0,0,0,0,0,0
47.97,9500,1.54506871244548,9500,9500,1.54506871244548,1.54506871244548,0,8.10603234017084e-12,20.384480903736,1,0,15030.1235607483,-15030.1235607483,1.54506871244548,1.5418159808907,1.5418159808907,0,-5.89183739471512e-53,0.00325273155478389,1.54506871244548,0,267.161443506003,60.6481711487664,4.18383313818513e-10,1,0.986611166637817,0,0,0,0,0,0
47.985,9500,1.54506871244548,9500,9500,1.54506871244548,1.54506871244548,0,8.10603234017084e-12,20.384480903736,1,0,15030.1235607483,-15030.1235607483,1.54506871244548,1.5418159808907,1.5418159808907,0,-4.58856757673352e-53,0.00325273155478389,1.54506871244548,0,267.161443506003,60.6481711487664,4.18383313818513e-10,1,0.986611166637817,0,0,0,0,0,0
48,9500,1.54506871244548,9500,9500,1.54506871244548,1.54506871244548,0,8.10603234017084e-12,20.384480903736,1,0,15030.1235607483,-15030.1235607483,1.54506871244548,1.5418159808907,1.5418159808907,0,-3.57358002193613e-53,0.00325273155478389,1.54506871244548,0,267.161443506003,60.6481711487664,4.18383313818513e-10,1,0.986611166637817,0,0,0,0,0,0
48.015,9500,1.54506871244548,9500,9500,1.54506871244548,1.54506871244548,0,8.10603234017084e-12,20.384480903736,1,0,15030.1235607483,-15030.1235607483,1.54506871244548,1.5418159808907,1.5418159808907,0,-2.78310691945218e-53,0.00325273155478389,1.54506871244548,0,267.161443506003,60.6481711487664,4.18383313818513e-10,1,0.986611166637817,0,0,0,0,0,0
48.03,9500,1.54506871244548,9500,9500,1.54506871244548,1.54506871244548,0,8.10603234017084e-12,20.384480903736,1,0,15030.1235607483,-15030.1235607483,1.54506871244548,1.5418159808907,1.5418159808907,0,-2.16748584824081e-53,0.00325273155478389,1.54506871244548,0,267.161443506003,60.6481711487664,4.18383313818513e-10,1,0.986611166637817,0,0,0,0,0,0
48.045,9500,1.54506871244548,9500,9500,1.54506871244548,1.54506871244548,0,8.10603234017084e-12,20.384480903736,1,0,15030.1235607483,-15030.1235607483,1.54506871244548,1.5418159808907,1.5418159808907,0,-1.68803967590613e-53,0.00325273155478389,1.54506871244548,0,267.161443506003,60.6481711487664,4.18383313818513e-10,1,0.986611166637817,0,0,0,0,0,0
48.06,9500,1.54506871244548,9500,9500,1.54506871244548,1.54506871244548,0,8.10603234017084e-12,20.384480903736,1,0,15030.1235607483,-15030.1235607483,1.54506871244548,1.5418159808907,1.5418159808907,0,-1.31464662145129e-53,0.00325273155478389,1.54506871244548,0,267.161443506003,60.6481711487664,4.18383313818513e-10,1,0.986611166637817,0,0,0,0,0,0
48.075,9500,1.54506871244548,9500,9500,1.54506871244548,1.54506871244548,0,8.10603234017084e-12,20.384480903736,1,0,15030.1235607483,-15030.1235607483,1.54506871244548,1.5418159808907,1.5418159808907,0,-1.02384781824844e-53,0.00325273155478389,1.54506871244548,0,267.161443506003,60.6481711487664,4.18383313818513e-10,1,0.986611166637817,0,0,0,0,0,0
48.09,9500,1.54506871244548,9500,9500,1.54506871244548,1.54506871244548,0,8.10603234017084e-12,20.384480903736,1,0,15030.1235607483,-15030.1235607483,1.54506871244548,1.5418159808907,1.5418159808907,0,-7.97373482597838e-54,0.00325273155478389,1.54506871244548,0,267.161443506003,60.6481711487664,4.18383313818513e-10,1,0.986611166637817,0,0,0,0,0,0
48.105,9500,1.54506871244548,9500,9500,1.54506871244548,1.54506871244548,0,8.10603234017084e-12,20.384480903736,1,0,15030.1235607483,-15030.1235607483,1.54506871244548,1.5418159808907,1.5418159808907,0,-6.20995092647569e-54,0.00325273155478389,1.54506871244548,0,267.161443506003,60.6481711487664,4.18383313818513e-10,1,0.986611166637817,0,0,0,0,0,0
48.12,9500,1.54506871244548,9500,9500,1.54506871244548,1.54506871244548,0,8.10603234017084e-12,20.384480903736,1,0,15030.1235607483,-15030.1235607483,1.54506871244548,1.5418159808907,1.5418159808907,0,-4.83631464437426e-54,0.00325273155478389,1.54506871244548,0,267.161443506003,60.6481711487664,4.18383313818513e-10,1,0.986611166637817,0,0,0,0,0,0
48.135,9500,1.54506871244548,9500,9500,1.54506871244548,1.54506871244548,0,8.10603234017084e-12,20.384480903736,1,0,15030.1235607483,-15030.1235607483,1.54506871244548,1.5418159808907,1.5418159808907,0,-3.76652563221838e-54,0.00325273155478389,1.54506871244548,0,267.161443506003,60.6481711487664,4.18383313818513e-10,1,0.986611166637817,0,0,0,0,0,0
48.15,9500,1.54506871244548,9500,9500,1.54506871244548,1.54506871244548,0,8.10603234017084e-12,20.384480903736,1,0,15030.1235607483,-15030.1235607483,1.54506871244548,1.5418159808907,1.5418159808907,0,-2.93337311183019e-54,0.00325273155478389,1.54506871244548,0,267.161443506003,60.6481711487664,4.18383313818513e-10,1,0.986611166637817,0,0,0,0,0,0
48.165,9500,1.54506871244548,9500,9500,1.54506871244548,1.54506871244548,0,8.10603234017084e-12,20.384480903736,1,0,15030.1235607483,-15030.1235607483,1.54506871244548,1.5418159808907,1.5418159808907,0,-2.28451327653396e-54,0.00325273155478389,1.54506871244548,0,267.161443506003,60.6481711487664,4.18383313818513e-10,1,0.986611166637817,0,0,0,0,0,0
48.18,9500,1.54506871244548,9500,9500,1.54506871244548,1.54506871244548,0,8.10603234017084e-12,20.384480903736,1,0,15030.1235607483,-15030.1235607483,1.54506871244548,1.5418159808907,1.5418159808907,0,-1.77918072870167e-54,0.00325273155478389,1.54506871244548,0,267.161443506003,60.6481711487664,4.18383313818513e-10,1,0.986611166637817,0,0,0,0,0,0
48.195,9500,1.54506871244548,9500,9500,1.54506871244548,1.54506871244548,0,8.10603234017084e-12,20.384480903736,1,0,15030.1235607483,-15030.1235607483,1.54506871244548,1.5418159808907,1.5418159808907,0,-1.38562734473841e-54,0.00325273155478389,1.54506871244548,0,267.161443506003,60.6481711487664,4.18383313818513e-10,1,0.986611166637817,0,0,0,0,0,0
48.21,9500,1.54506871244548,9500,9500,1.54506871244548,1.54506871244548,0,8.10603234017084e-12,20.384480903736,1,0,15030.1235607483,-15030.1235607483,1.54506871244548,1.5418159808907,1.5418159808907,0,-1.07912766112743e-54,0.00325273155478389,1.54506871244548,0,267.161443506003,60.6481711487664,4.18383313818513e-10,1,0.986611166637817,0,0,0,0,0,0
48.225,9500,1.54506871244548,9500,9500,1.54506871244548,1.54506871244548,0,8.10603234017084e-12,20.384480903736,1,0,15030.1235607483,-15030.1235607483,1.54506871244548,1.5418159808907,1.5418159808907,0,-8.40425467520053e-55,0.00325273155478389,1.54506871244548,0,267.161443506003,60.6481711487664,4.18383313818513e-10,1,0.986611166637817,0,0,0,0,0,0
48.24,9500,1.54506871244548,9500,9500,1.54506871244548,1.54506871244548,0,8.10603234017084e-12,20.384480903736,1,0,15030.1235607483,-15030.1235607483,1.54506871244548,1.5418159808907,1.5418159808907,0,-6.54524012217769e-55,0.00325273155478389,1.54506871244548,0,267.161443506003,60.6481711487664,4.18383313818513e-10,1,0.986611166637817,0,0,0,0,0,0
48.255,9500,1.54506871244548,9500,9500,1.54506871244548,1.54506871244548,0,8.10603234017084e-12,20.384480903736,1,0,15030.1235607483,-15030.1235607483,1.54506871244548,1.5418159808907,1.5418159808907,0,-5.09743813254236e-55,0.00325273155478389,1.54506871244548,0,267.161443506003,60.6481711487664,4.18383313818513e-10,1,0.986611166637817,0,0,0,0,0,0
48.27,9500,1.54506871244548,9500,9500,1.54506871244548,1.54506871244548,0,8.10603234017084e-12,20.384480903736,1,0,15030.1235607483,-15030.1235607483,1.54506871244548,1.5418159808907,1.5418159808907,0,-3.96988880928203e-55,0.00325273155478389,1.54506871244548,0,267.161443506003,60.6481711487664,4.18383313818513e-10,1,0.986611166637817,0,0,0,0,0,0
48.285,9500,1.54506871244548,9500,9500,1.54506871244548,1.54506871244548,0,8.10603234017084e-12,20.384480903736,1,0,15030.1235607483,-15030.1235607483,1.54506871244548,1.5418159808907,1.5418159808907,0,-3.09175251337525e-55,0.00325273155478389,1.54506871244548,0,267.161443506003,60.6481711487664,4.18383313818513e-10,1,0.986611166637817,0,0,0,0,0,0
48.3,9500,1.54506871244548,9500,9500,1.54506871244548,1.54506871244548,0,8.10603234017084e-12,20.384480903736,1,0,15030.1235607483,-15030.1235607483,1.54506871244548,1.5418159808907,1.5418159808907,0,-2.40785927847963e-55,0.00325273155478389,1.54506871244548,0,267.161443506003,60.6481711487664,4.18383313818513e-10,1,0.986611166637817,0,0,0,0,0,0
48.315,9500,1.54506871244548,9500,9500,1.54506871244548,1.54506871244548,0,8.10603234017084e-12,20.384480903736,1,0,15030.1235607483,-15030.1235607483,1.54506871244548,1.5418159808907,1.5418159808907,0,-1.87524269160568e-55,0.00325273155478389,1.54506871244548,0,267.161443506003,60.6481711487664,4.18383313818513e-10,1,0.986611166637817,0,0,0,0,0,0
48.33,9500,1.54506871244548,9500,9500,1.54506871244548,1.54506871244548,0,8.10603234017084e-12,20.384480903736,1,0,15030.1235607483,-15030.1235607483,1.54506871244548,1.5418159808907,1.5418159808907,0,-1.46044047667144e-55,0.00325273155478389,1.54506871244548,0,267.161443506003,60.6481711487664,4.18383313818513e-10,1,0.986611166637817,0,0,0,0,0,0
48.345,9500,1.54506871244548,9500,9500,1.54506871244548,1.54506871244548,0,8.10603234017084e-12,20.384480903736,1,0,15030.1235607483,-15030.1235607483,1.54506871244548,1.5418159808907,1.5418159808907,0,-1.13739218686089e-55,0.00325273155478389,1.54506871244548,0,267.161443506003,60.6481711487664,4.18383313818513e-10,1,0.986611166637817,0,0,0,0,0,0
48.36,9500,1.54506871244548,9500,9500,1.54506871244548,1.54506871244548,0,8.10603234017084e-12,20.384480903736,1,0,15030.1235607483,-15030.1235607483,1.54506871244548,1.5418159808907,1.5418159808907,0,-8.85801925786559e-56,0.00325273155478389,1.54506871244548,0,267.161443506003,60.6481711487664,4.18383313818513e-10,1,0.986611166637817,0,0,0,0,0,0
48.375,9500,1.54506871244548,9500,9500,1.54506871244548,1.54506871244548,0,8.10603234017084e-12,20.384480903736,1,0,15030.1235607483,-15030.1235607483,1.54506871244548,1.5418159808907,1.5418159808907,0,-6.89863233448731e-56,0.00325273155478389,1.54506871244548,0,267.161443506003,60.6481711487664,4.18383313818513e-10,1,0.986611166637817,0,0,0,0,0,0
48.39,9500,1.54506871244548,9500,9500,1.54506871244548,1.54506871244548,0,8.10603234017084e-12,20.384480903736,1,0,15030.1235607483,-15030.1235607483,1.54506871244548,1.5418159808907,1.5418159808907,0,-5.37266026422043e-56,0.00325273155478389,1.54506871244548,0,267.161443506003,60.6481711487664,4.18383313818513e-10,1,0.986611166637817,0,0,0,0,0,0
48.405,9500,1.54506871244548,9500,9500,1.54506871244548,1.54506871244548,0,8.10603234017084e-12,20.384480903736,1,0,15030.1235607483,-15030.1235607483,1.54506871244548,1.5418159808907,1.5418159808907,0,-4.18423202095149e-56,0.00325273155478389,1.54506871244548,0,267.161443506003,60.6481711487664,4.18383313818513e-10,1,0.986611166637817,0,0,0,0,0,0
48.42,9500,1.54506871244548,9500,9500,1.54506871244548,1.54506871244548,0,8.10603234017084e-12,20.384480903736,1,0,15030.1235607483,-15030.1235607483,1.54506871244548,1.5418159808907,1.5418159808907,0,-3.25868317446947e-56,0.00325273155478389,1.54506871244548,0,267.161443506003,60.6481711487664,4.18383313818513e-10,1,0.986611166637817,0,0,0,0,0,0
48.435,9500,1.54506871244548,9500,9500,1.54506871244548,1.54506871244548,0,8.10603234017084e-12,20.384480903736,1,0,15030.1235607483,-15030.1235607483,1.54506871244548,1.5418159808907,1.5418159808907,0,-2.53786500805843e-56,0.00325273155478389,1.54506871244548,0,267.161443506003,60.6481711487664,4.18383313818513e-10,1,0.986611166637817,0,0,0,0,0,0
48.45,9500,1.54506871244548,9500,9500,1.54506871244548,1.54506871244548,0,8.10603234017084e-12,20.384480903736,1,0,15030.1235607483,-15030.1235607483,1.54506871244548,1.5418159808907,1.5418159808907,0,-1.97649125560542e-56,0.00325273155478389,1.54506871244548,0,267.161443506003,60.6481711487664,4.18383313818513e-10,1,0.986611166637817,0,0,0,0,0,0
48.465,9500,1.54506871244548,9500,9500,1.54506871244548,1.54506871244548,0,8.10603234017084e-12,20.384480903736,1,0,15030.1235607483,-15030.1235607483,1.54506871244548,1.5418159808907,1.5418159808907,0,-1.53929293759929e-56,0.00325273155478389,1.54506871244548,0,267.161443506003,60.6481711487664,4.18383313818513e-10,1,0.986611166637817,0,0,0,0,0,0
48.48,9500,1.54506871244548,9500,9500,1.54506871244548,1.54506871244548,0,8.10603234017084e-12,20.384480903736,1,0,15030.1235607483,-15030.1235607483,1.54506871244548,1.5418159808907,1.5418159808907,0,-1.19880254517861e-56,0.00325273155478389,1.54506871244548,0,267.161443506003,60.6481711487664,4.18383313818513e-10,1,0.986611166637817,0,0,0,0,0,0
48.495,9500,1.54506871244548,9500,9500,1.54506871244548,1.54506871244548,0,8.10603234017084e-12,20.384480903736,1,0,15030.1235607483,-15030.1235607483,1.54506871244548,1.5418159808907,1.5418159808907,0,-9.33628360933094e-57,0.00325273155478389,1.54506871244548,0,267.161443506003,60.6481711487664,4.18383313818513e-10,1,0.986611166637817,0,0,0,0,0,0
48.51,9500,1.54506871244548,9500,9500,1.54506871244548,1.54506871244548,0,8.10603234017084e-12,20.384480903736,1,0,15030.1235607483,-15030.1235607483,1.54506871244548,1.5418159808907,1.5418159808907,0,-7.27110498592366e-57,0.00325273155478389,1.54506871244548,0,267.161443506003,60.6481711487664,4.18383313818513e-10,1,0.986611166637817,0,0,0,0,0,0
48.525,9500,1.54506871244548,9500,9500,1.54506871244548,1.54506871244548,0,8.10603234017084e-12,20.384480903736,1,0,15030.1235607483,-15030.1235607483,1.54506871244548,1.5418159808907,1.5418159808907,0,-5.66274225683174e-57,0.00325273155478389,1.54506871244548,0,267.161443506003,60.6481711487664,4.18383313818513e-10,1,0.986611166637817,0,0,0,0,0,0
48.54,9500,1.54506871244548,9500,9500,1.54506871244548,1.54506871244548,0,8.10603234017084e-12,20.384480903736,1,0,15030.1235607483,-15030.1235607483,1.54506871244548,1.5418159808907,1.5418159808907,0,-4.4101481039521e-57,0.00325273155478389,1.54506871244548,0,267.161443506003,60.6481711487664,4.18383313818513e-10,1,0.986611166637817,0,0,0,0,0,0
48.555,9500,1.54506871244548,9500,9500,1.54506871244548,1.54506871244548,0,8.10603234017084e-12,20.384480903736,1,0,15030.1235607483,-15030.1235607483,1.54506871244548,1.5418159808907,1.5418159808907,0,-3.43462679681876e-57,0.00325273155478389,1.54506871244548,0,267.161443506003,60.6481711487664,4.18383313818513e-10,1,0.986611166637817,0,0,0,0,0,0
48.57,9500,1.54506871244548,9500,9500,1.54506871244548,1.54506871244548,0,8.10603234017084e-12,20.384480903736,1,0,15030.1235607483,-15030.1235607483,1.54506871244548,1.5418159808907,1.5418159808907,0,-2.67489003892048e-57,0.00325273155478389,1.54506871244548,0,267.161443506003,60.6481711487664,4.18383313818513e-10,1,0.986611166637817,0,0,0,0,0,0
48.585,9500,1.54506871244548,9500,9500,1.54506871244548,1.54506871244548,0,8.10603234017084e-12,20.384480903736,1,0,15030.1235607483,-15030.1235607483,1.54506871244548,1.5418159808907,1.5418159808907,0,-2.08320645694117e-57,0.00325273155478389,1.54506871244548,0,267.161443506003,60.6481711487664,4.18383313818513e-10,1,0.986611166637817,0,0,0,0,0,0
48.6,9500,1.54506871244548,9500,9500,1.54506871244548,1.54506871244548,0,8.10603234017084e-12,20.384480903736,1,0,15030.1235607483,-15030.1235607483,1.54506871244548,1.5418159808907,1.5418159808907,0,-1.62240281996519e-57,0.00325273155478389,1.54506871244548,0,267.161443506003,60.6481711487664,4.18383313818513e-10,1,0.986611166637817,0,0,0,0,0,0
48.615,9500,1.54506871244548,9500,9500,1.54506871244548,1.54506871244548,0,8.10603234017084e-12,20.384480903736,1,0,15030.1235607483,-15030.1235607483,1.54506871244548,1.5418159808907,1.5418159808907,0,-1.26352858664615e-57,0.00325273155478389,1.54506871244548,0,267.161443506003,60.6481711487664,4.18383313818513e-10,1,0.986611166637817,0,0,0,0,0,0
48.63,9500,1.54506871244548,9500,9500,1.54506871244548,1.54506871244548,0,8.10603234017084e-12,20.384480903736,1,0,15030.1235607483,-15030.1235607483,1.54506871244548,1.5418159808907,1.5418159808907,0,-9.84037052713125e-58,0.00325273155478389,1.54506871244548,0,267.161443506003,60.6481711487664,4.18383313818513e-10,1,0.986611166637817,0,0,0,0,0,0
48.645,9500,1.54506871244548,9500,9500,1.54506871244548,1.54506871244548,0,8.10603234017084e-12,20.384480903736,1,0,15030.1235607483,-15030.1235607483,1.54506871244548,1.5418159808907,1.5418159808907,0,-7.66368827224259e-58,0.00325273155478389,1.54506871244548,0,267.161443506003,60.6481711487664,4.18383313818513e-10,1,0.986611166637817,0,0,0,0,0,0
48.66,9500,1.54506871244548,9500,9500,1.54506871244548,1.54506871244548,0,8.10603234017084e-12,20.384480903736,1,0,15030.1235607483,-15030.1235607483,1.54506871244548,1.5418159808907,1.5418159808907,0,-5.96848642763767e-58,0.00325273155478389,1.54506871244548,0,267.161443506003,60.6481711487664,4.18383313818513e-10,1,0.986611166637817,0,0,0,0,0,0
48.675,9500,1.54506871244548,9500,9500,1.54506871244548,1.54506871244548,0,8.10603234017084e-12,20.384480903736,1,0,15030.1235607483,-15030.1235607483,1.54506871244548,1.5418159808907,1.5418159808907,0,-4.64826190359527e-58,0.00325273155478389,1.54506871244548,0,267.161443506003,60.6481711487664,4.18383313818513e-10,1,0.986611166637817,0,0,0,0,0,0
48.69,9500,1.54506871244548,9500,9500,1.54506871244548,1.54506871244548,0,8.10603234017084e-12,20.384480903736,1,0,15030.1235607483,-15030.1235607483,1.54506871244548,1.5418159808907,1.5418159808907,0,-3.62007001044098e-58,0.00325273155478389,1.54506871244548,0,267.161443506003,60.6481711487664,4.18383313818513e-10,1,0.986611166637817,0,0,0,0,0,0
48.705,9500,1.54506871244548,9500,9500,1.54506871244548,1.54506871244548,0,8.10603234017084e-12,20.384480903736,1,0,15030.1235607483,-15030.1235607483,1.54506871244548,1.5418159808907,1.5418159808907,0,-2.81931335890474e-58,0.00325273155478389,1.54506871244548,0,267.161443506003,60.6481711487664,4.18383313818513e-10,1,0.986611166637817,0,0,0,0,0,0
48.72,9500,1.54506871244548,9500,9500,1.54506871244548,1.54506871244548,0,8.10603234017084e-12,20.384480903736,1,0,15030.1235607483,-15030.1235607483,1.54506871244548,1.5418159808907,1.5418159808907,0,-2.19568345163869e-58,0.00325273155478389,1.54506871244548,0,267.161443506003,60.6481711487664,4.18383313818513e-10,1,0.986611166637817,0,0,0,0,0,0
48.735,9500,1.54506871244548,9500,9500,1.54506871244548,1.54506871244548,0,8.10603234017084e-12,20.384480903736,1,0,15030.1235607483,-15030.1235607483,1.54506871244548,1.5418159808907,1.5418159808907,0,-1.70999999151313e-58,0.00325273155478389,1.54506871244548,0,267.161443506003,60.6481711487664,4.18383313818513e-10,1,0.986611166637817,0,0,0,0,0,0
48.75,9500,1.54506871244548,9500,9500,1.54506871244548,1.54506871244548,0,8.10603234017084e-12,20.384480903736,1,0,15030.1235607483,-15030.1235607483,1.54506871244548,1.5418159808907,1.5418159808907,0,-1.33174933244252e-58,0.00325273155478389,1.54506871244548,0,267.161443506003,60.6481711487664,4.18383313818513e-10,1,0.986611166637817,0,0,0,0,0,0
48.765,9500,1.54506871244548,9500,9500,1.54506871244548,1.54506871244548,0,8.10603234017084e-12,20.384480903736,1,0,15030.1235607483,-15030.1235607483,1.54506871244548,1.5418159808907,1.5418159808907,0,-1.03716742296106e-58,0.00325273155478389,1.54506871244548,0,267.161443506003,60.6481711487664,4.18383313818513e-10,1,0.986611166637817,0,0,0,0,0,0
48.78,9500,1.54506871244548,9500,9500,1.54506871244548,1.54506871244548,0,8.10603234017084e-12,20.384480903736,1,0,15030.1235607483,-15030.1235607483,1.54506871244548,1.5418159808907,1.5418159808907,0,-8.07746801178224e-59,0.00325273155478389,1.54506871244548,0,267.161443506003,60.6481711487664,4.18383313818513e-10,1,0.986611166637817,0,0,0,0,0,0
48.795,9500,1.54506871244548,9500,9500,1.54506871244548,1.54506871244548,0,8.10603234017084e-12,20.384480903736,1,0,15030.1235607483,-15030.1235607483,1.54506871244548,1.5418159808907,1.5418159808907,0,-6.29073841281023e-59,0.00325273155478389,1.54506871244548,0,267.161443506003,60.6481711487664,4.18383313818513e-10,1,0.986611166637817,0,0,0,0,0,0
48.81,9500,1.54506871244548,9500,9500,1.54506871244548,1.54506871244548,0,8.10603234017084e-12,20.384480903736,1,0,15030.1235607483,-15030.1235607483,1.54506871244548,1.5418159808907,1.5418159808907,0,-4.89923200199397e-59,0.00325273155478389,1.54506871244548,0,267.161443506003,60.6481711487664,4.18383313818513e-10,1,0.986611166637817,0,0,0,0,0,0
48.825,9500,1.54506871244548,9500,9500,1.54506871244548,1.54506871244548,0,8.10603234017084e-12,20.384480903736,1,0,15030.1235607483,-15030.1235607483,1.54506871244548,1.5418159808907,1.5418159808907,0,-3.81552571960139e-59,0.00325273155478389,1.54506871244548,0,267.161443506003,60.6481711487664,4.18383313818513e-10,1,0.986611166637817,0,0,0,0,0,0
48.84,9500,1.54506871244548,9500,9500,1.54506871244548,1.54506871244548,0,8.10603234017084e-12,20.384480903736,1,0,15030.1235607483,-15030.1235607483,1.54506871244548,1.5418159808907,1.5418159808907,0,-2.97153441825465e-59,0.00325273155478389,1.54506871244548,0,267.161443506003,60.6481711487664,4.18383313818513e-10,1,0.986611166637817,0,0,0,0,0,0
48.855,9500,1.54506871244548,9500,9500,1.54506871244548,1.54506871244548,0,8.10603234017084e-12,20.384480903736,1,0,15030.1235607483,-15030.1235607483,1.54506871244548,1.5418159808907,1.5418159808907,0,-2.31423333186035e-59,0.00325273155478389,1.54506871244548,0,267.161443506003,60.6481711487664,4.18383313818513e-10,1,0.986611166637817,0,0,0,0,0,0
48.87,9500,1.54506871244548,9500,9500,1.54506871244548,1.54506871244548,0,8.10603234017084e-12,20.384480903736,1,0,15030.1235607483,-15030.1235607483,1.54506871244548,1.5418159808907,1.5418159808907,0,-1.80232673106279e-59,0.00325273155478389,1.54506871244548,0,267.161443506003,60.6481711487664,4.18383313818513e-10,1,0.986611166637817,0,0,0,0,0,0
48.885,9500,1.54506871244548,9500,9500,1.54506871244548,1.54506871244548,0,8.10603234017084e-12,20.384480903736,1,0,15030.1235607483,-15030.1235607483,1.54506871244548,1.5418159808907,1.5418159808907,0,-1.40365346950223e-59,0.00325273155478389,1.54506871244548,0,267.161443506003,60.6481711487664,4.18383313818513e-10,1,0.986611166637817,0,0,0,0,0,0
48.9,9500,1.54506871244548,9500,9500,1.54506871244548,1.54506871244548,0,8.10603234017084e-12,20.384480903736,1,0,15030.1235607483,-15030.1235607483,1.54506871244548,1.5418159808907,1.5418159808907,0,-1.09316642120923e-59,0.00325273155478389,1.54506871244548,0,267.161443506003,60.6481711487664,4.18383313818513e-10,1,0.986611166637817,0,0,0,0,0,0
48.915,9500,1.54506871244548,9500,9500,1.54506871244548,1.54506871244548,0,8.10603234017084e-12,20.384480903736,1,0,15030.1235607483,-15030.1235607483,1.54506871244548,1.5418159808907,1.5418159808907,0,-8.51358864865112e-60,0.00325273155478389,1.54506871244548,0,267.161443506003,60.6481711487664,4.18383313818513e-10,1,0.986611166637817,0,0,0,0,0,0
48.93,9500,1.54506871244548,9500,9500,1.54506871244548,1.54506871244548,0,8.10603234017084e-12,20.384480903736,1,0,15030.1235607483,-15030.1235607483,1.54506871244548,1.5418159808907,1.5418159808907,0,-6.63038950631731e-60,0.00325273155478389,1.54506871244548,0,267.161443506003,60.6481711487664,4.18383313818513e-10,1,0.986611166637817,0,0,0,0,0,0
48.945,9500,1.54506871244548,9500,9500,1.54506871244548,1.54506871244548,0,8.10603234017084e-12,20.384480903736,1,0,15030.1235607483,-15030.1235607483,1.54506871244548,1.5418159808907,1.5418159808907,0,-5.16375253958835e-60,0.00325273155478389,1.54506871244548,0,267.161443506003,60.6481711487664,4.18383313818513e-10,1,0.986611166637817,0,0,0,0,0,0
48.96,9500,1.54506871244548,9500,9500,1.54506871244548,1.54506871244548,0,8.10603234017084e-12,20.384480903736,1,0,15030.1235607483,-15030.1235607483,1.54506871244548,1.5418159808907,1.5418159808907,0,-4.02153452141836e-60,0.00325273155478389,1.54506871244548,0,267.161443506003,60.6481711487664,4.18383313818513e-10,1,0.986611166637817,0,0,0,0,0,0
48.975,9500,1.54506871244548,9500,9500,1.54506871244548,1.54506871244548,0,8.10603234017084e-12,20.384480903736,1,0,15030.1235607483,-15030.1235607483,1.54506871244548,1.5418159808907,1.5418159808907,0,-3.13197423442931e-60,0.00325273155478389,1.54506871244548,0,267.161443506003,60.6481711487664,4.18383313818513e-10,1,0.986611166637817,0,0,0,0,0,0
48.99,9500,1.54506871244548,9500,9500,1.54506871244548,1.54506871244548,0,8.10603234017084e-12,20.384480903736,1,0,15030.1235607483,-15030.1235607483,1.54506871244548,1.5418159808907,1.5418159808907,0,-2.43918398633301e-60,0.00325273155478389,1.54506871244548,0,267.161443506003,60.6481711487664,4.18383313818513e-10,1,0.986611166637817,0,0,0,0,0,0
49.005,9500,1.54506871244548,9500,9500,1.54506871244548,1.54506871244548,0,8.10603234017084e-12,20.384480903736,1,0,15030.1235607483,-15030.1235607483,1.54506871244548,1.5418159808907,1.5418159808907,0,-1.89963839861138e-60,0.00325273155478389,1.54506871244548,0,267.161443506003,60.6481711487664,4.18383313818513e-10,1,0.986611166637817,0,0,0,0,0,0
49.02,9500,1.54506871244548,9500,9500,1.54506871244548,1.54506871244548,0,8.10603234017084e-12,20.384480903736,1,0,15030.1235607483,-15030.1235607483,1.54506871244548,1.5418159808907,1.5418159808907,0,-1.47943987239105e-60,0.00325273155478389,1.54506871244548,0,267.161443506003,60.6481711487664,4.18383313818513e-10,1,0.986611166637817,0,0,0,0,0,0
49.035,9500,1.54506871244548,9500,9500,1.54506871244548,1.54506871244548,0,8.10603234017084e-12,20.384480903736,1,0,15030.1235607483,-15030.1235607483,1.54506871244548,1.5418159808907,1.5418159808907,0,-1.15218893112521e-60,0.00325273155478389,1.54506871244548,0,267.161443506003,60.6481711487664,4.18383313818513e-10,1,0.986611166637817,0,0,0,0,0,0
49.05,9500,1.54506871244548,9500,9500,1.54506871244548,1.54506871244548,0,8.10603234017084e-12,20.384480903736,1,0,15030.1235607483,-15030.1235607483,1.54506871244548,1.5418159808907,1.5418159808907,0,-8.97325641806518e-61,0.00325273155478389,1.54506871244548,0,267.161443506003,60.6481711487664,4.18383313818513e-10,1,0.986611166637817,0,0,0,0,0,0
49.065,9500,1.54506871244548,9500,9500,1.54506871244548,1.54506871244548,0,8.10603234017084e-12,20.384480903736,1,0,15030.1235607483,-15030.1235607483,1.54506871244548,1.5418159808907,1.5418159808907,0,-6.98837912508968e-61,0.00325273155478389,1.54506871244548,0,267.161443506003,60.6481711487664,4.18383313818513e-10,1,0.986611166637817,0,0,0,0,0,0
49.08,9500,1.54506871244548,9500,9500,1.54506871244548,1.54506871244548,0,8.10603234017084e-12,20.384480903736,1,0,15030.1235607483,-15030.1235607483,1.54506871244548,1.5418159808907,1.5418159808907,0,-5.4425551350197e-61,0.00325273155478389,1.54506871244548,0,267.161443506003,60.6481711487664,4.18383313818513e-10,1,0.986611166637817,0,0,0,0,0,0
49.095,9500,1.54506871244548,9500,9500,1.54506871244548,1.54506871244548,0,8.10603234017084e-12,20.384480903736,1,0,15030.1235607483,-15030.1235607483,1.54506871244548,1.5418159808907,1.5418159808907,0,-4.23866620106264e-61,0.00325273155478389,1.54506871244548,0,267.161443506003,60.6481711487664,4.18383313818513e-10,1,0.986611166637817,0,0,0,0,0,0
49.11,9500,1.54506871244548,9500,9500,1.54506871244548,1.54506871244548,0,8.10603234017084e-12,20.384480903736,1,0,15030.1235607483,-15030.1235607483,1.54506871244548,1.5418159808907,1.5418159808907,0,-3.30107655656588e-61,0.00325273155478389,1.54506871244548,0,267.161443506003,60.6481711487664,4.18383313818513e-10,1,0.986611166637817,0,0,0,0,0,0
49.125,9500,1.54506871244548,9500,9500,1.54506871244548,1.54506871244548,0,8.10603234017084e-12,20.384480903736,1,0,15030.1235607483,-15030.1235607483,1.54506871244548,1.5418159808907,1.5418159808907,0,-2.57088100723216e-61,0.00325273155478389,1.54506871244548,0,267.161443506003,60.6481711487664,4.18383313818513e-10,1,0.986611166637817,0,0,0,0,0,0
49.14,9500,1.54506871244548,9500,9500,1.54506871244548,1.54506871244548,0,8.10603234017084e-12,20.384480903736,1,0,15030.1235607483,-15030.1235607483,1.54506871244548,1.5418159808907,1.5418159808907,0,-2.00220414161581e-61,0.00325273155478389,1.54506871244548,0,267.161443506003,60.6481711487664,4.18383313818513e-10,1,0.986611166637817,0,0,0,0,0,0
49.155,9500,1.54506871244548,9500,9500,1.54506871244548,1.54506871244548,0,8.10603234017084e-12,20.384480903736,1,0,15030.1235607483,-15030.1235607483,1.54506871244548,1.5418159808907,1.5418159808907,0,-1.5593181533592e-61,0.00325273155478389,1.54506871244548,0,267.161443506003,60.6481711487664,4.18383313818513e-10,1,0.986611166637817,0,0,0,0,0,0
49.17,9500,1.54506871244548,9500,9500,1.54506871244548,1.54506871244548,0,8.10603234017084e-12,20.384480903736,1,0,15030.1235607483,-15030.1235607483,1.54506871244548,1.5418159808907,1.5418159808907,0,-1.2143981988936e-61,0.00325273155478389,1.54506871244548,0,267.161443506003,60.6481711487664,4.18383313818513e-10,1,0.986611166637817,0,0,0,0,0,0
49.185,9500,1.54506871244548,9500,9500,1.54506871244548,1.54506871244548,0,8.10603234017084e-12,20.384480903736,1,0,15030.1235607483,-15030.1235607483,1.54506871244548,1.5418159808907,1.5418159808907,0,-9.45774268258843e-62,0.00325273155478389,1.54506871244548,0,267.161443506003,60.6481711487664,4.18383313818513e-10,1,0.986611166637817,0,0,0,0,0,0
49.2,9500,1.54506871244548,9500,9500,1.54506871244548,1.54506871244548,0,8.10603234017084e-12,20.384480903736,1,0,15030.1235607483,-15030.1235607483,1.54506871244548,1.5418159808907,1.5418159808907,0,-7.36569740728772e-62,0.00325273155478389,1.54506871244548,0,267.161443506003,60.6481711487664,4.18383313818513e-10,1,0.986611166637817,0,0,0,0,0,0
49.215,9500,1.54506871244548,9500,9500,1.54506871244548,1.54506871244548,0,8.10603234017084e-12,20.384480903736,1,0,15030.1235607483,-15030.1235607483,1.54506871244548,1.5418159808907,1.5418159808907,0,-5.73641090866269e-62,0.00325273155478389,1.54506871244548,0,267.161443506003,60.6481711487664,4.18383313818513e-10,1,0.986611166637817,0,0,0,0,0,0
49.23,9500,1.54506871244548,9500,9500,1.54506871244548,1.54506871244548,0,8.10603234017084e-12,20.384480903736,1,0,15030.1235607483,-15030.1235607483,1.54506871244548,1.5418159808907,1.5418159808907,0,-4.46752130768585e-62,0.00325273155478389,1.54506871244548,0,267.161443506003,60.6481711487664,4.18383313818513e-10,1,0.986611166637817,0,0,0,0,0,0
49.245,9500,1.54506871244548,9500,9500,1.54506871244548,1.54506871244548,0,8.10603234017084e-12,20.384480903736,1,0,15030.1235607483,-15030.1235607483,1.54506871244548,1.5418159808907,1.5418159808907,0,-3.47930909281393e-62,0.00325273155478389,1.54506871244548,0,267.161443506003,60.6481711487664,4.18383313818513e-10,1,0.986611166637817,0,0,0,0,0,0
49.26,9500,1.54506871244548,9500,9500,1.54506871244548,1.54506871244548,0,8.10603234017084e-12,20.384480903736,1,0,15030.1235607483,-15030.1235607483,1.54506871244548,1.5418159808907,1.5418159808907,0,-2.70968864603095e-62,0.00325273155478389,1.54506871244548,0,267.161443506003,60.6481711487664,4.18383313818513e-10,1,0.986611166637817,0,0,0,0,0,0
49.275,9500,1.54506871244548,9500,9500,1.54506871244548,1.54506871244548,0,8.10603234017084e-12,20.384480903736,1,0,15030.1235607483,-15030.1235607483,1.54506871244548,1.5418159808907,1.5418159808907,0,-2.1103076394086e-62,0.00325273155478389,1.54506871244548,0,267.161443506003,60.6481711487664,4.18383313818513e-10,1,0.986611166637817,0,0,0,0,0,0
49.29,9500,1.54506871244548,9500,9500,1.54506871244548,1.54506871244548,0,8.10603234017084e-12,20.384480903736,1,0,15030.1235607483,-15030.1235607483,1.54506871244548,1.5418159808907,1.5418159808907,0,-1.64350924209298e-62,0.00325273155478389,1.54506871244548,0,267.161443506003,60.6481711487664,4.18383313818513e-10,1,0.986611166637817,0,0,0,0,0,0
49.305,9500,1.54506871244548,9500,9500,1.54506871244548,1.54506871244548,0,8.10603234017084e-12,20.384480903736,1,0,15030.1235607483,-15030.1235607483,1.54506871244548,1.5418159808907,1.5418159808907,0,-1.27996628472711e-62,0.00325273155478389,1.54506871244548,0,267.161443506003,60.6481711487664,4.18383313818513e-10,1,0.986611166637817,0,0,0,0,0,0
49.32,9500,1.54506871244548,9500,9500,1.54506871244548,1.54506871244548,0,8.10603234017084e-12,20.384480903736,1,0,15030.1235607483,-15030.1235607483,1.54506871244548,1.5418159808907,1.5418159808907,0,-9.96838744850467e-63,0.00325273155478389,1.54506871244548,0,267.161443506003,60.6481711487664,4.18383313818513e-10,1,0.986611166637817,0,0,0,0,0,0
49.335,9500,1.54506871244548,9500,9500,1.54506871244548,1.54506871244548,0,8.10603234017084e-12,20.384480903736,1,0,15030.1235607483,-15030.1235607483,1.54506871244548,1.5418159808907,1.5418159808907,0,-7.7633879508546e-63,0.00325273155478389,1.54506871244548,0,267.161443506003,60.6481711487664,4.18383313818513e-10,1,0.986611166637817,0,0,0,0,0,0
49.35,9500,1.54506871244548,9500,9500,1.54506871244548,1.54506871244548,0,8.10603234017084e-12,20.384480903736,1,0,15030.1235607483,-15030.1235607483,1.54506871244548,1.5418159808907,1.5418159808907,0,-6.04613261541267e-63,0.00325273155478389,1.54506871244548,0,267.161443506003,60.6481711487664,4.18383313818513e-10,1,0.986611166637817,0,0,0,0,0,0
49.365,9500,1.54506871244548,9500,9500,1.54506871244548,1.54506871244548,0,8.10603234017084e-12,20.384480903736,1,0,15030.1235607483,-15030.1235607483,1.54506871244548,1.5418159808907,1.5418159808907,0,-4.70873281543695e-63,0.00325273155478389,1.54506871244548,0,267.161443506003,60.6481711487664,4.18383313818513e-10,1,0.986611166637817,0,0,0,0,0,0
49.38,9500,1.54506871244548,9500,9500,1.54506871244548,1.54506871244548,0,8.10603234017084e-12,20.384480903736,1,0,15030.1235607483,-15030.1235607483,1.54506871244548,1.5418159808907,1.5418159808907,0,-3.66716480393632e-63,0.00325273155478389,1.54506871244548,0,267.161443506003,60.6481711487664,4.18383313818513e-10,1,0.986611166637817,0,0,0,0,0,0
49.395,9500,1.54506871244548,9500,9500,1.54506871244548,1.54506871244548,0,8.10603234017084e-12,20.384480903736,1,0,15030.1235607483,-15030.1235607483,1.54506871244548,1.5418159808907,1.5418159808907,0,-2.8559908209575e-63,0.00325273155478389,1.54506871244548,0,267.161443506003,60.6481711487664,4.18383313818513e-10,1,0.986611166637817,0,0,0,0,0,0
49.41,9500,1.54506871244548,9500,9500,1.54506871244548,1.54506871244548,0,8.10603234017084e-12,20.384480903736,1,0,15030.1235607483,-15030.1235607483,1.54506871244548,1.5418159808907,1.5418159808907,0,-2.22424788780645e-63,0.00325273155478389,1.54506871244548,0,267.161443506003,60.6481711487664,4.18383313818513e-10,1,0.986611166637817,0,0,0,0,0,0
49.425,9500,1.54506871244548,9500,9500,1.54506871244548,1.54506871244548,0,8.10603234017084e-12,20.384480903736,1,0,15030.1235607483,-15030.1235607483,1.54506871244548,1.5418159808907,1.5418159808907,0,-1.73224599676858e-63,0.00325273155478389,1.54506871244548,0,267.161443506003,60.6481711487664,4.18383313818513e-10,1,0.986611166637817,0,0,0,0,0,0
49.44,9500,1.54506871244548,9500,9500,1.54506871244548,1.54506871244548,0,8.10603234017084e-12,20.384480903736,1,0,15030.1235607483,-15030.1235607483,1.54506871244548,1.5418159808907,1.5418159808907,0,-1.34907453875568e-63,0.00325273155478389,1.54506871244548,0,267.161443506003,60.6481711487664,4.18383313818513e-10,1,0.986611166637817,0,0,0,0,0,0
49.455,9500,1.54506871244548,9500,9500,1.54506871244548,1.54506871244548,0,8.10603234017084e-12,20.384480903736,1,0,15030.1235607483,-15030.1235607483,1.54506871244548,1.5418159808907,1.5418159808907,0,-1.05066030720461e-63,0.00325273155478389,1.54506871244548,0,267.161443506003,60.6481711487664,4.18383313818513e-10,1,0.986611166637817,0,0,0,0,0,0
49.47,9500,1.54506871244548,9500,9500,1.54506871244548,1.54506871244548,0,8.10603234017084e-12,20.384480903736,1,0,15030.1235607483,-15030.1235607483,1.54506871244548,1.5418159808907,1.5418159808907,0,-8.18255069992996e-64,0.00325273155478389,1.54506871244548,0,267.161443506003,60.6481711487664,4.18383313818513e-10,1,0.986611166637817,0,0,0,0,0,0
49.485,9500,1.54506871244548,9500,9500,1.54506871244548,1.54506871244548,0,8.10603234017084e-12,20.384480903736,1,0,15030.1235607483,-15030.1235607483,1.54506871244548,1.5418159808907,1.5418159808907,0,-6.37257689262693e-64,0.00325273155478389,1.54506871244548,0,267.161443506003,60.6481711487664,4.18383313818513e-10,1,0.986611166637817,0,0,0,0,0,0
49.5,9500,1.54506871244548,9500,9500,1.54506871244548,1.54506871244548,0,8.10603234017084e-12,20.384480903736,1,0,15030.1235607483,-15030.1235607483,1.54506871244548,1.5418159808907,1.5418159808907,0,-4.96296787416059e-64,0.00325273155478389,1.54506871244548,0,267.161443506003,60.6481711487664,4.18383313818513e-10,1,0.986611166637817,0,0,0,0,0,0
49.515,9500,1.54506871244548,9500,9500,1.54506871244548,1.54506871244548,0,8.10603234017084e-12,20.384480903736,1,0,15030.1235607483,-15030.1235607483,1.54506871244548,1.5418159808907,1.5418159808907,0,-3.86516326675449e-64,0.00325273155478389,1.54506871244548,0,267.161443506003,60.6481711487664,4.18383313818513e-10,1,0.986611166637817,0,0,0,0,0,0
49.53,9500,1.54506871244548,9500,9500,1.54506871244548,1.54506871244548,0,8.10603234017084e-12,20.384480903736,1,0,15030.1235607483,-15030.1235607483,1.54506871244548,1.5418159808907,1.5418159808907,0,-3.01019217884723e-64,0.00325273155478389,1.54506871244548,0,267.161443506003,60.6481711487664,4.18383313818513e-10,1,0.986611166637817,0,0,0,0,0,0
49.545,9500,1.54506871244548,9500,9500,1.54506871244548,1.54506871244548,0,8.10603234017084e-12,20.384480903736,1,0,15030.1235607483,-15030.1235607483,1.54506871244548,1.5418159808907,1.5418159808907,0,-2.34434002608164e-64,0.00325273155478389,1.54506871244548,0,267.161443506003,60.6481711487664,4.18383313818513e-10,1,0.986611166637817,0,0,0,0,0,0
49.56,9500,1.54506871244548,9500,9500,1.54506871244548,1.54506871244548,0,8.10603234017084e-12,20.384480903736,1,0,15030.1235607483,-15030.1235607483,1.54506871244548,1.5418159808907,1.5418159808907,0,-1.82577384809802e-64,0.00325273155478389,1.54506871244548,0,267.161443506003,60.6481711487664,4.18383313818513e-10,1,0.986611166637817,0,0,0,0,0,0
49.575,9500,1.54506871244548,9500,9500,1.54506871244548,1.54506871244548,0,8.10603234017084e-12,20.384480903736,1,0,15030.1235607483,-15030.1235607483,1.54506871244548,1.5418159808907,1.5418159808907,0,-1.42191410261003e-64,0.00325273155478389,1.54506871244548,0,267.161443506003,60.6481711487664,4.18383313818513e-10,1,0.986611166637817,0,0,0,0,0,0
49.59,9500,1.54506871244548,9500,9500,1.54506871244548,1.54506871244548,0,8.10603234017084e-12,20.384480903736,1,0,15030.1235607483,-15030.1235607483,1.54506871244548,1.5418159808907,1.5418159808907,0,-1.10738781657296e-64,0.00325273155478389,1.54506871244548,0,267.161443506003,60.6481711487664,4.18383313818513e-10,1,0.986611166637817,0,0,0,0,0,0
49.605,9500,1.54506871244548,9500,9500,1.54506871244548,1.54506871244548,0,8.10603234017084e-12,20.384480903736,1,0,15030.1235607483,-15030.1235607483,1.54506871244548,1.5418159808907,1.5418159808907,0,-8.62434498710758e-65,0.00325273155478389,1.54506871244548,0,267.161443506003,60.6481711487664,4.18383313818513e-10,1,0.986611166637817,0,0,0,0,0,0
49.62,9500,1.54506871244548,9500,9500,1.54506871244548,1.54506871244548,0,8.10603234017084e-12,20.384480903736,1,0,15030.1235607483,-15030.1235607483,1.54506871244548,1.5418159808907,1.5418159808907,0,-6.71664662943733e-65,0.00325273155478389,1.54506871244548,0,267.161443506003,60.6481711487664,4.18383313818513e-10,1,0.986611166637817,0,0,0,0,0,0
49.635,9500,1.54506871244548,9500,9500,1.54506871244548,1.54506871244548,0,8.10603234017084e-12,20.384480903736,1,0,15030.1235607483,-15030.1235607483,1.54506871244548,1.5418159808907,1.5418159808907,0,-5.23092965461971e-65,0.00325273155478389,1.54506871244548,0,267.161443506003,60.6481711487664,4.18383313818513e-10,1,0.986611166637817,0,0,0,0,0,0
49.65,9500,1.54506871244548,9500,9500,1.54506871244548,1.54506871244548,0,8.10603234017084e-12,20.384480903736,1,0,15030.1235607483,-15030.1235607483,1.54506871244548,1.5418159808907,1.5418159808907,0,-4.07385211120926e-65,0.00325273155478389,1.54506871244548,0,267.161443506003,60.6481711487664,4.18383313818513e-10,1,0.986611166637817,0,0,0,0,0,0
49.665,9500,1.54506871244548,9500,9500,1.54506871244548,1.54506871244548,0,8.10603234017084e-12,20.384480903736,1,0,15030.1235607483,-15030.1235607483,1.54506871244548,1.5418159808907,1.5418159808907,0,-3.17271921432687e-65,0.00325273155478389,1.54506871244548,0,267.161443506003,60.6481711487664,4.18383313818513e-10,1,0.986611166637817,0,0,0,0,0,0
49.68,9500,1.54506871244548,9500,9500,1.54506871244548,1.54506871244548,0,8.10603234017084e-12,20.384480903736,1,0,15030.1235607483,-15030.1235607483,1.54506871244548,1.5418159808907,1.5418159808907,0,-2.47091620858346e-65,0.00325273155478389,1.54506871244548,0,267.161443506003,60.6481711487664,4.18383313818513e-10,1,0.986611166637817,0,0,0,0,0,0
49.695,9500,1.54506871244548,9500,9500,1.54506871244548,1.54506871244548,0,8.10603234017084e-12,20.384480903736,1,0,15030.1235607483,-15030.1235607483,1.54506871244548,1.5418159808907,1.5418159808907,0,-1.92435147814862e-65,0.00325273155478389,1.54506871244548,0,267.161443506003,60.6481711487664,4.18383313818513e-10,1,0.986611166637817,0,0,0,0,0,0
49.71,9500,1.54506871244548,9500,9500,1.54506871244548,1.54506871244548,0,8.10603234017084e-12,20.384480903736,1,0,15030.1235607483,-15030.1235607483,1.54506871244548,1.5418159808907,1.5418159808907,0,-1.49868643808676e-65,0.00325273155478389,1.54506871244548,0,267.161443506003,60.6481711487664,4.18383313818513e-10,1,0.986611166637817,0,0,0,0,0,0
49.725,9500,1.54506871244548,9500,9500,1.54506871244548,1.54506871244548,0,8.10603234017084e-12,20.384480903736,1,0,15030.1235607483,-15030.1235607483,1.54506871244548,1.5418159808907,1.5418159808907,0,-1.16717817156047e-65,0.00325273155478389,1.54506871244548,0,267.161443506003,60.6481711487664,4.18383313818513e-10,1,0.986611166637817,0,0,0,0,0,0
49.74,9500,1.54506871244548,9500,9500,1.54506871244548,1.54506871244548,0,8.10603234017084e-12,20.384480903736,1,0,15030.1235607483,-15030.1235607483,1.54506871244548,1.5418159808907,1.5418159808907,0,-9.08999273995141e-66,0.00325273155478389,1.54506871244548,0,267.161443506003,60.6481711487664,4.18383313818513e-10,1,0.986611166637817,0,0,0,0,0,0
49.755,9500,1.54506871244548,9500,9500,1.54506871244548,1.54506871244548,0,8.10603234017084e-12,20.384480903736,1,0,15030.1235607483,-15030.1235607483,1.54506871244548,1.5418159808907,1.5418159808907,0,-7.07929346398754e-66,0.00325273155478389,1.54506871244548,0,267.161443506003,60.6481711487664,4.18383313818513e-10,1,0.986611166637817,0,0,0,0,0,0
49.77,9500,1.54506871244548,9500,9500,1.54506871244548,1.54506871244548,0,8.10603234017084e-12,20.384480903736,1,0,15030.1235607483,-15030.1235607483,1.54506871244548,1.5418159808907,1.5418159808907,0,-5.51335929334578e-66,0.00325273155478389,1.54506871244548,0,267.161443506003,60.6481711487664,4.18383313818513e-10,1,0.986611166637817,0,0,0,0,0,0
49.785,9500,1.54506871244548,9500,9500,1.54506871244548,1.54506871244548,0,8.10603234017084e-12,20.384480903736,1,0,15030.1235607483,-15030.1235607483,1.54506871244548,1.5418159808907,1.5418159808907,0,-4.2938085350117e-66,0.00325273155478389,1.54506871244548,0,267.161443506003,60.6481711487664,4.18383313818513e-10,1,0.986611166637817,0,0,0,0,0,0
49.8,9500,1.54506871244548,9500,9500,1.54506871244548,1.54506871244548,0,8.10603234017084e-12,20.384480903736,1,0,15030.1235607483,-15030.1235607483,1.54506871244548,1.5418159808907,1.5418159808907,0,-3.34402144942579e-66,0.00325273155478389,1.54506871244548,0,267.161443506003,60.6481711487664,4.18383313818513e-10,1,0.986611166637817,0,0,0,0,0,0
49.815,9500,1.54506871244548,9500,9500,1.54506871244548,1.54506871244548,0,8.10603234017084e-12,20.384480903736,1,0,15030.1235607483,-15030.1235607483,1.54506871244548,1.5418159808907,1.5418159808907,0,-2.60432652342038e-66,0.00325273155478389,1.54506871244548,0,267.161443506003,60.6481711487664,4.18383313818513e-10,1,0.986611166637817,0,0,0,0,0,0
49.83,9500,1.54506871244548,9500,9500,1.54506871244548,1.54506871244548,0,8.10603234017084e-12,20.384480903736,1,0,15030.1235607483,-15030.1235607483,1.54506871244548,1.5418159808907,1.5418159808907,0,-2.02825153581342e-66,0.00325273155478389,1.54506871244548,0,267.161443506003,60.6481711487664,4.18383313818513e-10,1,0.986611166637817,0,0,0,0,0,0
49.845,9500,1.54506871244548,9500,9500,1.54506871244548,1.54506871244548,0,8.10603234017084e-12,20.384480903736,1,0,15030.1235607483,-15030.1235607483,1.54506871244548,1.5418159808907,1.5418159808907,0,-1.57960388435727e-66,0.00325273155478389,1.54506871244548,0,267.161443506003,60.6481711487664,4.18383313818513e-10,1,0.986611166637817,0,0,0,0,0,0
49.86,9500,1.54506871244548,9500,9500,1.54506871244548,1.54506871244548,0,8.10603234017084e-12,20.384480903736,1,0,15030.1235607483,-15030.1235607483,1.54506871244548,1.5418159808907,1.5418159808907,0,-1.23019674208008e-66,0.00325273155478389,1.54506871244548,0,267.161443506003,60.6481711487664,4.18383313818513e-10,1,0.986611166637817,0,0,0,0,0,0
49.875,9500,1.54506871244548,9500,9500,1.54506871244548,1.54506871244548,0,8.10603234017084e-12,20.384480903736,1,0,15030.1235607483,-15030.1235607483,1.54506871244548,1.5418159808907,1.5418159808907,0,-9.58078186063855e-67,0.00325273155478389,1.54506871244548,0,267.161443506003,60.6481711487664,4.18383313818513e-10,1,0.986611166637817,0,0,0,0,0,0
49.89,9500,1.54506871244548,9500,9500,1.54506871244548,1.54506871244548,0,8.10603234017084e-12,20.384480903736,1,0,15030.1235607483,-15030.1235607483,1.54506871244548,1.5418159808907,1.5418159808907,0,-7.46152041550162e-67,0.00325273155478389,1.54506871244548,0,267.161443506003,60.6481711487664,4.18383313818513e-10,1,0.986611166637817,0,0,0,0,0,0
49.905,9500,1.54506871244548,9500,9500,1.54506871244548,1.54506871244548,0,8.10603234017084e-12,20.384480903736,1,0,15030.1235607483,-15030.1235607483,1.54506871244548,1.5418159808907,1.5418159808907,0,-5.81103794249593e-67,0.00325273155478389,1.54506871244548,0,267.161443506003,60.6481711487664,4.18383313818513e-10,1,0.986611166637817,0,0,0,0,0,0
49.92,9500,1.54506871244548,9500,9500,1.54506871244548,1.54506871244548,0,8.10603234017084e-12,20.384480903736,1,0,15030.1235607483,-15030.1235607483,1.54506871244548,1.5418159808907,1.5418159808907,0,-4.52564090007348e-67,0.00325273155478389,1.54506871244548,0,267.161443506003,60.6481711487664,4.18383313818513e-10,1,0.986611166637817,0,0,0,0,0,0
49.935,9500,1.54506871244548,9500,9500,1.54506871244548,1.54506871244548,0,8.10603234017084e-12,20.384480903736,1,0,15030.1235607483,-15030.1235607483,1.54506871244548,1.5418159808907,1.5418159808907,0,-3.5245726768772e-67,0.00325273155478389,1.54506871244548,0,267.161443506003,60.6481711487664,4.18383313818513e-10,1,0.986611166637817,0,0,0,0,0,0
49.95,9500,1.54506871244548,9500,9500,1.54506871244548,1.54506871244548,0,8.10603234017084e-12,20.384480903736,1,0,15030.1235607483,-15030.1235607483,1.54506871244548,1.5418159808907,1.5418159808907,0,-2.74493996074404e-67,0.00325273155478389,1.54506871244548,0,267.161443506003,60.6481711487664,4.18383313818513e-10,1,0.986611166637817,0,0,0,0,0,0
49.965,9500,1.54506871244548,9500,9500,1.54506871244548,1.54506871244548,0,8.10603234017084e-12,20.384480903736,1,0,15030.1235607483,-15030.1235607483,1.54506871244548,1.5418159808907,1.5418159808907,0,-2.13776139091145e-67,0.00325273155478389,1.54506871244548,0,267.161443506003,60.6481711487664,4.18383313818513e-10,1,0.986611166637817,0,0,0,0,0,0
49.98,9500,1.54506871244548,9500,9500,1.54506871244548,1.54506871244548,0,8.10603234017084e-12,20.384480903736,1,0,15030.1235607483,-15030.1235607483,1.54506871244548,1.5418159808907,1.5418159808907,0,-1.66489024526165e-67,0.00325273155478389,1.54506871244548,0,267.161443506003,60.6481711487664,4.18383313818513e-10,1,0.986611166637817,0,0,0,0,0,0
49.995,9500,1.54506871244548,9500,9500,1.54506871244548,1.54506871244548,0,8.10603234017084e-12,20.384480903736,1,0,15030.1235607483,-15030.1235607483,1.54506871244548,1.5418159808907,1.5418159808907,0,-1.29661782673772e-67,0.00325273155478389,1.54506871244548,0,267.161443506003,60.6481711487664,4.18383313818513e-10,1,0.986611166637817,0,0,0,0,0,0
50.01,9500,1.54506871244548,9500,9500,1.54506871244548,1.54506871244548,0,8.10603234017084e-12,20.384480903736,1,0,15030.1235607483,-15030.1235607483,1.54506871244548,1.5418159808907,1.5418159808907,0,-1.00980697880768e-67,0.00325273155478389,1.54506871244548,0,267.161443506003,60.6481711487664,4.18383313818513e-10,1,0.986611166637817,0,0,0,0,0,0
50.025,9500,1.54506871244548,9500,9500,1.54506871244548,1.54506871244548,0,8.10603234017084e-12,20.384480903736,1,0,15030.1235607483,-15030.1235607483,1.54506871244548,1.5418159808907,1.5418159808907,0,-7.8643846584639e-68,0.00325273155478389,1.54506871244548,0,267.161443506003,60.6481711487664,4.18383313818513e-10,1,0.986611166637817,0,0,0,0,0,0
50.04,9500,1.54506871244548,9500,9500,1.54506871244548,1.54506871244548,0,8.10603234017084e-12,20.384480903736,1,0,15030.1235607483,-15030.1235607483,1.54506871244548,1.5418159808907,1.5418159808907,0,-6.12478893038643e-68,0.00325273155478389,1.54506871244548,0,267.161443506003,60.6481711487664,4.18383313818513e-10,1,0.986611166637817,0,0,0,0,0,0
50.055,9500,1.54506871244548,9500,9500,1.54506871244548,1.54506871244548,0,8.10603234017084e-12,20.384480903736,1,0,15030.1235607483,-15030.1235607483,1.54506871244548,1.5418159808907,1.5418159808907,0,-4.76999041513202e-68,0.00325273155478389,1.54506871244548,0,267.161443506003,60.6481711487664,4.18383313818513e-10,1,0.986611166637817,0,0,0,0,0,0
50.07,9500,1.54506871244548,9500,9500,1.54506871244548,1.54506871244548,0,8.10603234017084e-12,20.384480903736,1,0,15030.1235607483,-15030.1235607483,1.54506871244548,1.5418159808907,1.5418159808907,0,-3.71487227054792e-68,0.00325273155478389,1.54506871244548,0,267.161443506003,60.6481711487664,4.18383313818513e-10,1,0.986611166637817,0,0,0,0,0,0
50.085,9500,1.54506871244548,9500,9500,1.54506871244548,1.54506871244548,0,8.10603234017084e-12,20.384480903736,1,0,15030.1235607483,-15030.1235607483,1.54506871244548,1.5418159808907,1.5418159808907,0,-2.89314543331296e-68,0.00325273155478389,1.54506871244548,0,267.161443506003,60.6481711487664,4.18383313818513e-10,1,0.986611166637817,0,0,0,0,0,0
50.1,9500,1.54506871244548,9500,9500,1.54506871244548,1.54506871244548,0,8.10603234017084e-12,20.384480903736,1,0,15030.1235607483,-15030.1235607483,1.54506871244548,1.5418159808907,1.5418159808907,0,-2.2531839290036e-68,0.00325273155478389,1.54506871244548,0,267.161443506003,60.6481711487664,4.18383313818513e-10,1,0.986611166637817,0,0,0,0,0,0
50.115,9500,1.54506871244548,9500,9500,1.54506871244548,1.54506871244548,0,8.10603234017084e-12,20.384480903736,1,0,15030.1235607483,-15030.1235607483,1.54506871244548,1.5418159808907,1.5418159808907,0,-1.75478140831191e-68,0.00325273155478389,1.54506871244548,0,267.161443506003,60.6481711487664,4.18383313818513e-10,1,0.986611166637817,0,0,0,0,0,0
50.13,9500,1.54506871244548,9500,9500,1.54506871244548,1.54506871244548,0,8.10603234017084e-12,20.384480903736,1,0,15030.1235607483,-15030.1235607483,1.54506871244548,1.5418159808907,1.5418159808907,0,-1.36662513491245e-68,0.00325273155478389,1.54506871244548,0,267.161443506003,60.6481711487664,4.18383313818513e-10,1,0.986611166637817,0,0,0,0,0,0
50.145,9500,1.54506871244548,9500,9500,1.54506871244548,1.54506871244548,0,8.10603234017084e-12,20.384480903736,1,0,15030.1235607483,-15030.1235607483,1.54506871244548,1.5418159808907,1.5418159808907,0,-1.06432872523488e-68,0.00325273155478389,1.54506871244548,0,267.161443506003,60.6481711487664,4.18383313818513e-10,1,0.986611166637817,0,0,0,0,0,0
50.16,9500,1.54506871244548,9500,9500,1.54506871244548,1.54506871244548,0,8.10603234017084e-12,20.384480903736,1,0,15030.1235607483,-15030.1235607483,1.54506871244548,1.5418159808907,1.5418159808907,0,-8.28900044658318e-69,0.00325273155478389,1.54506871244548,0,267.161443506003,60.6481711487664,4.18383313818513e-10,1,0.986611166637817,0,0,0,0,0,0
50.175,9500,1.54506871244548,9500,9500,1.54506871244548,1.54506871244548,0,8.10603234017084e-12,20.384480903736,1,0,15030.1235607483,-15030.1235607483,1.54506871244548,1.5418159808907,1.5418159808907,0,-6.4554800386782e-69,0.00325273155478389,1.54506871244548,0,267.161443506003,60.6481711487664,4.18383313818513e-10,1,0.986611166637817,0,0,0,0,0,0
50.19,9500,1.54506871244548,9500,9500,1.54506871244548,1.54506871244548,0,8.10603234017084e-12,20.384480903736,1,0,15030.1235607483,-15030.1235607483,1.54506871244548,1.5418159808907,1.5418159808907,0,-5.02753290922441e-69,0.00325273155478389,1.54506871244548,0,267.161443506003,60.6481711487664,4.18383313818513e-10,1,0.986611166637817,0,0,0,0,0,0
50.205,9500,1.54506871244548,9500,9500,1.54506871244548,1.54506871244548,0,8.10603234017084e-12,20.384480903736,1,0,15030.1235607483,-15030.1235607483,1.54506871244548,1.5418159808907,1.5418159808907,0,-3.91544656662123e-69,0.00325273155478389,1.54506871244548,0,267.161443506003,60.6481711487664,4.18383313818513e-10,1,0.986611166637817,0,0,0,0,0,0
50.22,9500,1.54506871244548,9500,9500,1.54506871244548,1.54506871244548,0,8.10603234017084e-12,20.384480903736,1,0,15030.1235607483,-15030.1235607483,1.54506871244548,1.5418159808907,1.5418159808907,0,-3.04935285215885e-69,0.00325273155478389,1.54506871244548,0,267.161443506003,60.6481711487664,4.18383313818513e-10,1,0.986611166637817,0,0,0,0,0,0
50.235,9500,1.54506871244548,9500,9500,1.54506871244548,1.54506871244548,0,8.10603234017084e-12,20.384480903736,1,0,15030.1235607483,-15030.1235607483,1.54506871244548,1.5418159808907,1.5418159808907,0,-2.37483838912234e-69,0.00325273155478389,1.54506871244548,0,267.161443506003,60.6481711487664,4.18383313818513e-10,1,0.986611166637817,0,0,0,0,0,0
50.25,9500,1.54506871244548,9500,9500,1.54506871244548,1.54506871244548,0,8.10603234017084e-12,20.384480903736,1,0,15030.1235607483,-15030.1235607483,1.54506871244548,1.5418159808907,1.5418159808907,0,-1.84952599711651e-69,0.00325273155478389,1.54506871244548,0,267.161443506003,60.6481711487664,4.18383313818513e-10,1,0.986611166637817,0,0,0,0,0,0
50.265,9500,1.54506871244548,9500,9500,1.54506871244548,1.54506871244548,0,8.10603234017084e-12,20.384480903736,1,0,15030.1235607483,-15030.1235607483,1.54506871244548,1.5418159808907,1.5418159808907,0,-1.44041229486526e-69,0.00325273155478389,1.54506871244548,0,267.161443506003,60.6481711487664,4.18383313818513e-10,1,0.986611166637817,0,0,0,0,0,0
50.28,9500,1.54506871244548,9500,9500,1.54506871244548,1.54506871244548,0,8.10603234017084e-12,20.384480903736,1,0,15030.1235607483,-15030.1235607483,1.54506871244548,1.5418159808907,1.5418159808907,0,-1.12179422318674e-69,0.00325273155478389,1.54506871244548,0,267.161443506003,60.6481711487664,4.18383313818513e-10,1,0.986611166637817,0,0,0,0,0,0
50.295,9500,1.54506871244548,9500,9500,1.54506871244548,1.54506871244548,0,8.10603234017084e-12,20.384480903736,1,0,15030.1235607483,-15030.1235607483,1.54506871244548,1.5418159808907,1.5418159808907,0,-8.73654219462814e-70,0.00325273155478389,1.54506871244548,0,267.161443506003,60.6481711487664,4.18383313818513e-10,1,0.986611166637817,0,0,0,0,0,0
50.31,9500,1.54506871244548,9500,9500,1.54506871244548,1.54506871244548,0,8.10603234017084e-12,20.384480903736,1,0,15030.1235607483,-15030.1235607483,1.54506871244548,1.5418159808907,1.5418159808907,0,-6.80402590251277e-70,0.00325273155478389,1.54506871244548,0,267.161443506003,60.6481711487664,4.18383313818513e-10,1,0.986611166637817,0,0,0,0,0,0
50.325,9500,1.54506871244548,9500,9500,1.54506871244548,1.54506871244548,0,8.10603234017084e-12,20.384480903736,1,0,15030.1235607483,-15030.1235607483,1.54506871244548,1.5418159808907,1.5418159808907,0,-5.29898070091506e-70,0.00325273155478389,1.54506871244548,0,267.161443506003,60.6481711487664,4.18383313818513e-10,1,0.986611166637817,0,0,0,0,0,0
50.34,9500,1.54506871244548,9500,9500,1.54506871244548,1.54506871244548,0,8.10603234017084e-12,20.384480903736,1,0,15030.1235607483,-15030.1235607483,1.54506871244548,1.5418159808907,1.5418159808907,0,-4.12685031935291e-70,0.00325273155478389,1.54506871244548,0,267.161443506003,60.6481711487664,4.18383313818513e-10,1,0.986611166637817,0,0,0,0,0,0
50.355,9500,1.54506871244548,9500,9500,1.54506871244548,1.54506871244548,0,8.10603234017084e-12,20.384480903736,1,0,15030.1235607483,-15030.1235607483,1.54506871244548,1.5418159808907,1.5418159808907,0,-3.21399426033053e-70,0.00325273155478389,1.54506871244548,0,267.161443506003,60.6481711487664,4.18383313818513e-10,1,0.986611166637817,0,0,0,0,0,0
50.37,9500,1.54506871244548,9500,9500,1.54506871244548,1.54506871244548,0,8.10603234017084e-12,20.384480903736,1,0,15030.1235607483,-15030.1235607483,1.54506871244548,1.5418159808907,1.5418159808907,0,-2.50306124673241e-70,0.00325273155478389,1.54506871244548,0,267.161443506003,60.6481711487664,4.18383313818513e-10,1,0.986611166637817,0,0,0,0,0,0
50.385,9500,1.54506871244548,9500,9500,1.54506871244548,1.54506871244548,0,8.10603234017084e-12,20.384480903736,1,0,15030.1235607483,-15030.1235607483,1.54506871244548,1.5418159808907,1.5418159808907,0,-1.94938605903089e-70,0.00325273155478389,1.54506871244548,0,267.161443506003,60.6481711487664,4.18383313818513e-10,1,0.986611166637817,0,0,0,0,0,0
50.4,9500,1.54506871244548,9500,9500,1.54506871244548,1.54506871244548,0,8.10603234017084e-12,20.384480903736,1,0,15030.1235607483,-15030.1235607483,1.54506871244548,1.5418159808907,1.5418159808907,0,-1.51818338928174e-70,0.00325273155478389,1.54506871244548,0,267.161443506003,60.6481711487664,4.18383313818513e-10,1,0.986611166637817,0,0,0,0,0,0
50.415,9500,1.54506871244548,9500,9500,1.54506871244548,1.54506871244548,0,8.10603234017084e-12,20.384480903736,1,0,15030.1235607483,-15030.1235607483,1.54506871244548,1.5418159808907,1.5418159808907,0,-1.18236241241862e-70,0.00325273155478389,1.54506871244548,0,267.161443506003,60.6481711487664,4.18383313818513e-10,1,0.986611166637817,0,0,0,0,0,0
50.43,9500,1.54506871244548,9500,9500,1.54506871244548,1.54506871244548,0,8.10603234017084e-12,20.384480903736,1,0,15030.1235607483,-15030.1235607483,1.54506871244548,1.5418159808907,1.5418159808907,0,-9.20824772665814e-71,0.00325273155478389,1.54506871244548,0,267.161443506003,60.6481711487664,4.18383313818513e-10,1,0.986611166637817,0,0,0,0,0,0
50.445,9500,1.54506871244548,9500,9500,1.54506871244548,1.54506871244548,0,8.10603234017084e-12,20.384480903736,1,0,15030.1235607483,-15030.1235607483,1.54506871244548,1.5418159808907,1.5418159808907,0,-7.17139054023685e-71,0.00325273155478389,1.54506871244548,0,267.161443506003,60.6481711487664,4.18383313818513e-10,1,0.986611166637817,0,0,0,0,0,0
50.46,9500,1.54506871244548,9500,9500,1.54506871244548,1.54506871244548,0,8.10603234017084e-12,20.384480903736,1,0,15030.1235607483,-15030.1235607483,1.54506871244548,1.5418159808907,1.5418159808907,0,-5.58508456844732e-71,0.00325273155478389,1.54506871244548,0,267.161443506003,60.6481711487664,4.18383313818513e-10,1,0.986611166637817,0,0,0,0,0,0
50.475,9500,1.54506871244548,9500,9500,1.54506871244548,1.54506871244548,0,8.10603234017084e-12,20.384480903736,1,0,15030.1235607483,-15030.1235607483,1.54506871244548,1.5418159808907,1.5418159808907,0,-4.34966823542679e-71,0.00325273155478389,1.54506871244548,0,267.161443506003,60.6481711487664,4.18383313818513e-10,1,0.986611166637817,0,0,0,0,0,0
50.49,9500,1.54506871244548,9500,9500,1.54506871244548,1.54506871244548,0,8.10603234017084e-12,20.384480903736,1,0,15030.1235607483,-15030.1235607483,1.54506871244548,1.5418159808907,1.5418159808907,0,-3.3875250278512e-71,0.00325273155478389,1.54506871244548,0,267.161443506003,60.6481711487664,4.18383313818513e-10,1,0.986611166637817,0,0,0,0,0,0
50.505,9500,1.54506871244548,9500,9500,1.54506871244548,1.54506871244548,0,8.10603234017084e-12,20.384480903736,1,0,15030.1235607483,-15030.1235607483,1.54506871244548,1.5418159808907,1.5418159808907,0,-2.6382071443645e-71,0.00325273155478389,1.54506871244548,0,267.161443506003,60.6481711487664,4.18383313818513e-10,1,0.986611166637817,0,0,0,0,0,0
50.52,9500,1.54506871244548,9500,9500,1.54506871244548,1.54506871244548,0,8.10603234017084e-12,20.384480903736,1,0,15030.1235607483,-15030.1235607483,1.54506871244548,1.5418159808907,1.5418159808907,0,-2.05463778993565e-71,0.00325273155478389,1.54506871244548,0,267.161443506003,60.6481711487664,4.18383313818513e-10,1,0.986611166637817,0,0,0,0,0,0
50.535,9500,1.54506871244548,9500,9500,1.54506871244548,1.54506871244548,0,8.10603234017084e-12,20.384480903736,1,0,15030.1235607483,-15030.1235607483,1.54506871244548,1.5418159808907,1.5418159808907,0,-1.60015351972998e-71,0.00325273155478389,1.54506871244548,0,267.161443506003,60.6481711487664,4.18383313818513e-10,1,0.986611166637817,0,0,0,0,0,0
50.55,9500,1.54506871244548,9500,9500,1.54506871244548,1.54506871244548,0,8.10603234017084e-12,20.384480903736,1,0,15030.1235607483,-15030.1235607483,1.54506871244548,1.5418159808907,1.5418159808907,0,-1.24620081420017e-71,0.00325273155478389,1.54506871244548,0,267.161443506003,60.6481711487664,4.18383313818513e-10,1,0.986611166637817,0,0,0,0,0,0
50.565,9500,1.54506871244548,9500,9500,1.54506871244548,1.54506871244548,0,8.10603234017084e-12,20.384480903736,1,0,15030.1235607483,-15030.1235607483,1.54506871244548,1.5418159808907,1.5418159808907,0,-9.70542169963319e-72,0.00325273155478389,1.54506871244548,0,267.161443506003,60.6481711487664,4.18383313818513e-10,1,0.986611166637817,0,0,0,0,0,0
50.58,9500,1.54506871244548,9500,9500,1.54506871244548,1.54506871244548,0,8.10603234017084e-12,20.384480903736,1,0,15030.1235607483,-15030.1235607483,1.54506871244548,1.5418159808907,1.5418159808907,0,-7.55859001971253e-72,0.00325273155478389,1.54506871244548,0,267.161443506003,60.6481711487664,4.18383313818513e-10,1,0.986611166637817,0,0,0,0,0,0
50.595,9500,1.54506871244548,9500,9500,1.54506871244548,1.54506871244548,0,8.10603234017084e-12,20.384480903736,1,0,15030.1235607483,-15030.1235607483,1.54506871244548,1.5418159808907,1.5418159808907,0,-5.88663582626782e-72,0.00325273155478389,1.54506871244548,0,267.161443506003,60.6481711487664,4.18383313818513e-10,1,0.986611166637817,0,0,0,0,0,0
50.61,9500,1.54506871244548,9500,9500,1.54506871244548,1.54506871244548,0,8.10603234017084e-12,20.384480903736,1,0,15030.1235607483,-15030.1235607483,1.54506871244548,1.5418159808907,1.5418159808907,0,-4.58451659115357e-72,0.00325273155478389,1.54506871244548,0,267.161443506003,60.6481711487664,4.18383313818513e-10,1,0.986611166637817,0,0,0,0,0,0
50.625,9500,1.54506871244548,9500,9500,1.54506871244548,1.54506871244548,0,8.10603234017084e-12,20.384480903736,1,0,15030.1235607483,-15030.1235607483,1.54506871244548,1.5418159808907,1.5418159808907,0,-3.57042511119425e-72,0.00325273155478389,1.54506871244548,0,267.161443506003,60.6481711487664,4.18383313818513e-10,1,0.986611166637817,0,0,0,0,0,0
50.64,9500,1.54506871244548,9500,9500,1.54506871244548,1.54506871244548,0,8.10603234017084e-12,20.384480903736,1,0,15030.1235607483,-15030.1235607483,1.54506871244548,1.5418159808907,1.5418159808907,0,-2.78064987249589e-72,0.00325273155478389,1.54506871244548,0,267.161443506003,60.6481711487664,4.18383313818513e-10,1,0.986611166637817,0,0,0,0,0,0
50.655,9500,1.54506871244548,9500,9500,1.54506871244548,1.54506871244548,0,8.10603234017084e-12,20.384480903736,1,0,15030.1235607483,-15030.1235607483,1.54506871244548,1.5418159808907,1.5418159808907,0,-2.1655722981472e-72,0.00325273155478389,1.54506871244548,0,267.161443506003,60.6481711487664,4.18383313818513e-10,1,0.986611166637817,0,0,0,0,0,0
50.67,9500,1.54506871244548,9500,9500,1.54506871244548,1.54506871244548,0,8.10603234017084e-12,20.384480903736,1,0,15030.1235607483,-15030.1235607483,1.54506871244548,1.5418159808907,1.5418159808907,0,-1.68654940159478e-72,0.00325273155478389,1.54506871244548,0,267.161443506003,60.6481711487664,4.18383313818513e-10,1,0.986611166637817,0,0,0,0,0,0
50.685,9500,1.54506871244548,9500,9500,1.54506871244548,1.54506871244548,0,8.10603234017084e-12,20.384480903736,1,0,15030.1235607483,-15030.1235607483,1.54506871244548,1.5418159808907,1.5418159808907,0,-1.31348599465062e-72,0.00325273155478389,1.54506871244548,0,267.161443506003,60.6481711487664,4.18383313818513e-10,1,0.986611166637817,0,0,0,0,0,0
50.7,9500,1.54506871244548,9500,9500,1.54506871244548,1.54506871244548,0,8.10603234017084e-12,20.384480903736,1,0,15030.1235607483,-15030.1235607483,1.54506871244548,1.5418159808907,1.5418159808907,0,-1.02294392118723e-72,0.00325273155478389,1.54506871244548,0,267.161443506003,60.6481711487664,4.18383313818513e-10,1,0.986611166637817,0,0,0,0,0,0
50.715,9500,1.54506871244548,9500,9500,1.54506871244548,1.54506871244548,0,8.10603234017084e-12,20.384480903736,1,0,15030.1235607483,-15030.1235607483,1.54506871244548,1.5418159808907,1.5418159808907,0,-7.96669526858748e-73,0.00325273155478389,1.54506871244548,0,267.161443506003,60.6481711487664,4.18383313818513e-10,1,0.986611166637817,0,0,0,0,0,0
50.73,9500,1.54506871244548,9500,9500,1.54506871244548,1.54506871244548,0,8.10603234017084e-12,20.384480903736,1,0,15030.1235607483,-15030.1235607483,1.54506871244548,1.5418159808907,1.5418159808907,0,-6.20446851366718e-73,0.00325273155478389,1.54506871244548,0,267.161443506003,60.6481711487664,4.18383313818513e-10,1,0.986611166637817,0,0,0,0,0,0
50.745,9500,1.54506871244548,9500,9500,1.54506871244548,1.54506871244548,0,8.10603234017084e-12,20.384480903736,1,0,15030.1235607483,-15030.1235607483,1.54506871244548,1.5418159808907,1.5418159808907,0,-4.83204493698588e-73,0.00325273155478389,1.54506871244548,0,267.161443506003,60.6481711487664,4.18383313818513e-10,1,0.986611166637817,0,0,0,0,0,0
50.76,9500,1.54506871244548,9500,9500,1.54506871244548,1.54506871244548,0,8.10603234017084e-12,20.384480903736,1,0,15030.1235607483,-15030.1235607483,1.54506871244548,1.5418159808907,1.5418159808907,0,-3.76320038076082e-73,0.00325273155478389,1.54506871244548,0,267.161443506003,60.6481711487664,4.18383313818513e-10,1,0.986611166637817,0,0,0,0,0,0
50.775,9500,1.54506871244548,9500,9500,1.54506871244548,1.54506871244548,0,8.10603234017084e-12,20.384480903736,1,0,15030.1235607483,-15030.1235607483,1.54506871244548,1.5418159808907,1.5418159808907,0,-2.93078340339113e-73,0.00325273155478389,1.54506871244548,0,267.161443506003,60.6481711487664,4.18383313818513e-10,1,0.986611166637817,0,0,0,0,0,0
50.79,9500,1.54506871244548,9500,9500,1.54506871244548,1.54506871244548,0,8.10603234017084e-12,20.384480903736,1,0,15030.1235607483,-15030.1235607483,1.54506871244548,1.5418159808907,1.5418159808907,0,-2.28249640957369e-73,0.00325273155478389,1.54506871244548,0,267.161443506003,60.6481711487664,4.18383313818513e-10,1,0.986611166637817,0,0,0,0,0,0
50.805,9500,1.54506871244548,9500,9500,1.54506871244548,1.54506871244548,0,8.10603234017084e-12,20.384480903736,1,0,15030.1235607483,-15030.1235607483,1.54506871244548,1.5418159808907,1.5418159808907,0,-1.77760999113366e-73,0.00325273155478389,1.54506871244548,0,267.161443506003,60.6481711487664,4.18383313818513e-10,1,0.986611166637817,0,0,0,0,0,0
50.82,9500,1.54506871244548,9500,9500,1.54506871244548,1.54506871244548,0,8.10603234017084e-12,20.384480903736,1,0,15030.1235607483,-15030.1235607483,1.54506871244548,1.5418159808907,1.5418159808907,0,-1.38440405309045e-73,0.00325273155478389,1.54506871244548,0,267.161443506003,60.6481711487664,4.18383313818513e-10,1,0.986611166637817,0,0,0,0,0,0
50.835,9500,1.54506871244548,9500,9500,1.54506871244548,1.54506871244548,0,8.10603234017084e-12,20.384480903736,1,0,15030.1235607483,-15030.1235607483,1.54506871244548,1.5418159808907,1.5418159808907,0,-1.07817496063407e-73,0.00325273155478389,1.54506871244548,0,267.161443506003,60.6481711487664,4.18383313818513e-10,1,0.986611166637817,0,0,0,0,0,0
50.85,9500,1.54506871244548,9500,9500,1.54506871244548,1.54506871244548,0,8.10603234017084e-12,20.384480903736,1,0,15030.1235607483,-15030.1235607483,1.54506871244548,1.5418159808907,1.5418159808907,0,-8.39683503629794e-74,0.00325273155478389,1.54506871244548,0,267.161443506003,60.6481711487664,4.18383313818513e-10,1,0.986611166637817,0,0,0,0,0,0
50.865,9500,1.54506871244548,9500,9500,1.54506871244548,1.54506871244548,0,8.10603234017084e-12,20.384480903736,1,0,15030.1235607483,-15030.1235607483,1.54506871244548,1.5418159808907,1.5418159808907,0,-6.53946170159024e-74,0.00325273155478389,1.54506871244548,0,267.161443506003,60.6481711487664,4.18383313818513e-10,1,0.986611166637817,0,0,0,0,0,0
50.88,9500,1.54506871244548,9500,9500,1.54506871244548,1.54506871244548,0,8.10603234017084e-12,20.384480903736,1,0,15030.1235607483,-15030.1235607483,1.54506871244548,1.5418159808907,1.5418159808907,0,-5.09293789406394e-74,0.00325273155478389,1.54506871244548,0,267.161443506003,60.6481711487664,4.18383313818513e-10,1,0.986611166637817,0,0,0,0,0,0
50.895,9500,1.54506871244548,9500,9500,1.54506871244548,1.54506871244548,0,8.10603234017084e-12,20.384480903736,1,0,15030.1235607483,-15030.1235607483,1.54506871244548,1.5418159808907,1.5418159808907,0,-3.96638402003103e-74,0.00325273155478389,1.54506871244548,0,267.161443506003,60.6481711487664,4.18383313818513e-10,1,0.986611166637817,0,0,0,0,0,0
50.91,9500,1.54506871244548,9500,9500,1.54506871244548,1.54506871244548,0,8.10603234017084e-12,20.384480903736,1,0,15030.1235607483,-15030.1235607483,1.54506871244548,1.5418159808907,1.5418159808907,0,-3.08902298076207e-74,0.00325273155478389,1.54506871244548,0,267.161443506003,60.6481711487664,4.18383313818513e-10,1,0.986611166637817,0,0,0,0,0,0
50.925,9500,1.54506871244548,9500,9500,1.54506871244548,1.54506871244548,0,8.10603234017084e-12,20.384480903736,1,0,15030.1235607483,-15030.1235607483,1.54506871244548,1.5418159808907,1.5418159808907,0,-2.40573351634307e-74,0.00325273155478389,1.54506871244548,0,267.161443506003,60.6481711487664,4.18383313818513e-10,1,0.986611166637817,0,0,0,0,0,0
50.94,9500,1.54506871244548,9500,9500,1.54506871244548,1.54506871244548,0,8.10603234017084e-12,20.384480903736,1,0,15030.1235607483,-15030.1235607483,1.54506871244548,1.5418159808907,1.5418159808907,0,-1.87358714638911e-74,0.00325273155478389,1.54506871244548,0,267.161443506003,60.6481711487664,4.18383313818513e-10,1,0.986611166637817,0,0,0,0,0,0
50.955,9500,1.54506871244548,9500,9500,1.54506871244548,1.54506871244548,0,8.10603234017084e-12,20.384480903736,1,0,15030.1235607483,-15030.1235607483,1.54506871244548,1.5418159808907,1.5418159808907,0,-1.45915113676035e-74,0.00325273155478389,1.54506871244548,0,267.161443506003,60.6481711487664,4.18383313818513e-10,1,0.986611166637817,0,0,0,0,0,0
50.97,9500,1.54506871244548,9500,9500,1.54506871244548,1.54506871244548,0,8.10603234017084e-12,20.384480903736,1,0,15030.1235607483,-15030.1235607483,1.54506871244548,1.5418159808907,1.5418159808907,0,-1.13638804792849e-74,0.00325273155478389,1.54506871244548,0,267.161443506003,60.6481711487664,4.18383313818513e-10,1,0.986611166637817,0,0,0,0,0,0
50.985,9500,1.54506871244548,9500,9500,1.54506871244548,1.54506871244548,0,8.10603234017084e-12,20.384480903736,1,0,15030.1235607483,-15030.1235607483,1.54506871244548,1.5418159808907,1.5418159808907,0,-8.85019901599697e-75,0.00325273155478389,1.54506871244548,0,267.161443506003,60.6481711487664,4.18383313818513e-10,1,0.986611166637817,0,0,0,0,0,0
51,9500,1.54506871244548,9500,9500,1.54506871244548,1.54506871244548,0,8.10603234017084e-12,20.384480903736,1,0,15030.1235607483,-15030.1235607483,1.54506871244548,1.5418159808907,1.5418159808907,0,-6.89254192399621e-75,0.00325273155478389,1.54506871244548,0,267.161443506003,60.6481711487664,4.18383313818513e-10,1,0.986611166637817,0,0,0,0,0,0
51.015,9500,1.54506871244548,9500,9500,1.54506871244548,1.54506871244548,0,8.10603234017084e-12,20.384480903736,1,0,15030.1235607483,-15030.1235607483,1.54506871244548,1.5418159808907,1.5418159808907,0,-5.36791704776074e-75,0.00325273155478389,1.54506871244548,0,267.161443506003,60.6481711487664,4.18383313818513e-10,1,0.986611166637817,0,0,0,0,0,0
51.03,9500,1.54506871244548,9500,9500,1.54506871244548,1.54506871244548,0,8.10603234017084e-12,20.384480903736,1,0,15030.1235607483,-15030.1235607483,1.54506871244548,1.5418159808907,1.5418159808907,0,-4.18053800025841e-75,0.00325273155478389,1.54506871244548,0,267.161443506003,60.6481711487664,4.18383313818513e-10,1,0.986611166637817,0,0,0,0,0,0
51.045,9500,1.54506871244548,9500,9500,1.54506871244548,1.54506871244548,0,8.10603234017084e-12,20.384480903736,1,0,15030.1235607483,-15030.1235607483,1.54506871244548,1.5418159808907,1.5418159808907,0,-3.25580626826101e-75,0.00325273155478389,1.54506871244548,0,267.161443506003,60.6481711487664,4.18383313818513e-10,1,0.986611166637817,0,0,0,0,0,0
51.06,9500,1.54506871244548,9500,9500,1.54506871244548,1.54506871244548,0,8.10603234017084e-12,20.384480903736,1,0,15030.1235607483,-15030.1235607483,1.54506871244548,1.5418159808907,1.5418159808907,0,-2.53562447125047e-75,0.00325273155478389,1.54506871244548,0,267.161443506003,60.6481711487664,4.18383313818513e-10,1,0.986611166637817,0,0,0,0,0,0
51.075,9500,1.54506871244548,9500,9500,1.54506871244548,1.54506871244548,0,8.10603234017084e-12,20.384480903736,1,0,15030.1235607483,-15030.1235607483,1.54506871244548,1.5418159808907,1.5418159808907,0,-1.97474632378488e-75,0.00325273155478389,1.54506871244548,0,267.161443506003,60.6481711487664,4.18383313818513e-10,1,0.986611166637817,0,0,0,0,0,0
51.09,9500,1.54506871244548,9500,9500,1.54506871244548,1.54506871244548,0,8.10603234017084e-12,20.384480903736,1,0,15030.1235607483,-15030.1235607483,1.54506871244548,1.5418159808907,1.5418159808907,0,-1.53793398333104e-75,0.00325273155478389,1.54506871244548,0,267.161443506003,60.6481711487664,4.18383313818513e-10,1,0.986611166637817,0,0,0,0,0,0
51.105,9500,1.54506871244548,9500,9500,1.54506871244548,1.54506871244548,0,8.10603234017084e-12,20.384480903736,1,0,15030.1235607483,-15030.1235607483,1.54506871244548,1.5418159808907,1.5418159808907,0,-1.19774419053034e-75,0.00325273155478389,1.54506871244548,0,267.161443506003,60.6481711487664,4.18383313818513e-10,1,0.986611166637817,0,0,0,0,0,0
51.12,9500,1.54506871244548,9500,9500,1.54506871244548,1.54506871244548,0,8.10603234017084e-12,20.384480903736,1,0,15030.1235607483,-15030.1235607483,1.54506871244548,1.5418159808907,1.5418159808907,0,-9.32804113504255e-76,0.00325273155478389,1.54506871244548,0,267.161443506003,60.6481711487664,4.18383313818513e-10,1,0.986611166637817,0,0,0,0,0,0
51.135,9500,1.54506871244548,9500,9500,1.54506871244548,1.54506871244548,0,8.10603234017084e-12,20.384480903736,1,0,15030.1235607483,-15030.1235607483,1.54506871244548,1.5418159808907,1.5418159808907,0,-7.26468574049342e-76,0.00325273155478389,1.54506871244548,0,267.161443506003,60.6481711487664,4.18383313818513e-10,1,0.986611166637817,0,0,0,0,0,0
51.15,9500,1.54506871244548,9500,9500,1.54506871244548,1.54506871244548,0,8.10603234017084e-12,20.384480903736,1,0,15030.1235607483,-15030.1235607483,1.54506871244548,1.5418159808907,1.5418159808907,0,-5.65774294346394e-76,0.00325273155478389,1.54506871244548,0,267.161443506003,60.6481711487664,4.18383313818513e-10,1,0.986611166637817,0,0,0,0,0,0
51.165,9500,1.54506871244548,9500,9500,1.54506871244548,1.54506871244548,0,8.10603234017084e-12,20.384480903736,1,0,15030.1235607483,-15030.1235607483,1.54506871244548,1.5418159808907,1.5418159808907,0,-4.40625463478643e-76,0.00325273155478389,1.54506871244548,0,267.161443506003,60.6481711487664,4.18383313818513e-10,1,0.986611166637817,0,0,0,0,0,0
51.18,9500,1.54506871244548,9500,9500,1.54506871244548,1.54506871244548,0,8.10603234017084e-12,20.384480903736,1,0,15030.1235607483,-15030.1235607483,1.54506871244548,1.5418159808907,1.5418159808907,0,-3.43159455998368e-76,0.00325273155478389,1.54506871244548,0,267.161443506003,60.6481711487664,4.18383313818513e-10,1,0.986611166637817,0,0,0,0,0,0
51.195,9500,1.54506871244548,9500,9500,1.54506871244548,1.54506871244548,0,8.10603234017084e-12,20.384480903736,1,0,15030.1235607483,-15030.1235607483,1.54506871244548,1.5418159808907,1.5418159808907,0,-2.67252853049886e-76,0.00325273155478389,1.54506871244548,0,267.161443506003,60.6481711487664,4.18383313818513e-10,1,0.986611166637817,0,0,0,0,0,0
51.21,9500,1.54506871244548,9500,9500,1.54506871244548,1.54506871244548,0,8.10603234017084e-12,20.384480903736,1,0,15030.1235607483,-15030.1235607483,1.54506871244548,1.5418159808907,1.5418159808907,0,-2.08136731233319e-76,0.00325273155478389,1.54506871244548,0,267.161443506003,60.6481711487664,4.18383313818513e-10,1,0.986611166637817,0,0,0,0,0,0
51.225,9500,1.54506871244548,9500,9500,1.54506871244548,1.54506871244548,0,8.10603234017084e-12,20.384480903736,1,0,15030.1235607483,-15030.1235607483,1.54506871244548,1.5418159808907,1.5418159808907,0,-1.62097049270431e-76,0.00325273155478389,1.54506871244548,0,267.161443506003,60.6481711487664,4.18383313818513e-10,1,0.986611166637817,0,0,0,0,0,0
51.24,9500,1.54506871244548,9500,9500,1.54506871244548,1.54506871244548,0,8.10603234017084e-12,20.384480903736,1,0,15030.1235607483,-15030.1235607483,1.54506871244548,1.5418159808907,1.5418159808907,0,-1.26241308905376e-76,0.00325273155478389,1.54506871244548,0,267.161443506003,60.6481711487664,4.18383313818513e-10,1,0.986611166637817,0,0,0,0,0,0
51.255,9500,1.54506871244548,9500,9500,1.54506871244548,1.54506871244548,0,8.10603234017084e-12,20.384480903736,1,0,15030.1235607483,-15030.1235607483,1.54506871244548,1.5418159808907,1.5418159808907,0,-9.83168302314658e-77,0.00325273155478389,1.54506871244548,0,267.161443506003,60.6481711487664,4.18383313818513e-10,1,0.986611166637817,0,0,0,0,0,0
51.27,9500,1.54506871244548,9500,9500,1.54506871244548,1.54506871244548,0,8.10603234017084e-12,20.384480903736,1,0,15030.1235607483,-15030.1235607483,1.54506871244548,1.5418159808907,1.5418159808907,0,-7.65692243733639e-77,0.00325273155478389,1.54506871244548,0,267.161443506003,60.6481711487664,4.18383313818513e-10,1,0.986611166637817,0,0,0,0,0,0
51.285,9500,1.54506871244548,9500,9500,1.54506871244548,1.54506871244548,0,8.10603234017084e-12,20.384480903736,1,0,15030.1235607483,-15030.1235607483,1.54506871244548,1.5418159808907,1.5418159808907,0,-5.96321719011459e-77,0.00325273155478389,1.54506871244548,0,267.161443506003,60.6481711487664,4.18383313818513e-10,1,0.986611166637817,0,0,0,0,0,0
51.3,9500,1.54506871244548,9500,9500,1.54506871244548,1.54506871244548,0,8.10603234017084e-12,20.384480903736,1,0,15030.1235607483,-15030.1235607483,1.54506871244548,1.5418159808907,1.5418159808907,0,-4.64415821728611e-77,0.00325273155478389,1.54506871244548,0,267.161443506003,60.6481711487664,4.18383313818513e-10,1,0.986611166637817,0,0,0,0,0,0
51.315,9500,1.54506871244548,9500,9500,1.54506871244548,1.54506871244548,0,8.10603234017084e-12,20.384480903736,1,0,15030.1235607483,-15030.1235607483,1.54506871244548,1.5418159808907,1.5418159808907,0,-3.61687405632992e-77,0.00325273155478389,1.54506871244548,0,267.161443506003,60.6481711487664,4.18383313818513e-10,1,0.986611166637817,0,0,0,0,0,0
51.33,9500,1.54506871244548,9500,9500,1.54506871244548,1.54506871244548,0,8.10603234017084e-12,20.384480903736,1,0,15030.1235607483,-15030.1235607483,1.54506871244548,1.5418159808907,1.5418159808907,0,-2.81682434734039e-77,0.00325273155478389,1.54506871244548,0,267.161443506003,60.6481711487664,4.18383313818513e-10,1,0.986611166637817,0,0,0,0,0,0
51.345,9500,1.54506871244548,9500,9500,1.54506871244548,1.54506871244548,0,8.10603234017084e-12,20.384480903736,1,0,15030.1235607483,-15030.1235607483,1.54506871244548,1.5418159808907,1.5418159808907,0,-2.19374500748329e-77,0.00325273155478389,1.54506871244548,0,267.161443506003,60.6481711487664,4.18383313818513e-10,1,0.986611166637817,0,0,0,0,0,0
51.36,9500,1.54506871244548,9500,9500,1.54506871244548,1.54506871244548,0,8.10603234017084e-12,20.384480903736,1,0,15030.1235607483,-15030.1235607483,1.54506871244548,1.5418159808907,1.5418159808907,0,-1.70849032968698e-77,0.00325273155478389,1.54506871244548,0,267.161443506003,60.6481711487664,4.18383313818513e-10,1,0.986611166637817,0,0,0,0,0,0
51.375,9500,1.54506871244548,9500,9500,1.54506871244548,1.54506871244548,0,8.10603234017084e-12,20.384480903736,1,0,15030.1235607483,-15030.1235607483,1.54506871244548,1.5418159808907,1.5418159808907,0,-1.33057360663014e-77,0.00325273155478389,1.54506871244548,0,267.161443506003,60.6481711487664,4.18383313818513e-10,1,0.986611166637817,0,0,0,0,0,0
51.39,9500,1.54506871244548,9500,9500,1.54506871244548,1.54506871244548,0,8.10603234017084e-12,20.384480903736,1,0,15030.1235607483,-15030.1235607483,1.54506871244548,1.5418159808907,1.5418159808907,0,-1.0362517667777e-77,0.00325273155478389,1.54506871244548,0,267.161443506003,60.6481711487664,4.18383313818513e-10,1,0.986611166637817,0,0,0,0,0,0
51.405,9500,1.54506871244548,9500,9500,1.54506871244548,1.54506871244548,0,8.10603234017084e-12,20.384480903736,1,0,15030.1235607483,-15030.1235607483,1.54506871244548,1.5418159808907,1.5418159808907,0,-8.07033687425596e-78,0.00325273155478389,1.54506871244548,0,267.161443506003,60.6481711487664,4.18383313818513e-10,1,0.986611166637817,0,0,0,0,0,0
51.42,9500,1.54506871244548,9500,9500,1.54506871244548,1.54506871244548,0,8.10603234017084e-12,20.384480903736,1,0,15030.1235607483,-15030.1235607483,1.54506871244548,1.5418159808907,1.5418159808907,0,-6.28518467732058e-78,0.00325273155478389,1.54506871244548,0,267.161443506003,60.6481711487664,4.18383313818513e-10,1,0.986611166637817,0,0,0,0,0,0
51.435,9500,1.54506871244548,9500,9500,1.54506871244548,1.54506871244548,0,8.10603234017084e-12,20.384480903736,1,0,15030.1235607483,-15030.1235607483,1.54506871244548,1.5418159808907,1.5418159808907,0,-4.89490674844566e-78,0.00325273155478389,1.54506871244548,0,267.161443506003,60.6481711487664,4.18383313818513e-10,1,0.986611166637817,0,0,0,0,0,0
51.45,9500,1.54506871244548,9500,9500,1.54506871244548,1.54506871244548,0,8.10603234017084e-12,20.384480903736,1,0,15030.1235607483,-15030.1235607483,1.54506871244548,1.5418159808907,1.5418159808907,0,-3.81215720875099e-78,0.00325273155478389,1.54506871244548,0,267.161443506003,60.6481711487664,4.18383313818513e-10,1,0.986611166637817,0,0,0,0,0,0
51.465,9500,1.54506871244548,9500,9500,1.54506871244548,1.54506871244548,0,8.10603234017084e-12,20.384480903736,1,0,15030.1235607483,-15030.1235607483,1.54506871244548,1.5418159808907,1.5418159808907,0,-2.96891101936657e-78,0.00325273155478389,1.54506871244548,0,267.161443506003,60.6481711487664,4.18383313818513e-10,1,0.986611166637817,0,0,0,0,0,0
51.48,9500,1.54506871244548,9500,9500,1.54506871244548,1.54506871244548,0,8.10603234017084e-12,20.384480903736,1,0,15030.1235607483,-15030.1235607483,1.54506871244548,1.5418159808907,1.5418159808907,0,-2.31219022675201e-78,0.00325273155478389,1.54506871244548,0,267.161443506003,60.6481711487664,4.18383313818513e-10,1,0.986611166637817,0,0,0,0,0,0
51.495,9500,1.54506871244548,9500,9500,1.54506871244548,1.54506871244548,0,8.10603234017084e-12,20.384480903736,1,0,15030.1235607483,-15030.1235607483,1.54506871244548,1.5418159808907,1.5418159808907,0,-1.80073555920451e-78,0.00325273155478389,1.54506871244548,0,267.161443506003,60.6481711487664,4.18383313818513e-10,1,0.986611166637817,0,0,0,0,0,0
51.51,9500,1.54506871244548,9500,9500,1.54506871244548,1.54506871244548,0,8.10603234017084e-12,20.384480903736,1,0,15030.1235607483,-15030.1235607483,1.54506871244548,1.5418159808907,1.5418159808907,0,-1.402414263613e-78,0.00325273155478389,1.54506871244548,0,267.161443506003,60.6481711487664,4.18383313818513e-10,1,0.986611166637817,0,0,0,0,0,0
51.525,9500,1.54506871244548,9500,9500,1.54506871244548,1.54506871244548,0,8.10603234017084e-12,20.384480903736,1,0,15030.1235607483,-15030.1235607483,1.54506871244548,1.5418159808907,1.5418159808907,0,-1.09220132669231e-78,0.00325273155478389,1.54506871244548,0,267.161443506003,60.6481711487664,4.18383313818513e-10,1,0.986611166637817,0,0,0,0,0,0
51.54,9500,1.54506871244548,9500,9500,1.54506871244548,1.54506871244548,0,8.10603234017084e-12,20.384480903736,1,0,15030.1235607483,-15030.1235607483,1.54506871244548,1.5418159808907,1.5418159808907,0,-8.50607248499599e-79,0.00325273155478389,1.54506871244548,0,267.161443506003,60.6481711487664,4.18383313818513e-10,1,0.986611166637817,0,0,0,0,0,0
51.555,9500,1.54506871244548,9500,9500,1.54506871244548,1.54506871244548,0,8.10603234017084e-12,20.384480903736,1,0,15030.1235607483,-15030.1235607483,1.54506871244548,1.5418159808907,1.5418159808907,0,-6.624535912177e-79,0.00325273155478389,1.54506871244548,0,267.161443506003,60.6481711487664,4.18383313818513e-10,1,0.986611166637817,0,0,0,0,0,0
51.57,9500,1.54506871244548,9500,9500,1.54506871244548,1.54506871244548,0,8.10603234017084e-12,20.384480903736,1,0,15030.1235607483,-15030.1235607483,1.54506871244548,1.5418159808907,1.5418159808907,0,-5.15919375588809e-79,0.00325273155478389,1.54506871244548,0,267.161443506003,60.6481711487664,4.18383313818513e-10,1,0.986611166637817,0,0,0,0,0,0
51.585,9500,1.54506871244548,9500,9500,1.54506871244548,1.54506871244548,0,8.10603234017084e-12,20.384480903736,1,0,15030.1235607483,-15030.1235607483,1.54506871244548,1.5418159808907,1.5418159808907,0,-4.01798413710275e-79,0.00325273155478389,1.54506871244548,0,267.161443506003,60.6481711487664,4.18383313818513e-10,1,0.986611166637817,0,0,0,0,0,0
51.6,9500,1.54506871244548,9500,9500,1.54506871244548,1.54506871244548,0,8.10603234017084e-12,20.384480903736,1,0,15030.1235607483,-15030.1235607483,1.54506871244548,1.5418159808907,1.5418159808907,0,-3.1292091923441e-79,0.00325273155478389,1.54506871244548,0,267.161443506003,60.6481711487664,4.18383313818513e-10,1,0.986611166637817,0,0,0,0,0,0
51.615,9500,1.54506871244548,9500,9500,1.54506871244548,1.54506871244548,0,8.10603234017084e-12,20.384480903736,1,0,15030.1235607483,-15030.1235607483,1.54506871244548,1.5418159808907,1.5418159808907,0,-2.43703056939183e-79,0.00325273155478389,1.54506871244548,0,267.161443506003,60.6481711487664,4.18383313818513e-10,1,0.986611166637817,0,0,0,0,0,0
51.63,9500,1.54506871244548,9500,9500,1.54506871244548,1.54506871244548,0,8.10603234017084e-12,20.384480903736,1,0,15030.1235607483,-15030.1235607483,1.54506871244548,1.5418159808907,1.5418159808907,0,-1.89796131581131e-79,0.00325273155478389,1.54506871244548,0,267.161443506003,60.6481711487664,4.18383313818513e-10,1,0.986611166637817,0,0,0,0,0,0
51.645,9500,1.54506871244548,9500,9500,1.54506871244548,1.54506871244548,0,8.10603234017084e-12,20.384480903736,1,0,15030.1235607483,-15030.1235607483,1.54506871244548,1.5418159808907,1.5418159808907,0,-1.47813375899308e-79,0.00325273155478389,1.54506871244548,0,267.161443506003,60.6481711487664,4.18383313818513e-10,1,0.986611166637817,0,0,0,0,0,0
51.66,9500,1.54506871244548,9500,9500,1.54506871244548,1.54506871244548,0,8.10603234017084e-12,20.384480903736,1,0,15030.1235607483,-15030.1235607483,1.54506871244548,1.5418159808907,1.5418159808907,0,-1.15117172898809e-79,0.00325273155478389,1.54506871244548,0,267.161443506003,60.6481711487664,4.18383313818513e-10,1,0.986611166637817,0,0,0,0,0,0
51.675,9500,1.54506871244548,9500,9500,1.54506871244548,1.54506871244548,0,8.10603234017084e-12,20.384480903736,1,0,15030.1235607483,-15030.1235607483,1.54506871244548,1.5418159808907,1.5418159808907,0,-8.96533443985587e-80,0.00325273155478389,1.54506871244548,0,267.161443506003,60.6481711487664,4.18383313818513e-10,1,0.986611166637817,0,0,0,0,0,0
51.69,9500,1.54506871244548,9500,9500,1.54506871244548,1.54506871244548,0,8.10603234017084e-12,20.384480903736,1,0,15030.1235607483,-15030.1235607483,1.54506871244548,1.5418159808907,1.5418159808907,0,-6.98220948225679e-80,0.00325273155478389,1.54506871244548,0,267.161443506003,60.6481711487664,4.18383313818513e-10,1,0.986611166637817,0,0,0,0,0,0
51.705,9500,1.54506871244548,9500,9500,1.54506871244548,1.54506871244548,0,8.10603234017084e-12,20.384480903736,1,0,15030.1235607483,-15030.1235607483,1.54506871244548,1.5418159808907,1.5418159808907,0,-5.43775021235018e-80,0.00325273155478389,1.54506871244548,0,267.161443506003,60.6481711487664,4.18383313818513e-10,1,0.986611166637817,0,0,0,0,0,0
51.72,9500,1.54506871244548,9500,9500,1.54506871244548,1.54506871244548,0,8.10603234017084e-12,20.384480903736,1,0,15030.1235607483,-15030.1235607483,1.54506871244548,1.5418159808907,1.5418159808907,0,-4.23492412352501e-80,0.00325273155478389,1.54506871244548,0,267.161443506003,60.6481711487664,4.18383313818513e-10,1,0.986611166637817,0,0,0,0,0,0
51.735,9500,1.54506871244548,9500,9500,1.54506871244548,1.54506871244548,0,8.10603234017084e-12,20.384480903736,1,0,15030.1235607483,-15030.1235607483,1.54506871244548,1.5418159808907,1.5418159808907,0,-3.29816222364926e-80,0.00325273155478389,1.54506871244548,0,267.161443506003,60.6481711487664,4.18383313818513e-10,1,0.986611166637817,0,0,0,0,0,0
51.75,9500,1.54506871244548,9500,9500,1.54506871244548,1.54506871244548,0,8.10603234017084e-12,20.384480903736,1,0,15030.1235607483,-15030.1235607483,1.54506871244548,1.5418159808907,1.5418159808907,0,-2.56861132247457e-80,0.00325273155478389,1.54506871244548,0,267.161443506003,60.6481711487664,4.18383313818513e-10,1,0.986611166637817,0,0,0,0,0,0
51.765,9500,1.54506871244548,9500,9500,1.54506871244548,1.54506871244548,0,8.10603234017084e-12,20.384480903736,1,0,15030.1235607483,-15030.1235607483,1.54506871244548,1.5418159808907,1.5418159808907,0,-2.00043650934927e-80,0.00325273155478389,1.54506871244548,0,267.161443506003,60.6481711487664,4.18383313818513e-10,1,0.986611166637817,0,0,0,0,0,0
51.78,9500,1.54506871244548,9500,9500,1.54506871244548,1.54506871244548,0,8.10603234017084e-12,20.384480903736,1,0,15030.1235607483,-15030.1235607483,1.54506871244548,1.5418159808907,1.5418159808907,0,-1.55794151996584e-80,0.00325273155478389,1.54506871244548,0,267.161443506003,60.6481711487664,4.18383313818513e-10,1,0.986611166637817,0,0,0,0,0,0
51.795,9500,1.54506871244548,9500,9500,1.54506871244548,1.54506871244548,0,8.10603234017084e-12,20.384480903736,1,0,15030.1235607483,-15030.1235607483,1.54506871244548,1.5418159808907,1.5418159808907,0,-1.21332607572885e-80,0.00325273155478389,1.54506871244548,0,267.161443506003,60.6481711487664,4.18383313818513e-10,1,0.986611166637817,0,0,0,0,0,0
51.81,9500,1.54506871244548,9500,9500,1.54506871244548,1.54506871244548,0,8.10603234017084e-12,20.384480903736,1,0,15030.1235607483,-15030.1235607483,1.54506871244548,1.5418159808907,1.5418159808907,0,-9.44939297898585e-81,0.00325273155478389,1.54506871244548,0,267.161443506003,60.6481711487664,4.18383313818513e-10,1,0.986611166637817,0,0,0,0,0,0
51.825,9500,1.54506871244548,9500,9500,1.54506871244548,1.54506871244548,0,8.10603234017084e-12,20.384480903736,1,0,15030.1235607483,-15030.1235607483,1.54506871244548,1.5418159808907,1.5418159808907,0,-7.35919465158362e-81,0.00325273155478389,1.54506871244548,0,267.161443506003,60.6481711487664,4.18383313818513e-10,1,0.986611166637817,0,0,0,0,0,0
51.84,9500,1.54506871244548,9500,9500,1.54506871244548,1.54506871244548,0,8.10603234017084e-12,20.384480903736,1,0,15030.1235607483,-15030.1235607483,1.54506871244548,1.5418159808907,1.5418159808907,0,-5.73134655742822e-81,0.00325273155478389,1.54506871244548,0,267.161443506003,60.6481711487664,4.18383313818513e-10,1,0.986611166637817,0,0,0,0,0,0
51.855,9500,1.54506871244548,9500,9500,1.54506871244548,1.54506871244548,0,8.10603234017084e-12,20.384480903736,1,0,15030.1235607483,-15030.1235607483,1.54506871244548,1.5418159808907,1.5418159808907,0,-4.4635771869787e-81,0.00325273155478389,1.54506871244548,0,267.161443506003,60.6481711487664,4.18383313818513e-10,1,0.986611166637817,0,0,0,0,0,0
51.87,9500,1.54506871244548,9500,9500,1.54506871244548,1.54506871244548,0,8.10603234017084e-12,20.384480903736,1,0,15030.1235607483,-15030.1235607483,1.54506871244548,1.5418159808907,1.5418159808907,0,-3.47623740851867e-81,0.00325273155478389,1.54506871244548,0,267.161443506003,60.6481711487664,4.18383313818513e-10,1,0.986611166637817,0,0,0,0,0,0
51.885,9500,1.54506871244548,9500,9500,1.54506871244548,1.54506871244548,0,8.10603234017084e-12,20.384480903736,1,0,15030.1235607483,-15030.1235607483,1.54506871244548,1.5418159808907,1.5418159808907,0,-2.70729641589645e-81,0.00325273155478389,1.54506871244548,0,267.161443506003,60.6481711487664,4.18383313818513e-10,1,0.986611166637817,0,0,0,0,0,0
51.9,9500,1.54506871244548,9500,9500,1.54506871244548,1.54506871244548,0,8.10603234017084e-12,20.384480903736,1,0,15030.1235607483,-15030.1235607483,1.54506871244548,1.5418159808907,1.5418159808907,0,-2.10844456870656e-81,0.00325273155478389,1.54506871244548,0,267.161443506003,60.6481711487664,4.18383313818513e-10,1,0.986611166637817,0,0,0,0,0,0
51.915,9500,1.54506871244548,9500,9500,1.54506871244548,1.54506871244548,0,8.10603234017084e-12,20.384480903736,1,0,15030.1235607483,-15030.1235607483,1.54506871244548,1.5418159808907,1.5418159808907,0,-1.64205828117132e-81,0.00325273155478389,1.54506871244548,0,267.161443506003,60.6481711487664,4.18383313818513e-10,1,0.986611166637817,0,0,0,0,0,0
51.93,9500,1.54506871244548,9500,9500,1.54506871244548,1.54506871244548,0,8.10603234017084e-12,20.384480903736,1,0,15030.1235607483,-15030.1235607483,1.54506871244548,1.5418159808907,1.5418159808907,0,-1.27883627522511e-81,0.00325273155478389,1.54506871244548,0,267.161443506003,60.6481711487664,4.18383313818513e-10,1,0.986611166637817,0,0,0,0,0,0
51.945,9500,1.54506871244548,9500,9500,1.54506871244548,1.54506871244548,0,8.10603234017084e-12,20.384480903736,1,0,15030.1235607483,-15030.1235607483,1.54506871244548,1.5418159808907,1.5418159808907,0,-9.95958692565434e-82,0.00325273155478389,1.54506871244548,0,267.161443506003,60.6481711487664,4.18383313818513e-10,1,0.986611166637817,0,0,0,0,0,0
51.96,9500,1.54506871244548,9500,9500,1.54506871244548,1.54506871244548,0,8.10603234017084e-12,20.384480903736,1,0,15030.1235607483,-15030.1235607483,1.54506871244548,1.5418159808907,1.5418159808907,0,-7.75653409676733e-82,0.00325273155478389,1.54506871244548,0,267.161443506003,60.6481711487664,4.18383313818513e-10,1,0.986611166637817,0,0,0,0,0,0
51.975,9500,1.54506871244548,9500,9500,1.54506871244548,1.54506871244548,0,8.10603234017084e-12,20.384480903736,1,0,15030.1235607483,-15030.1235607483,1.54506871244548,1.5418159808907,1.5418159808907,0,-6.04079482848245e-82,0.00325273155478389,1.54506871244548,0,267.161443506003,60.6481711487664,4.18383313818513e-10,1,0.986611166637817,0,0,0,0,0,0
51.99,9500,1.54506871244548,9500,9500,1.54506871244548,1.54506871244548,0,8.10603234017084e-12,20.384480903736,1,0,15030.1235607483,-15030.1235607483,1.54506871244548,1.5418159808907,1.5418159808907,0,-4.70457574279582e-82,0.00325273155478389,1.54506871244548,0,267.161443506003,60.6481711487664,4.18383313818513e-10,1,0.986611166637817,0,0,0,0,0,0
52.005,9500,1.54506871244548,9500,9500,1.54506871244548,1.54506871244548,0,8.10603234017084e-12,20.384480903736,1,0,15030.1235607483,-15030.1235607483,1.54506871244548,1.5418159808907,1.5418159808907,0,-3.66392727250812e-82,0.00325273155478389,1.54506871244548,0,267.161443506003,60.6481711487664,4.18383313818513e-10,1,0.986611166637817,0,0,0,0,0,0
52.02,9500,1.54506871244548,9500,9500,1.54506871244548,1.54506871244548,0,8.10603234017084e-12,20.384480903736,1,0,15030.1235607483,-15030.1235607483,1.54506871244548,1.5418159808907,1.5418159808907,0,-2.853469428946e-82,0.00325273155478389,1.54506871244548,0,267.161443506003,60.6481711487664,4.18383313818513e-10,1,0.986611166637817,0,0,0,0,0,0
52.035,9500,1.54506871244548,9500,9500,1.54506871244548,1.54506871244548,0,8.10603234017084e-12,20.384480903736,1,0,15030.1235607483,-15030.1235607483,1.54506871244548,1.5418159808907,1.5418159808907,0,-2.22228422573346e-82,0.00325273155478389,1.54506871244548,0,267.161443506003,60.6481711487664,4.18383313818513e-10,1,0.986611166637817,0,0,0,0,0,0
52.05,9500,1.54506871244548,9500,9500,1.54506871244548,1.54506871244548,0,8.10603234017084e-12,20.384480903736,1,0,15030.1235607483,-15030.1235607483,1.54506871244548,1.5418159808907,1.5418159808907,0,-1.73071669520845e-82,0.00325273155478389,1.54506871244548,0,267.161443506003,60.6481711487664,4.18383313818513e-10,1,0.986611166637817,0,0,0,0,0,0
52.065,9500,1.54506871244548,9500,9500,1.54506871244548,1.54506871244548,0,8.10603234017084e-12,20.384480903736,1,0,15030.1235607483,-15030.1235607483,1.54506871244548,1.5418159808907,1.5418159808907,0,-1.3478835175031e-82,0.00325273155478389,1.54506871244548,0,267.161443506003,60.6481711487664,4.18383313818513e-10,1,0.986611166637817,0,0,0,0,0,0
52.08,9500,1.54506871244548,9500,9500,1.54506871244548,1.54506871244548,0,8.10603234017084e-12,20.384480903736,1,0,15030.1235607483,-15030.1235607483,1.54506871244548,1.5418159808907,1.5418159808907,0,-1.04973273892045e-82,0.00325273155478389,1.54506871244548,0,267.161443506003,60.6481711487664,4.18383313818513e-10,1,0.986611166637817,0,0,0,0,0,0
52.095,9500,1.54506871244548,9500,9500,1.54506871244548,1.54506871244548,0,8.10603234017084e-12,20.384480903736,1,0,15030.1235607483,-15030.1235607483,1.54506871244548,1.5418159808907,1.5418159808907,0,-8.17532679086937e-83,0.00325273155478389,1.54506871244548,0,267.161443506003,60.6481711487664,4.18383313818513e-10,1,0.986611166637817,0,0,0,0,0,0
52.11,9500,1.54506871244548,9500,9500,1.54506871244548,1.54506871244548,0,8.10603234017084e-12,20.384480903736,1,0,15030.1235607483,-15030.1235607483,1.54506871244548,1.5418159808907,1.5418159808907,0,-6.3669509065937e-83,0.00325273155478389,1.54506871244548,0,267.161443506003,60.6481711487664,4.18383313818513e-10,1,0.986611166637817,0,0,0,0,0,0
52.125,9500,1.54506871244548,9500,9500,1.54506871244548,1.54506871244548,0,8.10603234017084e-12,20.384480903736,1,0,15030.1235607483,-15030.1235607483,1.54506871244548,1.5418159808907,1.5418159808907,0,-4.95858635183237e-83,0.00325273155478389,1.54506871244548,0,267.161443506003,60.6481711487664,4.18383313818513e-10,1,0.986611166637817,0,0,0,0,0,0
52.14,9500,1.54506871244548,9500,9500,1.54506871244548,1.54506871244548,0,8.10603234017084e-12,20.384480903736,1,0,15030.1235607483,-15030.1235607483,1.54506871244548,1.5418159808907,1.5418159808907,0,-3.86175093373423e-83,0.00325273155478389,1.54506871244548,0,267.161443506003,60.6481711487664,4.18383313818513e-10,1,0.986611166637817,0,0,0,0,0,0
52.155,9500,1.54506871244548,9500,9500,1.54506871244548,1.54506871244548,0,8.10603234017084e-12,20.384480903736,1,0,15030.1235607483,-15030.1235607483,1.54506871244548,1.5418159808907,1.5418159808907,0,-3.00753465121895e-83,0.00325273155478389,1.54506871244548,0,267.161443506003,60.6481711487664,4.18383313818513e-10,1,0.986611166637817,0,0,0,0,0,0
52.17,9500,1.54506871244548,9500,9500,1.54506871244548,1.54506871244548,0,8.10603234017084e-12,20.384480903736,1,0,15030.1235607483,-15030.1235607483,1.54506871244548,1.5418159808907,1.5418159808907,0,-2.3422703414837e-83,0.00325273155478389,1.54506871244548,0,267.161443506003,60.6481711487664,4.18383313818513e-10,1,0.986611166637817,0,0,0,0,0,0
52.185,9500,1.54506871244548,9500,9500,1.54506871244548,1.54506871244548,0,8.10603234017084e-12,20.384480903736,1,0,15030.1235607483,-15030.1235607483,1.54506871244548,1.5418159808907,1.5418159808907,0,-1.82416197611243e-83,0.00325273155478389,1.54506871244548,0,267.161443506003,60.6481711487664,4.18383313818513e-10,1,0.986611166637817,0,0,0,0,0,0
52.2,9500,1.54506871244548,9500,9500,1.54506871244548,1.54506871244548,0,8.10603234017084e-12,20.384480903736,1,0,15030.1235607483,-15030.1235607483,1.54506871244548,1.5418159808907,1.5418159808907,0,-1.42065877544544e-83,0.00325273155478389,1.54506871244548,0,267.161443506003,60.6481711487664,4.18383313818513e-10,1,0.986611166637817,0,0,0,0,0,0
52.215,9500,1.54506871244548,9500,9500,1.54506871244548,1.54506871244548,0,8.10603234017084e-12,20.384480903736,1,0,15030.1235607483,-15030.1235607483,1.54506871244548,1.5418159808907,1.5418159808907,0,-1.10641016679417e-83,0.00325273155478389,1.54506871244548,0,267.161443506003,60.6481711487664,4.18383313818513e-10,1,0.986611166637817,0,0,0,0,0,0
52.23,9500,1.54506871244548,9500,9500,1.54506871244548,1.54506871244548,0,8.10603234017084e-12,20.384480903736,1,0,15030.1235607483,-15030.1235607483,1.54506871244548,1.5418159808907,1.5418159808907,0,-8.61673104297467e-84,0.00325273155478389,1.54506871244548,0,267.161443506003,60.6481711487664,4.18383313818513e-10,1,0.986611166637817,0,0,0,0,0,0
52.245,9500,1.54506871244548,9500,9500,1.54506871244548,1.54506871244548,0,8.10603234017084e-12,20.384480903736,1,0,15030.1235607483,-15030.1235607483,1.54506871244548,1.5418159808907,1.5418159808907,0,-6.71071688378435e-84,0.00325273155478389,1.54506871244548,0,267.161443506003,60.6481711487664,4.18383313818513e-10,1,0.986611166637817,0,0,0,0,0,0
52.26,9500,1.54506871244548,9500,9500,1.54506871244548,1.54506871244548,0,8.10603234017084e-12,20.384480903736,1,0,15030.1235607483,-15030.1235607483,1.54506871244548,1.5418159808907,1.5418159808907,0,-5.22631156406175e-84,0.00325273155478389,1.54506871244548,0,267.161443506003,60.6481711487664,4.18383313818513e-10,1,0.986611166637817,0,0,0,0,0,0
52.275,9500,1.54506871244548,9500,9500,1.54506871244548,1.54506871244548,0,8.10603234017084e-12,20.384480903736,1,0,15030.1235607483,-15030.1235607483,1.54506871244548,1.5418159808907,1.5418159808907,0,-4.07025553866643e-84,0.00325273155478389,1.54506871244548,0,267.161443506003,60.6481711487664,4.18383313818513e-10,1,0.986611166637817,0,0,0,0,0,0
52.29,9500,1.54506871244548,9500,9500,1.54506871244548,1.54506871244548,0,8.10603234017084e-12,20.384480903736,1,0,15030.1235607483,-15030.1235607483,1.54506871244548,1.5418159808907,1.5418159808907,0,-3.16991820081414e-84,0.00325273155478389,1.54506871244548,0,267.161443506003,60.6481711487664,4.18383313818513e-10,1,0.986611166637817,0,0,0,0,0,0
52.305,9500,1.54506871244548,9500,9500,1.54506871244548,1.54506871244548,0,8.10603234017084e-12,20.384480903736,1,0,15030.1235607483,-15030.1235607483,1.54506871244548,1.5418159808907,1.5418159808907,0,-2.46873477706635e-84,0.00325273155478389,1.54506871244548,0,267.161443506003,60.6481711487664,4.18383313818513e-10,1,0.986611166637817,0,0,0,0,0,0
52.32,9500,1.54506871244548,9500,9500,1.54506871244548,1.54506871244548,0,8.10603234017084e-12,20.384480903736,1,0,15030.1235607483,-15030.1235607483,1.54506871244548,1.5418159808907,1.5418159808907,0,-1.92265257757488e-84,0.00325273155478389,1.54506871244548,0,267.161443506003,60.6481711487664,4.18383313818513e-10,1,0.986611166637817,0,0,0,0,0,0
52.335,9500,1.54506871244548,9500,9500,1.54506871244548,1.54506871244548,0,8.10603234017084e-12,20.384480903736,1,0,15030.1235607483,-15030.1235607483,1.54506871244548,1.5418159808907,1.5418159808907,0,-1.49736333298957e-84,0.00325273155478389,1.54506871244548,0,267.161443506003,60.6481711487664,4.18383313818513e-10,1,0.986611166637817,0,0,0,0,0,0
52.35,9500,1.54506871244548,9500,9500,1.54506871244548,1.54506871244548,0,8.10603234017084e-12,20.384480903736,1,0,15030.1235607483,-15030.1235607483,1.54506871244548,1.5418159808907,1.5418159808907,0,-1.16614773627469e-84,0.00325273155478389,1.54506871244548,0,267.161443506003,60.6481711487664,4.18383313818513e-10,1,0.986611166637817,0,0,0,0,0,0
52.365,9500,1.54506871244548,9500,9500,1.54506871244548,1.54506871244548,0,8.10603234017084e-12,20.384480903736,1,0,15030.1235607483,-15030.1235607483,1.54506871244548,1.5418159808907,1.5418159808907,0,-9.08196770187674e-85,0.00325273155478389,1.54506871244548,0,267.161443506003,60.6481711487664,4.18383313818513e-10,1,0.986611166637817,0,0,0,0,0,0
52.38,9500,1.54506871244548,9500,9500,1.54506871244548,1.54506871244548,0,8.10603234017084e-12,20.384480903736,1,0,15030.1235607483,-15030.1235607483,1.54506871244548,1.5418159808907,1.5418159808907,0,-7.07304355805082e-85,0.00325273155478389,1.54506871244548,0,267.161443506003,60.6481711487664,4.18383313818513e-10,1,0.986611166637817,0,0,0,0,0,0
52.395,9500,1.54506871244548,9500,9500,1.54506871244548,1.54506871244548,0,8.10603234017084e-12,20.384480903736,1,0,15030.1235607483,-15030.1235607483,1.54506871244548,1.5418159808907,1.5418159808907,0,-5.50849186170813e-85,0.00325273155478389,1.54506871244548,0,267.161443506003,60.6481711487664,4.18383313818513e-10,1,0.986611166637817,0,0,0,0,0,0
52.41,9500,1.54506871244548,9500,9500,1.54506871244548,1.54506871244548,0,8.10603234017084e-12,20.384480903736,1,0,15030.1235607483,-15030.1235607483,1.54506871244548,1.5418159808907,1.5418159808907,0,-4.29001777544075e-85,0.00325273155478389,1.54506871244548,0,267.161443506003,60.6481711487664,4.18383313818513e-10,1,0.986611166637817,0,0,0,0,0,0
52.425,9500,1.54506871244548,9500,9500,1.54506871244548,1.54506871244548,0,8.10603234017084e-12,20.384480903736,1,0,15030.1235607483,-15030.1235607483,1.54506871244548,1.5418159808907,1.5418159808907,0,-3.34106920290351e-85,0.00325273155478389,1.54506871244548,0,267.161443506003,60.6481711487664,4.18383313818513e-10,1,0.986611166637817,0,0,0,0,0,0
52.44,9500,1.54506871244548,9500,9500,1.54506871244548,1.54506871244548,0,8.10603234017084e-12,20.384480903736,1,0,15030.1235607483,-15030.1235607483,1.54506871244548,1.5418159808907,1.5418159808907,0,-2.602027311517e-85,0.00325273155478389,1.54506871244548,0,267.161443506003,60.6481711487664,4.18383313818513e-10,1,0.986611166637817,0,0,0,0,0,0
52.455,9500,1.54506871244548,9500,9500,1.54506871244548,1.54506871244548,0,8.10603234017084e-12,20.384480903736,1,0,15030.1235607483,-15030.1235607483,1.54506871244548,1.5418159808907,1.5418159808907,0,-2.02646090778263e-85,0.00325273155478389,1.54506871244548,0,267.161443506003,60.6481711487664,4.18383313818513e-10,1,0.986611166637817,0,0,0,0,0,0
52.47,9500,1.54506871244548,9500,9500,1.54506871244548,1.54506871244548,0,8.10603234017084e-12,20.384480903736,1,0,15030.1235607483,-15030.1235607483,1.54506871244548,1.5418159808907,1.5418159808907,0,-1.5782093418447e-85,0.00325273155478389,1.54506871244548,0,267.161443506003,60.6481711487664,4.18383313818513e-10,1,0.986611166637817,0,0,0,0,0,0
52.485,9500,1.54506871244548,9500,9500,1.54506871244548,1.54506871244548,0,8.10603234017084e-12,20.384480903736,1,0,15030.1235607483,-15030.1235607483,1.54506871244548,1.5418159808907,1.5418159808907,0,-1.22911067127926e-85,0.00325273155478389,1.54506871244548,0,267.161443506003,60.6481711487664,4.18383313818513e-10,1,0.986611166637817,0,0,0,0,0,0
52.5,9500,1.54506871244548,9500,9500,1.54506871244548,1.54506871244548,0,8.10603234017084e-12,20.384480903736,1,0,15030.1235607483,-15030.1235607483,1.54506871244548,1.5418159808907,1.5418159808907,0,-9.57232353273706e-86,0.00325273155478389,1.54506871244548,0,267.161443506003,60.6481711487664,4.18383313818513e-10,1,0.986611166637817,0,0,0,0,0,0
52.515,9500,1.54506871244548,9500,9500,1.54506871244548,1.54506871244548,0,8.10603234017084e-12,20.384480903736,1,0,15030.1235607483,-15030.1235607483,1.54506871244548,1.5418159808907,1.5418159808907,0,-7.45493306310846e-86,0.00325273155478389,1.54506871244548,0,267.161443506003,60.6481711487664,4.18383313818513e-10,1,0.986611166637817,0,0,0,0,0,0
52.53,9500,1.54506871244548,9500,9500,1.54506871244548,1.54506871244548,0,8.10603234017084e-12,20.384480903736,1,0,15030.1235607483,-15030.1235607483,1.54506871244548,1.5418159808907,1.5418159808907,0,-5.80590770729378e-86,0.00325273155478389,1.54506871244548,0,267.161443506003,60.6481711487664,4.18383313818513e-10,1,0.986611166637817,0,0,0,0,0,0
52.545,9500,1.54506871244548,9500,9500,1.54506871244548,1.54506871244548,0,8.10603234017084e-12,20.384480903736,1,0,15030.1235607483,-15030.1235607483,1.54506871244548,1.5418159808907,1.5418159808907,0,-4.5216454688807e-86,0.00325273155478389,1.54506871244548,0,267.161443506003,60.6481711487664,4.18383313818513e-10,1,0.986611166637817,0,0,0,0,0,0
52.56,9500,1.54506871244548,9500,9500,1.54506871244548,1.54506871244548,0,8.10603234017084e-12,20.384480903736,1,0,15030.1235607483,-15030.1235607483,1.54506871244548,1.5418159808907,1.5418159808907,0,-3.52146103193556e-86,0.00325273155478389,1.54506871244548,0,267.161443506003,60.6481711487664,4.18383313818513e-10,1,0.986611166637817,0,0,0,0,0,0
52.575,9500,1.54506871244548,9500,9500,1.54506871244548,1.54506871244548,0,8.10603234017084e-12,20.384480903736,1,0,15030.1235607483,-15030.1235607483,1.54506871244548,1.5418159808907,1.5418159808907,0,-2.74251660922685e-86,0.00325273155478389,1.54506871244548,0,267.161443506003,60.6481711487664,4.18383313818513e-10,1,0.986611166637817,0,0,0,0,0,0
52.59,9500,1.54506871244548,9500,9500,1.54506871244548,1.54506871244548,0,8.10603234017084e-12,20.384480903736,1,0,15030.1235607483,-15030.1235607483,1.54506871244548,1.5418159808907,1.5418159808907,0,-2.1358740828522e-86,0.00325273155478389,1.54506871244548,0,267.161443506003,60.6481711487664,4.18383313818513e-10,1,0.986611166637817,0,0,0,0,0,0
52.605,9500,1.54506871244548,9500,9500,1.54506871244548,1.54506871244548,0,8.10603234017084e-12,20.384480903736,1,0,15030.1235607483,-15030.1235607483,1.54506871244548,1.5418159808907,1.5418159808907,0,-1.66342040826722e-86,0.00325273155478389,1.54506871244548,0,267.161443506003,60.6481711487664,4.18383313818513e-10,1,0.986611166637817,0,0,0,0,0,0
52.62,9500,1.54506871244548,9500,9500,1.54506871244548,1.54506871244548,0,8.10603234017084e-12,20.384480903736,1,0,15030.1235607483,-15030.1235607483,1.54506871244548,1.5418159808907,1.5418159808907,0,-1.29547311653546e-86,0.00325273155478389,1.54506871244548,0,267.161443506003,60.6481711487664,4.18383313818513e-10,1,0.986611166637817,0,0,0,0,0,0
52.635,9500,1.54506871244548,9500,9500,1.54506871244548,1.54506871244548,0,8.10603234017084e-12,20.384480903736,1,0,15030.1235607483,-15030.1235607483,1.54506871244548,1.5418159808907,1.5418159808907,0,-1.00891547760577e-86,0.00325273155478389,1.54506871244548,0,267.161443506003,60.6481711487664,4.18383313818513e-10,1,0.986611166637817,0,0,0,0,0,0
52.65,9500,1.54506871244548,9500,9500,1.54506871244548,1.54506871244548,0,8.10603234017084e-12,20.384480903736,1,0,15030.1235607483,-15030.1235607483,1.54506871244548,1.5418159808907,1.5418159808907,0,-7.85744164012236e-87,0.00325273155478389,1.54506871244548,0,267.161443506003,60.6481711487664,4.18383313818513e-10,1,0.986611166637817,0,0,0,0,0,0
52.665,9500,1.54506871244548,9500,9500,1.54506871244548,1.54506871244548,0,8.10603234017084e-12,20.384480903736,1,0,15030.1235607483,-15030.1235607483,1.54506871244548,1.5418159808907,1.5418159808907,0,-6.11938170226516e-87,0.00325273155478389,1.54506871244548,0,267.161443506003,60.6481711487664,4.18383313818513e-10,1,0.986611166637817,0,0,0,0,0,0
52.68,9500,1.54506871244548,9500,9500,1.54506871244548,1.54506871244548,0,8.10603234017084e-12,20.384480903736,1,0,15030.1235607483,-15030.1235607483,1.54506871244548,1.5418159808907,1.5418159808907,0,-4.76577926163693e-87,0.00325273155478389,1.54506871244548,0,267.161443506003,60.6481711487664,4.18383313818513e-10,1,0.986611166637817,0,0,0,0,0,0
52.695,9500,1.54506871244548,9500,9500,1.54506871244548,1.54506871244548,0,8.10603234017084e-12,20.384480903736,1,0,15030.1235607483,-15030.1235607483,1.54506871244548,1.5418159808907,1.5418159808907,0,-3.7115926209083e-87,0.00325273155478389,1.54506871244548,0,267.161443506003,60.6481711487664,4.18383313818513e-10,1,0.986611166637817,0,0,0,0,0,0
52.71,9500,1.54506871244548,9500,9500,1.54506871244548,1.54506871244548,0,8.10603234017084e-12,20.384480903736,1,0,15030.1235607483,-15030.1235607483,1.54506871244548,1.5418159808907,1.5418159808907,0,-2.89059123960543e-87,0.00325273155478389,1.54506871244548,0,267.161443506003,60.6481711487664,4.18383313818513e-10,1,0.986611166637817,0,0,0,0,0,0
52.725,9500,1.54506871244548,9500,9500,1.54506871244548,1.54506871244548,0,8.10603234017084e-12,20.384480903736,1,0,15030.1235607483,-15030.1235607483,1.54506871244548,1.5418159808907,1.5418159808907,0,-2.25119472094406e-87,0.00325273155478389,1.54506871244548,0,267.161443506003,60.6481711487664,4.18383313818513e-10,1,0.986611166637817,0,0,0,0,0,0
52.74,9500,1.54506871244548,9500,9500,1.54506871244548,1.54506871244548,0,8.10603234017084e-12,20.384480903736,1,0,15030.1235607483,-15030.1235607483,1.54506871244548,1.5418159808907,1.5418159808907,0,-1.75323221151744e-87,0.00325273155478389,1.54506871244548,0,267.161443506003,60.6481711487664,4.18383313818513e-10,1,0.986611166637817,0,0,0,0,0,0
52.755,9500,1.54506871244548,9500,9500,1.54506871244548,1.54506871244548,0,8.10603234017084e-12,20.384480903736,1,0,15030.1235607483,-15030.1235607483,1.54506871244548,1.5418159808907,1.5418159808907,0,-1.3654186192358e-87,0.00325273155478389,1.54506871244548,0,267.161443506003,60.6481711487664,4.18383313818513e-10,1,0.986611166637817,0,0,0,0,0,0
52.77,9500,1.54506871244548,9500,9500,1.54506871244548,1.54506871244548,0,8.10603234017084e-12,20.384480903736,1,0,15030.1235607483,-15030.1235607483,1.54506871244548,1.5418159808907,1.5418159808907,0,-1.06338908988111e-87,0.00325273155478389,1.54506871244548,0,267.161443506003,60.6481711487664,4.18383313818513e-10,1,0.986611166637817,0,0,0,0,0,0
52.785,9500,1.54506871244548,9500,9500,1.54506871244548,1.54506871244548,0,8.10603234017084e-12,20.384480903736,1,0,15030.1235607483,-15030.1235607483,1.54506871244548,1.5418159808907,1.5418159808907,0,-8.28168255909e-88,0.00325273155478389,1.54506871244548,0,267.161443506003,60.6481711487664,4.18383313818513e-10,1,0.986611166637817,0,0,0,0,0,0
52.8,9500,1.54506871244548,9500,9500,1.54506871244548,1.54506871244548,0,8.10603234017084e-12,20.384480903736,1,0,15030.1235607483,-15030.1235607483,1.54506871244548,1.5418159808907,1.5418159808907,0,-6.44978086216809e-88,0.00325273155478389,1.54506871244548,0,267.161443506003,60.6481711487664,4.18383313818513e-10,1,0.986611166637817,0,0,0,0,0,0
52.815,9500,1.54506871244548,9500,9500,1.54506871244548,1.54506871244548,0,8.10603234017084e-12,20.384480903736,1,0,15030.1235607483,-15030.1235607483,1.54506871244548,1.5418159808907,1.5418159808907,0,-5.02309438609547e-88,0.00325273155478389,1.54506871244548,0,267.161443506003,60.6481711487664,4.18383313818513e-10,1,0.986611166637817,0,0,0,0,0,0
52.83,9500,1.54506871244548,9500,9500,1.54506871244548,1.54506871244548,0,8.10603234017084e-12,20.384480903736,1,0,15030.1235607483,-15030.1235607483,1.54506871244548,1.5418159808907,1.5418159808907,0,-3.91198984133273e-88,0.00325273155478389,1.54506871244548,0,267.161443506003,60.6481711487664,4.18383313818513e-10,1,0.986611166637817,0,0,0,0,0,0
52.845,9500,1.54506871244548,9500,9500,1.54506871244548,1.54506871244548,0,8.10603234017084e-12,20.384480903736,1,0,15030.1235607483,-15030.1235607483,1.54506871244548,1.5418159808907,1.5418159808907,0,-3.04666075179731e-88,0.00325273155478389,1.54506871244548,0,267.161443506003,60.6481711487664,4.18383313818513e-10,1,0.986611166637817,0,0,0,0,0,0
52.86,9500,1.54506871244548,9500,9500,1.54506871244548,1.54506871244548,0,8.10603234017084e-12,20.384480903736,1,0,15030.1235607483,-15030.1235607483,1.54506871244548,1.5418159808907,1.5418159808907,0,-2.37274177925266e-88,0.00325273155478389,1.54506871244548,0,267.161443506003,60.6481711487664,4.18383313818513e-10,1,0.986611166637817,0,0,0,0,0,0
52.875,9500,1.54506871244548,9500,9500,1.54506871244548,1.54506871244548,0,8.10603234017084e-12,20.384480903736,1,0,15030.1235607483,-15030.1235607483,1.54506871244548,1.5418159808907,1.5418159808907,0,-1.84789315570821e-88,0.00325273155478389,1.54506871244548,0,267.161443506003,60.6481711487664,4.18383313818513e-10,1,0.986611166637817,0,0,0,0,0,0
52.89,9500,1.54506871244548,9500,9500,1.54506871244548,1.54506871244548,0,8.10603234017084e-12,20.384480903736,1,0,15030.1235607483,-15030.1235607483,1.54506871244548,1.5418159808907,1.5418159808907,0,-1.43914063669784e-88,0.00325273155478389,1.54506871244548,0,267.161443506003,60.6481711487664,4.18383313818513e-10,1,0.986611166637817,0,0,0,0,0,0
52.905,9500,1.54506871244548,9500,9500,1.54506871244548,1.54506871244548,0,8.10603234017084e-12,20.384480903736,1,0,15030.1235607483,-15030.1235607483,1.54506871244548,1.5418159808907,1.5418159808907,0,-1.12080385481016e-88,0.00325273155478389,1.54506871244548,0,267.161443506003,60.6481711487664,4.18383313818513e-10,1,0.986611166637817,0,0,0,0,0,0
52.92,9500,1.54506871244548,9500,9500,1.54506871244548,1.54506871244548,0,8.10603234017084e-12,20.384480903736,1,0,15030.1235607483,-15030.1235607483,1.54506871244548,1.5418159808907,1.5418159808907,0,-8.72882919795603e-89,0.00325273155478389,1.54506871244548,0,267.161443506003,60.6481711487664,4.18383313818513e-10,1,0.986611166637817,0,0,0,0,0,0
52.935,9500,1.54506871244548,9500,9500,1.54506871244548,1.54506871244548,0,8.10603234017084e-12,20.384480903736,1,0,15030.1235607483,-15030.1235607483,1.54506871244548,1.5418159808907,1.5418159808907,0,-6.7980190146647e-89,0.00325273155478389,1.54506871244548,0,267.161443506003,60.6481711487664,4.18383313818513e-10,1,0.986611166637817,0,0,0,0,0,0
52.95,9500,1.54506871244548,9500,9500,1.54506871244548,1.54506871244548,0,8.10603234017084e-12,20.384480903736,1,0,15030.1235607483,-15030.1235607483,1.54506871244548,1.5418159808907,1.5418159808907,0,-5.29430253195517e-89,0.00325273155478389,1.54506871244548,0,267.161443506003,60.6481711487664,4.18383313818513e-10,1,0.986611166637817,0,0,0,0,0,0
52.965,9500,1.54506871244548,9500,9500,1.54506871244548,1.54506871244548,0,8.10603234017084e-12,20.384480903736,1,0,15030.1235607483,-15030.1235607483,1.54506871244548,1.5418159808907,1.5418159808907,0,-4.1232069577036e-89,0.00325273155478389,1.54506871244548,0,267.161443506003,60.6481711487664,4.18383313818513e-10,1,0.986611166637817,0,0,0,0,0,0
52.98,9500,1.54506871244548,9500,9500,1.54506871244548,1.54506871244548,0,8.10603234017084e-12,20.384480903736,1,0,15030.1235607483,-15030.1235607483,1.54506871244548,1.5418159808907,1.5418159808907,0,-3.21115680742503e-89,0.00325273155478389,1.54506871244548,0,267.161443506003,60.6481711487664,4.18383313818513e-10,1,0.986611166637817,0,0,0,0,0,0
52.995,9500,1.54506871244548,9500,9500,1.54506871244548,1.54506871244548,0,8.10603234017084e-12,20.384480903736,1,0,15030.1235607483,-15030.1235607483,1.54506871244548,1.5418159808907,1.5418159808907,0,-2.50085143618769e-89,0.00325273155478389,1.54506871244548,0,267.161443506003,60.6481711487664,4.18383313818513e-10,1,0.986611166637817,0,0,0,0,0,0
53.01,9500,1.54506871244548,9500,9500,1.54506871244548,1.54506871244548,0,8.10603234017084e-12,20.384480903736,1,0,15030.1235607483,-15030.1235607483,1.54506871244548,1.5418159808907,1.5418159808907,0,-1.94766505684822e-89,0.00325273155478389,1.54506871244548,0,267.161443506003,60.6481711487664,4.18383313818513e-10,1,0.986611166637817,0,0,0,0,0,0
53.025,9500,1.54506871244548,9500,9500,1.54506871244548,1.54506871244548,0,8.10603234017084e-12,20.384480903736,1,0,15030.1235607483,-15030.1235607483,1.54506871244548,1.5418159808907,1.5418159808907,0,-1.51684307143421e-89,0.00325273155478389,1.54506871244548,0,267.161443506003,60.6481711487664,4.18383313818513e-10,1,0.986611166637817,0,0,0,0,0,0
53.04,9500,1.54506871244548,9500,9500,1.54506871244548,1.54506871244548,0,8.10603234017084e-12,20.384480903736,1,0,15030.1235607483,-15030.1235607483,1.54506871244548,1.5418159808907,1.5418159808907,0,-1.18131857182939e-89,0.00325273155478389,1.54506871244548,0,267.161443506003,60.6481711487664,4.18383313818513e-10,1,0.986611166637817,0,0,0,0,0,0
53.055,9500,1.54506871244548,9500,9500,1.54506871244548,1.54506871244548,0,8.10603234017084e-12,20.384480903736,1,0,15030.1235607483,-15030.1235607483,1.54506871244548,1.5418159808907,1.5418159808907,0,-9.20011828797525e-90,0.00325273155478389,1.54506871244548,0,267.161443506003,60.6481711487664,4.18383313818513e-10,1,0.986611166637817,0,0,0,0,0,0
53.07,9500,1.54506871244548,9500,9500,1.54506871244548,1.54506871244548,0,8.10603234017084e-12,20.384480903736,1,0,15030.1235607483,-15030.1235607483,1.54506871244548,1.5418159808907,1.5418159808907,0,-7.16505932702468e-90,0.00325273155478389,1.54506871244548,0,267.161443506003,60.6481711487664,4.18383313818513e-10,1,0.986611166637817,0,0,0,0,0,0
53.085,9500,1.54506871244548,9500,9500,1.54506871244548,1.54506871244548,0,8.10603234017084e-12,20.384480903736,1,0,15030.1235607483,-15030.1235607483,1.54506871244548,1.5418159808907,1.5418159808907,0,-5.58015381463989e-90,0.00325273155478389,1.54506871244548,0,267.161443506003,60.6481711487664,4.18383313818513e-10,1,0.986611166637817,0,0,0,0,0,0
53.1,9500,1.54506871244548,9500,9500,1.54506871244548,1.54506871244548,0,8.10603234017084e-12,20.384480903736,1,0,15030.1235607483,-15030.1235607483,1.54506871244548,1.5418159808907,1.5418159808907,0,-4.34582816050044e-90,0.00325273155478389,1.54506871244548,0,267.161443506003,60.6481711487664,4.18383313818513e-10,1,0.986611166637817,0,0,0,0,0,0
53.115,9500,1.54506871244548,9500,9500,1.54506871244548,1.54506871244548,0,8.10603234017084e-12,20.384480903736,1,0,15030.1235607483,-15030.1235607483,1.54506871244548,1.5418159808907,1.5418159808907,0,-3.3845343744915e-90,0.00325273155478389,1.54506871244548,0,267.161443506003,60.6481711487664,4.18383313818513e-10,1,0.986611166637817,0,0,0,0,0,0
53.13,9500,1.54506871244548,9500,9500,1.54506871244548,1.54506871244548,0,8.10603234017084e-12,20.384480903736,1,0,15030.1235607483,-15030.1235607483,1.54506871244548,1.5418159808907,1.5418159808907,0,-2.63587802118607e-90,0.00325273155478389,1.54506871244548,0,267.161443506003,60.6481711487664,4.18383313818513e-10,1,0.986611166637817,0,0,0,0,0,0
53.145,9500,1.54506871244548,9500,9500,1.54506871244548,1.54506871244548,0,8.10603234017084e-12,20.384480903736,1,0,15030.1235607483,-15030.1235607483,1.54506871244548,1.5418159808907,1.5418159808907,0,-2.05282386698042e-90,0.00325273155478389,1.54506871244548,0,267.161443506003,60.6481711487664,4.18383313818513e-10,1,0.986611166637817,0,0,0,0,0,0
53.16,9500,1.54506871244548,9500,9500,1.54506871244548,1.54506871244548,0,8.10603234017084e-12,20.384480903736,1,0,15030.1235607483,-15030.1235607483,1.54506871244548,1.5418159808907,1.5418159808907,0,-1.59874083511202e-90,0.00325273155478389,1.54506871244548,0,267.161443506003,60.6481711487664,4.18383313818513e-10,1,0.986611166637817,0,0,0,0,0,0
53.175,9500,1.54506871244548,9500,9500,1.54506871244548,1.54506871244548,0,8.10603234017084e-12,20.384480903736,1,0,15030.1235607483,-15030.1235607483,1.54506871244548,1.5418159808907,1.5418159808907,0,-1.24510061431347e-90,0.00325273155478389,1.54506871244548,0,267.161443506003,60.6481711487664,4.18383313818513e-10,1,0.986611166637817,0,0,0,0,0,0
53.19,9500,1.54506871244548,9500,9500,1.54506871244548,1.54506871244548,0,8.10603234017084e-12,20.384480903736,1,0,15030.1235607483,-15030.1235607483,1.54506871244548,1.5418159808907,1.5418159808907,0,-9.69685333430019e-91,0.00325273155478389,1.54506871244548,0,267.161443506003,60.6481711487664,4.18383313818513e-10,1,0.986611166637817,0,0,0,0,0,0
53.205,9500,1.54506871244548,9500,9500,1.54506871244548,1.54506871244548,0,8.10603234017084e-12,20.384480903736,1,0,15030.1235607483,-15030.1235607483,1.54506871244548,1.5418159808907,1.5418159808907,0,-7.55191697008155e-91,0.00325273155478389,1.54506871244548,0,267.161443506003,60.6481711487664,4.18383313818513e-10,1,0.986611166637817,0,0,0,0,0,0
53.22,9500,1.54506871244548,9500,9500,1.54506871244548,1.54506871244548,0,8.10603234017084e-12,20.384480903736,1,0,15030.1235607483,-15030.1235607483,1.54506871244548,1.5418159808907,1.5418159808907,0,-5.88143884998974e-91,0.00325273155478389,1.54506871244548,0,267.161443506003,60.6481711487664,4.18383313818513e-10,1,0.986611166637817,0,0,0,0,0,0
53.235,9500,1.54506871244548,9500,9500,1.54506871244548,1.54506871244548,0,8.10603234017084e-12,20.384480903736,1,0,15030.1235607483,-15030.1235607483,1.54506871244548,1.5418159808907,1.5418159808907,0,-4.58046918195859e-91,0.00325273155478389,1.54506871244548,0,267.161443506003,60.6481711487664,4.18383313818513e-10,1,0.986611166637817,0,0,0,0,0,0
53.25,9500,1.54506871244548,9500,9500,1.54506871244548,1.54506871244548,0,8.10603234017084e-12,20.384480903736,1,0,15030.1235607483,-15030.1235607483,1.54506871244548,1.5418159808907,1.5418159808907,0,-3.56727298574379e-91,0.00325273155478389,1.54506871244548,0,267.161443506003,60.6481711487664,4.18383313818513e-10,1,0.986611166637817,0,0,0,0,0,0
53.265,9500,1.54506871244548,9500,9500,1.54506871244548,1.54506871244548,0,8.10603234017084e-12,20.384480903736,1,0,15030.1235607483,-15030.1235607483,1.54506871244548,1.5418159808907,1.5418159808907,0,-2.77819499472673e-91,0.00325273155478389,1.54506871244548,0,267.161443506003,60.6481711487664,4.18383313818513e-10,1,0.986611166637817,0,0,0,0,0,0
53.28,9500,1.54506871244548,9500,9500,1.54506871244548,1.54506871244548,0,8.10603234017084e-12,20.384480903736,1,0,15030.1235607483,-15030.1235607483,1.54506871244548,1.5418159808907,1.5418159808907,0,-2.16366043741824e-91,0.00325273155478389,1.54506871244548,0,267.161443506003,60.6481711487664,4.18383313818513e-10,1,0.986611166637817,0,0,0,0,0,0
53.295,9500,1.54506871244548,9500,9500,1.54506871244548,1.54506871244548,0,8.10603234017084e-12,20.384480903736,1,0,15030.1235607483,-15030.1235607483,1.54506871244548,1.5418159808907,1.5418159808907,0,-1.68506044296194e-91,0.00325273155478389,1.54506871244548,0,267.161443506003,60.6481711487664,4.18383313818513e-10,1,0.986611166637817,0,0,0,0,0,0
53.31,9500,1.54506871244548,9500,9500,1.54506871244548,1.54506871244548,0,8.10603234017084e-12,20.384480903736,1,0,15030.1235607483,-15030.1235607483,1.54506871244548,1.5418159808907,1.5418159808907,0,-1.31232639250141e-91,0.00325273155478389,1.54506871244548,0,267.161443506003,60.6481711487664,4.18383313818513e-10,1,0.986611166637817,0,0,0,0,0,0
53.325,9500,1.54506871244548,9500,9500,1.54506871244548,1.54506871244548,0,8.10603234017084e-12,20.384480903736,1,0,15030.1235607483,-15030.1235607483,1.54506871244548,1.5418159808907,1.5418159808907,0,-1.02204082212537e-91,0.00325273155478389,1.54506871244548,0,267.161443506003,60.6481711487664,4.18383313818513e-10,1,0.986611166637817,0,0,0,0,0,0
53.34,9500,1.54506871244548,9500,9500,1.54506871244548,1.54506871244548,0,8.10603234017084e-12,20.384480903736,1,0,15030.1235607483,-15030.1235607483,1.54506871244548,1.5418159808907,1.5418159808907,0,-7.95966192602179e-92,0.00325273155478389,1.54506871244548,0,267.161443506003,60.6481711487664,4.18383313818513e-10,1,0.986611166637817,0,0,0,0,0,0
53.355,9500,1.54506871244548,9500,9500,1.54506871244548,1.54506871244548,0,8.10603234017084e-12,20.384480903736,1,0,15030.1235607483,-15030.1235607483,1.54506871244548,1.5418159808907,1.5418159808907,0,-6.19899094096942e-92,0.00325273155478389,1.54506871244548,0,267.161443506003,60.6481711487664,4.18383313818513e-10,1,0.986611166637817,0,0,0,0,0,0
53.37,9500,1.54506871244548,9500,9500,1.54506871244548,1.54506871244548,0,8.10603234017084e-12,20.384480903736,1,0,15030.1235607483,-15030.1235607483,1.54506871244548,1.5418159808907,1.5418159808907,0,-4.82777899907953e-92,0.00325273155478389,1.54506871244548,0,267.161443506003,60.6481711487664,4.18383313818513e-10,1,0.986611166637817,0,0,0,0,0,0
53.385,9500,1.54506871244548,9500,9500,1.54506871244548,1.54506871244548,0,8.10603234017084e-12,20.384480903736,1,0,15030.1235607483,-15030.1235607483,1.54506871244548,1.5418159808907,1.5418159808907,0,-3.75987806497882e-92,0.00325273155478389,1.54506871244548,0,267.161443506003,60.6481711487664,4.18383313818513e-10,1,0.986611166637817,0,0,0,0,0,0
53.4,9500,1.54506871244548,9500,9500,1.54506871244548,1.54506871244548,0,8.10603234017084e-12,20.384480903736,1,0,15030.1235607483,-15030.1235607483,1.54506871244548,1.5418159808907,1.5418159808907,0,-2.9281959812585e-92,0.00325273155478389,1.54506871244548,0,267.161443506003,60.6481711487664,4.18383313818513e-10,1,0.986611166637817,0,0,0,0,0,0
53.415,9500,1.54506871244548,9500,9500,1.54506871244548,1.54506871244548,0,8.10603234017084e-12,20.384480903736,1,0,15030.1235607483,-15030.1235607483,1.54506871244548,1.5418159808907,1.5418159808907,0,-2.28048132319066e-92,0.00325273155478389,1.54506871244548,0,267.161443506003,60.6481711487664,4.18383313818513e-10,1,0.986611166637817,0,0,0,0,0,0
53.43,9500,1.54506871244548,9500,9500,1.54506871244548,1.54506871244548,0,8.10603234017084e-12,20.384480903736,1,0,15030.1235607483,-15030.1235607483,1.54506871244548,1.5418159808907,1.5418159808907,0,-1.7760406402806e-92,0.00325273155478389,1.54506871244548,0,267.161443506003,60.6481711487664,4.18383313818513e-10,1,0.986611166637817,0,0,0,0,0,0
53.445,9500,1.54506871244548,9500,9500,1.54506871244548,1.54506871244548,0,8.10603234017084e-12,20.384480903736,1,0,15030.1235607483,-15030.1235607483,1.54506871244548,1.5418159808907,1.5418159808907,0,-1.38318184141717e-92,0.00325273155478389,1.54506871244548,0,267.161443506003,60.6481711487664,4.18383313818513e-10,1,0.986611166637817,0,0,0,0,0,0
53.46,9500,1.54506871244548,9500,9500,1.54506871244548,1.54506871244548,0,8.10603234017084e-12,20.384480903736,1,0,15030.1235607483,-15030.1235607483,1.54506871244548,1.5418159808907,1.5418159808907,0,-1.07722310122584e-92,0.00325273155478389,1.54506871244548,0,267.161443506003,60.6481711487664,4.18383313818513e-10,1,0.986611166637817,0,0,0,0,0,0
53.475,9500,1.54506871244548,9500,9500,1.54506871244548,1.54506871244548,0,8.10603234017084e-12,20.384480903736,1,0,15030.1235607483,-15030.1235607483,1.54506871244548,1.5418159808907,1.5418159808907,0,-8.38942194777293e-93,0.00325273155478389,1.54506871244548,0,267.161443506003,60.6481711487664,4.18383313818513e-10,1,0.986611166637817,0,0,0,0,0,0
53.49,9500,1.54506871244548,9500,9500,1.54506871244548,1.54506871244548,0,8.10603234017084e-12,20.384480903736,1,0,15030.1235607483,-15030.1235607483,1.54506871244548,1.5418159808907,1.5418159808907,0,-6.53368838244199e-93,0.00325273155478389,1.54506871244548,0,267.161443506003,60.6481711487664,4.18383313818513e-10,1,0.986611166637817,0,0,0,0,0,0
53.505,9500,1.54506871244548,9500,9500,1.54506871244548,1.54506871244548,0,8.10603234017084e-12,20.384480903736,1,0,15030.1235607483,-15030.1235607483,1.54506871244548,1.5418159808907,1.5418159808907,0,-5.08844162859036e-93,0.00325273155478389,1.54506871244548,0,267.161443506003,60.6481711487664,4.18383313818513e-10,1,0.986611166637817,0,0,0,0,0,0
53.52,9500,1.54506871244548,9500,9500,1.54506871244548,1.54506871244548,0,8.10603234017084e-12,20.384480903736,1,0,15030.1235607483,-15030.1235607483,1.54506871244548,1.5418159808907,1.5418159808907,0,-3.96288232495931e-93,0.00325273155478389,1.54506871244548,0,267.161443506003,60.6481711487664,4.18383313818513e-10,1,0.986611166637817,0,0,0,0,0,0
53.535,9500,1.54506871244548,9500,9500,1.54506871244548,1.54506871244548,0,8.10603234017084e-12,20.384480903736,1,0,15030.1235607483,-15030.1235607483,1.54506871244548,1.5418159808907,1.5418159808907,0,-3.08629585789814e-93,0.00325273155478389,1.54506871244548,0,267.161443506003,60.6481711487664,4.18383313818513e-10,1,0.986611166637817,0,0,0,0,0,0
53.55,9500,1.54506871244548,9500,9500,1.54506871244548,1.54506871244548,0,8.10603234017084e-12,20.384480903736,1,0,15030.1235607483,-15030.1235607483,1.54506871244548,1.5418159808907,1.5418159808907,0,-2.4036096309211e-93,0.00325273155478389,1.54506871244548,0,267.161443506003,60.6481711487664,4.18383313818513e-10,1,0.986611166637817,0,0,0,0,0,0
53.565,9500,1.54506871244548,9500,9500,1.54506871244548,1.54506871244548,0,8.10603234017084e-12,20.384480903736,1,0,15030.1235607483,-15030.1235607483,1.54506871244548,1.5418159808907,1.5418159808907,0,-1.87193306275933e-93,0.00325273155478389,1.54506871244548,0,267.161443506003,60.6481711487664,4.18383313818513e-10,1,0.986611166637817,0,0,0,0,0,0
53.58,9500,1.54506871244548,9500,9500,1.54506871244548,1.54506871244548,0,8.10603234017084e-12,20.384480903736,1,0,15030.1235607483,-15030.1235607483,1.54506871244548,1.5418159808907,1.5418159808907,0,-1.45786293513422e-93,0.00325273155478389,1.54506871244548,0,267.161443506003,60.6481711487664,4.18383313818513e-10,1,0.986611166637817,0,0,0,0,0,0
53.595,9500,1.54506871244548,9500,9500,1.54506871244548,1.54506871244548,0,8.10603234017084e-12,20.384480903736,1,0,15030.1235607483,-15030.1235607483,1.54506871244548,1.5418159808907,1.5418159808907,0,-1.1353847954933e-93,0.00325273155478389,1.54506871244548,0,267.161443506003,60.6481711487664,4.18383313818513e-10,1,0.986611166637817,0,0,0,0,0,0
53.61,9500,1.54506871244548,9500,9500,1.54506871244548,1.54506871244548,0,8.10603234017084e-12,20.384480903736,1,0,15030.1235607483,-15030.1235607483,1.54506871244548,1.5418159808907,1.5418159808907,0,-8.84238567817552e-94,0.00325273155478389,1.54506871244548,0,267.161443506003,60.6481711487664,4.18383313818513e-10,1,0.986611166637817,0,0,0,0,0,0
53.625,9500,1.54506871244548,9500,9500,1.54506871244548,1.54506871244548,0,8.10603234017084e-12,20.384480903736,1,0,15030.1235607483,-15030.1235607483,1.54506871244548,1.5418159808907,1.5418159808907,0,-6.88645689038247e-94,0.00325273155478389,1.54506871244548,0,267.161443506003,60.6481711487664,4.18383313818513e-10,1,0.986611166637817,0,0,0,0,0,0
53.64,9500,1.54506871244548,9500,9500,1.54506871244548,1.54506871244548,0,8.10603234017084e-12,20.384480903736,1,0,15030.1235607483,-15030.1235607483,1.54506871244548,1.5418159808907,1.5418159808907,0,-5.36317801881734e-94,0.00325273155478389,1.54506871244548,0,267.161443506003,60.6481711487664,4.18383313818513e-10,1,0.986611166637817,0,0,0,0,0,0
53.655,9500,1.54506871244548,9500,9500,1.54506871244548,1.54506871244548,0,8.10603234017084e-12,20.384480903736,1,0,15030.1235607483,-15030.1235607483,1.54506871244548,1.5418159808907,1.5418159808907,0,-4.17684724080629e-94,0.00325273155478389,1.54506871244548,0,267.161443506003,60.6481711487664,4.18383313818513e-10,1,0.986611166637817,0,0,0,0,0,0
53.67,9500,1.54506871244548,9500,9500,1.54506871244548,1.54506871244548,0,8.10603234017084e-12,20.384480903736,1,0,15030.1235607483,-15030.1235607483,1.54506871244548,1.5418159808907,1.5418159808907,0,-3.25293190190958e-94,0.00325273155478389,1.54506871244548,0,267.161443506003,60.6481711487664,4.18383313818513e-10,1,0.986611166637817,0,0,0,0,0,0
53.685,9500,1.54506871244548,9500,9500,1.54506871244548,1.54506871244548,0,8.10603234017084e-12,20.384480903736,1,0,15030.1235607483,-15030.1235607483,1.54506871244548,1.5418159808907,1.5418159808907,0,-2.53338591248513e-94,0.00325273155478389,1.54506871244548,0,267.161443506003,60.6481711487664,4.18383313818513e-10,1,0.986611166637817,0,0,0,0,0,0
53.7,9500,1.54506871244548,9500,9500,1.54506871244548,1.54506871244548,0,8.10603234017084e-12,20.384480903736,1,0,15030.1235607483,-15030.1235607483,1.54506871244548,1.5418159808907,1.5418159808907,0,-1.97300293246549e-94,0.00325273155478389,1.54506871244548,0,267.161443506003,60.6481711487664,4.18383313818513e-10,1,0.986611166637817,0,0,0,0,0,0
53.715,9500,1.54506871244548,9500,9500,1.54506871244548,1.54506871244548,0,8.10603234017084e-12,20.384480903736,1,0,15030.1235607483,-15030.1235607483,1.54506871244548,1.5418159808907,1.5418159808907,0,-1.5365762288063e-94,0.00325273155478389,1.54506871244548,0,267.161443506003,60.6481711487664,4.18383313818513e-10,1,0.986611166637817,0,0,0,0,0,0
53.73,9500,1.54506871244548,9500,9500,1.54506871244548,1.54506871244548,0,8.10603234017084e-12,20.384480903736,1,0,15030.1235607483,-15030.1235607483,1.54506871244548,1.5418159808907,1.5418159808907,0,-1.19668677024325e-94,0.00325273155478389,1.54506871244548,0,267.161443506003,60.6481711487664,4.18383313818513e-10,1,0.986611166637817,0,0,0,0,0,0
53.745,9500,1.54506871244548,9500,9500,1.54506871244548,1.54506871244548,0,8.10603234017084e-12,20.384480903736,1,0,15030.1235607483,-15030.1235607483,1.54506871244548,1.5418159808907,1.5418159808907,0,-9.31980593756635e-95,0.00325273155478389,1.54506871244548,0,267.161443506003,60.6481711487664,4.18383313818513e-10,1,0.986611166637817,0,0,0,0,0,0
53.76,9500,1.54506871244548,9500,9500,1.54506871244548,1.54506871244548,0,8.10603234017084e-12,20.384480903736,1,0,15030.1235607483,-15030.1235607483,1.54506871244548,1.5418159808907,1.5418159808907,0,-7.2582721622502e-95,0.00325273155478389,1.54506871244548,0,267.161443506003,60.6481711487664,4.18383313818513e-10,1,0.986611166637817,0,0,0,0,0,0
53.775,9500,1.54506871244548,9500,9500,1.54506871244548,1.54506871244548,0,8.10603234017084e-12,20.384480903736,1,0,15030.1235607483,-15030.1235607483,1.54506871244548,1.5418159808907,1.5418159808907,0,-5.65274804370584e-95,0.00325273155478389,1.54506871244548,0,267.161443506003,60.6481711487664,4.18383313818513e-10,1,0.986611166637817,0,0,0,0,0,0
53.79,9500,1.54506871244548,9500,9500,1.54506871244548,1.54506871244548,0,8.10603234017084e-12,20.384480903736,1,0,15030.1235607483,-15030.1235607483,1.54506871244548,1.5418159808907,1.5418159808907,0,-4.40236460294346e-95,0.00325273155478389,1.54506871244548,0,267.161443506003,60.6481711487664,4.18383313818513e-10,1,0.986611166637817,0,0,0,0,0,0
53.805,9500,1.54506871244548,9500,9500,1.54506871244548,1.54506871244548,0,8.10603234017084e-12,20.384480903736,1,0,15030.1235607483,-15030.1235607483,1.54506871244548,1.5418159808907,1.5418159808907,0,-3.4285650001382e-95,0.00325273155478389,1.54506871244548,0,267.161443506003,60.6481711487664,4.18383313818513e-10,1,0.986611166637817,0,0,0,0,0,0
53.82,9500,1.54506871244548,9500,9500,1.54506871244548,1.54506871244548,0,8.10603234017084e-12,20.384480903736,1,0,15030.1235607483,-15030.1235607483,1.54506871244548,1.5418159808907,1.5418159808907,0,-2.67016910691884e-95,0.00325273155478389,1.54506871244548,0,267.161443506003,60.6481711487664,4.18383313818513e-10,1,0.986611166637817,0,0,0,0,0,0
53.835,9500,1.54506871244548,9500,9500,1.54506871244548,1.54506871244548,0,8.10603234017084e-12,20.384480903736,1,0,15030.1235607483,-15030.1235607483,1.54506871244548,1.5418159808907,1.5418159808907,0,-2.07952979140147e-95,0.00325273155478389,1.54506871244548,0,267.161443506003,60.6481711487664,4.18383313818513e-10,1,0.986611166637817,0,0,0,0,0,0
53.85,9500,1.54506871244548,9500,9500,1.54506871244548,1.54506871244548,0,8.10603234017084e-12,20.384480903736,1,0,15030.1235607483,-15030.1235607483,1.54506871244548,1.5418159808907,1.5418159808907,0,-1.61953942996378e-95,0.00325273155478389,1.54506871244548,0,267.161443506003,60.6481711487664,4.18383313818513e-10,1,0.986611166637817,0,0,0,0,0,0
53.865,9500,1.54506871244548,9500,9500,1.54506871244548,1.54506871244548,0,8.10603234017084e-12,20.384480903736,1,0,15030.1235607483,-15030.1235607483,1.54506871244548,1.5418159808907,1.5418159808907,0,-1.26129857627081e-95,0.00325273155478389,1.54506871244548,0,267.161443506003,60.6481711487664,4.18383313818513e-10,1,0.986611166637817,0,0,0,0,0,0
53.88,9500,1.54506871244548,9500,9500,1.54506871244548,1.54506871244548,0,8.10603234017084e-12,20.384480903736,1,0,15030.1235607483,-15030.1235607483,1.54506871244548,1.5418159808907,1.5418159808907,0,-9.82300318886552e-96,0.00325273155478389,1.54506871244548,0,267.161443506003,60.6481711487664,4.18383313818513e-10,1,0.986611166637817,0,0,0,0,0,0
53.895,9500,1.54506871244548,9500,9500,1.54506871244548,1.54506871244548,0,8.10603234017084e-12,20.384480903736,1,0,15030.1235607483,-15030.1235607483,1.54506871244548,1.5418159808907,1.5418159808907,0,-7.65016257560138e-96,0.00325273155478389,1.54506871244548,0,267.161443506003,60.6481711487664,4.18383313818513e-10,1,0.986611166637817,0,0,0,0,0,0
53.91,9500,1.54506871244548,9500,9500,1.54506871244548,1.54506871244548,0,8.10603234017084e-12,20.384480903736,1,0,15030.1235607483,-15030.1235607483,1.54506871244548,1.5418159808907,1.5418159808907,0,-5.95795260450191e-96,0.00325273155478389,1.54506871244548,0,267.161443506003,60.6481711487664,4.18383313818513e-10,1,0.986611166637817,0,0,0,0,0,0
53.925,9500,1.54506871244548,9500,9500,1.54506871244548,1.54506871244548,0,8.10603234017084e-12,20.384480903736,1,0,15030.1235607483,-15030.1235607483,1.54506871244548,1.5418159808907,1.5418159808907,0,-4.6400581538884e-96,0.00325273155478389,1.54506871244548,0,267.161443506003,60.6481711487664,4.18383313818513e-10,1,0.986611166637817,0,0,0,0,0,0
53.94,9500,1.54506871244548,9500,9500,1.54506871244548,1.54506871244548,0,8.10603234017084e-12,20.384480903736,1,0,15030.1235607483,-15030.1235607483,1.54506871244548,1.5418159808907,1.5418159808907,0,-3.61368092374515e-96,0.00325273155478389,1.54506871244548,0,267.161443506003,60.6481711487664,4.18383313818513e-10,1,0.986611166637817,0,0,0,0,0,0
53.955,9500,1.54506871244548,9500,9500,1.54506871244548,1.54506871244548,0,8.10603234017084e-12,20.384480903736,1,0,15030.1235607483,-15030.1235607483,1.54506871244548,1.5418159808907,1.5418159808907,0,-2.81433753318292e-96,0.00325273155478389,1.54506871244548,0,267.161443506003,60.6481711487664,4.18383313818513e-10,1,0.986611166637817,0,0,0,0,0,0
53.97,9500,1.54506871244548,9500,9500,1.54506871244548,1.54506871244548,0,8.10603234017084e-12,20.384480903736,1,0,15030.1235607483,-15030.1235607483,1.54506871244548,1.5418159808907,1.5418159808907,0,-2.1918082746701e-96,0.00325273155478389,1.54506871244548,0,267.161443506003,60.6481711487664,4.18383313818513e-10,1,0.986611166637817,0,0,0,0,0,0
53.985,9500,1.54506871244548,9500,9500,1.54506871244548,1.54506871244548,0,8.10603234017084e-12,20.384480903736,1,0,15030.1235607483,-15030.1235607483,1.54506871244548,1.5418159808907,1.5418159808907,0,-1.70698200065546e-96,0.00325273155478389,1.54506871244548,0,267.161443506003,60.6481711487664,4.18383313818513e-10,1,0.986611166637817,0,0,0,0,0,0
54,9500,1.54506871244548,9500,9500,1.54506871244548,1.54506871244548,0,8.10603234017084e-12,20.384480903736,1,0,15030.1235607483,-15030.1235607483,1.54506871244548,1.5418159808907,1.5418159808907,0,-1.32939891879927e-96,0.00325273155478389,1.54506871244548,0,267.161443506003,60.6481711487664,4.18383313818513e-10,1,0.986611166637817,0,0,0,0,0,0
54.015,9500,1.54506871244548,9500,9500,1.54506871244548,1.54506871244548,0,8.10603234017084e-12,20.384480903736,1,0,15030.1235607483,-15030.1235607483,1.54506871244548,1.5418159808907,1.5418159808907,0,-1.03533691897515e-96,0.00325273155478389,1.54506871244548,0,267.161443506003,60.6481711487664,4.18383313818513e-10,1,0.986611166637817,0,0,0,0,0,0
54.03,9500,1.54506871244548,9500,9500,1.54506871244548,1.54506871244548,0,8.10603234017084e-12,20.384480903736,1,0,15030.1235607483,-15030.1235607483,1.54506871244548,1.5418159808907,1.5418159808907,0,-8.0632120324058e-97,0.00325273155478389,1.54506871244548,0,267.161443506003,60.6481711487664,4.18383313818513e-10,1,0.986611166637817,0,0,0,0,0,0
54.045,9500,1.54506871244548,9500,9500,1.54506871244548,1.54506871244548,0,8.10603234017084e-12,20.384480903736,1,0,15030.1235607483,-15030.1235607483,1.54506871244548,1.5418159808907,1.5418159808907,0,-6.27963584490841e-97,0.00325273155478389,1.54506871244548,0,267.161443506003,60.6481711487664,4.18383313818513e-10,1,0.986611166637817,0,0,0,0,0,0
54.06,9500,1.54506871244548,9500,9500,1.54506871244548,1.54506871244548,0,8.10603234017084e-12,20.384480903736,1,0,15030.1235607483,-15030.1235607483,1.54506871244548,1.5418159808907,1.5418159808907,0,-4.89058531341793e-97,0.00325273155478389,1.54506871244548,0,267.161443506003,60.6481711487664,4.18383313818513e-10,1,0.986611166637817,0,0,0,0,0,0
54.075,9500,1.54506871244548,9500,9500,1.54506871244548,1.54506871244548,0,8.10603234017084e-12,20.384480903736,1,0,15030.1235607483,-15030.1235607483,1.54506871244548,1.5418159808907,1.5418159808907,0,-3.8087916717674e-97,0.00325273155478389,1.54506871244548,0,267.161443506003,60.6481711487664,4.18383313818513e-10,1,0.986611166637817,0,0,0,0,0,0
54.09,9500,1.54506871244548,9500,9500,1.54506871244548,1.54506871244548,0,8.10603234017084e-12,20.384480903736,1,0,15030.1235607483,-15030.1235607483,1.54506871244548,1.5418159808907,1.5418159808907,0,-2.9662899365283e-97,0.00325273155478389,1.54506871244548,0,267.161443506003,60.6481711487664,4.18383313818513e-10,1,0.986611166637817,0,0,0,0,0,0
54.105,9500,1.54506871244548,9500,9500,1.54506871244548,1.54506871244548,0,8.10603234017084e-12,20.384480903736,1,0,15030.1235607483,-15030.1235607483,1.54506871244548,1.5418159808907,1.5418159808907,0,-2.31014892538506e-97,0.00325273155478389,1.54506871244548,0,267.161443506003,60.6481711487664,4.18383313818513e-10,1,0.986611166637817,0,0,0,0,0,0
54.12,9500,1.54506871244548,9500,9500,1.54506871244548,1.54506871244548,0,8.10603234017084e-12,20.384480903736,1,0,15030.1235607483,-15030.1235607483,1.54506871244548,1.5418159808907,1.5418159808907,0,-1.79914579210145e-97,0.00325273155478389,1.54506871244548,0,267.161443506003,60.6481711487664,4.18383313818513e-10,1,0.986611166637817,0,0,0,0,0,0
54.135,9500,1.54506871244548,9500,9500,1.54506871244548,1.54506871244548,0,8.10603234017084e-12,20.384480903736,1,0,15030.1235607483,-15030.1235607483,1.54506871244548,1.5418159808907,1.5418159808907,0,-1.40117615174823e-97,0.00325273155478389,1.54506871244548,0,267.161443506003,60.6481711487664,4.18383313818513e-10,1,0.986611166637817,0,0,0,0,0,0
54.15,9500,1.54506871244548,9500,9500,1.54506871244548,1.54506871244548,0,8.10603234017084e-12,20.384480903736,1,0,15030.1235607483,-15030.1235607483,1.54506871244548,1.5418159808907,1.5418159808907,0,-1.0912370842025e-97,0.00325273155478389,1.54506871244548,0,267.161443506003,60.6481711487664,4.18383313818513e-10,1,0.986611166637817,0,0,0,0,0,0
54.165,9500,1.54506871244548,9500,9500,1.54506871244548,1.54506871244548,0,8.10603234017084e-12,20.384480903736,1,0,15030.1235607483,-15030.1235607483,1.54506871244548,1.5418159808907,1.5418159808907,0,-8.49856295693466e-98,0.00325273155478389,1.54506871244548,0,267.161443506003,60.6481711487664,4.18383313818513e-10,1,0.986611166637817,0,0,0,0,0,0
54.18,9500,1.54506871244548,9500,9500,1.54506871244548,1.54506871244548,0,8.10603234017084e-12,20.384480903736,1,0,15030.1235607483,-15030.1235607483,1.54506871244548,1.5418159808907,1.5418159808907,0,-6.61868748584234e-98,0.00325273155478389,1.54506871244548,0,267.161443506003,60.6481711487664,4.18383313818513e-10,1,0.986611166637817,0,0,0,0,0,0
54.195,9500,1.54506871244548,9500,9500,1.54506871244548,1.54506871244548,0,8.10603234017084e-12,20.384480903736,1,0,15030.1235607483,-15030.1235607483,1.54506871244548,1.5418159808907,1.5418159808907,0,-5.15463899687893e-98,0.00325273155478389,1.54506871244548,0,267.161443506003,60.6481711487664,4.18383313818513e-10,1,0.986611166637817,0,0,0,0,0,0
54.21,9500,1.54506871244548,9500,9500,1.54506871244548,1.54506871244548,0,8.10603234017084e-12,20.384480903736,1,0,15030.1235607483,-15030.1235607483,1.54506871244548,1.5418159808907,1.5418159808907,0,-4.01443688721971e-98,0.00325273155478389,1.54506871244548,0,267.161443506003,60.6481711487664,4.18383313818513e-10,1,0.986611166637817,0,0,0,0,0,0
54.225,9500,1.54506871244548,9500,9500,1.54506871244548,1.54506871244548,0,8.10603234017084e-12,20.384480903736,1,0,15030.1235607483,-15030.1235607483,1.54506871244548,1.5418159808907,1.5418159808907,0,-3.12644659135744e-98,0.00325273155478389,1.54506871244548,0,267.161443506003,60.6481711487664,4.18383313818513e-10,1,0.986611166637817,0,0,0,0,0,0
54.24,9500,1.54506871244548,9500,9500,1.54506871244548,1.54506871244548,0,8.10603234017084e-12,20.384480903736,1,0,15030.1235607483,-15030.1235607483,1.54506871244548,1.5418159808907,1.5418159808907,0,-2.4348790535801e-98,0.00325273155478389,1.54506871244548,0,267.161443506003,60.6481711487664,4.18383313818513e-10,1,0.986611166637817,0,0,0,0,0,0
54.255,9500,1.54506871244548,9500,9500,1.54506871244548,1.54506871244548,0,8.10603234017084e-12,20.384480903736,1,0,15030.1235607483,-15030.1235607483,1.54506871244548,1.5418159808907,1.5418159808907,0,-1.89628571361234e-98,0.00325273155478389,1.54506871244548,0,267.161443506003,60.6481711487664,4.18383313818513e-10,1,0.986611166637817,0,0,0,0,0,0
54.27,9500,1.54506871244548,9500,9500,1.54506871244548,1.54506871244548,0,8.10603234017084e-12,20.384480903736,1,0,15030.1235607483,-15030.1235607483,1.54506871244548,1.5418159808907,1.5418159808907,0,-1.47682879868841e-98,0.00325273155478389,1.54506871244548,0,267.161443506003,60.6481711487664,4.18383313818513e-10,1,0.986611166637817,0,0,0,0,0,0
54.285,9500,1.54506871244548,9500,9500,1.54506871244548,1.54506871244548,0,8.10603234017084e-12,20.384480903736,1,0,15030.1235607483,-15030.1235607483,1.54506871244548,1.5418159808907,1.5418159808907,0,-1.15015542488094e-98,0.00325273155478389,1.54506871244548,0,267.161443506003,60.6481711487664,4.18383313818513e-10,1,0.986611166637817,0,0,0,0,0,0
54.3,9500,1.54506871244548,9500,9500,1.54506871244548,1.54506871244548,0,8.10603234017084e-12,20.384480903736,1,0,15030.1235607483,-15030.1235607483,1.54506871244548,1.5418159808907,1.5418159808907,0,-8.95741945551098e-99,0.00325273155478389,1.54506871244548,0,267.161443506003,60.6481711487664,4.18383313818513e-10,1,0.986611166637817,0,0,0,0,0,0
54.315,9500,1.54506871244548,9500,9500,1.54506871244548,1.54506871244548,0,8.10603234017084e-12,20.384480903736,1,0,15030.1235607483,-15030.1235607483,1.54506871244548,1.5418159808907,1.5418159808907,0,-6.97604528625099e-99,0.00325273155478389,1.54506871244548,0,267.161443506003,60.6481711487664,4.18383313818513e-10,1,0.986611166637817,0,0,0,0,0,0
54.33,9500,1.54506871244548,9500,9500,1.54506871244548,1.54506871244548,0,8.10603234017084e-12,20.384480903736,1,0,15030.1235607483,-15030.1235607483,1.54506871244548,1.5418159808907,1.5418159808907,0,-5.43294953167385e-99,0.00325273155478389,1.54506871244548,0,267.161443506003,60.6481711487664,4.18383313818513e-10,1,0.986611166637817,0,0,0,0,0,0
54.345,9500,1.54506871244548,9500,9500,1.54506871244548,1.54506871244548,0,8.10603234017084e-12,20.384480903736,1,0,15030.1235607483,-15030.1235607483,1.54506871244548,1.5418159808907,1.5418159808907,0,-4.23118534965502e-99,0.00325273155478389,1.54506871244548,0,267.161443506003,60.6481711487664,4.18383313818513e-10,1,0.986611166637817,0,0,0,0,0,0
54.36,9500,1.54506871244548,9500,9500,1.54506871244548,1.54506871244548,0,8.10603234017084e-12,20.384480903736,1,0,15030.1235607483,-15030.1235607483,1.54506871244548,1.5418159808907,1.5418159808907,0,-3.29525046363158e-99,0.00325273155478389,1.54506871244548,0,267.161443506003,60.6481711487664,4.18383313818513e-10,1,0.986611166637817,0,0,0,0,0,0
54.375,9500,1.54506871244548,9500,9500,1.54506871244548,1.54506871244548,0,8.10603234017084e-12,20.384480903736,1,0,15030.1235607483,-15030.1235607483,1.54506871244548,1.5418159808907,1.5418159808907,0,-2.56634364149269e-99,0.00325273155478389,1.54506871244548,0,267.161443506003,60.6481711487664,4.18383313818513e-10,1,0.986611166637817,0,0,0,0,0,0
54.39,9500,1.54506871244548,9500,9500,1.54506871244548,1.54506871244548,0,8.10603234017084e-12,20.384480903736,1,0,15030.1235607483,-15030.1235607483,1.54506871244548,1.5418159808907,1.5418159808907,0,-1.99867043762483e-99,0.00325273155478389,1.54506871244548,0,267.161443506003,60.6481711487664,4.18383313818513e-10,1,0.986611166637817,0,0,0,0,0,0
54.405,9500,1.54506871244548,9500,9500,1.54506871244548,1.54506871244548,0,8.10603234017084e-12,20.384480903736,1,0,15030.1235607483,-15030.1235607483,1.54506871244548,1.5418159808907,1.5418159808907,0,-1.55656610192388e-99,0.00325273155478389,1.54506871244548,0,267.161443506003,60.6481711487664,4.18383313818513e-10,1,0.986611166637817,0,0,0,0,0,0
54.42,9500,1.54506871244548,9500,9500,1.54506871244548,1.54506871244548,0,8.10603234017084e-12,20.384480903736,1,0,15030.1235607483,-15030.1235607483,1.54506871244548,1.5418159808907,1.5418159808907,0,-1.21225489908072e-99,0.00325273155478389,1.54506871244548,0,267.161443506003,60.6481711487664,4.18383313818513e-10,1,0.986611166637817,0,0,0,0,0,0
54.435,9500,1.54506871244548,9500,9500,1.54506871244548,1.54506871244548,0,8.10603234017084e-12,20.384480903736,1,0,15030.1235607483,-15030.1235607483,1.54506871244548,1.5418159808907,1.5418159808907,0,-9.44105064686214e-100,0.00325273155478389,1.54506871244548,0,267.161443506003,60.6481711487664,4.18383313818513e-10,1,0.986611166637817,0,0,0,0,0,0
54.45,9500,1.54506871244548,9500,9500,1.54506871244548,1.54506871244548,0,8.10603234017084e-12,20.384480903736,1,0,15030.1235607483,-15030.1235607483,1.54506871244548,1.5418159808907,1.5418159808907,0,-7.35269763679303e-100,0.00325273155478389,1.54506871244548,0,267.161443506003,60.6481711487664,4.18383313818513e-10,1,0.986611166637817,0,0,0,0,0,0
54.465,9500,1.54506871244548,9500,9500,1.54506871244548,1.54506871244548,0,8.10603234017084e-12,20.384480903736,1,0,15030.1235607483,-15030.1235607483,1.54506871244548,1.5418159808907,1.5418159808907,0,-5.72628667722168e-100,0.00325273155478389,1.54506871244548,0,267.161443506003,60.6481711487664,4.18383313818513e-10,1,0.986611166637817,0,0,0,0,0,0
54.48,9500,1.54506871244548,9500,9500,1.54506871244548,1.54506871244548,0,8.10603234017084e-12,20.384480903736,1,0,15030.1235607483,-15030.1235607483,1.54506871244548,1.5418159808907,1.5418159808907,0,-4.4596365483116e-100,0.00325273155478389,1.54506871244548,0,267.161443506003,60.6481711487664,4.18383313818513e-10,1,0.986611166637817,0,0,0,0,0,0
54.495,9500,1.54506871244548,9500,9500,1.54506871244548,1.54506871244548,0,8.10603234017084e-12,20.384480903736,1,0,15030.1235607483,-15030.1235607483,1.54506871244548,1.5418159808907,1.5418159808907,0,-3.47316843603893e-100,0.00325273155478389,1.54506871244548,0,267.161443506003,60.6481711487664,4.18383313818513e-10,1,0.986611166637817,0,0,0,0,0,0
54.51,9500,1.54506871244548,9500,9500,1.54506871244548,1.54506871244548,0,8.10603234017084e-12,20.384480903736,1,0,15030.1235607483,-15030.1235607483,1.54506871244548,1.5418159808907,1.5418159808907,0,-2.704906297726e-100,0.00325273155478389,1.54506871244548,0,267.161443506003,60.6481711487664,4.18383313818513e-10,1,0.986611166637817,0,0,0,0,0,0
54.525,9500,1.54506871244548,9500,9500,1.54506871244548,1.54506871244548,0,8.10603234017084e-12,20.384480903736,1,0,15030.1235607483,-15030.1235607483,1.54506871244548,1.5418159808907,1.5418159808907,0,-2.10658314280379e-100,0.00325273155478389,1.54506871244548,0,267.161443506003,60.6481711487664,4.18383313818513e-10,1,0.986611166637817,0,0,0,0,0,0
54.54,9500,1.54506871244548,9500,9500,1.54506871244548,1.54506871244548,0,8.10603234017084e-12,20.384480903736,1,0,15030.1235607483,-15030.1235607483,1.54506871244548,1.5418159808907,1.5418159808907,0,-1.64060860122061e-100,0.00325273155478389,1.54506871244548,0,267.161443506003,60.6481711487664,4.18383313818513e-10,1,0.986611166637817,0,0,0,0,0,0
54.555,9500,1.54506871244548,9500,9500,1.54506871244548,1.54506871244548,0,8.10603234017084e-12,20.384480903736,1,0,15030.1235607483,-15030.1235607483,1.54506871244548,1.5418159808907,1.5418159808907,0,-1.27770726334429e-100,0.00325273155478389,1.54506871244548,0,267.161443506003,60.6481711487664,4.18383313818513e-10,1,0.986611166637817,0,0,0,0,0,0
54.57,9500,1.54506871244548,9500,9500,1.54506871244548,1.54506871244548,0,8.10603234017084e-12,20.384480903736,1,0,15030.1235607483,-15030.1235607483,1.54506871244548,1.5418159808907,1.5418159808907,0,-9.95079417228557e-101,0.00325273155478389,1.54506871244548,0,267.161443506003,60.6481711487664,4.18383313818513e-10,1,0.986611166637817,0,0,0,0,0,0
54.585,9500,1.54506871244548,9500,9500,1.54506871244548,1.54506871244548,0,8.10603234017084e-12,20.384480903736,1,0,15030.1235607483,-15030.1235607483,1.54506871244548,1.5418159808907,1.5418159808907,0,-7.74968629355838e-101,0.00325273155478389,1.54506871244548,0,267.161443506003,60.6481711487664,4.18383313818513e-10,1,0.986611166637817,0,0,0,0,0,0
54.6,9500,1.54506871244548,9500,9500,1.54506871244548,1.54506871244548,0,8.10603234017084e-12,20.384480903736,1,0,15030.1235607483,-15030.1235607483,1.54506871244548,1.5418159808907,1.5418159808907,0,-6.035461753981e-101,0.00325273155478389,1.54506871244548,0,267.161443506003,60.6481711487664,4.18383313818513e-10,1,0.986611166637817,0,0,0,0,0,0
54.615,9500,1.54506871244548,9500,9500,1.54506871244548,1.54506871244548,0,8.10603234017084e-12,20.384480903736,1,0,15030.1235607483,-15030.1235607483,1.54506871244548,1.5418159808907,1.5418159808907,0,-4.70042234019792e-101,0.00325273155478389,1.54506871244548,0,267.161443506003,60.6481711487664,4.18383313818513e-10,1,0.986611166637817,0,0,0,0,0,0
54.63,9500,1.54506871244548,9500,9500,1.54506871244548,1.54506871244548,0,8.10603234017084e-12,20.384480903736,1,0,15030.1235607483,-15030.1235607483,1.54506871244548,1.5418159808907,1.5418159808907,0,-3.66069259931246e-101,0.00325273155478389,1.54506871244548,0,267.161443506003,60.6481711487664,4.18383313818513e-10,1,0.986611166637817,0,0,0,0,0,0
54.645,9500,1.54506871244548,9500,9500,1.54506871244548,1.54506871244548,0,8.10603234017084e-12,20.384480903736,1,0,15030.1235607483,-15030.1235607483,1.54506871244548,1.5418159808907,1.5418159808907,0,-2.85095026292824e-101,0.00325273155478389,1.54506871244548,0,267.161443506003,60.6481711487664,4.18383313818513e-10,1,0.986611166637817,0,0,0,0,0,0
54.66,9500,1.54506871244548,9500,9500,1.54506871244548,1.54506871244548,0,8.10603234017084e-12,20.384480903736,1,0,15030.1235607483,-15030.1235607483,1.54506871244548,1.5418159808907,1.5418159808907,0,-2.22032229726614e-101,0.00325273155478389,1.54506871244548,0,267.161443506003,60.6481711487664,4.18383313818513e-10,1,0.986611166637817,0,0,0,0,0,0
54.675,9500,1.54506871244548,9500,9500,1.54506871244548,1.54506871244548,0,8.10603234017084e-12,20.384480903736,1,0,15030.1235607483,-15030.1235607483,1.54506871244548,1.5418159808907,1.5418159808907,0,-1.72918874378177e-101,0.00325273155478389,1.54506871244548,0,267.161443506003,60.6481711487664,4.18383313818513e-10,1,0.986611166637817,0,0,0,0,0,0
54.69,9500,1.54506871244548,9500,9500,1.54506871244548,1.54506871244548,0,8.10603234017084e-12,20.384480903736,1,0,15030.1235607483,-15030.1235607483,1.54506871244548,1.5418159808907,1.5418159808907,0,-1.3466935477355e-101,0.00325273155478389,1.54506871244548,0,267.161443506003,60.6481711487664,4.18383313818513e-10,1,0.986611166637817,0,0,0,0,0,0
54.705,9500,1.54506871244548,9500,9500,1.54506871244548,1.54506871244548,0,8.10603234017084e-12,20.384480903736,1,0,15030.1235607483,-15030.1235607483,1.54506871244548,1.5418159808907,1.5418159808907,0,-1.04880598953362e-101,0.00325273155478389,1.54506871244548,0,267.161443506003,60.6481711487664,4.18383313818513e-10,1,0.986611166637817,0,0,0,0,0,0
54.72,9500,1.54506871244548,9500,9500,1.54506871244548,1.54506871244548,0,8.10603234017084e-12,20.384480903736,1,0,15030.1235607483,-15030.1235607483,1.54506871244548,1.5418159808907,1.5418159808907,0,-8.16810925938762e-102,0.00325273155478389,1.54506871244548,0,267.161443506003,60.6481711487664,4.18383313818513e-10,1,0.986611166637817,0,0,0,0,0,0
54.735,9500,1.54506871244548,9500,9500,1.54506871244548,1.54506871244548,0,8.10603234017084e-12,20.384480903736,1,0,15030.1235607483,-15030.1235607483,1.54506871244548,1.5418159808907,1.5418159808907,0,-6.36132988742387e-102,0.00325273155478389,1.54506871244548,0,267.161443506003,60.6481711487664,4.18383313818513e-10,1,0.986611166637817,0,0,0,0,0,0
54.75,9500,1.54506871244548,9500,9500,1.54506871244548,1.54506871244548,0,8.10603234017084e-12,20.384480903736,1,0,15030.1235607483,-15030.1235607483,1.54506871244548,1.5418159808907,1.5418159808907,0,-4.95420869770124e-102,0.00325273155478389,1.54506871244548,0,267.161443506003,60.6481711487664,4.18383313818513e-10,1,0.986611166637817,0,0,0,0,0,0
54.765,9500,1.54506871244548,9500,9500,1.54506871244548,1.54506871244548,0,8.10603234017084e-12,20.384480903736,1,0,15030.1235607483,-15030.1235607483,1.54506871244548,1.5418159808907,1.5418159808907,0,-3.85834161326889e-102,0.00325273155478389,1.54506871244548,0,267.161443506003,60.6481711487664,4.18383313818513e-10,1,0.986611166637817,0,0,0,0,0,0
54.78,9500,1.54506871244548,9500,9500,1.54506871244548,1.54506871244548,0,8.10603234017084e-12,20.384480903736,1,0,15030.1235607483,-15030.1235607483,1.54506871244548,1.5418159808907,1.5418159808907,0,-3.0048794697708e-102,0.00325273155478389,1.54506871244548,0,267.161443506003,60.6481711487664,4.18383313818513e-10,1,0.986611166637817,0,0,0,0,0,0
54.795,9500,1.54506871244548,9500,9500,1.54506871244548,1.54506871244548,0,8.10603234017084e-12,20.384480903736,1,0,15030.1235607483,-15030.1235607483,1.54506871244548,1.5418159808907,1.5418159808907,0,-2.34020248409269e-102,0.00325273155478389,1.54506871244548,0,267.161443506003,60.6481711487664,4.18383313818513e-10,1,0.986611166637817,0,0,0,0,0,0
54.81,9500,1.54506871244548,9500,9500,1.54506871244548,1.54506871244548,0,8.10603234017084e-12,20.384480903736,1,0,15030.1235607483,-15030.1235607483,1.54506871244548,1.5418159808907,1.5418159808907,0,-1.82255152715703e-102,0.00325273155478389,1.54506871244548,0,267.161443506003,60.6481711487664,4.18383313818513e-10,1,0.986611166637817,0,0,0,0,0,0
54.825,9500,1.54506871244548,9500,9500,1.54506871244548,1.54506871244548,0,8.10603234017084e-12,20.384480903736,1,0,15030.1235607483,-15030.1235607483,1.54506871244548,1.5418159808907,1.5418159808907,0,-1.41940455653788e-102,0.00325273155478389,1.54506871244548,0,267.161443506003,60.6481711487664,4.18383313818513e-10,1,0.986611166637817,0,0,0,0,0,0
54.84,9500,1.54506871244548,9500,9500,1.54506871244548,1.54506871244548,0,8.10603234017084e-12,20.384480903736,1,0,15030.1235607483,-15030.1235607483,1.54506871244548,1.5418159808907,1.5418159808907,0,-1.10543338012682e-102,0.00325273155478389,1.54506871244548,0,267.161443506003,60.6481711487664,4.18383313818513e-10,1,0.986611166637817,0,0,0,0,0,0
54.855,9500,1.54506871244548,9500,9500,1.54506871244548,1.54506871244548,0,8.10603234017084e-12,20.384480903736,1,0,15030.1235607483,-15030.1235607483,1.54506871244548,1.5418159808907,1.5418159808907,0,-8.60912382076039e-103,0.00325273155478389,1.54506871244548,0,267.161443506003,60.6481711487664,4.18383313818513e-10,1,0.986611166637817,0,0,0,0,0,0
54.87,9500,1.54506871244548,9500,9500,1.54506871244548,1.54506871244548,0,8.10603234017084e-12,20.384480903736,1,0,15030.1235607483,-15030.1235607483,1.54506871244548,1.5418159808907,1.5418159808907,0,-6.70479237316688e-103,0.00325273155478389,1.54506871244548,0,267.161443506003,60.6481711487664,4.18383313818513e-10,1,0.986611166637817,0,0,0,0,0,0
54.885,9500,1.54506871244548,9500,9500,1.54506871244548,1.54506871244548,0,8.10603234017084e-12,20.384480903736,1,0,15030.1235607483,-15030.1235607483,1.54506871244548,1.5418159808907,1.5418159808907,0,-5.22169755055355e-103,0.00325273155478389,1.54506871244548,0,267.161443506003,60.6481711487664,4.18383313818513e-10,1,0.986611166637817,0,0,0,0,0,0
54.9,9500,1.54506871244548,9500,9500,1.54506871244548,1.54506871244548,0,8.10603234017084e-12,20.384480903736,1,0,15030.1235607483,-15030.1235607483,1.54506871244548,1.5418159808907,1.5418159808907,0,-4.06666214133314e-103,0.00325273155478389,1.54506871244548,0,267.161443506003,60.6481711487664,4.18383313818513e-10,1,0.986611166637817,0,0,0,0,0,0
54.915,9500,1.54506871244548,9500,9500,1.54506871244548,1.54506871244548,0,8.10603234017084e-12,20.384480903736,1,0,15030.1235607483,-15030.1235607483,1.54506871244548,1.5418159808907,1.5418159808907,0,-3.16711966015708e-103,0.00325273155478389,1.54506871244548,0,267.161443506003,60.6481711487664,4.18383313818513e-10,1,0.986611166637817,0,0,0,0,0,0
54.93,9500,1.54506871244548,9500,9500,1.54506871244548,1.54506871244548,0,8.10603234017084e-12,20.384480903736,1,0,15030.1235607483,-15030.1235607483,1.54506871244548,1.5418159808907,1.5418159808907,0,-2.46655527141118e-103,0.00325273155478389,1.54506871244548,0,267.161443506003,60.6481711487664,4.18383313818513e-10,1,0.986611166637817,0,0,0,0,0,0
54.945,9500,1.54506871244548,9500,9500,1.54506871244548,1.54506871244548,0,8.10603234017084e-12,20.384480903736,1,0,15030.1235607483,-15030.1235607483,1.54506871244548,1.5418159808907,1.5418159808907,0,-1.92095517686393e-103,0.00325273155478389,1.54506871244548,0,267.161443506003,60.6481711487664,4.18383313818513e-10,1,0.986611166637817,0,0,0,0,0,0
54.96,9500,1.54506871244548,9500,9500,1.54506871244548,1.54506871244548,0,8.10603234017084e-12,20.384480903736,1,0,15030.1235607483,-15030.1235607483,1.54506871244548,1.5418159808907,1.5418159808907,0,-1.4960413959867e-103,0.00325273155478389,1.54506871244548,0,267.161443506003,60.6481711487664,4.18383313818513e-10,1,0.986611166637817,0,0,0,0,0,0
54.975,9500,1.54506871244548,9500,9500,1.54506871244548,1.54506871244548,0,8.10603234017084e-12,20.384480903736,1,0,15030.1235607483,-15030.1235607483,1.54506871244548,1.5418159808907,1.5418159808907,0,-1.16511821070168e-103,0.00325273155478389,1.54506871244548,0,267.161443506003,60.6481711487664,4.18383313818513e-10,1,0.986611166637817,0,0,0,0,0,0
54.99,9500,1.54506871244548,9500,9500,1.54506871244548,1.54506871244548,0,8.10603234017084e-12,20.384480903736,1,0,15030.1235607483,-15030.1235607483,1.54506871244548,1.5418159808907,1.5418159808907,0,-9.0739497486522e-104,0.00325273155478389,1.54506871244548,0,267.161443506003,60.6481711487664,4.18383313818513e-10,1,0.986611166637817,0,0,0,0,0,0
55.005,9500,1.54506871244548,9500,9500,1.54506871244548,1.54506871244548,0,8.10603234017084e-12,20.384480903736,1,0,15030.1235607483,-15030.1235607483,1.54506871244548,1.5418159808907,1.5418159808907,0,-7.06679916980091e-104,0.00325273155478389,1.54506871244548,0,267.161443506003,60.6481711487664,4.18383313818513e-10,1,0.986611166637817,0,0,0,0,0,0
55.02,9500,1.54506871244548,9500,9500,1.54506871244548,1.54506871244548,0,8.10603234017084e-12,20.384480903736,1,0,15030.1235607483,-15030.1235607483,1.54506871244548,1.5418159808907,1.5418159808907,0,-5.5036287272493e-104,0.00325273155478389,1.54506871244548,0,267.161443506003,60.6481711487664,4.18383313818513e-10,1,0.986611166637817,0,0,0,0,0,0
55.035,9500,1.54506871244548,9500,9500,1.54506871244548,1.54506871244548,0,8.10603234017084e-12,20.384480903736,1,0,15030.1235607483,-15030.1235607483,1.54506871244548,1.5418159808907,1.5418159808907,0,-4.28623036251604e-104,0.00325273155478389,1.54506871244548,0,267.161443506003,60.6481711487664,4.18383313818513e-10,1,0.986611166637817,0,0,0,0,0,0
55.05,9500,1.54506871244548,9500,9500,1.54506871244548,1.54506871244548,0,8.10603234017084e-12,20.384480903736,1,0,15030.1235607483,-15030.1235607483,1.54506871244548,1.5418159808907,1.5418159808907,0,-3.33811956275192e-104,0.00325273155478389,1.54506871244548,0,267.161443506003,60.6481711487664,4.18383313818513e-10,1,0.986611166637817,0,0,0,0,0,0
55.065,9500,1.54506871244548,9500,9500,1.54506871244548,1.54506871244548,0,8.10603234017084e-12,20.384480903736,1,0,15030.1235607483,-15030.1235607483,1.54506871244548,1.5418159808907,1.5418159808907,0,-2.59973012945717e-104,0.00325273155478389,1.54506871244548,0,267.161443506003,60.6481711487664,4.18383313818513e-10,1,0.986611166637817,0,0,0,0,0,0
55.08,9500,1.54506871244548,9500,9500,1.54506871244548,1.54506871244548,0,8.10603234017084e-12,20.384480903736,1,0,15030.1235607483,-15030.1235607483,1.54506871244548,1.5418159808907,1.5418159808907,0,-2.02467186059557e-104,0.00325273155478389,1.54506871244548,0,267.161443506003,60.6481711487664,4.18383313818513e-10,1,0.986611166637817,0,0,0,0,0,0
55.095,9500,1.54506871244548,9500,9500,1.54506871244548,1.54506871244548,0,8.10603234017084e-12,20.384480903736,1,0,15030.1235607483,-15030.1235607483,1.54506871244548,1.5418159808907,1.5418159808907,0,-1.57681603049447e-104,0.00325273155478389,1.54506871244548,0,267.161443506003,60.6481711487664,4.18383313818513e-10,1,0.986611166637817,0,0,0,0,0,0
55.11,9500,1.54506871244548,9500,9500,1.54506871244548,1.54506871244548,0,8.10603234017084e-12,20.384480903736,1,0,15030.1235607483,-15030.1235607483,1.54506871244548,1.5418159808907,1.5418159808907,0,-1.22802555930864e-104,0.00325273155478389,1.54506871244548,0,267.161443506003,60.6481711487664,4.18383313818513e-10,1,0.986611166637817,0,0,0,0,0,0
55.125,9500,1.54506871244548,9500,9500,1.54506871244548,1.54506871244548,0,8.10603234017084e-12,20.384480903736,1,0,15030.1235607483,-15030.1235607483,1.54506871244548,1.5418159808907,1.5418159808907,0,-9.56387267221266e-105,0.00325273155478389,1.54506871244548,0,267.161443506003,60.6481711487664,4.18383313818513e-10,1,0.986611166637817,0,0,0,0,0,0
55.14,9500,1.54506871244548,9500,9500,1.54506871244548,1.54506871244548,0,8.10603234017084e-12,20.384480903736,1,0,15030.1235607483,-15030.1235607483,1.54506871244548,1.5418159808907,1.5418159808907,0,-7.44835152631443e-105,0.00325273155478389,1.54506871244548,0,267.161443506003,60.6481711487664,4.18383313818513e-10,1,0.986611166637817,0,0,0,0,0,0
55.155,9500,1.54506871244548,9500,9500,1.54506871244548,1.54506871244548,0,8.10603234017084e-12,20.384480903736,1,0,15030.1235607483,-15030.1235607483,1.54506871244548,1.5418159808907,1.5418159808907,0,-5.80078200128477e-105,0.00325273155478389,1.54506871244548,0,267.161443506003,60.6481711487664,4.18383313818513e-10,1,0.986611166637817,0,0,0,0,0,0
55.17,9500,1.54506871244548,9500,9500,1.54506871244548,1.54506871244548,0,8.10603234017084e-12,20.384480903736,1,0,15030.1235607483,-15030.1235607483,1.54506871244548,1.5418159808907,1.5418159808907,0,-4.51765356502709e-105,0.00325273155478389,1.54506871244548,0,267.161443506003,60.6481711487664,4.18383313818513e-10,1,0.986611166637817,0,0,0,0,0,0
55.185,9500,1.54506871244548,9500,9500,1.54506871244548,1.54506871244548,0,8.10603234017084e-12,20.384480903736,1,0,15030.1235607483,-15030.1235607483,1.54506871244548,1.5418159808907,1.5418159808907,0,-3.51835213408842e-105,0.00325273155478389,1.54506871244548,0,267.161443506003,60.6481711487664,4.18383313818513e-10,1,0.986611166637817,0,0,0,0,0,0
55.2,9500,1.54506871244548,9500,9500,1.54506871244548,1.54506871244548,0,8.10603234017084e-12,20.384480903736,1,0,15030.1235607483,-15030.1235607483,1.54506871244548,1.5418159808907,1.5418159808907,0,-2.74009539714901e-105,0.00325273155478389,1.54506871244548,0,267.161443506003,60.6481711487664,4.18383313818513e-10,1,0.986611166637817,0,0,0,0,0,0
55.215,9500,1.54506871244548,9500,9500,1.54506871244548,1.54506871244548,0,8.10603234017084e-12,20.384480903736,1,0,15030.1235607483,-15030.1235607483,1.54506871244548,1.5418159808907,1.5418159808907,0,-2.13398844099e-105,0.00325273155478389,1.54506871244548,0,267.161443506003,60.6481711487664,4.18383313818513e-10,1,0.986611166637817,0,0,0,0,0,0
55.23,9500,1.54506871244548,9500,9500,1.54506871244548,1.54506871244548,0,8.10603234017084e-12,20.384480903736,1,0,15030.1235607483,-15030.1235607483,1.54506871244548,1.5418159808907,1.5418159808907,0,-1.66195186890834e-105,0.00325273155478389,1.54506871244548,0,267.161443506003,60.6481711487664,4.18383313818513e-10,1,0.986611166637817,0,0,0,0,0,0
55.245,9500,1.54506871244548,9500,9500,1.54506871244548,1.54506871244548,0,8.10603234017084e-12,20.384480903736,1,0,15030.1235607483,-15030.1235607483,1.54506871244548,1.5418159808907,1.5418159808907,0,-1.2943294169328e-105,0.00325273155478389,1.54506871244548,0,267.161443506003,60.6481711487664,4.18383313818513e-10,1,0.986611166637817,0,0,0,0,0,0
55.26,9500,1.54506871244548,9500,9500,1.54506871244548,1.54506871244548,0,8.10603234017084e-12,20.384480903736,1,0,15030.1235607483,-15030.1235607483,1.54506871244548,1.5418159808907,1.5418159808907,0,-1.00802476345962e-105,0.00325273155478389,1.54506871244548,0,267.161443506003,60.6481711487664,4.18383313818513e-10,1,0.986611166637817,0,0,0,0,0,0
55.275,9500,1.54506871244548,9500,9500,1.54506871244548,1.54506871244548,0,8.10603234017084e-12,20.384480903736,1,0,15030.1235607483,-15030.1235607483,1.54506871244548,1.5418159808907,1.5418159808907,0,-7.85050475137719e-106,0.00325273155478389,1.54506871244548,0,267.161443506003,60.6481711487664,4.18383313818513e-10,1,0.986611166637817,0,0,0,0,0,0
55.29,9500,1.54506871244548,9500,9500,1.54506871244548,1.54506871244548,0,8.10603234017084e-12,20.384480903736,1,0,15030.1235607483,-15030.1235607483,1.54506871244548,1.5418159808907,1.5418159808907,0,-6.11397924787834e-106,0.00325273155478389,1.54506871244548,0,267.161443506003,60.6481711487664,4.18383313818513e-10,1,0.986611166637817,0,0,0,0,0,0
55.305,9500,1.54506871244548,9500,9500,1.54506871244548,1.54506871244548,0,8.10603234017084e-12,20.384480903736,1,0,15030.1235607483,-15030.1235607483,1.54506871244548,1.5418159808907,1.5418159808907,0,-4.76157182592997e-106,0.00325273155478389,1.54506871244548,0,267.161443506003,60.6481711487664,4.18383313818513e-10,1,0.986611166637817,0,0,0,0,0,0
55.32,9500,1.54506871244548,9500,9500,1.54506871244548,1.54506871244548,0,8.10603234017084e-12,20.384480903736,1,0,15030.1235607483,-15030.1235607483,1.54506871244548,1.5418159808907,1.5418159808907,0,-3.708315866685e-106,0.00325273155478389,1.54506871244548,0,267.161443506003,60.6481711487664,4.18383313818513e-10,1,0.986611166637817,0,0,0,0,0,0
55.335,9500,1.54506871244548,9500,9500,1.54506871244548,1.54506871244548,0,8.10603234017084e-12,20.384480903736,1,0,15030.1235607483,-15030.1235607483,1.54506871244548,1.5418159808907,1.5418159808907,0,-2.88803930085039e-106,0.00325273155478389,1.54506871244548,0,267.161443506003,60.6481711487664,4.18383313818513e-10,1,0.986611166637817,0,0,0,0,0,0
55.35,9500,1.54506871244548,9500,9500,1.54506871244548,1.54506871244548,0,8.10603234017084e-12,20.384480903736,1,0,15030.1235607483,-15030.1235607483,1.54506871244548,1.5418159808907,1.5418159808907,0,-2.24920726904328e-106,0.00325273155478389,1.54506871244548,0,267.161443506003,60.6481711487664,4.18383313818513e-10,1,0.986611166637817,0,0,0,0,0,0
55.365,9500,1.54506871244548,9500,9500,1.54506871244548,1.54506871244548,0,8.10603234017084e-12,20.384480903736,1,0,15030.1235607483,-15030.1235607483,1.54506871244548,1.5418159808907,1.5418159808907,0,-1.7516843824208e-106,0.00325273155478389,1.54506871244548,0,267.161443506003,60.6481711487664,4.18383313818513e-10,1,0.986611166637817,0,0,0,0,0,0
55.38,9500,1.54506871244548,9500,9500,1.54506871244548,1.54506871244548,0,8.10603234017084e-12,20.384480903736,1,0,15030.1235607483,-15030.1235607483,1.54506871244548,1.5418159808907,1.5418159808907,0,-1.36421316872327e-106,0.00325273155478389,1.54506871244548,0,267.161443506003,60.6481711487664,4.18383313818513e-10,1,0.986611166637817,0,0,0,0,0,0
55.395,9500,1.54506871244548,9500,9500,1.54506871244548,1.54506871244548,0,8.10603234017084e-12,20.384480903736,1,0,15030.1235607483,-15030.1235607483,1.54506871244548,1.5418159808907,1.5418159808907,0,-1.06245028407801e-106,0.00325273155478389,1.54506871244548,0,267.161443506003,60.6481711487664,4.18383313818513e-10,1,0.986611166637817,0,0,0,0,0,0
55.41,9500,1.54506871244548,9500,9500,1.54506871244548,1.54506871244548,0,8.10603234017084e-12,20.384480903736,1,0,15030.1235607483,-15030.1235607483,1.54506871244548,1.5418159808907,1.5418159808907,0,-8.27437113214388e-107,0.00325273155478389,1.54506871244548,0,267.161443506003,60.6481711487664,4.18383313818513e-10,1,0.986611166637817,0,0,0,0,0,0
55.425,9500,1.54506871244548,9500,9500,1.54506871244548,1.54506871244548,0,8.10603234017084e-12,20.384480903736,1,0,15030.1235607483,-15030.1235607483,1.54506871244548,1.5418159808907,1.5418159808907,0,-6.44408671713708e-107,0.00325273155478389,1.54506871244548,0,267.161443506003,60.6481711487664,4.18383313818513e-10,1,0.986611166637817,0,0,0,0,0,0
55.44,9500,1.54506871244548,9500,9500,1.54506871244548,1.54506871244548,0,8.10603234017084e-12,20.384480903736,1,0,15030.1235607483,-15030.1235607483,1.54506871244548,1.5418159808907,1.5418159808907,0,-5.0186597814864e-107,0.00325273155478389,1.54506871244548,0,267.161443506003,60.6481711487664,4.18383313818513e-10,1,0.986611166637817,0,0,0,0,0,0
55.455,9500,1.54506871244548,9500,9500,1.54506871244548,1.54506871244548,0,8.10603234017084e-12,20.384480903736,1,0,15030.1235607483,-15030.1235607483,1.54506871244548,1.5418159808907,1.5418159808907,0,-3.90853616779057e-107,0.00325273155478389,1.54506871244548,0,267.161443506003,60.6481711487664,4.18383313818513e-10,1,0.986611166637817,0,0,0,0,0,0
55.47,9500,1.54506871244548,9500,9500,1.54506871244548,1.54506871244548,0,8.10603234017084e-12,20.384480903736,1,0,15030.1235607483,-15030.1235607483,1.54506871244548,1.5418159808907,1.5418159808907,0,-3.0439710281382e-107,0.00325273155478389,1.54506871244548,0,267.161443506003,60.6481711487664,4.18383313818513e-10,1,0.986611166637817,0,0,0,0,0,0
55.485,9500,1.54506871244548,9500,9500,1.54506871244548,1.54506871244548,0,8.10603234017084e-12,20.384480903736,1,0,15030.1235607483,-15030.1235607483,1.54506871244548,1.5418159808907,1.5418159808907,0,-2.3706470203607e-107,0.00325273155478389,1.54506871244548,0,267.161443506003,60.6481711487664,4.18383313818513e-10,1,0.986611166637817,0,0,0,0,0,0
55.5,9500,1.54506871244548,9500,9500,1.54506871244548,1.54506871244548,0,8.10603234017084e-12,20.384480903736,1,0,15030.1235607483,-15030.1235607483,1.54506871244548,1.5418159808907,1.5418159808907,0,-1.84626175584281e-107,0.00325273155478389,1.54506871244548,0,267.161443506003,60.6481711487664,4.18383313818513e-10,1,0.986611166637817,0,0,0,0,0,0
55.515,9500,1.54506871244548,9500,9500,1.54506871244548,1.54506871244548,0,8.10603234017084e-12,20.384480903736,1,0,15030.1235607483,-15030.1235607483,1.54506871244548,1.5418159808907,1.5418159808907,0,-1.43787010120517e-107,0.00325273155478389,1.54506871244548,0,267.161443506003,60.6481711487664,4.18383313818513e-10,1,0.986611166637817,0,0,0,0,0,0
55.53,9500,1.54506871244548,9500,9500,1.54506871244548,1.54506871244548,0,8.10603234017084e-12,20.384480903736,1,0,15030.1235607483,-15030.1235607483,1.54506871244548,1.5418159808907,1.5418159808907,0,-1.11981436077354e-107,0.00325273155478389,1.54506871244548,0,267.161443506003,60.6481711487664,4.18383313818513e-10,1,0.986611166637817,0,0,0,0,0,0
55.545,9500,1.54506871244548,9500,9500,1.54506871244548,1.54506871244548,0,8.10603234017084e-12,20.384480903736,1,0,15030.1235607483,-15030.1235607483,1.54506871244548,1.5418159808907,1.5418159808907,0,-8.7211230106504e-108,0.00325273155478389,1.54506871244548,0,267.161443506003,60.6481711487664,4.18383313818513e-10,1,0.986611166637817,0,0,0,0,0,0
55.56,9500,1.54506871244548,9500,9500,1.54506871244548,1.54506871244548,0,8.10603234017084e-12,20.384480903736,1,0,15030.1235607483,-15030.1235607483,1.54506871244548,1.5418159808907,1.5418159808907,0,-6.79201742995658e-108,0.00325273155478389,1.54506871244548,0,267.161443506003,60.6481711487664,4.18383313818513e-10,1,0.986611166637817,0,0,0,0,0,0
55.575,9500,1.54506871244548,9500,9500,1.54506871244548,1.54506871244548,0,8.10603234017084e-12,20.384480903736,1,0,15030.1235607483,-15030.1235607483,1.54506871244548,1.5418159808907,1.5418159808907,0,-5.28962849308482e-108,0.00325273155478389,1.54506871244548,0,267.161443506003,60.6481711487664,4.18383313818513e-10,1,0.986611166637817,0,0,0,0,0,0
55.59,9500,1.54506871244548,9500,9500,1.54506871244548,1.54506871244548,0,8.10603234017084e-12,20.384480903736,1,0,15030.1235607483,-15030.1235607483,1.54506871244548,1.5418159808907,1.5418159808907,0,-4.11956681257127e-108,0.00325273155478389,1.54506871244548,0,267.161443506003,60.6481711487664,4.18383313818513e-10,1,0.986611166637817,0,0,0,0,0,0
55.605,9500,1.54506871244548,9500,9500,1.54506871244548,1.54506871244548,0,8.10603234017084e-12,20.384480903736,1,0,15030.1235607483,-15030.1235607483,1.54506871244548,1.5418159808907,1.5418159808907,0,-3.20832185954548e-108,0.00325273155478389,1.54506871244548,0,267.161443506003,60.6481711487664,4.18383313818513e-10,1,0.986611166637817,0,0,0,0,0,0
55.62,9500,1.54506871244548,9500,9500,1.54506871244548,1.54506871244548,0,8.10603234017084e-12,20.384480903736,1,0,15030.1235607483,-15030.1235607483,1.54506871244548,1.5418159808907,1.5418159808907,0,-2.49864357655912e-108,0.00325273155478389,1.54506871244548,0,267.161443506003,60.6481711487664,4.18383313818513e-10,1,0.986611166637817,0,0,0,0,0,0
55.635,9500,1.54506871244548,9500,9500,1.54506871244548,1.54506871244548,0,8.10603234017084e-12,20.384480903736,1,0,15030.1235607483,-15030.1235607483,1.54506871244548,1.5418159808907,1.5418159808907,0,-1.94594557404058e-108,0.00325273155478389,1.54506871244548,0,267.161443506003,60.6481711487664,4.18383313818513e-10,1,0.986611166637817,0,0,0,0,0,0
55.65,9500,1.54506871244548,9500,9500,1.54506871244548,1.54506871244548,0,8.10603234017084e-12,20.384480903736,1,0,15030.1235607483,-15030.1235607483,1.54506871244548,1.5418159808907,1.5418159808907,0,-1.51550393687714e-108,0.00325273155478389,1.54506871244548,0,267.161443506003,60.6481711487664,4.18383313818513e-10,1,0.986611166637817,0,0,0,0,0,0
55.665,9500,1.54506871244548,9500,9500,1.54506871244548,1.54506871244548,0,8.10603234017084e-12,20.384480903736,1,0,15030.1235607483,-15030.1235607483,1.54506871244548,1.5418159808907,1.5418159808907,0,-1.18027565278771e-108,0.00325273155478389,1.54506871244548,0,267.161443506003,60.6481711487664,4.18383313818513e-10,1,0.986611166637817,0,0,0,0,0,0
55.68,9500,1.54506871244548,9500,9500,1.54506871244548,1.54506871244548,0,8.10603234017084e-12,20.384480903736,1,0,15030.1235607483,-15030.1235607483,1.54506871244548,1.5418159808907,1.5418159808907,0,-9.19199602631184e-109,0.00325273155478389,1.54506871244548,0,267.161443506003,60.6481711487664,4.18383313818513e-10,1,0.986611166637817,0,0,0,0,0,0
55.695,9500,1.54506871244548,9500,9500,1.54506871244548,1.54506871244548,0,8.10603234017084e-12,20.384480903736,1,0,15030.1235607483,-15030.1235607483,1.54506871244548,1.5418159808907,1.5418159808907,0,-7.1587337032809e-109,0.00325273155478389,1.54506871244548,0,267.161443506003,60.6481711487664,4.18383313818513e-10,1,0.986611166637817,0,0,0,0,0,0
55.71,9500,1.54506871244548,9500,9500,1.54506871244548,1.54506871244548,0,8.10603234017084e-12,20.384480903736,1,0,15030.1235607483,-15030.1235607483,1.54506871244548,1.5418159808907,1.5418159808907,0,-5.57522741391483e-109,0.00325273155478389,1.54506871244548,0,267.161443506003,60.6481711487664,4.18383313818513e-10,1,0.986611166637817,0,0,0,0,0,0
55.725,9500,1.54506871244548,9500,9500,1.54506871244548,1.54506871244548,0,8.10603234017084e-12,20.384480903736,1,0,15030.1235607483,-15030.1235607483,1.54506871244548,1.5418159808907,1.5418159808907,0,-4.34199147575803e-109,0.00325273155478389,1.54506871244548,0,267.161443506003,60.6481711487664,4.18383313818513e-10,1,0.986611166637817,0,0,0,0,0,0
55.74,9500,1.54506871244548,9500,9500,1.54506871244548,1.54506871244548,0,8.10603234017084e-12,20.384480903736,1,0,15030.1235607483,-15030.1235607483,1.54506871244548,1.5418159808907,1.5418159808907,0,-3.38154636140972e-109,0.00325273155478389,1.54506871244548,0,267.161443506003,60.6481711487664,4.18383313818513e-10,1,0.986611166637817,0,0,0,0,0,0
55.755,9500,1.54506871244548,9500,9500,1.54506871244548,1.54506871244548,0,8.10603234017084e-12,20.384480903736,1,0,15030.1235607483,-15030.1235607483,1.54506871244548,1.5418159808907,1.5418159808907,0,-2.63355095425815e-109,0.00325273155478389,1.54506871244548,0,267.161443506003,60.6481711487664,4.18383313818513e-10,1,0.986611166637817,0,0,0,0,0,0
55.77,9500,1.54506871244548,9500,9500,1.54506871244548,1.54506871244548,0,8.10603234017084e-12,20.384480903736,1,0,15030.1235607483,-15030.1235607483,1.54506871244548,1.5418159808907,1.5418159808907,0,-2.05101154543469e-109,0.00325273155478389,1.54506871244548,0,267.161443506003,60.6481711487664,4.18383313818513e-10,1,0.986611166637817,0,0,0,0,0,0
55.785,9500,1.54506871244548,9500,9500,1.54506871244548,1.54506871244548,0,8.10603234017084e-12,20.384480903736,1,0,15030.1235607483,-15030.1235607483,1.54506871244548,1.5418159808907,1.5418159808907,0,-1.59732939767303e-109,0.00325273155478389,1.54506871244548,0,267.161443506003,60.6481711487664,4.18383313818513e-10,1,0.986611166637817,0,0,0,0,0,0
55.8,9500,1.54506871244548,9500,9500,1.54506871244548,1.54506871244548,0,8.10603234017084e-12,20.384480903736,1,0,15030.1235607483,-15030.1235607483,1.54506871244548,1.5418159808907,1.5418159808907,0,-1.24400138573073e-109,0.00325273155478389,1.54506871244548,0,267.161443506003,60.6481711487664,4.18383313818513e-10,1,0.986611166637817,0,0,0,0,0,0
55.815,9500,1.54506871244548,9500,9500,1.54506871244548,1.54506871244548,0,8.10603234017084e-12,20.384480903736,1,0,15030.1235607483,-15030.1235607483,1.54506871244548,1.5418159808907,1.5418159808907,0,-9.68829253349007e-110,0.00325273155478389,1.54506871244548,0,267.161443506003,60.6481711487664,4.18383313818513e-10,1,0.986611166637817,0,0,0,0,0,0
55.83,9500,1.54506871244548,9500,9500,1.54506871244548,1.54506871244548,0,8.10603234017084e-12,20.384480903736,1,0,15030.1235607483,-15030.1235607483,1.54506871244548,1.5418159808907,1.5418159808907,0,-7.54524981170691e-110,0.00325273155478389,1.54506871244548,0,267.161443506003,60.6481711487664,4.18383313818513e-10,1,0.986611166637817,0,0,0,0,0,0
55.845,9500,1.54506871244548,9500,9500,1.54506871244548,1.54506871244548,0,8.10603234017084e-12,20.384480903736,1,0,15030.1235607483,-15030.1235607483,1.54506871244548,1.5418159808907,1.5418159808907,0,-5.87624646182671e-110,0.00325273155478389,1.54506871244548,0,267.161443506003,60.6481711487664,4.18383313818513e-10,1,0.986611166637817,0,0,0,0,0,0
55.86,9500,1.54506871244548,9500,9500,1.54506871244548,1.54506871244548,0,8.10603234017084e-12,20.384480903736,1,0,15030.1235607483,-15030.1235607483,1.54506871244548,1.5418159808907,1.5418159808907,0,-4.57642534599122e-110,0.00325273155478389,1.54506871244548,0,267.161443506003,60.6481711487664,4.18383313818513e-10,1,0.986611166637817,0,0,0,0,0,0
55.875,9500,1.54506871244548,9500,9500,1.54506871244548,1.54506871244548,0,8.10603234017084e-12,20.384480903736,1,0,15030.1235607483,-15030.1235607483,1.54506871244548,1.5418159808907,1.5418159808907,0,-3.56412364312578e-110,0.00325273155478389,1.54506871244548,0,267.161443506003,60.6481711487664,4.18383313818513e-10,1,0.986611166637817,0,0,0,0,0,0
55.89,9500,1.54506871244548,9500,9500,1.54506871244548,1.54506871244548,0,8.10603234017084e-12,20.384480903736,1,0,15030.1235607483,-15030.1235607483,1.54506871244548,1.5418159808907,1.5418159808907,0,-2.77574228422967e-110,0.00325273155478389,1.54506871244548,0,267.161443506003,60.6481711487664,4.18383313818513e-10,1,0.986611166637817,0,0,0,0,0,0
55.905,9500,1.54506871244548,9500,9500,1.54506871244548,1.54506871244548,0,8.10603234017084e-12,20.384480903736,1,0,15030.1235607483,-15030.1235607483,1.54506871244548,1.5418159808907,1.5418159808907,0,-2.16175026456248e-110,0.00325273155478389,1.54506871244548,0,267.161443506003,60.6481711487664,4.18383313818513e-10,1,0.986611166637817,0,0,0,0,0,0
55.92,9500,1.54506871244548,9500,9500,1.54506871244548,1.54506871244548,0,8.10603234017084e-12,20.384480903736,1,0,15030.1235607483,-15030.1235607483,1.54506871244548,1.5418159808907,1.5418159808907,0,-1.68357279884607e-110,0.00325273155478389,1.54506871244548,0,267.161443506003,60.6481711487664,4.18383313818513e-10,1,0.986611166637817,0,0,0,0,0,0
55.935,9500,1.54506871244548,9500,9500,1.54506871244548,1.54506871244548,0,8.10603234017084e-12,20.384480903736,1,0,15030.1235607483,-15030.1235607483,1.54506871244548,1.5418159808907,1.5418159808907,0,-1.31116781409904e-110,0.00325273155478389,1.54506871244548,0,267.161443506003,60.6481711487664,4.18383313818513e-10,1,0.986611166637817,0,0,0,0,0,0
55.95,9500,1.54506871244548,9500,9500,1.54506871244548,1.54506871244548,0,8.10603234017084e-12,20.384480903736,1,0,15030.1235607483,-15030.1235607483,1.54506871244548,1.5418159808907,1.5418159808907,0,-1.02113852035835e-110,0.00325273155478389,1.54506871244548,0,267.161443506003,60.6481711487664,4.18383313818513e-10,1,0.986611166637817,0,0,0,0,0,0
55.965,9500,1.54506871244548,9500,9500,1.54506871244548,1.54506871244548,0,8.10603234017084e-12,20.384480903736,1,0,15030.1235607483,-15030.1235607483,1.54506871244548,1.5418159808907,1.5418159808907,0,-7.95263479279461e-111,0.00325273155478389,1.54506871244548,0,267.161443506003,60.6481711487664,4.18383313818513e-10,1,0.986611166637817,0,0,0,0,0,0
55.98,9500,1.54506871244548,9500,9500,1.54506871244548,1.54506871244548,0,8.10603234017084e-12,20.384480903736,1,0,15030.1235607483,-15030.1235607483,1.54506871244548,1.5418159808907,1.5418159808907,0,-6.19351820410934e-111,0.00325273155478389,1.54506871244548,0,267.161443506003,60.6481711487664,4.18383313818513e-10,1,0.986611166637817,0,0,0,0,0,0
55.995,9500,1.54506871244548,9500,9500,1.54506871244548,1.54506871244548,0,8.10603234017084e-12,20.384480903736,1,0,15030.1235607483,-15030.1235607483,1.54506871244548,1.5418159808907,1.5418159808907,0,-4.82351682732736e-111,0.00325273155478389,1.54506871244548,0,267.161443506003,60.6481711487664,4.18383313818513e-10,1,0.986611166637817,0,0,0,0,0,0
56.01,9500,1.54506871244548,9500,9500,1.54506871244548,1.54506871244548,0,8.10603234017084e-12,20.384480903736,1,0,15030.1235607483,-15030.1235607483,1.54506871244548,1.5418159808907,1.5418159808907,0,-3.75655868228065e-111,0.00325273155478389,1.54506871244548,0,267.161443506003,60.6481711487664,4.18383313818513e-10,1,0.986611166637817,0,0,0,0,0,0
56.025,9500,1.54506871244548,9500,9500,1.54506871244548,1.54506871244548,0,8.10603234017084e-12,20.384480903736,1,0,15030.1235607483,-15030.1235607483,1.54506871244548,1.5418159808907,1.5418159808907,0,-2.92561084341385e-111,0.00325273155478389,1.54506871244548,0,267.161443506003,60.6481711487664,4.18383313818513e-10,1,0.986611166637817,0,0,0,0,0,0
56.04,9500,1.54506871244548,9500,9500,1.54506871244548,1.54506871244548,0,8.10603234017084e-12,20.384480903736,1,0,15030.1235607483,-15030.1235607483,1.54506871244548,1.5418159808907,1.5418159808907,0,-2.2784680158129e-111,0.00325273155478389,1.54506871244548,0,267.161443506003,60.6481711487664,4.18383313818513e-10,1,0.986611166637817,0,0,0,0,0,0
56.055,9500,1.54506871244548,9500,9500,1.54506871244548,1.54506871244548,0,8.10603234017084e-12,20.384480903736,1,0,15030.1235607483,-15030.1235607483,1.54506871244548,1.5418159808907,1.5418159808907,0,-1.77447267491824e-111,0.00325273155478389,1.54506871244548,0,267.161443506003,60.6481711487664,4.18383313818513e-10,1,0.986611166637817,0,0,0,0,0,0
56.07,9500,1.54506871244548,9500,9500,1.54506871244548,1.54506871244548,0,8.10603234017084e-12,20.384480903736,1,0,15030.1235607483,-15030.1235607483,1.54506871244548,1.5418159808907,1.5418159808907,0,-1.38196070876513e-111,0.00325273155478389,1.54506871244548,0,267.161443506003,60.6481711487664,4.18383313818513e-10,1,0.986611166637817,0,0,0,0,0,0
56.085,9500,1.54506871244548,9500,9500,1.54506871244548,1.54506871244548,0,8.10603234017084e-12,20.384480903736,1,0,15030.1235607483,-15030.1235607483,1.54506871244548,1.5418159808907,1.5418159808907,0,-1.0762720821602e-111,0.00325273155478389,1.54506871244548,0,267.161443506003,60.6481711487664,4.18383313818513e-10,1,0.986611166637817,0,0,0,0,0,0
56.1,9500,1.54506871244548,9500,9500,1.54506871244548,1.54506871244548,0,8.10603234017084e-12,20.384480903736,1,0,15030.1235607483,-15030.1235607483,1.54506871244548,1.5418159808907,1.5418159808907,0,-8.38201540384255e-112,0.00325273155478389,1.54506871244548,0,267.161443506003,60.6481711487664,4.18383313818513e-10,1,0.986611166637817,0,0,0,0,0,0
56.115,9500,1.54506871244548,9500,9500,1.54506871244548,1.54506871244548,0,8.10603234017084e-12,20.384480903736,1,0,15030.1235607483,-15030.1235607483,1.54506871244548,1.5418159808907,1.5418159808907,0,-6.52792016022916e-112,0.00325273155478389,1.54506871244548,0,267.161443506003,60.6481711487664,4.18383313818513e-10,1,0.986611166637817,0,0,0,0,0,0
56.13,9500,1.54506871244548,9500,9500,1.54506871244548,1.54506871244548,0,8.10603234017084e-12,20.384480903736,1,0,15030.1235607483,-15030.1235607483,1.54506871244548,1.5418159808907,1.5418159808907,0,-5.08394933261408e-112,0.00325273155478389,1.54506871244548,0,267.161443506003,60.6481711487664,4.18383313818513e-10,1,0.986611166637817,0,0,0,0,0,0
56.145,9500,1.54506871244548,9500,9500,1.54506871244548,1.54506871244548,0,8.10603234017084e-12,20.384480903736,1,0,15030.1235607483,-15030.1235607483,1.54506871244548,1.5418159808907,1.5418159808907,0,-3.95938372133519e-112,0.00325273155478389,1.54506871244548,0,267.161443506003,60.6481711487664,4.18383313818513e-10,1,0.986611166637817,0,0,0,0,0,0
56.16,9500,1.54506871244548,9500,9500,1.54506871244548,1.54506871244548,0,8.10603234017084e-12,20.384480903736,1,0,15030.1235607483,-15030.1235607483,1.54506871244548,1.5418159808907,1.5418159808907,0,-3.08357114265602e-112,0.00325273155478389,1.54506871244548,0,267.161443506003,60.6481711487664,4.18383313818513e-10,1,0.986611166637817,0,0,0,0,0,0
56.175,9500,1.54506871244548,9500,9500,1.54506871244548,1.54506871244548,0,8.10603234017084e-12,20.384480903736,1,0,15030.1235607483,-15030.1235607483,1.54506871244548,1.5418159808907,1.5418159808907,0,-2.4014876205569e-112,0.00325273155478389,1.54506871244548,0,267.161443506003,60.6481711487664,4.18383313818513e-10,1,0.986611166637817,0,0,0,0,0,0
56.19,9500,1.54506871244548,9500,9500,1.54506871244548,1.54506871244548,0,8.10603234017084e-12,20.384480903736,1,0,15030.1235607483,-15030.1235607483,1.54506871244548,1.5418159808907,1.5418159808907,0,-1.87028043942599e-112,0.00325273155478389,1.54506871244548,0,267.161443506003,60.6481711487664,4.18383313818513e-10,1,0.986611166637817,0,0,0,0,0,0
56.205,9500,1.54506871244548,9500,9500,1.54506871244548,1.54506871244548,0,8.10603234017084e-12,20.384480903736,1,0,15030.1235607483,-15030.1235607483,1.54506871244548,1.5418159808907,1.5418159808907,0,-1.4565758707881e-112,0.00325273155478389,1.54506871244548,0,267.161443506003,60.6481711487664,4.18383313818513e-10,1,0.986611166637817,0,0,0,0,0,0
56.22,9500,1.54506871244548,9500,9500,1.54506871244548,1.54506871244548,0,8.10603234017084e-12,20.384480903736,1,0,15030.1235607483,-15030.1235607483,1.54506871244548,1.5418159808907,1.5418159808907,0,-1.13438242877268e-112,0.00325273155478389,1.54506871244548,0,267.161443506003,60.6481711487664,4.18383313818513e-10,1,0.986611166637817,0,0,0,0,0,0
56.235,9500,1.54506871244548,9500,9500,1.54506871244548,1.54506871244548,0,8.10603234017084e-12,20.384480903736,1,0,15030.1235607483,-15030.1235607483,1.54506871244548,1.5418159808907,1.5418159808907,0,-8.83457923830607e-113,0.00325273155478389,1.54506871244548,0,267.161443506003,60.6481711487664,4.18383313818513e-10,1,0.986611166637817,0,0,0,0,0,0
56.25,9500,1.54506871244548,9500,9500,1.54506871244548,1.54506871244548,0,8.10603234017084e-12,20.384480903736,1,0,15030.1235607483,-15030.1235607483,1.54506871244548,1.5418159808907,1.5418159808907,0,-6.88037722889915e-113,0.00325273155478389,1.54506871244548,0,267.161443506003,60.6481711487664,4.18383313818513e-10,1,0.986611166637817,0,0,0,0,0,0
56.265,9500,1.54506871244548,9500,9500,1.54506871244548,1.54506871244548,0,8.10603234017084e-12,20.384480903736,1,0,15030.1235607483,-15030.1235607483,1.54506871244548,1.5418159808907,1.5418159808907,0,-5.35844317369332e-113,0.00325273155478389,1.54506871244548,0,267.161443506003,60.6481711487664,4.18383313818513e-10,1,0.986611166637817,0,0,0,0,0,0
56.28,9500,1.54506871244548,9500,9500,1.54506871244548,1.54506871244548,0,8.10603234017084e-12,20.384480903736,1,0,15030.1235607483,-15030.1235607483,1.54506871244548,1.5418159808907,1.5418159808907,0,-4.17315973971598e-113,0.00325273155478389,1.54506871244548,0,267.161443506003,60.6481711487664,4.18383313818513e-10,1,0.986611166637817,0,0,0,0,0,0
56.295,9500,1.54506871244548,9500,9500,1.54506871244548,1.54506871244548,0,8.10603234017084e-12,20.384480903736,1,0,15030.1235607483,-15030.1235607483,1.54506871244548,1.5418159808907,1.5418159808907,0,-3.25006007317287e-113,0.00325273155478389,1.54506871244548,0,267.161443506003,60.6481711487664,4.18383313818513e-10,1,0.986611166637817,0,0,0,0,0,0
56.31,9500,1.54506871244548,9500,9500,1.54506871244548,1.54506871244548,0,8.10603234017084e-12,20.384480903736,1,0,15030.1235607483,-15030.1235607483,1.54506871244548,1.5418159808907,1.5418159808907,0,-2.53114933001613e-113,0.00325273155478389,1.54506871244548,0,267.161443506003,60.6481711487664,4.18383313818513e-10,1,0.986611166637817,0,0,0,0,0,0
56.325,9500,1.54506871244548,9500,9500,1.54506871244548,1.54506871244548,0,8.10603234017084e-12,20.384480903736,1,0,15030.1235607483,-15030.1235607483,1.54506871244548,1.5418159808907,1.5418159808907,0,-1.97126108028723e-113,0.00325273155478389,1.54506871244548,0,267.161443506003,60.6481711487664,4.18383313818513e-10,1,0.986611166637817,0,0,0,0,0,0
56.34,9500,1.54506871244548,9500,9500,1.54506871244548,1.54506871244548,0,8.10603234017084e-12,20.384480903736,1,0,15030.1235607483,-15030.1235607483,1.54506871244548,1.5418159808907,1.5418159808907,0,-1.53521967296588e-113,0.00325273155478389,1.54506871244548,0,267.161443506003,60.6481711487664,4.18383313818513e-10,1,0.986611166637817,0,0,0,0,0,0
56.355,9500,1.54506871244548,9500,9500,1.54506871244548,1.54506871244548,0,8.10603234017084e-12,20.384480903736,1,0,15030.1235607483,-15030.1235607483,1.54506871244548,1.5418159808907,1.5418159808907,0,-1.19563028349245e-113,0.00325273155478389,1.54506871244548,0,267.161443506003,60.6481711487664,4.18383313818513e-10,1,0.986611166637817,0,0,0,0,0,0
56.37,9500,1.54506871244548,9500,9500,1.54506871244548,1.54506871244548,0,8.10603234017084e-12,20.384480903736,1,0,15030.1235607483,-15030.1235607483,1.54506871244548,1.5418159808907,1.5418159808907,0,-9.31157801047806e-114,0.00325273155478389,1.54506871244548,0,267.161443506003,60.6481711487664,4.18383313818513e-10,1,0.986611166637817,0,0,0,0,0,0
56.385,9500,1.54506871244548,9500,9500,1.54506871244548,1.54506871244548,0,8.10603234017084e-12,20.384480903736,1,0,15030.1235607483,-15030.1235607483,1.54506871244548,1.5418159808907,1.5418159808907,0,-7.25186424619079e-114,0.00325273155478389,1.54506871244548,0,267.161443506003,60.6481711487664,4.18383313818513e-10,1,0.986611166637817,0,0,0,0,0,0
56.4,9500,1.54506871244548,9500,9500,1.54506871244548,1.54506871244548,0,8.10603234017084e-12,20.384480903736,1,0,15030.1235607483,-15030.1235607483,1.54506871244548,1.5418159808907,1.5418159808907,0,-5.64775755366091e-114,0.00325273155478389,1.54506871244548,0,267.161443506003,60.6481711487664,4.18383313818513e-10,1,0.986611166637817,0,0,0,0,0,0
56.415,9500,1.54506871244548,9500,9500,1.54506871244548,1.54506871244548,0,8.10603234017084e-12,20.384480903736,1,0,15030.1235607483,-15030.1235607483,1.54506871244548,1.5418159808907,1.5418159808907,0,-4.39847800538856e-114,0.00325273155478389,1.54506871244548,0,267.161443506003,60.6481711487664,4.18383313818513e-10,1,0.986611166637817,0,0,0,0,0,0
56.43,9500,1.54506871244548,9500,9500,1.54506871244548,1.54506871244548,0,8.10603234017084e-12,20.384480903736,1,0,15030.1235607483,-15030.1235607483,1.54506871244548,1.5418159808907,1.5418159808907,0,-3.42553811491896e-114,0.00325273155478389,1.54506871244548,0,267.161443506003,60.6481711487664,4.18383313818513e-10,1,0.986611166637817,0,0,0,0,0,0
56.445,9500,1.54506871244548,9500,9500,1.54506871244548,1.54506871244548,0,8.10603234017084e-12,20.384480903736,1,0,15030.1235607483,-15030.1235607483,1.54506871244548,1.5418159808907,1.5418159808907,0,-2.66781176633983e-114,0.00325273155478389,1.54506871244548,0,267.161443506003,60.6481711487664,4.18383313818513e-10,1,0.986611166637817,0,0,0,0,0,0
56.46,9500,1.54506871244548,9500,9500,1.54506871244548,1.54506871244548,0,8.10603234017084e-12,20.384480903736,1,0,15030.1235607483,-15030.1235607483,1.54506871244548,1.5418159808907,1.5418159808907,0,-2.07769389271257e-114,0.00325273155478389,1.54506871244548,0,267.161443506003,60.6481711487664,4.18383313818513e-10,1,0.986611166637817,0,0,0,0,0,0
56.475,9500,1.54506871244548,9500,9500,1.54506871244548,1.54506871244548,0,8.10603234017084e-12,20.384480903736,1,0,15030.1235607483,-15030.1235607483,1.54506871244548,1.5418159808907,1.5418159808907,0,-1.61810963062722e-114,0.00325273155478389,1.54506871244548,0,267.161443506003,60.6481711487664,4.18383313818513e-10,1,0.986611166637817,0,0,0,0,0,0
56.49,9500,1.54506871244548,9500,9500,1.54506871244548,1.54506871244548,0,8.10603234017084e-12,20.384480903736,1,0,15030.1235607483,-15030.1235607483,1.54506871244548,1.5418159808907,1.5418159808907,0,-1.26018504742786e-114,0.00325273155478389,1.54506871244548,0,267.161443506003,60.6481711487664,4.18383313818513e-10,1,0.986611166637817,0,0,0,0,0,0
56.505,9500,1.54506871244548,9500,9500,1.54506871244548,1.54506871244548,0,8.10603234017084e-12,20.384480903736,1,0,15030.1235607483,-15030.1235607483,1.54506871244548,1.5418159808907,1.5418159808907,0,-9.81433101751696e-115,0.00325273155478389,1.54506871244548,0,267.161443506003,60.6481711487664,4.18383313818513e-10,1,0.986611166637817,0,0,0,0,0,0
56.52,9500,1.54506871244548,9500,9500,1.54506871244548,1.54506871244548,0,8.10603234017084e-12,20.384480903736,1,0,15030.1235607483,-15030.1235607483,1.54506871244548,1.5418159808907,1.5418159808907,0,-7.64340868176418e-115,0.00325273155478389,1.54506871244548,0,267.161443506003,60.6481711487664,4.18383313818513e-10,1,0.986611166637817,0,0,0,0,0,0
56.535,9500,1.54506871244548,9500,9500,1.54506871244548,1.54506871244548,0,8.10603234017084e-12,20.384480903736,1,0,15030.1235607483,-15030.1235607483,1.54506871244548,1.5418159808907,1.5418159808907,0,-5.95269266669272e-115,0.00325273155478389,1.54506871244548,0,267.161443506003,60.6481711487664,4.18383313818513e-10,1,0.986611166637817,0,0,0,0,0,0
56.55,9500,1.54506871244548,9500,9500,1.54506871244548,1.54506871244548,0,8.10603234017084e-12,20.384480903736,1,0,15030.1235607483,-15030.1235607483,1.54506871244548,1.5418159808907,1.5418159808907,0,-4.6359617102037e-115,0.00325273155478389,1.54506871244548,0,267.161443506003,60.6481711487664,4.18383313818513e-10,1,0.986611166637817,0,0,0,0,0,0
56.565,9500,1.54506871244548,9500,9500,1.54506871244548,1.54506871244548,0,8.10603234017084e-12,20.384480903736,1,0,15030.1235607483,-15030.1235607483,1.54506871244548,1.5418159808907,1.5418159808907,0,-3.61049061019569e-115,0.00325273155478389,1.54506871244548,0,267.161443506003,60.6481711487664,4.18383313818513e-10,1,0.986611166637817,0,0,0,0,0,0
56.58,9500,1.54506871244548,9500,9500,1.54506871244548,1.54506871244548,0,8.10603234017084e-12,20.384480903736,1,0,15030.1235607483,-15030.1235607483,1.54506871244548,1.5418159808907,1.5418159808907,0,-2.81185291449236e-115,0.00325273155478389,1.54506871244548,0,267.161443506003,60.6481711487664,4.18383313818513e-10,1,0.986611166637817,0,0,0,0,0,0
56.595,9500,1.54506871244548,9500,9500,1.54506871244548,1.54506871244548,0,8.10603234017084e-12,20.384480903736,1,0,15030.1235607483,-15030.1235607483,1.54506871244548,1.5418159808907,1.5418159808907,0,-2.18987325168826e-115,0.00325273155478389,1.54506871244548,0,267.161443506003,60.6481711487664,4.18383313818513e-10,1,0.986611166637817,0,0,0,0,0,0
56.61,9500,1.54506871244548,9500,9500,1.54506871244548,1.54506871244548,0,8.10603234017084e-12,20.384480903736,1,0,15030.1235607483,-15030.1235607483,1.54506871244548,1.5418159808907,1.5418159808907,0,-1.70547500324194e-115,0.00325273155478389,1.54506871244548,0,267.161443506003,60.6481711487664,4.18383313818513e-10,1,0.986611166637817,0,0,0,0,0,0
56.625,9500,1.54506871244548,9500,9500,1.54506871244548,1.54506871244548,0,8.10603234017084e-12,20.384480903736,1,0,15030.1235607483,-15030.1235607483,1.54506871244548,1.5418159808907,1.5418159808907,0,-1.32822526803353e-115,0.00325273155478389,1.54506871244548,0,267.161443506003,60.6481711487664,4.18383313818513e-10,1,0.986611166637817,0,0,0,0,0,0
56.64,9500,1.54506871244548,9500,9500,1.54506871244548,1.54506871244548,0,8.10603234017084e-12,20.384480903736,1,0,15030.1235607483,-15030.1235607483,1.54506871244548,1.5418159808907,1.5418159808907,0,-1.03442287883974e-115,0.00325273155478389,1.54506871244548,0,267.161443506003,60.6481711487664,4.18383313818513e-10,1,0.986611166637817,0,0,0,0,0,0
56.655,9500,1.54506871244548,9500,9500,1.54506871244548,1.54506871244548,0,8.10603234017084e-12,20.384480903736,1,0,15030.1235607483,-15030.1235607483,1.54506871244548,1.5418159808907,1.5418159808907,0,-8.05609348067367e-116,0.00325273155478389,1.54506871244548,0,267.161443506003,60.6481711487664,4.18383313818513e-10,1,0.986611166637817,0,0,0,0,0,0
56.67,9500,1.54506871244548,9500,9500,1.54506871244548,1.54506871244548,0,8.10603234017084e-12,20.384480903736,1,0,15030.1235607483,-15030.1235607483,1.54506871244548,1.5418159808907,1.5418159808907,0,-6.27409191124509e-116,0.00325273155478389,1.54506871244548,0,267.161443506003,60.6481711487664,4.18383313818513e-10,1,0.986611166637817,0,0,0,0,0,0
56.685,9500,1.54506871244548,9500,9500,1.54506871244548,1.54506871244548,0,8.10603234017084e-12,20.384480903736,1,0,15030.1235607483,-15030.1235607483,1.54506871244548,1.5418159808907,1.5418159808907,0,-4.88626769353965e-116,0.00325273155478389,1.54506871244548,0,267.161443506003,60.6481711487664,4.18383313818513e-10,1,0.986611166637817,0,0,0,0,0,0
56.7,9500,1.54506871244548,9500,9500,1.54506871244548,1.54506871244548,0,8.10603234017084e-12,20.384480903736,1,0,15030.1235607483,-15030.1235607483,1.54506871244548,1.5418159808907,1.5418159808907,0,-3.80542910602518e-116,0.00325273155478389,1.54506871244548,0,267.161443506003,60.6481711487664,4.18383313818513e-10,1,0.986611166637817,0,0,0,0,0,0
56.715,9500,1.54506871244548,9500,9500,1.54506871244548,1.54506871244548,0,8.10603234017084e-12,20.384480903736,1,0,15030.1235607483,-15030.1235607483,1.54506871244548,1.5418159808907,1.5418159808907,0,-2.96367116769513e-116,0.00325273155478389,1.54506871244548,0,267.161443506003,60.6481711487664,4.18383313818513e-10,1,0.986611166637817,0,0,0,0,0,0
56.73,9500,1.54506871244548,9500,9500,1.54506871244548,1.54506871244548,0,8.10603234017084e-12,20.384480903736,1,0,15030.1235607483,-15030.1235607483,1.54506871244548,1.5418159808907,1.5418159808907,0,-2.30810942616711e-116,0.00325273155478389,1.54506871244548,0,267.161443506003,60.6481711487664,4.18383313818513e-10,1,0.986611166637817,0,0,0,0,0,0
56.745,9500,1.54506871244548,9500,9500,1.54506871244548,1.54506871244548,0,8.10603234017084e-12,20.384480903736,1,0,15030.1235607483,-15030.1235607483,1.54506871244548,1.5418159808907,1.5418159808907,0,-1.79755742851344e-116,0.00325273155478389,1.54506871244548,0,267.161443506003,60.6481711487664,4.18383313818513e-10,1,0.986611166637817,0,0,0,0,0,0
56.76,9500,1.54506871244548,9500,9500,1.54506871244548,1.54506871244548,0,8.10603234017084e-12,20.384480903736,1,0,15030.1235607483,-15030.1235607483,1.54506871244548,1.5418159808907,1.5418159808907,0,-1.39993913294209e-116,0.00325273155478389,1.54506871244548,0,267.161443506003,60.6481711487664,4.18383313818513e-10,1,0.986611166637817,0,0,0,0,0,0
56.775,9500,1.54506871244548,9500,9500,1.54506871244548,1.54506871244548,0,8.10603234017084e-12,20.384480903736,1,0,15030.1235607483,-15030.1235607483,1.54506871244548,1.5418159808907,1.5418159808907,0,-1.0902736929876e-116,0.00325273155478389,1.54506871244548,0,267.161443506003,60.6481711487664,4.18383313818513e-10,1,0.986611166637817,0,0,0,0,0,0
56.79,9500,1.54506871244548,9500,9500,1.54506871244548,1.54506871244548,0,8.10603234017084e-12,20.384480903736,1,0,15030.1235607483,-15030.1235607483,1.54506871244548,1.5418159808907,1.5418159808907,0,-8.49106005860896e-117,0.00325273155478389,1.54506871244548,0,267.161443506003,60.6481711487664,4.18383313818513e-10,1,0.986611166637817,0,0,0,0,0,0
56.805,9500,1.54506871244548,9500,9500,1.54506871244548,1.54506871244548,0,8.10603234017084e-12,20.384480903736,1,0,15030.1235607483,-15030.1235607483,1.54506871244548,1.5418159808907,1.5418159808907,0,-6.61284422275098e-117,0.00325273155478389,1.54506871244548,0,267.161443506003,60.6481711487664,4.18383313818513e-10,1,0.986611166637817,0,0,0,0,0,0
56.82,9500,1.54506871244548,9500,9500,1.54506871244548,1.54506871244548,0,8.10603234017084e-12,20.384480903736,1,0,15030.1235607483,-15030.1235607483,1.54506871244548,1.5418159808907,1.5418159808907,0,-5.15008825900768e-117,0.00325273155478389,1.54506871244548,0,267.161443506003,60.6481711487664,4.18383313818513e-10,1,0.986611166637817,0,0,0,0,0,0
56.835,9500,1.54506871244548,9500,9500,1.54506871244548,1.54506871244548,0,8.10603234017084e-12,20.384480903736,1,0,15030.1235607483,-15030.1235607483,1.54506871244548,1.5418159808907,1.5418159808907,0,-4.01089276900203e-117,0.00325273155478389,1.54506871244548,0,267.161443506003,60.6481711487664,4.18383313818513e-10,1,0.986611166637817,0,0,0,0,0,0
56.85,9500,1.54506871244548,9500,9500,1.54506871244548,1.54506871244548,0,8.10603234017084e-12,20.384480903736,1,0,15030.1235607483,-15030.1235607483,1.54506871244548,1.5418159808907,1.5418159808907,0,-3.12368642931422e-117,0.00325273155478389,1.54506871244548,0,267.161443506003,60.6481711487664,4.18383313818513e-10,1,0.986611166637817,0,0,0,0,0,0
56.865,9500,1.54506871244548,9500,9500,1.54506871244548,1.54506871244548,0,8.10603234017084e-12,20.384480903736,1,0,15030.1235607483,-15030.1235607483,1.54506871244548,1.5418159808907,1.5418159808907,0,-2.43272943721943e-117,0.00325273155478389,1.54506871244548,0,267.161443506003,60.6481711487664,4.18383313818513e-10,1,0.986611166637817,0,0,0,0,0,0
56.88,9500,1.54506871244548,9500,9500,1.54506871244548,1.54506871244548,0,8.10603234017084e-12,20.384480903736,1,0,15030.1235607483,-15030.1235607483,1.54506871244548,1.5418159808907,1.5418159808907,0,-1.89461159070735e-117,0.00325273155478389,1.54506871244548,0,267.161443506003,60.6481711487664,4.18383313818513e-10,1,0.986611166637817,0,0,0,0,0,0
56.895,9500,1.54506871244548,9500,9500,1.54506871244548,1.54506871244548,0,8.10603234017084e-12,20.384480903736,1,0,15030.1235607483,-15030.1235607483,1.54506871244548,1.5418159808907,1.5418159808907,0,-1.47552499045905e-117,0.00325273155478389,1.54506871244548,0,267.161443506003,60.6481711487664,4.18383313818513e-10,1,0.986611166637817,0,0,0,0,0,0
56.91,9500,1.54506871244548,9500,9500,1.54506871244548,1.54506871244548,0,8.10603234017084e-12,20.384480903736,1,0,15030.1235607483,-15030.1235607483,1.54506871244548,1.5418159808907,1.5418159808907,0,-1.14914001801093e-117,0.00325273155478389,1.54506871244548,0,267.161443506003,60.6481711487664,4.18383313818513e-10,1,0.986611166637817,0,0,0,0,0,0
56.925,9500,1.54506871244548,9500,9500,1.54506871244548,1.54506871244548,0,8.10603234017084e-12,20.384480903736,1,0,15030.1235607483,-15030.1235607483,1.54506871244548,1.5418159808907,1.5418159808907,0,-8.94951145885602e-118,0.00325273155478389,1.54506871244548,0,267.161443506003,60.6481711487664,4.18383313818513e-10,1,0.986611166637817,0,0,0,0,0,0
56.94,9500,1.54506871244548,9500,9500,1.54506871244548,1.54506871244548,0,8.10603234017084e-12,20.384480903736,1,0,15030.1235607483,-15030.1235607483,1.54506871244548,1.5418159808907,1.5418159808907,0,-6.96988653226358e-118,0.00325273155478389,1.54506871244548,0,267.161443506003,60.6481711487664,4.18383313818513e-10,1,0.986611166637817,0,0,0,0,0,0
56.955,9500,1.54506871244548,9500,9500,1.54506871244548,1.54506871244548,0,8.10603234017084e-12,20.384480903736,1,0,15030.1235607483,-15030.1235607483,1.54506871244548,1.5418159808907,1.5418159808907,0,-5.42815308924572e-118,0.00325273155478389,1.54506871244548,0,267.161443506003,60.6481711487664,4.18383313818513e-10,1,0.986611166637817,0,0,0,0,0,0
56.97,9500,1.54506871244548,9500,9500,1.54506871244548,1.54506871244548,0,8.10603234017084e-12,20.384480903736,1,0,15030.1235607483,-15030.1235607483,1.54506871244548,1.5418159808907,1.5418159808907,0,-4.22744987653603e-118,0.00325273155478389,1.54506871244548,0,267.161443506003,60.6481711487664,4.18383313818513e-10,1,0.986611166637817,0,0,0,0,0,0
56.985,9500,1.54506871244548,9500,9500,1.54506871244548,1.54506871244548,0,8.10603234017084e-12,20.384480903736,1,0,15030.1235607483,-15030.1235607483,1.54506871244548,1.5418159808907,1.5418159808907,0,-3.29234127424137e-118,0.00325273155478389,1.54506871244548,0,267.161443506003,60.6481711487664,4.18383313818513e-10,1,0.986611166637817,0,0,0,0,0,0
57,9500,1.54506871244548,9500,9500,1.54506871244548,1.54506871244548,0,8.10603234017084e-12,20.384480903736,1,0,15030.1235607483,-15030.1235607483,1.54506871244548,1.5418159808907,1.5418159808907,0,-2.56407796251749e-118,0.00325273155478389,1.54506871244548,0,267.161443506003,60.6481711487664,4.18383313818513e-10,1,0.986611166637817,0,0,0,0,0,0
57.015,9500,1.54506871244548,9500,9500,1.54506871244548,1.54506871244548,0,8.10603234017084e-12,20.384480903736,1,0,15030.1235607483,-15030.1235607483,1.54506871244548,1.5418159808907,1.5418159808907,0,-1.99690592506475e-118,0.00325273155478389,1.54506871244548,0,267.161443506003,60.6481711487664,4.18383313818513e-10,1,0.986611166637817,0,0,0,0,0,0
57.03,9500,1.54506871244548,9500,9500,1.54506871244548,1.54506871244548,0,8.10603234017084e-12,20.384480903736,1,0,15030.1235607483,-15030.1235607483,1.54506871244548,1.5418159808907,1.5418159808907,0,-1.55519189816036e-118,0.00325273155478389,1.54506871244548,0,267.161443506003,60.6481711487664,4.18383313818513e-10,1,0.986611166637817,0,0,0,0,0,0
57.045,9500,1.54506871244548,9500,9500,1.54506871244548,1.54506871244548,0,8.10603234017084e-12,20.384480903736,1,0,15030.1235607483,-15030.1235607483,1.54506871244548,1.5418159808907,1.5418159808907,0,-1.21118466811359e-118,0.00325273155478389,1.54506871244548,0,267.161443506003,60.6481711487664,4.18383313818513e-10,1,0.986611166637817,0,0,0,0,0,0
57.06,9500,1.54506871244548,9500,9500,1.54506871244548,1.54506871244548,0,8.10603234017084e-12,20.384480903736,1,0,15030.1235607483,-15030.1235607483,1.54506871244548,1.5418159808907,1.5418159808907,0,-9.43271567970944e-119,0.00325273155478389,1.54506871244548,0,267.161443506003,60.6481711487664,4.18383313818513e-10,1,0.986611166637817,0,0,0,0,0,0
57.075,9500,1.54506871244548,9500,9500,1.54506871244548,1.54506871244548,0,8.10603234017084e-12,20.384480903736,1,0,15030.1235607483,-15030.1235607483,1.54506871244548,1.5418159808907,1.5418159808907,0,-7.34620635784763e-119,0.00325273155478389,1.54506871244548,0,267.161443506003,60.6481711487664,4.18383313818513e-10,1,0.986611166637817,0,0,0,0,0,0
57.09,9500,1.54506871244548,9500,9500,1.54506871244548,1.54506871244548,0,8.10603234017084e-12,20.384480903736,1,0,15030.1235607483,-15030.1235607483,1.54506871244548,1.5418159808907,1.5418159808907,0,-5.72123126409587e-119,0.00325273155478389,1.54506871244548,0,267.161443506003,60.6481711487664,4.18383313818513e-10,1,0.986611166637817,0,0,0,0,0,0
57.105,9500,1.54506871244548,9500,9500,1.54506871244548,1.54506871244548,0,8.10603234017084e-12,20.384480903736,1,0,15030.1235607483,-15030.1235607483,1.54506871244548,1.5418159808907,1.5418159808907,0,-4.45569938861047e-119,0.00325273155478389,1.54506871244548,0,267.161443506003,60.6481711487664,4.18383313818513e-10,1,0.986611166637817,0,0,0,0,0,0
57.12,9500,1.54506871244548,9500,9500,1.54506871244548,1.54506871244548,0,8.10603234017084e-12,20.384480903736,1,0,15030.1235607483,-15030.1235607483,1.54506871244548,1.5418159808907,1.5418159808907,0,-3.47010217298061e-119,0.00325273155478389,1.54506871244548,0,267.161443506003,60.6481711487664,4.18383313818513e-10,1,0.986611166637817,0,0,0,0,0,0
57.135,9500,1.54506871244548,9500,9500,1.54506871244548,1.54506871244548,0,8.10603234017084e-12,20.384480903736,1,0,15030.1235607483,-15030.1235607483,1.54506871244548,1.5418159808907,1.5418159808907,0,-2.70251828965508e-119,0.00325273155478389,1.54506871244548,0,267.161443506003,60.6481711487664,4.18383313818513e-10,1,0.986611166637817,0,0,0,0,0,0
57.15,9500,1.54506871244548,9500,9500,1.54506871244548,1.54506871244548,0,8.10603234017084e-12,20.384480903736,1,0,15030.1235607483,-15030.1235607483,1.54506871244548,1.5418159808907,1.5418159808907,0,-2.10472336024817e-119,0.00325273155478389,1.54506871244548,0,267.161443506003,60.6481711487664,4.18383313818513e-10,1,0.986611166637817,0,0,0,0,0,0
57.165,9500,1.54506871244548,9500,9500,1.54506871244548,1.54506871244548,0,8.10603234017084e-12,20.384480903736,1,0,15030.1235607483,-15030.1235607483,1.54506871244548,1.5418159808907,1.5418159808907,0,-1.63916020110996e-119,0.00325273155478389,1.54506871244548,0,267.161443506003,60.6481711487664,4.18383313818513e-10,1,0.986611166637817,0,0,0,0,0,0
57.18,9500,1.54506871244548,9500,9500,1.54506871244548,1.54506871244548,0,8.10603234017084e-12,20.384480903736,1,0,15030.1235607483,-15030.1235607483,1.54506871244548,1.5418159808907,1.5418159808907,0,-1.27657924820392e-119,0.00325273155478389,1.54506871244548,0,267.161443506003,60.6481711487664,4.18383313818513e-10,1,0.986611166637817,0,0,0,0,0,0
57.195,9500,1.54506871244548,9500,9500,1.54506871244548,1.54506871244548,0,8.10603234017084e-12,20.384480903736,1,0,15030.1235607483,-15030.1235607483,1.54506871244548,1.5418159808907,1.5418159808907,0,-9.94200918153915e-120,0.00325273155478389,1.54506871244548,0,267.161443506003,60.6481711487664,4.18383313818513e-10,1,0.986611166637817,0,0,0,0,0,0
57.21,9500,1.54506871244548,9500,9500,1.54506871244548,1.54506871244548,0,8.10603234017084e-12,20.384480903736,1,0,15030.1235607483,-15030.1235607483,1.54506871244548,1.5418159808907,1.5418159808907,0,-7.74284453588578e-120,0.00325273155478389,1.54506871244548,0,267.161443506003,60.6481711487664,4.18383313818513e-10,1,0.986611166637817,0,0,0,0,0,0
57.225,9500,1.54506871244548,9500,9500,1.54506871244548,1.54506871244548,0,8.10603234017084e-12,20.384480903736,1,0,15030.1235607483,-15030.1235607483,1.54506871244548,1.5418159808907,1.5418159808907,0,-6.030133387748e-120,0.00325273155478389,1.54506871244548,0,267.161443506003,60.6481711487664,4.18383313818513e-10,1,0.986611166637817,0,0,0,0,0,0
57.24,9500,1.54506871244548,9500,9500,1.54506871244548,1.54506871244548,0,8.10603234017084e-12,20.384480903736,1,0,15030.1235607483,-15030.1235607483,1.54506871244548,1.5418159808907,1.5418159808907,0,-4.69627260440316e-120,0.00325273155478389,1.54506871244548,0,267.161443506003,60.6481711487664,4.18383313818513e-10,1,0.986611166637817,0,0,0,0,0,0
57.255,9500,1.54506871244548,9500,9500,1.54506871244548,1.54506871244548,0,8.10603234017084e-12,20.384480903736,1,0,15030.1235607483,-15030.1235607483,1.54506871244548,1.5418159808907,1.5418159808907,0,-3.65746078182597e-120,0.00325273155478389,1.54506871244548,0,267.161443506003,60.6481711487664,4.18383313818513e-10,1,0.986611166637817,0,0,0,0,0,0
57.27,9500,1.54506871244548,9500,9500,1.54506871244548,1.54506871244548,0,8.10603234017084e-12,20.384480903736,1,0,15030.1235607483,-15030.1235607483,1.54506871244548,1.5418159808907,1.5418159808907,0,-2.84843332093902e-120,0.00325273155478389,1.54506871244548,0,267.161443506003,60.6481711487664,4.18383313818513e-10,1,0.986611166637817,0,0,0,0,0,0
57.285,9500,1.54506871244548,9500,9500,1.54506871244548,1.54506871244548,0,8.10603234017084e-12,20.384480903736,1,0,15030.1235607483,-15030.1235607483,1.54506871244548,1.5418159808907,1.5418159808907,0,-2.21836210087399e-120,0.00325273155478389,1.54506871244548,0,267.161443506003,60.6481711487664,4.18383313818513e-10,1,0.986611166637817,0,0,0,0,0,0
57.3,9500,1.54506871244548,9500,9500,1.54506871244548,1.54506871244548,0,8.10603234017084e-12,20.384480903736,1,0,15030.1235607483,-15030.1235607483,1.54506871244548,1.5418159808907,1.5418159808907,0,-1.72766214129659e-120,0.00325273155478389,1.54506871244548,0,267.161443506003,60.6481711487664,4.18383313818513e-10,1,0.986611166637817,0,0,0,0,0,0
57.315,9500,1.54506871244548,9500,9500,1.54506871244548,1.54506871244548,0,8.10603234017084e-12,20.384480903736,1,0,15030.1235607483,-15030.1235607483,1.54506871244548,1.5418159808907,1.5418159808907,0,-1.3455046285246e-120,0.00325273155478389,1.54506871244548,0,267.161443506003,60.6481711487664,4.18383313818513e-10,1,0.986611166637817,0,0,0,0,0,0
57.33,9500,1.54506871244548,9500,9500,1.54506871244548,1.54506871244548,0,8.10603234017084e-12,20.384480903736,1,0,15030.1235607483,-15030.1235607483,1.54506871244548,1.5418159808907,1.5418159808907,0,-1.04788005832116e-120,0.00325273155478389,1.54506871244548,0,267.161443506003,60.6481711487664,4.18383313818513e-10,1,0.986611166637817,0,0,0,0,0,0
57.345,9500,1.54506871244548,9500,9500,1.54506871244548,1.54506871244548,0,8.10603234017084e-12,20.384480903736,1,0,15030.1235607483,-15030.1235607483,1.54506871244548,1.5418159808907,1.5418159808907,0,-8.1608980998543e-121,0.00325273155478389,1.54506871244548,0,267.161443506003,60.6481711487664,4.18383313818513e-10,1,0.986611166637817,0,0,0,0,0,0
57.36,9500,1.54506871244548,9500,9500,1.54506871244548,1.54506871244548,0,8.10603234017084e-12,20.384480903736,1,0,15030.1235607483,-15030.1235607483,1.54506871244548,1.5418159808907,1.5418159808907,0,-6.35571383073247e-121,0.00325273155478389,1.54506871244548,0,267.161443506003,60.6481711487664,4.18383313818513e-10,1,0.986611166637817,0,0,0,0,0,0
57.375,9500,1.54506871244548,9500,9500,1.54506871244548,1.54506871244548,0,8.10603234017084e-12,20.384480903736,1,0,15030.1235607483,-15030.1235607483,1.54506871244548,1.5418159808907,1.5418159808907,0,-4.9498349083522e-121,0.00325273155478389,1.54506871244548,0,267.161443506003,60.6481711487664,4.18383313818513e-10,1,0.986611166637817,0,0,0,0,0,0
57.39,9500,1.54506871244548,9500,9500,1.54506871244548,1.54506871244548,0,8.10603234017084e-12,20.384480903736,1,0,15030.1235607483,-15030.1235607483,1.54506871244548,1.5418159808907,1.5418159808907,0,-3.85493530269887e-121,0.00325273155478389,1.54506871244548,0,267.161443506003,60.6481711487664,4.18383313818513e-10,1,0.986611166637817,0,0,0,0,0,0
57.405,9500,1.54506871244548,9500,9500,1.54506871244548,1.54506871244548,0,8.10603234017084e-12,20.384480903736,1,0,15030.1235607483,-15030.1235607483,1.54506871244548,1.5418159808907,1.5418159808907,0,-3.00222663243149e-121,0.00325273155478389,1.54506871244548,0,267.161443506003,60.6481711487664,4.18383313818513e-10,1,0.986611166637817,0,0,0,0,0,0
57.42,9500,1.54506871244548,9500,9500,1.54506871244548,1.54506871244548,0,8.10603234017084e-12,20.384480903736,1,0,15030.1235607483,-15030.1235607483,1.54506871244548,1.5418159808907,1.5418159808907,0,-2.33813645229547e-121,0.00325273155478389,1.54506871244548,0,267.161443506003,60.6481711487664,4.18383313818513e-10,1,0.986611166637817,0,0,0,0,0,0
57.435,9500,1.54506871244548,9500,9500,1.54506871244548,1.54506871244548,0,8.10603234017084e-12,20.384480903736,1,0,15030.1235607483,-15030.1235607483,1.54506871244548,1.5418159808907,1.5418159808907,0,-1.82094249997551e-121,0.00325273155478389,1.54506871244548,0,267.161443506003,60.6481711487664,4.18383313818513e-10,1,0.986611166637817,0,0,0,0,0,0
57.45,9500,1.54506871244548,9500,9500,1.54506871244548,1.54506871244548,0,8.10603234017084e-12,20.384480903736,1,0,15030.1235607483,-15030.1235607483,1.54506871244548,1.5418159808907,1.5418159808907,0,-1.41815144490893e-121,0.00325273155478389,1.54506871244548,0,267.161443506003,60.6481711487664,4.18383313818513e-10,1,0.986611166637817,0,0,0,0,0,0
57.465,9500,1.54506871244548,9500,9500,1.54506871244548,1.54506871244548,0,8.10603234017084e-12,20.384480903736,1,0,15030.1235607483,-15030.1235607483,1.54506871244548,1.5418159808907,1.5418159808907,0,-1.10445745580892e-121,0.00325273155478389,1.54506871244548,0,267.161443506003,60.6481711487664,4.18383313818513e-10,1,0.986611166637817,0,0,0,0,0,0
57.48,9500,1.54506871244548,9500,9500,1.54506871244548,1.54506871244548,0,8.10603234017084e-12,20.384480903736,1,0,15030.1235607483,-15030.1235607483,1.54506871244548,1.5418159808907,1.5418159808907,0,-8.60152331453035e-122,0.00325273155478389,1.54506871244548,0,267.161443506003,60.6481711487664,4.18383313818513e-10,1,0.986611166637817,0,0,0,0,0,0
57.495,9500,1.54506871244548,9500,9500,1.54506871244548,1.54506871244548,0,8.10603234017084e-12,20.384480903736,1,0,15030.1235607483,-15030.1235607483,1.54506871244548,1.5418159808907,1.5418159808907,0,-6.69887309296319e-122,0.00325273155478389,1.54506871244548,0,267.161443506003,60.6481711487664,4.18383313818513e-10,1,0.986611166637817,0,0,0,0,0,0
57.51,9500,1.54506871244548,9500,9500,1.54506871244548,1.54506871244548,0,8.10603234017084e-12,20.384480903736,1,0,15030.1235607483,-15030.1235607483,1.54506871244548,1.5418159808907,1.5418159808907,0,-5.21708761049569e-122,0.00325273155478389,1.54506871244548,0,267.161443506003,60.6481711487664,4.18383313818513e-10,1,0.986611166637817,0,0,0,0,0,0
57.525,9500,1.54506871244548,9500,9500,1.54506871244548,1.54506871244548,0,8.10603234017084e-12,20.384480903736,1,0,15030.1235607483,-15030.1235607483,1.54506871244548,1.5418159808907,1.5418159808907,0,-4.06307191640617e-122,0.00325273155478389,1.54506871244548,0,267.161443506003,60.6481711487664,4.18383313818513e-10,1,0.986611166637817,0,0,0,0,0,0
57.54,9500,1.54506871244548,9500,9500,1.54506871244548,1.54506871244548,0,8.10603234017084e-12,20.384480903736,1,0,15030.1235607483,-15030.1235607483,1.54506871244548,1.5418159808907,1.5418159808907,0,-3.16432359017256e-122,0.00325273155478389,1.54506871244548,0,267.161443506003,60.6481711487664,4.18383313818513e-10,1,0.986611166637817,0,0,0,0,0,0
57.555,9500,1.54506871244548,9500,9500,1.54506871244548,1.54506871244548,0,8.10603234017084e-12,20.384480903736,1,0,15030.1235607483,-15030.1235607483,1.54506871244548,1.5418159808907,1.5418159808907,0,-2.46437768991771e-122,0.00325273155478389,1.54506871244548,0,267.161443506003,60.6481711487664,4.18383313818513e-10,1,0.986611166637817,0,0,0,0,0,0
57.57,9500,1.54506871244548,9500,9500,1.54506871244548,1.54506871244548,0,8.10603234017084e-12,20.384480903736,1,0,15030.1235607483,-15030.1235607483,1.54506871244548,1.5418159808907,1.5418159808907,0,-1.91925927469161e-122,0.00325273155478389,1.54506871244548,0,267.161443506003,60.6481711487664,4.18383313818513e-10,1,0.986611166637817,0,0,0,0,0,0
57.585,9500,1.54506871244548,9500,9500,1.54506871244548,1.54506871244548,0,8.10603234017084e-12,20.384480903736,1,0,15030.1235607483,-15030.1235607483,1.54506871244548,1.5418159808907,1.5418159808907,0,-1.49472062604688e-122,0.00325273155478389,1.54506871244548,0,267.161443506003,60.6481711487664,4.18383313818513e-10,1,0.986611166637817,0,0,0,0,0,0
57.6,9500,1.54506871244548,9500,9500,1.54506871244548,1.54506871244548,0,8.10603234017084e-12,20.384480903736,1,0,15030.1235607483,-15030.1235607483,1.54506871244548,1.5418159808907,1.5418159808907,0,-1.16408959403829e-122,0.00325273155478389,1.54506871244548,0,267.161443506003,60.6481711487664,4.18383313818513e-10,1,0.986611166637817,0,0,0,0,0,0
57.615,9500,1.54506871244548,9500,9500,1.54506871244548,1.54506871244548,0,8.10603234017084e-12,20.384480903736,1,0,15030.1235607483,-15030.1235607483,1.54506871244548,1.5418159808907,1.5418159808907,0,-9.06593887402297e-123,0.00325273155478389,1.54506871244548,0,267.161443506003,60.6481711487664,4.18383313818513e-10,1,0.986611166637817,0,0,0,0,0,0
57.63,9500,1.54506871244548,9500,9500,1.54506871244548,1.54506871244548,0,8.10603234017084e-12,20.384480903736,1,0,15030.1235607483,-15030.1235607483,1.54506871244548,1.5418159808907,1.5418159808907,0,-7.06056029436658e-123,0.00325273155478389,1.54506871244548,0,267.161443506003,60.6481711487664,4.18383313818513e-10,1,0.986611166637817,0,0,0,0,0,0
57.645,9500,1.54506871244548,9500,9500,1.54506871244548,1.54506871244548,0,8.10603234017084e-12,20.384480903736,1,0,15030.1235607483,-15030.1235607483,1.54506871244548,1.5418159808907,1.5418159808907,0,-5.49876988617556e-123,0.00325273155478389,1.54506871244548,0,267.161443506003,60.6481711487664,4.18383313818513e-10,1,0.986611166637817,0,0,0,0,0,0
57.66,9500,1.54506871244548,9500,9500,1.54506871244548,1.54506871244548,0,8.10603234017084e-12,20.384480903736,1,0,15030.1235607483,-15030.1235607483,1.54506871244548,1.5418159808907,1.5418159808907,0,-4.28244629328299e-123,0.00325273155478389,1.54506871244548,0,267.161443506003,60.6481711487664,4.18383313818513e-10,1,0.986611166637817,0,0,0,0,0,0
57.675,9500,1.54506871244548,9500,9500,1.54506871244548,1.54506871244548,0,8.10603234017084e-12,20.384480903736,1,0,15030.1235607483,-15030.1235607483,1.54506871244548,1.5418159808907,1.5418159808907,0,-3.33517252667002e-123,0.00325273155478389,1.54506871244548,0,267.161443506003,60.6481711487664,4.18383313818513e-10,1,0.986611166637817,0,0,0,0,0,0
57.69,9500,1.54506871244548,9500,9500,1.54506871244548,1.54506871244548,0,8.10603234017084e-12,20.384480903736,1,0,15030.1235607483,-15030.1235607483,1.54506871244548,1.5418159808907,1.5418159808907,0,-2.59743497544885e-123,0.00325273155478389,1.54506871244548,0,267.161443506003,60.6481711487664,4.18383313818513e-10,1,0.986611166637817,0,0,0,0,0,0
57.705,9500,1.54506871244548,9500,9500,1.54506871244548,1.54506871244548,0,8.10603234017084e-12,20.384480903736,1,0,15030.1235607483,-15030.1235607483,1.54506871244548,1.5418159808907,1.5418159808907,0,-2.02288439285662e-123,0.00325273155478389,1.54506871244548,0,267.161443506003,60.6481711487664,4.18383313818513e-10,1,0.986611166637817,0,0,0,0,0,0
57.72,9500,1.54506871244548,9500,9500,1.54506871244548,1.54506871244548,0,8.10603234017084e-12,20.384480903736,1,0,15030.1235607483,-15030.1235607483,1.54506871244548,1.5418159808907,1.5418159808907,0,-1.57542394921966e-123,0.00325273155478389,1.54506871244548,0,267.161443506003,60.6481711487664,4.18383313818513e-10,1,0.986611166637817,0,0,0,0,0,0
57.735,9500,1.54506871244548,9500,9500,1.54506871244548,1.54506871244548,0,8.10603234017084e-12,20.384480903736,1,0,15030.1235607483,-15030.1235607483,1.54506871244548,1.5418159808907,1.5418159808907,0,-1.22694140532172e-123,0.00325273155478389,1.54506871244548,0,267.161443506003,60.6481711487664,4.18383313818513e-10,1,0.986611166637817,0,0,0,0,0,0
57.75,9500,1.54506871244548,9500,9500,1.54506871244548,1.54506871244548,0,8.10603234017084e-12,20.384480903736,1,0,15030.1235607483,-15030.1235607483,1.54506871244548,1.5418159808907,1.5418159808907,0,-9.55542927247282e-124,0.00325273155478389,1.54506871244548,0,267.161443506003,60.6481711487664,4.18383313818513e-10,1,0.986611166637817,0,0,0,0,0,0
57.765,9500,1.54506871244548,9500,9500,1.54506871244548,1.54506871244548,0,8.10603234017084e-12,20.384480903736,1,0,15030.1235607483,-15030.1235607483,1.54506871244548,1.5418159808907,1.5418159808907,0,-7.44177579998526e-124,0.00325273155478389,1.54506871244548,0,267.161443506003,60.6481711487664,4.18383313818513e-10,1,0.986611166637817,0,0,0,0,0,0
57.78,9500,1.54506871244548,9500,9500,1.54506871244548,1.54506871244548,0,8.10603234017084e-12,20.384480903736,1,0,15030.1235607483,-15030.1235607483,1.54506871244548,1.5418159808907,1.5418159808907,0,-5.79566082047035e-124,0.00325273155478389,1.54506871244548,0,267.161443506003,60.6481711487664,4.18383313818513e-10,1,0.986611166637817,0,0,0,0,0,0
57.795,9500,1.54506871244548,9500,9500,1.54506871244548,1.54506871244548,0,8.10603234017084e-12,20.384480903736,1,0,15030.1235607483,-15030.1235607483,1.54506871244548,1.5418159808907,1.5418159808907,0,-4.51366518539857e-124,0.00325273155478389,1.54506871244548,0,267.161443506003,60.6481711487664,4.18383313818513e-10,1,0.986611166637817,0,0,0,0,0,0
57.81,9500,1.54506871244548,9500,9500,1.54506871244548,1.54506871244548,0,8.10603234017084e-12,20.384480903736,1,0,15030.1235607483,-15030.1235607483,1.54506871244548,1.5418159808907,1.5418159808907,0,-3.51524598091054e-124,0.00325273155478389,1.54506871244548,0,267.161443506003,60.6481711487664,4.18383313818513e-10,1,0.986611166637817,0,0,0,0,0,0
57.825,9500,1.54506871244548,9500,9500,1.54506871244548,1.54506871244548,0,8.10603234017084e-12,20.384480903736,1,0,15030.1235607483,-15030.1235607483,1.54506871244548,1.5418159808907,1.5418159808907,0,-2.73767632262174e-124,0.00325273155478389,1.54506871244548,0,267.161443506003,60.6481711487664,4.18383313818513e-10,1,0.986611166637817,0,0,0,0,0,0
57.84,9500,1.54506871244548,9500,9500,1.54506871244548,1.54506871244548,0,8.10603234017084e-12,20.384480903736,1,0,15030.1235607483,-15030.1235607483,1.54506871244548,1.5418159808907,1.5418159808907,0,-2.13210446385386e-124,0.00325273155478389,1.54506871244548,0,267.161443506003,60.6481711487664,4.18383313818513e-10,1,0.986611166637817,0,0,0,0,0,0
57.855,9500,1.54506871244548,9500,9500,1.54506871244548,1.54506871244548,0,8.10603234017084e-12,20.384480903736,1,0,15030.1235607483,-15030.1235607483,1.54506871244548,1.5418159808907,1.5418159808907,0,-1.66048462603942e-124,0.00325273155478389,1.54506871244548,0,267.161443506003,60.6481711487664,4.18383313818513e-10,1,0.986611166637817,0,0,0,0,0,0
57.87,9500,1.54506871244548,9500,9500,1.54506871244548,1.54506871244548,0,8.10603234017084e-12,20.384480903736,1,0,15030.1235607483,-15030.1235607483,1.54506871244548,1.5418159808907,1.5418159808907,0,-1.29318672703753e-124,0.00325273155478389,1.54506871244548,0,267.161443506003,60.6481711487664,4.18383313818513e-10,1,0.986611166637817,0,0,0,0,0,0
57.885,9500,1.54506871244548,9500,9500,1.54506871244548,1.54506871244548,0,8.10603234017084e-12,20.384480903736,1,0,15030.1235607483,-15030.1235607483,1.54506871244548,1.5418159808907,1.5418159808907,0,-1.00713483567438e-124,0.00325273155478389,1.54506871244548,0,267.161443506003,60.6481711487664,4.18383313818513e-10,1,0.986611166637817,0,0,0,0,0,0
57.9,9500,1.54506871244548,9500,9500,1.54506871244548,1.54506871244548,0,8.10603234017084e-12,20.384480903736,1,0,15030.1235607483,-15030.1235607483,1.54506871244548,1.5418159808907,1.5418159808907,0,-7.84357398681694e-125,0.00325273155478389,1.54506871244548,0,267.161443506003,60.6481711487664,4.18383313818513e-10,1,0.986611166637817,0,0,0,0,0,0
57.915,9500,1.54506871244548,9500,9500,1.54506871244548,1.54506871244548,0,8.10603234017084e-12,20.384480903736,1,0,15030.1235607483,-15030.1235607483,1.54506871244548,1.5418159808907,1.5418159808907,0,-6.10858156301153e-125,0.00325273155478389,1.54506871244548,0,267.161443506003,60.6481711487664,4.18383313818513e-10,1,0.986611166637817,0,0,0,0,0,0
57.93,9500,1.54506871244548,9500,9500,1.54506871244548,1.54506871244548,0,8.10603234017084e-12,20.384480903736,1,0,15030.1235607483,-15030.1235607483,1.54506871244548,1.5418159808907,1.5418159808907,0,-4.75736810472893e-125,0.00325273155478389,1.54506871244548,0,267.161443506003,60.6481711487664,4.18383313818513e-10,1,0.986611166637817,0,0,0,0,0,0
57.945,9500,1.54506871244548,9500,9500,1.54506871244548,1.54506871244548,0,8.10603234017084e-12,20.384480903736,1,0,15030.1235607483,-15030.1235607483,1.54506871244548,1.5418159808907,1.5418159808907,0,-3.70504200532181e-125,0.00325273155478389,1.54506871244548,0,267.161443506003,60.6481711487664,4.18383313818513e-10,1,0.986611166637817,0,0,0,0,0,0
57.96,9500,1.54506871244548,9500,9500,1.54506871244548,1.54506871244548,0,8.10603234017084e-12,20.384480903736,1,0,15030.1235607483,-15030.1235607483,1.54506871244548,1.5418159808907,1.5418159808907,0,-2.88548961505708e-125,0.00325273155478389,1.54506871244548,0,267.161443506003,60.6481711487664,4.18383313818513e-10,1,0.986611166637817,0,0,0,0,0,0
57.975,9500,1.54506871244548,9500,9500,1.54506871244548,1.54506871244548,0,8.10603234017084e-12,20.384480903736,1,0,15030.1235607483,-15030.1235607483,1.54506871244548,1.5418159808907,1.5418159808907,0,-2.24722157175086e-125,0.00325273155478389,1.54506871244548,0,267.161443506003,60.6481711487664,4.18383313818513e-10,1,0.986611166637817,0,0,0,0,0,0
57.99,9500,1.54506871244548,9500,9500,1.54506871244548,1.54506871244548,0,8.10603234017084e-12,20.384480903736,1,0,15030.1235607483,-15030.1235607483,1.54506871244548,1.5418159808907,1.5418159808907,0,-1.75013791981452e-125,0.00325273155478389,1.54506871244548,0,267.161443506003,60.6481711487664,4.18383313818513e-10,1,0.986611166637817,0,0,0,0,0,0
58.005,9500,1.54506871244548,9500,9500,1.54506871244548,1.54506871244548,0,8.10603234017084e-12,20.384480903736,1,0,15030.1235607483,-15030.1235607483,1.54506871244548,1.5418159808907,1.5418159808907,0,-1.36300878243451e-125,0.00325273155478389,1.54506871244548,0,267.161443506003,60.6481711487664,4.18383313818513e-10,1,0.986611166637817,0,0,0,0,0,0
58.02,9500,1.54506871244548,9500,9500,1.54506871244548,1.54506871244548,0,8.10603234017084e-12,20.384480903736,1,0,15030.1235607483,-15030.1235607483,1.54506871244548,1.5418159808907,1.5418159808907,0,-1.0615123070932e-125,0.00325273155478389,1.54506871244548,0,267.161443506003,60.6481711487664,4.18383313818513e-10,1,0.986611166637817,0,0,0,0,0,0
58.035,9500,1.54506871244548,9500,9500,1.54506871244548,1.54506871244548,0,8.10603234017084e-12,20.384480903736,1,0,15030.1235607483,-15030.1235607483,1.54506871244548,1.5418159808907,1.5418159808907,0,-8.26706616004116e-126,0.00325273155478389,1.54506871244548,0,267.161443506003,60.6481711487664,4.18383313818513e-10,1,0.986611166637817,0,0,0,0,0,0
58.05,9500,1.54506871244548,9500,9500,1.54506871244548,1.54506871244548,0,8.10603234017084e-12,20.384480903736,1,0,15030.1235607483,-15030.1235607483,1.54506871244548,1.5418159808907,1.5418159808907,0,-6.43839759914317e-126,0.00325273155478389,1.54506871244548,0,267.161443506003,60.6481711487664,4.18383313818513e-10,1,0.986611166637817,0,0,0,0,0,0
58.065,9500,1.54506871244548,9500,9500,1.54506871244548,1.54506871244548,0,8.10603234017084e-12,20.384480903736,1,0,15030.1235607483,-15030.1235607483,1.54506871244548,1.5418159808907,1.5418159808907,0,-5.01422909193775e-126,0.00325273155478389,1.54506871244548,0,267.161443506003,60.6481711487664,4.18383313818513e-10,1,0.986611166637817,0,0,0,0,0,0
58.08,9500,1.54506871244548,9500,9500,1.54506871244548,1.54506871244548,0,8.10603234017084e-12,20.384480903736,1,0,15030.1235607483,-15030.1235607483,1.54506871244548,1.5418159808907,1.5418159808907,0,-3.90508554330054e-126,0.00325273155478389,1.54506871244548,0,267.161443506003,60.6481711487664,4.18383313818513e-10,1,0.986611166637817,0,0,0,0,0,0
58.095,9500,1.54506871244548,9500,9500,1.54506871244548,1.54506871244548,0,8.10603234017084e-12,20.384480903736,1,0,15030.1235607483,-15030.1235607483,1.54506871244548,1.5418159808907,1.5418159808907,0,-3.04128367908328e-126,0.00325273155478389,1.54506871244548,0,267.161443506003,60.6481711487664,4.18383313818513e-10,1,0.986611166637817,0,0,0,0,0,0
58.11,9500,1.54506871244548,9500,9500,1.54506871244548,1.54506871244548,0,8.10603234017084e-12,20.384480903736,1,0,15030.1235607483,-15030.1235607483,1.54506871244548,1.5418159808907,1.5418159808907,0,-2.36855411081234e-126,0.00325273155478389,1.54506871244548,0,267.161443506003,60.6481711487664,4.18383313818513e-10,1,0.986611166637817,0,0,0,0,0,0
58.125,9500,1.54506871244548,9500,9500,1.54506871244548,1.54506871244548,0,8.10603234017084e-12,20.384480903736,1,0,15030.1235607483,-15030.1235607483,1.54506871244548,1.5418159808907,1.5418159808907,0,-1.84463179624765e-126,0.00325273155478389,1.54506871244548,0,267.161443506003,60.6481711487664,4.18383313818513e-10,1,0.986611166637817,0,0,0,0,0,0
58.14,9500,1.54506871244548,9500,9500,1.54506871244548,1.54506871244548,0,8.10603234017084e-12,20.384480903736,1,0,15030.1235607483,-15030.1235607483,1.54506871244548,1.5418159808907,1.5418159808907,0,-1.43660068739608e-126,0.00325273155478389,1.54506871244548,0,267.161443506003,60.6481711487664,4.18383313818513e-10,1,0.986611166637817,0,0,0,0,0,0
58.155,9500,1.54506871244548,9500,9500,1.54506871244548,1.54506871244548,0,8.10603234017084e-12,20.384480903736,1,0,15030.1235607483,-15030.1235607483,1.54506871244548,1.5418159808907,1.5418159808907,0,-1.11882574030499e-126,0.00325273155478389,1.54506871244548,0,267.161443506003,60.6481711487664,4.18383313818513e-10,1,0.986611166637817,0,0,0,0,0,0
58.17,9500,1.54506871244548,9500,9500,1.54506871244548,1.54506871244548,0,8.10603234017084e-12,20.384480903736,1,0,15030.1235607483,-15030.1235607483,1.54506871244548,1.5418159808907,1.5418159808907,0,-8.71342362669968e-127,0.00325273155478389,1.54506871244548,0,267.161443506003,60.6481711487664,4.18383313818513e-10,1,0.986611166637817,0,0,0,0,0,0
58.185,9500,1.54506871244548,9500,9500,1.54506871244548,1.54506871244548,0,8.10603234017084e-12,20.384480903736,1,0,15030.1235607483,-15030.1235607483,1.54506871244548,1.5418159808907,1.5418159808907,0,-6.78602114370659e-127,0.00325273155478389,1.54506871244548,0,267.161443506003,60.6481711487664,4.18383313818513e-10,1,0.986611166637817,0,0,0,0,0,0
58.2,9500,1.54506871244548,9500,9500,1.54506871244548,1.54506871244548,0,8.10603234017084e-12,20.384480903736,1,0,15030.1235607483,-15030.1235607483,1.54506871244548,1.5418159808907,1.5418159808907,0,-5.2849585806578e-127,0.00325273155478389,1.54506871244548,0,267.161443506003,60.6481711487664,4.18383313818513e-10,1,0.986611166637817,0,0,0,0,0,0
58.215,9500,1.54506871244548,9500,9500,1.54506871244548,1.54506871244548,0,8.10603234017084e-12,20.384480903736,1,0,15030.1235607483,-15030.1235607483,1.54506871244548,1.5418159808907,1.5418159808907,0,-4.11592988111624e-127,0.00325273155478389,1.54506871244548,0,267.161443506003,60.6481711487664,4.18383313818513e-10,1,0.986611166637817,0,0,0,0,0,0
58.23,9500,1.54506871244548,9500,9500,1.54506871244548,1.54506871244548,0,8.10603234017084e-12,20.384480903736,1,0,15030.1235607483,-15030.1235607483,1.54506871244548,1.5418159808907,1.5418159808907,0,-3.20548941448032e-127,0.00325273155478389,1.54506871244548,0,267.161443506003,60.6481711487664,4.18383313818513e-10,1,0.986611166637817,0,0,0,0,0,0
58.245,9500,1.54506871244548,9500,9500,1.54506871244548,1.54506871244548,0,8.10603234017084e-12,20.384480903736,1,0,15030.1235607483,-15030.1235607483,1.54506871244548,1.5418159808907,1.5418159808907,0,-2.49643766612437e-127,0.00325273155478389,1.54506871244548,0,267.161443506003,60.6481711487664,4.18383313818513e-10,1,0.986611166637817,0,0,0,0,0,0
58.26,9500,1.54506871244548,9500,9500,1.54506871244548,1.54506871244548,0,8.10603234017084e-12,20.384480903736,1,0,15030.1235607483,-15030.1235607483,1.54506871244548,1.5418159808907,1.5418159808907,0,-1.94422760926661e-127,0.00325273155478389,1.54506871244548,0,267.161443506003,60.6481711487664,4.18383313818513e-10,1,0.986611166637817,0,0,0,0,0,0
58.275,9500,1.54506871244548,9500,9500,1.54506871244548,1.54506871244548,0,8.10603234017084e-12,20.384480903736,1,0,15030.1235607483,-15030.1235607483,1.54506871244548,1.5418159808907,1.5418159808907,0,-1.51416598456588e-127,0.00325273155478389,1.54506871244548,0,267.161443506003,60.6481711487664,4.18383313818513e-10,1,0.986611166637817,0,0,0,0,0,0
58.29,9500,1.54506871244548,9500,9500,1.54506871244548,1.54506871244548,0,8.10603234017084e-12,20.384480903736,1,0,15030.1235607483,-15030.1235607483,1.54506871244548,1.5418159808907,1.5418159808907,0,-1.17923365447999e-127,0.00325273155478389,1.54506871244548,0,267.161443506003,60.6481711487664,4.18383313818513e-10,1,0.986611166637817,0,0,0,0,0,0
58.305,9500,1.54506871244548,9500,9500,1.54506871244548,1.54506871244548,0,8.10603234017084e-12,20.384480903736,1,0,15030.1235607483,-15030.1235607483,1.54506871244548,1.5418159808907,1.5418159808907,0,-9.18388093533174e-128,0.00325273155478389,1.54506871244548,0,267.161443506003,60.6481711487664,4.18383313818513e-10,1,0.986611166637817,0,0,0,0,0,0
58.32,9500,1.54506871244548,9500,9500,1.54506871244548,1.54506871244548,0,8.10603234017084e-12,20.384480903736,1,0,15030.1235607483,-15030.1235607483,1.54506871244548,1.5418159808907,1.5418159808907,0,-7.15241366407091e-128,0.00325273155478389,1.54506871244548,0,267.161443506003,60.6481711487664,4.18383313818513e-10,1,0.986611166637817,0,0,0,0,0,0
58.335,9500,1.54506871244548,9500,9500,1.54506871244548,1.54506871244548,0,8.10603234017084e-12,20.384480903736,1,0,15030.1235607483,-15030.1235607483,1.54506871244548,1.5418159808907,1.5418159808907,0,-5.57030536242904e-128,0.00325273155478389,1.54506871244548,0,267.161443506003,60.6481711487664,4.18383313818513e-10,1,0.986611166637817,0,0,0,0,0,0
58.35,9500,1.54506871244548,9500,9500,1.54506871244548,1.54506871244548,0,8.10603234017084e-12,20.384480903736,1,0,15030.1235607483,-15030.1235607483,1.54506871244548,1.5418159808907,1.5418159808907,0,-4.33815817820658e-128,0.00325273155478389,1.54506871244548,0,267.161443506003,60.6481711487664,4.18383313818513e-10,1,0.986611166637817,0,0,0,0,0,0
58.365,9500,1.54506871244548,9500,9500,1.54506871244548,1.54506871244548,0,8.10603234017084e-12,20.384480903736,1,0,15030.1235607483,-15030.1235607483,1.54506871244548,1.5418159808907,1.5418159808907,0,-3.3785609862749e-128,0.00325273155478389,1.54506871244548,0,267.161443506003,60.6481711487664,4.18383313818513e-10,1,0.986611166637817,0,0,0,0,0,0
58.38,9500,1.54506871244548,9500,9500,1.54506871244548,1.54506871244548,0,8.10603234017084e-12,20.384480903736,1,0,15030.1235607483,-15030.1235607483,1.54506871244548,1.5418159808907,1.5418159808907,0,-2.63122594176539e-128,0.00325273155478389,1.54506871244548,0,267.161443506003,60.6481711487664,4.18383313818513e-10,1,0.986611166637817,0,0,0,0,0,0
58.395,9500,1.54506871244548,9500,9500,1.54506871244548,1.54506871244548,0,8.10603234017084e-12,20.384480903736,1,0,15030.1235607483,-15030.1235607483,1.54506871244548,1.5418159808907,1.5418159808907,0,-2.04920082388468e-128,0.00325273155478389,1.54506871244548,0,267.161443506003,60.6481711487664,4.18383313818513e-10,1,0.986611166637817,0,0,0,0,0,0
58.41,9500,1.54506871244548,9500,9500,1.54506871244548,1.54506871244548,0,8.10603234017084e-12,20.384480903736,1,0,15030.1235607483,-15030.1235607483,1.54506871244548,1.5418159808907,1.5418159808907,0,-1.59591920631196e-128,0.00325273155478389,1.54506871244548,0,267.161443506003,60.6481711487664,4.18383313818513e-10,1,0.986611166637817,0,0,0,0,0,0
58.425,9500,1.54506871244548,9500,9500,1.54506871244548,1.54506871244548,0,8.10603234017084e-12,20.384480903736,1,0,15030.1235607483,-15030.1235607483,1.54506871244548,1.5418159808907,1.5418159808907,0,-1.24290312759445e-128,0.00325273155478389,1.54506871244548,0,267.161443506003,60.6481711487664,4.18383313818513e-10,1,0.986611166637817,0,0,0,0,0,0
58.44,9500,1.54506871244548,9500,9500,1.54506871244548,1.54506871244548,0,8.10603234017084e-12,20.384480903736,1,0,15030.1235607483,-15030.1235607483,1.54506871244548,1.5418159808907,1.5418159808907,0,-9.67973929052455e-129,0.00325273155478389,1.54506871244548,0,267.161443506003,60.6481711487664,4.18383313818513e-10,1,0.986611166637817,0,0,0,0,0,0
58.455,9500,1.54506871244548,9500,9500,1.54506871244548,1.54506871244548,0,8.10603234017084e-12,20.384480903736,1,0,15030.1235607483,-15030.1235607483,1.54506871244548,1.5418159808907,1.5418159808907,0,-7.53858853938756e-129,0.00325273155478389,1.54506871244548,0,267.161443506003,60.6481711487664,4.18383313818513e-10,1,0.986611166637817,0,0,0,0,0,0
58.47,9500,1.54506871244548,9500,9500,1.54506871244548,1.54506871244548,0,8.10603234017084e-12,20.384480903736,1,0,15030.1235607483,-15030.1235607483,1.54506871244548,1.5418159808907,1.5418159808907,0,-5.87105865772815e-129,0.00325273155478389,1.54506871244548,0,267.161443506003,60.6481711487664,4.18383313818513e-10,1,0.986611166637817,0,0,0,0,0,0
58.485,9500,1.54506871244548,9500,9500,1.54506871244548,1.54506871244548,0,8.10603234017084e-12,20.384480903736,1,0,15030.1235607483,-15030.1235607483,1.54506871244548,1.5418159808907,1.5418159808907,0,-4.57238508009684e-129,0.00325273155478389,1.54506871244548,0,267.161443506003,60.6481711487664,4.18383313818513e-10,1,0.986611166637817,0,0,0,0,0,0
58.5,9500,1.54506871244548,9500,9500,1.54506871244548,1.54506871244548,0,8.10603234017084e-12,20.384480903736,1,0,15030.1235607483,-15030.1235607483,1.54506871244548,1.5418159808907,1.5418159808907,0,-3.56097708088343e-129,0.00325273155478389,1.54506871244548,0,267.161443506003,60.6481711487664,4.18383313818513e-10,1,0.986611166637817,0,0,0,0,0,0
58.515,9500,1.54506871244548,9500,9500,1.54506871244548,1.54506871244548,0,8.10603234017084e-12,20.384480903736,1,0,15030.1235607483,-15030.1235607483,1.54506871244548,1.5418159808907,1.5418159808907,0,-2.77329173909134e-129,0.00325273155478389,1.54506871244548,0,267.161443506003,60.6481711487664,4.18383313818513e-10,1,0.986611166637817,0,0,0,0,0,0
58.53,9500,1.54506871244548,9500,9500,1.54506871244548,1.54506871244548,0,8.10603234017084e-12,20.384480903736,1,0,15030.1235607483,-15030.1235607483,1.54506871244548,1.5418159808907,1.5418159808907,0,-2.15984177808979e-129,0.00325273155478389,1.54506871244548,0,267.161443506003,60.6481711487664,4.18383313818513e-10,1,0.986611166637817,0,0,0,0,0,0
58.545,9500,1.54506871244548,9500,9500,1.54506871244548,1.54506871244548,0,8.10603234017084e-12,20.384480903736,1,0,15030.1235607483,-15030.1235607483,1.54506871244548,1.5418159808907,1.5418159808907,0,-1.68208646808667e-129,0.00325273155478389,1.54506871244548,0,267.161443506003,60.6481711487664,4.18383313818513e-10,1,0.986611166637817,0,0,0,0,0,0
58.56,9500,1.54506871244548,9500,9500,1.54506871244548,1.54506871244548,0,8.10603234017084e-12,20.384480903736,1,0,15030.1235607483,-15030.1235607483,1.54506871244548,1.5418159808907,1.5418159808907,0,-1.31001025853971e-129,0.00325273155478389,1.54506871244548,0,267.161443506003,60.6481711487664,4.18383313818513e-10,1,0.986611166637817,0,0,0,0,0,0
58.575,9500,1.54506871244548,9500,9500,1.54506871244548,1.54506871244548,0,8.10603234017084e-12,20.384480903736,1,0,15030.1235607483,-15030.1235607483,1.54506871244548,1.5418159808907,1.5418159808907,0,-1.0202370151823e-129,0.00325273155478389,1.54506871244548,0,267.161443506003,60.6481711487664,4.18383313818513e-10,1,0.986611166637817,0,0,0,0,0,0
58.59,9500,1.54506871244548,9500,9500,1.54506871244548,1.54506871244548,0,8.10603234017084e-12,20.384480903736,1,0,15030.1235607483,-15030.1235607483,1.54506871244548,1.5418159808907,1.5418159808907,0,-7.94561386342407e-130,0.00325273155478389,1.54506871244548,0,267.161443506003,60.6481711487664,4.18383313818513e-10,1,0.986611166637817,0,0,0,0,0,0
58.605,9500,1.54506871244548,9500,9500,1.54506871244548,1.54506871244548,0,8.10603234017084e-12,20.384480903736,1,0,15030.1235607483,-15030.1235607483,1.54506871244548,1.5418159808907,1.5418159808907,0,-6.18805029881768e-130,0.00325273155478389,1.54506871244548,0,267.161443506003,60.6481711487664,4.18383313818513e-10,1,0.986611166637817,0,0,0,0,0,0
58.62,9500,1.54506871244548,9500,9500,1.54506871244548,1.54506871244548,0,8.10603234017084e-12,20.384480903736,1,0,15030.1235607483,-15030.1235607483,1.54506871244548,1.5418159808907,1.5418159808907,0,-4.81925841840445e-130,0.00325273155478389,1.54506871244548,0,267.161443506003,60.6481711487664,4.18383313818513e-10,1,0.986611166637817,0,0,0,0,0,0
58.635,9500,1.54506871244548,9500,9500,1.54506871244548,1.54506871244548,0,8.10603234017084e-12,20.384480903736,1,0,15030.1235607483,-15030.1235607483,1.54506871244548,1.5418159808907,1.5418159808907,0,-3.75324223007684e-130,0.00325273155478389,1.54506871244548,0,267.161443506003,60.6481711487664,4.18383313818513e-10,1,0.986611166637817,0,0,0,0,0,0
58.65,9500,1.54506871244548,9500,9500,1.54506871244548,1.54506871244548,0,8.10603234017084e-12,20.384480903736,1,0,15030.1235607483,-15030.1235607483,1.54506871244548,1.5418159808907,1.5418159808907,0,-2.92302798784051e-130,0.00325273155478389,1.54506871244548,0,267.161443506003,60.6481711487664,4.18383313818513e-10,1,0.986611166637817,0,0,0,0,0,0
58.665,9500,1.54506871244548,9500,9500,1.54506871244548,1.54506871244548,0,8.10603234017084e-12,20.384480903736,1,0,15030.1235607483,-15030.1235607483,1.54506871244548,1.5418159808907,1.5418159808907,0,-2.27645648586982e-130,0.00325273155478389,1.54506871244548,0,267.161443506003,60.6481711487664,4.18383313818513e-10,1,0.986611166637817,0,0,0,0,0,0
58.68,9500,1.54506871244548,9500,9500,1.54506871244548,1.54506871244548,0,8.10603234017084e-12,20.384480903736,1,0,15030.1235607483,-15030.1235607483,1.54506871244548,1.5418159808907,1.5418159808907,0,-1.7729060938234e-130,0.00325273155478389,1.54506871244548,0,267.161443506003,60.6481711487664,4.18383313818513e-10,1,0.986611166637817,0,0,0,0,0,0
58.695,9500,1.54506871244548,9500,9500,1.54506871244548,1.54506871244548,0,8.10603234017084e-12,20.384480903736,1,0,15030.1235607483,-15030.1235607483,1.54506871244548,1.5418159808907,1.5418159808907,0,-1.38074065418173e-130,0.00325273155478389,1.54506871244548,0,267.161443506003,60.6481711487664,4.18383313818513e-10,1,0.986611166637817,0,0,0,0,0,0
58.71,9500,1.54506871244548,9500,9500,1.54506871244548,1.54506871244548,0,8.10603234017084e-12,20.384480903736,1,0,15030.1235607483,-15030.1235607483,1.54506871244548,1.5418159808907,1.5418159808907,0,-1.07532190269525e-130,0.00325273155478389,1.54506871244548,0,267.161443506003,60.6481711487664,4.18383313818513e-10,1,0.986611166637817,0,0,0,0,0,0
58.725,9500,1.54506871244548,9500,9500,1.54506871244548,1.54506871244548,0,8.10603234017084e-12,20.384480903736,1,0,15030.1235607483,-15030.1235607483,1.54506871244548,1.5418159808907,1.5418159808907,0,-8.37461539872896e-131,0.00325273155478389,1.54506871244548,0,267.161443506003,60.6481711487664,4.18383313818513e-10,1,0.986611166637817,0,0,0,0,0,0
58.74,9500,1.54506871244548,9500,9500,1.54506871244548,1.54506871244548,0,8.10603234017084e-12,20.384480903736,1,0,15030.1235607483,-15030.1235607483,1.54506871244548,1.5418159808907,1.5418159808907,0,-6.52215703045196e-131,0.00325273155478389,1.54506871244548,0,267.161443506003,60.6481711487664,4.18383313818513e-10,1,0.986611166637817,0,0,0,0,0,0
58.755,9500,1.54506871244548,9500,9500,1.54506871244548,1.54506871244548,0,8.10603234017084e-12,20.384480903736,1,0,15030.1235607483,-15030.1235607483,1.54506871244548,1.5418159808907,1.5418159808907,0,-5.07946100263066e-131,0.00325273155478389,1.54506871244548,0,267.161443506003,60.6481711487664,4.18383313818513e-10,1,0.986611166637817,0,0,0,0,0,0
58.77,9500,1.54506871244548,9500,9500,1.54506871244548,1.54506871244548,0,8.10603234017084e-12,20.384480903736,1,0,15030.1235607483,-15030.1235607483,1.54506871244548,1.5418159808907,1.5418159808907,0,-3.95588820642942e-131,0.00325273155478389,1.54506871244548,0,267.161443506003,60.6481711487664,4.18383313818513e-10,1,0.986611166637817,0,0,0,0,0,0
58.785,9500,1.54506871244548,9500,9500,1.54506871244548,1.54506871244548,0,8.10603234017084e-12,20.384480903736,1,0,15030.1235607483,-15030.1235607483,1.54506871244548,1.5418159808907,1.5418159808907,0,-3.08084883291017e-131,0.00325273155478389,1.54506871244548,0,267.161443506003,60.6481711487664,4.18383313818513e-10,1,0.986611166637817,0,0,0,0,0,0
58.8,9500,1.54506871244548,9500,9500,1.54506871244548,1.54506871244548,0,8.10603234017084e-12,20.384480903736,1,0,15030.1235607483,-15030.1235607483,1.54506871244548,1.5418159808907,1.5418159808907,0,-2.39936748359506e-131,0.00325273155478389,1.54506871244548,0,267.161443506003,60.6481711487664,4.18383313818513e-10,1,0.986611166637817,0,0,0,0,0,0
58.815,9500,1.54506871244548,9500,9500,1.54506871244548,1.54506871244548,0,8.10603234017084e-12,20.384480903736,1,0,15030.1235607483,-15030.1235607483,1.54506871244548,1.5418159808907,1.5418159808907,0,-1.8686292750999e-131,0.00325273155478389,1.54506871244548,0,267.161443506003,60.6481711487664,4.18383313818513e-10,1,0.986611166637817,0,0,0,0,0,0
58.83,9500,1.54506871244548,9500,9500,1.54506871244548,1.54506871244548,0,8.10603234017084e-12,20.384480903736,1,0,15030.1235607483,-15030.1235607483,1.54506871244548,1.5418159808907,1.5418159808907,0,-1.45528994271795e-131,0.00325273155478389,1.54506871244548,0,267.161443506003,60.6481711487664,4.18383313818513e-10,1,0.986611166637817,0,0,0,0,0,0
58.845,9500,1.54506871244548,9500,9500,1.54506871244548,1.54506871244548,0,8.10603234017084e-12,20.384480903736,1,0,15030.1235607483,-15030.1235607483,1.54506871244548,1.5418159808907,1.5418159808907,0,-1.13338094698468e-131,0.00325273155478389,1.54506871244548,0,267.161443506003,60.6481711487664,4.18383313818513e-10,1,0.986611166637817,0,0,0,0,0,0
58.86,9500,1.54506871244548,9500,9500,1.54506871244548,1.54506871244548,0,8.10603234017084e-12,20.384480903736,1,0,15030.1235607483,-15030.1235607483,1.54506871244548,1.5418159808907,1.5418159808907,0,-8.82677969029881e-132,0.00325273155478389,1.54506871244548,0,267.161443506003,60.6481711487664,4.18383313818513e-10,1,0.986611166637817,0,0,0,0,0,0
58.875,9500,1.54506871244548,9500,9500,1.54506871244548,1.54506871244548,0,8.10603234017084e-12,20.384480903736,1,0,15030.1235607483,-15030.1235607483,1.54506871244548,1.5418159808907,1.5418159808907,0,-6.87430293480349e-132,0.00325273155478389,1.54506871244548,0,267.161443506003,60.6481711487664,4.18383313818513e-10,1,0.986611166637817,0,0,0,0,0,0
58.89,9500,1.54506871244548,9500,9500,1.54506871244548,1.54506871244548,0,8.10603234017084e-12,20.384480903736,1,0,15030.1235607483,-15030.1235607483,1.54506871244548,1.5418159808907,1.5418159808907,0,-5.35371250869501e-132,0.00325273155478389,1.54506871244548,0,267.161443506003,60.6481711487664,4.18383313818513e-10,1,0.986611166637817,0,0,0,0,0,0
58.905,9500,1.54506871244548,9500,9500,1.54506871244548,1.54506871244548,0,8.10603234017084e-12,20.384480903736,1,0,15030.1235607483,-15030.1235607483,1.54506871244548,1.5418159808907,1.5418159808907,0,-4.16947549411085e-132,0.00325273155478389,1.54506871244548,0,267.161443506003,60.6481711487664,4.18383313818513e-10,1,0.986611166637817,0,0,0,0,0,0
58.92,9500,1.54506871244548,9500,9500,1.54506871244548,1.54506871244548,0,8.10603234017084e-12,20.384480903736,1,0,15030.1235607483,-15030.1235607483,1.54506871244548,1.5418159808907,1.5418159808907,0,-3.24719077981056e-132,0.00325273155478389,1.54506871244548,0,267.161443506003,60.6481711487664,4.18383313818513e-10,1,0.986611166637817,0,0,0,0,0,0
58.935,9500,1.54506871244548,9500,9500,1.54506871244548,1.54506871244548,0,8.10603234017084e-12,20.384480903736,1,0,15030.1235607483,-15030.1235607483,1.54506871244548,1.5418159808907,1.5418159808907,0,-2.52891472209871e-132,0.00325273155478389,1.54506871244548,0,267.161443506003,60.6481711487664,4.18383313818513e-10,1,0.986611166637817,0,0,0,0,0,0
58.95,9500,1.54506871244548,9500,9500,1.54506871244548,1.54506871244548,0,8.10603234017084e-12,20.384480903736,1,0,15030.1235607483,-15030.1235607483,1.54506871244548,1.5418159808907,1.5418159808907,0,-1.96952076589128e-132,0.00325273155478389,1.54506871244548,0,267.161443506003,60.6481711487664,4.18383313818513e-10,1,0.986611166637817,0,0,0,0,0,0
58.965,9500,1.54506871244548,9500,9500,1.54506871244548,1.54506871244548,0,8.10603234017084e-12,20.384480903736,1,0,15030.1235607483,-15030.1235607483,1.54506871244548,1.5418159808907,1.5418159808907,0,-1.53386431475152e-132,0.00325273155478389,1.54506871244548,0,267.161443506003,60.6481711487664,4.18383313818513e-10,1,0.986611166637817,0,0,0,0,0,0
58.98,9500,1.54506871244548,9500,9500,1.54506871244548,1.54506871244548,0,8.10603234017084e-12,20.384480903736,1,0,15030.1235607483,-15030.1235607483,1.54506871244548,1.5418159808907,1.5418159808907,0,-1.19457472945377e-132,0.00325273155478389,1.54506871244548,0,267.161443506003,60.6481711487664,4.18383313818513e-10,1,0.986611166637817,0,0,0,0,0,0
58.995,9500,1.54506871244548,9500,9500,1.54506871244548,1.54506871244548,0,8.10603234017084e-12,20.384480903736,1,0,15030.1235607483,-15030.1235607483,1.54506871244548,1.5418159808907,1.5418159808907,0,-9.30335734735908e-133,0.00325273155478389,1.54506871244548,0,267.161443506003,60.6481711487664,4.18383313818513e-10,1,0.986611166637817,0,0,0,0,0,0
59.01,9500,1.54506871244548,9500,9500,1.54506871244548,1.54506871244548,0,8.10603234017084e-12,20.384480903736,1,0,15030.1235607483,-15030.1235607483,1.54506871244548,1.5418159808907,1.5418159808907,0,-7.24546198731636e-133,0.00325273155478389,1.54506871244548,0,267.161443506003,60.6481711487664,4.18383313818513e-10,1,0.986611166637817,0,0,0,0,0,0
59.025,9500,1.54506871244548,9500,9500,1.54506871244548,1.54506871244548,0,8.10603234017084e-12,20.384480903736,1,0,15030.1235607483,-15030.1235607483,1.54506871244548,1.5418159808907,1.5418159808907,0,-5.64277146943608e-133,0.00325273155478389,1.54506871244548,0,267.161443506003,60.6481711487664,4.18383313818513e-10,1,0.986611166637817,0,0,0,0,0,0
59.04,9500,1.54506871244548,9500,9500,1.54506871244548,1.54506871244548,0,8.10603234017084e-12,20.384480903736,1,0,15030.1235607483,-15030.1235607483,1.54506871244548,1.5418159808907,1.5418159808907,0,-4.3945948390898e-133,0.00325273155478389,1.54506871244548,0,267.161443506003,60.6481711487664,4.18383313818513e-10,1,0.986611166637817,0,0,0,0,0,0
59.055,9500,1.54506871244548,9500,9500,1.54506871244548,1.54506871244548,0,8.10603234017084e-12,20.384480903736,1,0,15030.1235607483,-15030.1235607483,1.54506871244548,1.5418159808907,1.5418159808907,0,-3.42251390196469e-133,0.00325273155478389,1.54506871244548,0,267.161443506003,60.6481711487664,4.18383313818513e-10,1,0.986611166637817,0,0,0,0,0,0
59.07,9500,1.54506871244548,9500,9500,1.54506871244548,1.54506871244548,0,8.10603234017084e-12,20.384480903736,1,0,15030.1235607483,-15030.1235607483,1.54506871244548,1.5418159808907,1.5418159808907,0,-2.66545650692287e-133,0.00325273155478389,1.54506871244548,0,267.161443506003,60.6481711487664,4.18383313818513e-10,1,0.986611166637817,0,0,0,0,0,0
59.085,9500,1.54506871244548,9500,9500,1.54506871244548,1.54506871244548,0,8.10603234017084e-12,20.384480903736,1,0,15030.1235607483,-15030.1235607483,1.54506871244548,1.5418159808907,1.5418159808907,0,-2.0758596148343e-133,0.00325273155478389,1.54506871244548,0,267.161443506003,60.6481711487664,4.18383313818513e-10,1,0.986611166637817,0,0,0,0,0,0
59.1,9500,1.54506871244548,9500,9500,1.54506871244548,1.54506871244548,0,8.10603234017084e-12,20.384480903736,1,0,15030.1235607483,-15030.1235607483,1.54506871244548,1.5418159808907,1.5418159808907,0,-1.61668109357926e-133,0.00325273155478389,1.54506871244548,0,267.161443506003,60.6481711487664,4.18383313818513e-10,1,0.986611166637817,0,0,0,0,0,0
59.115,9500,1.54506871244548,9500,9500,1.54506871244548,1.54506871244548,0,8.10603234017084e-12,20.384480903736,1,0,15030.1235607483,-15030.1235607483,1.54506871244548,1.5418159808907,1.5418159808907,0,-1.25907250165626e-133,0.00325273155478389,1.54506871244548,0,267.161443506003,60.6481711487664,4.18383313818513e-10,1,0.986611166637817,0,0,0,0,0,0
59.13,9500,1.54506871244548,9500,9500,1.54506871244548,1.54506871244548,0,8.10603234017084e-12,20.384480903736,1,0,15030.1235607483,-15030.1235607483,1.54506871244548,1.5418159808907,1.5418159808907,0,-9.8056665023357e-134,0.00325273155478389,1.54506871244548,0,267.161443506003,60.6481711487664,4.18383313818513e-10,1,0.986611166637817,0,0,0,0,0,0
59.145,9500,1.54506871244548,9500,9500,1.54506871244548,1.54506871244548,0,8.10603234017084e-12,20.384480903736,1,0,15030.1235607483,-15030.1235607483,1.54506871244548,1.5418159808907,1.5418159808907,0,-7.63666075055609e-134,0.00325273155478389,1.54506871244548,0,267.161443506003,60.6481711487664,4.18383313818513e-10,1,0.986611166637817,0,0,0,0,0,0
59.16,9500,1.54506871244548,9500,9500,1.54506871244548,1.54506871244548,0,8.10603234017084e-12,20.384480903736,1,0,15030.1235607483,-15030.1235607483,1.54506871244548,1.5418159808907,1.5418159808907,0,-5.94743737258374e-134,0.00325273155478389,1.54506871244548,0,267.161443506003,60.6481711487664,4.18383313818513e-10,1,0.986611166637817,0,0,0,0,0,0
59.175,9500,1.54506871244548,9500,9500,1.54506871244548,1.54506871244548,0,8.10603234017084e-12,20.384480903736,1,0,15030.1235607483,-15030.1235607483,1.54506871244548,1.5418159808907,1.5418159808907,0,-4.63186888303636e-134,0.00325273155478389,1.54506871244548,0,267.161443506003,60.6481711487664,4.18383313818513e-10,1,0.986611166637817,0,0,0,0,0,0
59.19,9500,1.54506871244548,9500,9500,1.54506871244548,1.54506871244548,0,8.10603234017084e-12,20.384480903736,1,0,15030.1235607483,-15030.1235607483,1.54506871244548,1.5418159808907,1.5418159808907,0,-3.60730311319279e-134,0.00325273155478389,1.54506871244548,0,267.161443506003,60.6481711487664,4.18383313818513e-10,1,0.986611166637817,0,0,0,0,0,0
59.205,9500,1.54506871244548,9500,9500,1.54506871244548,1.54506871244548,0,8.10603234017084e-12,20.384480903736,1,0,15030.1235607483,-15030.1235607483,1.54506871244548,1.5418159808907,1.5418159808907,0,-2.80937048933046e-134,0.00325273155478389,1.54506871244548,0,267.161443506003,60.6481711487664,4.18383313818513e-10,1,0.986611166637817,0,0,0,0,0,0
59.22,9500,1.54506871244548,9500,9500,1.54506871244548,1.54506871244548,0,8.10603234017084e-12,20.384480903736,1,0,15030.1235607483,-15030.1235607483,1.54506871244548,1.5418159808907,1.5418159808907,0,-2.18793993702826e-134,0.00325273155478389,1.54506871244548,0,267.161443506003,60.6481711487664,4.18383313818513e-10,1,0.986611166637817,0,0,0,0,0,0
59.235,9500,1.54506871244548,9500,9500,1.54506871244548,1.54506871244548,0,8.10603234017084e-12,20.384480903736,1,0,15030.1235607483,-15030.1235607483,1.54506871244548,1.5418159808907,1.5418159808907,0,-1.70396933627081e-134,0.00325273155478389,1.54506871244548,0,267.161443506003,60.6481711487664,4.18383313818513e-10,1,0.986611166637817,0,0,0,0,0,0
59.25,9500,1.54506871244548,9500,9500,1.54506871244548,1.54506871244548,0,8.10603234017084e-12,20.384480903736,1,0,15030.1235607483,-15030.1235607483,1.54506871244548,1.5418159808907,1.5418159808907,0,-1.32705265341737e-134,0.00325273155478389,1.54506871244548,0,267.161443506003,60.6481711487664,4.18383313818513e-10,1,0.986611166637817,0,0,0,0,0,0
59.265,9500,1.54506871244548,9500,9500,1.54506871244548,1.54506871244548,0,8.10603234017084e-12,20.384480903736,1,0,15030.1235607483,-15030.1235607483,1.54506871244548,1.5418159808907,1.5418159808907,0,-1.03350964565843e-134,0.00325273155478389,1.54506871244548,0,267.161443506003,60.6481711487664,4.18383313818513e-10,1,0.986611166637817,0,0,0,0,0,0
59.28,9500,1.54506871244548,9500,9500,1.54506871244548,1.54506871244548,0,8.10603234017084e-12,20.384480903736,1,0,15030.1235607483,-15030.1235607483,1.54506871244548,1.5418159808907,1.5418159808907,0,-8.04898121350637e-135,0.00325273155478389,1.54506871244548,0,267.161443506003,60.6481711487664,4.18383313818513e-10,1,0.986611166637817,0,0,0,0,0,0
59.295,9500,1.54506871244548,9500,9500,1.54506871244548,1.54506871244548,0,8.10603234017084e-12,20.384480903736,1,0,15030.1235607483,-15030.1235607483,1.54506871244548,1.5418159808907,1.5418159808907,0,-6.26855287200579e-135,0.00325273155478389,1.54506871244548,0,267.161443506003,60.6481711487664,4.18383313818513e-10,1,0.986611166637817,0,0,0,0,0,0
59.31,9500,1.54506871244548,9500,9500,1.54506871244548,1.54506871244548,0,8.10603234017084e-12,20.384480903736,1,0,15030.1235607483,-15030.1235607483,1.54506871244548,1.5418159808907,1.5418159808907,0,-4.88195388544261e-135,0.00325273155478389,1.54506871244548,0,267.161443506003,60.6481711487664,4.18383313818513e-10,1,0.986611166637817,0,0,0,0,0,0
59.325,9500,1.54506871244548,9500,9500,1.54506871244548,1.54506871244548,0,8.10603234017084e-12,20.384480903736,1,0,15030.1235607483,-15030.1235607483,1.54506871244548,1.5418159808907,1.5418159808907,0,-3.80206950890119e-135,0.00325273155478389,1.54506871244548,0,267.161443506003,60.6481711487664,4.18383313818513e-10,1,0.986611166637817,0,0,0,0,0,0
59.34,9500,1.54506871244548,9500,9500,1.54506871244548,1.54506871244548,0,8.10603234017084e-12,20.384480903736,1,0,15030.1235607483,-15030.1235607483,1.54506871244548,1.5418159808907,1.5418159808907,0,-2.96105471082416e-135,0.00325273155478389,1.54506871244548,0,267.161443506003,60.6481711487664,4.18383313818513e-10,1,0.986611166637817,0,0,0,0,0,0
59.355,9500,1.54506871244548,9500,9500,1.54506871244548,1.54506871244548,0,8.10603234017084e-12,20.384480903736,1,0,15030.1235607483,-15030.1235607483,1.54506871244548,1.5418159808907,1.5418159808907,0,-2.30607172750713e-135,0.00325273155478389,1.54506871244548,0,267.161443506003,60.6481711487664,4.18383313818513e-10,1,0.986611166637817,0,0,0,0,0,0
59.37,9500,1.54506871244548,9500,9500,1.54506871244548,1.54506871244548,0,8.10603234017084e-12,20.384480903736,1,0,15030.1235607483,-15030.1235607483,1.54506871244548,1.5418159808907,1.5418159808907,0,-1.79597046720138e-135,0.00325273155478389,1.54506871244548,0,267.161443506003,60.6481711487664,4.18383313818513e-10,1,0.986611166637817,0,0,0,0,0,0
59.385,9500,1.54506871244548,9500,9500,1.54506871244548,1.54506871244548,0,8.10603234017084e-12,20.384480903736,1,0,15030.1235607483,-15030.1235607483,1.54506871244548,1.5418159808907,1.5418159808907,0,-1.39870320622955e-135,0.00325273155478389,1.54506871244548,0,267.161443506003,60.6481711487664,4.18383313818513e-10,1,0.986611166637817,0,0,0,0,0,0
59.4,9500,1.54506871244548,9500,9500,1.54506871244548,1.54506871244548,0,8.10603234017084e-12,20.384480903736,1,0,15030.1235607483,-15030.1235607483,1.54506871244548,1.5418159808907,1.5418159808907,0,-1.08931115229606e-135,0.00325273155478389,1.54506871244548,0,267.161443506003,60.6481711487664,4.18383313818513e-10,1,0.986611166637817,0,0,0,0,0,0
59.415,9500,1.54506871244548,9500,9500,1.54506871244548,1.54506871244548,0,8.10603234017084e-12,20.384480903736,1,0,15030.1235607483,-15030.1235607483,1.54506871244548,1.5418159808907,1.5418159808907,0,-8.48356378416585e-136,0.00325273155478389,1.54506871244548,0,267.161443506003,60.6481711487664,4.18383313818513e-10,1,0.986611166637817,0,0,0,0,0,0
59.43,9500,1.54506871244548,9500,9500,1.54506871244548,1.54506871244548,0,8.10603234017084e-12,20.384480903736,1,0,15030.1235607483,-15030.1235607483,1.54506871244548,1.5418159808907,1.5418159808907,0,-6.60700611834458e-136,0.00325273155478389,1.54506871244548,0,267.161443506003,60.6481711487664,4.18383313818513e-10,1,0.986611166637817,0,0,0,0,0,0
59.445,9500,1.54506871244548,9500,9500,1.54506871244548,1.54506871244548,0,8.10603234017084e-12,20.384480903736,1,0,15030.1235607483,-15030.1235607483,1.54506871244548,1.5418159808907,1.5418159808907,0,-5.14554153872432e-136,0.00325273155478389,1.54506871244548,0,267.161443506003,60.6481711487664,4.18383313818513e-10,1,0.986611166637817,0,0,0,0,0,0
59.46,9500,1.54506871244548,9500,9500,1.54506871244548,1.54506871244548,0,8.10603234017084e-12,20.384480903736,1,0,15030.1235607483,-15030.1235607483,1.54506871244548,1.5418159808907,1.5418159808907,0,-4.00735177968494e-136,0.00325273155478389,1.54506871244548,0,267.161443506003,60.6481711487664,4.18383313818513e-10,1,0.986611166637817,0,0,0,0,0,0
59.475,9500,1.54506871244548,9500,9500,1.54506871244548,1.54506871244548,0,8.10603234017084e-12,20.384480903736,1,0,15030.1235607483,-15030.1235607483,1.54506871244548,1.5418159808907,1.5418159808907,0,-3.12092870406122e-136,0.00325273155478389,1.54506871244548,0,267.161443506003,60.6481711487664,4.18383313818513e-10,1,0.986611166637817,0,0,0,0,0,0
59.49,9500,1.54506871244548,9500,9500,1.54506871244548,1.54506871244548,0,8.10603234017084e-12,20.384480903736,1,0,15030.1235607483,-15030.1235607483,1.54506871244548,1.5418159808907,1.5418159808907,0,-2.4305817186329e-136,0.00325273155478389,1.54506871244548,0,267.161443506003,60.6481711487664,4.18383313818513e-10,1,0.986611166637817,0,0,0,0,0,0
59.505,9500,1.54506871244548,9500,9500,1.54506871244548,1.54506871244548,0,8.10603234017084e-12,20.384480903736,1,0,15030.1235607483,-15030.1235607483,1.54506871244548,1.5418159808907,1.5418159808907,0,-1.89293894579035e-136,0.00325273155478389,1.54506871244548,0,267.161443506003,60.6481711487664,4.18383313818513e-10,1,0.986611166637817,0,0,0,0,0,0
59.52,9500,1.54506871244548,9500,9500,1.54506871244548,1.54506871244548,0,8.10603234017084e-12,20.384480903736,1,0,15030.1235607483,-15030.1235607483,1.54506871244548,1.5418159808907,1.5418159808907,0,-1.47422233328788e-136,0.00325273155478389,1.54506871244548,0,267.161443506003,60.6481711487664,4.18383313818513e-10,1,0.986611166637817,0,0,0,0,0,0
59.535,9500,1.54506871244548,9500,9500,1.54506871244548,1.54506871244548,0,8.10603234017084e-12,20.384480903736,1,0,15030.1235607483,-15030.1235607483,1.54506871244548,1.5418159808907,1.5418159808907,0,-1.14812550758596e-136,0.00325273155478389,1.54506871244548,0,267.161443506003,60.6481711487664,4.18383313818513e-10,1,0.986611166637817,0,0,0,0,0,0
59.55,9500,1.54506871244548,9500,9500,1.54506871244548,1.54506871244548,0,8.10603234017084e-12,20.384480903736,1,0,15030.1235607483,-15030.1235607483,1.54506871244548,1.5418159808907,1.5418159808907,0,-8.94161044372196e-137,0.00325273155478389,1.54506871244548,0,267.161443506003,60.6481711487664,4.18383313818513e-10,1,0.986611166637817,0,0,0,0,0,0
59.565,9500,1.54506871244548,9500,9500,1.54506871244548,1.54506871244548,0,8.10603234017084e-12,20.384480903736,1,0,15030.1235607483,-15030.1235607483,1.54506871244548,1.5418159808907,1.5418159808907,0,-6.96373321549012e-137,0.00325273155478389,1.54506871244548,0,267.161443506003,60.6481711487664,4.18383313818513e-10,1,0.986611166637817,0,0,0,0,0,0
59.58,9500,1.54506871244548,9500,9500,1.54506871244548,1.54506871244548,0,8.10603234017084e-12,20.384480903736,1,0,15030.1235607483,-15030.1235607483,1.54506871244548,1.5418159808907,1.5418159808907,0,-5.42336088132405e-137,0.00325273155478389,1.54506871244548,0,267.161443506003,60.6481711487664,4.18383313818513e-10,1,0.986611166637817,0,0,0,0,0,0
59.595,9500,1.54506871244548,9500,9500,1.54506871244548,1.54506871244548,0,8.10603234017084e-12,20.384480903736,1,0,15030.1235607483,-15030.1235607483,1.54506871244548,1.5418159808907,1.5418159808907,0,-4.223717701254e-137,0.00325273155478389,1.54506871244548,0,267.161443506003,60.6481711487664,4.18383313818513e-10,1,0.986611166637817,0,0,0,0,0,0
59.61,9500,1.54506871244548,9500,9500,1.54506871244548,1.54506871244548,0,8.10603234017084e-12,20.384480903736,1,0,15030.1235607483,-15030.1235607483,1.54506871244548,1.5418159808907,1.5418159808907,0,-3.28943465320917e-137,0.00325273155478389,1.54506871244548,0,267.161443506003,60.6481711487664,4.18383313818513e-10,1,0.986611166637817,0,0,0,0,0,0
59.625,9500,1.54506871244548,9500,9500,1.54506871244548,1.54506871244548,0,8.10603234017084e-12,20.384480903736,1,0,15030.1235607483,-15030.1235607483,1.54506871244548,1.5418159808907,1.5418159808907,0,-2.56181428378152e-137,0.00325273155478389,1.54506871244548,0,267.161443506003,60.6481711487664,4.18383313818513e-10,1,0.986611166637817,0,0,0,0,0,0
59.64,9500,1.54506871244548,9500,9500,1.54506871244548,1.54506871244548,0,8.10603234017084e-12,20.384480903736,1,0,15030.1235607483,-15030.1235607483,1.54506871244548,1.5418159808907,1.5418159808907,0,-1.99514297029255e-137,0.00325273155478389,1.54506871244548,0,267.161443506003,60.6481711487664,4.18383313818513e-10,1,0.986611166637817,0,0,0,0,0,0
59.655,9500,1.54506871244548,9500,9500,1.54506871244548,1.54506871244548,0,8.10603234017084e-12,20.384480903736,1,0,15030.1235607483,-15030.1235607483,1.54506871244548,1.5418159808907,1.5418159808907,0,-1.55381890760325e-137,0.00325273155478389,1.54506871244548,0,267.161443506003,60.6481711487664,4.18383313818513e-10,1,0.986611166637817,0,0,0,0,0,0
59.67,9500,1.54506871244548,9500,9500,1.54506871244548,1.54506871244548,0,8.10603234017084e-12,20.384480903736,1,0,15030.1235607483,-15030.1235607483,1.54506871244548,1.5418159808907,1.5418159808907,0,-1.21011538199257e-137,0.00325273155478389,1.54506871244548,0,267.161443506003,60.6481711487664,4.18383313818513e-10,1,0.986611166637817,0,0,0,0,0,0
59.685,9500,1.54506871244548,9500,9500,1.54506871244548,1.54506871244548,0,8.10603234017084e-12,20.384480903736,1,0,15030.1235607483,-15030.1235607483,1.54506871244548,1.5418159808907,1.5418159808907,0,-9.42438807102563e-138,0.00325273155478389,1.54506871244548,0,267.161443506003,60.6481711487664,4.18383313818513e-10,1,0.986611166637817,0,0,0,0,0,0
59.7,9500,1.54506871244548,9500,9500,1.54506871244548,1.54506871244548,0,8.10603234017084e-12,20.384480903736,1,0,15030.1235607483,-15030.1235607483,1.54506871244548,1.5418159808907,1.5418159808907,0,-7.33972080968357e-138,0.00325273155478389,1.54506871244548,0,267.161443506003,60.6481711487664,4.18383313818513e-10,1,0.986611166637817,0,0,0,0,0,0
59.715,9500,1.54506871244548,9500,9500,1.54506871244548,1.54506871244548,0,8.10603234017084e-12,20.384480903736,1,0,15030.1235607483,-15030.1235607483,1.54506871244548,1.5418159808907,1.5418159808907,0,-5.71618031410705e-138,0.00325273155478389,1.54506871244548,0,267.161443506003,60.6481711487664,4.18383313818513e-10,1,0.986611166637817,0,0,0,0,0,0
59.73,9500,1.54506871244548,9500,9500,1.54506871244548,1.54506871244548,0,8.10603234017084e-12,20.384480903736,1,0,15030.1235607483,-15030.1235607483,1.54506871244548,1.5418159808907,1.5418159808907,0,-4.45176570480392e-138,0.00325273155478389,1.54506871244548,0,267.161443506003,60.6481711487664,4.18383313818513e-10,1,0.986611166637817,0,0,0,0,0,0
59.745,9500,1.54506871244548,9500,9500,1.54506871244548,1.54506871244548,0,8.10603234017084e-12,20.384480903736,1,0,15030.1235607483,-15030.1235607483,1.54506871244548,1.5418159808907,1.5418159808907,0,-3.46703861695172e-138,0.00325273155478389,1.54506871244548,0,267.161443506003,60.6481711487664,4.18383313818513e-10,1,0.986611166637817,0,0,0,0,0,0
59.76,9500,1.54506871244548,9500,9500,1.54506871244548,1.54506871244548,0,8.10603234017084e-12,20.384480903736,1,0,15030.1235607483,-15030.1235607483,1.54506871244548,1.5418159808907,1.5418159808907,0,-2.7001323898208e-138,0.00325273155478389,1.54506871244548,0,267.161443506003,60.6481711487664,4.18383313818513e-10,1,0.986611166637817,0,0,0,0,0,0
59.775,9500,1.54506871244548,9500,9500,1.54506871244548,1.54506871244548,0,8.10603234017084e-12,20.384480903736,1,0,15030.1235607483,-15030.1235607483,1.54506871244548,1.5418159808907,1.5418159808907,0,-2.1028652195889e-138,0.00325273155478389,1.54506871244548,0,267.161443506003,60.6481711487664,4.18383313818513e-10,1,0.986611166637817,0,0,0,0,0,0
59.79,9500,1.54506871244548,9500,9500,1.54506871244548,1.54506871244548,0,8.10603234017084e-12,20.384480903736,1,0,15030.1235607483,-15030.1235607483,1.54506871244548,1.5418159808907,1.5418159808907,0,-1.63771307970946e-138,0.00325273155478389,1.54506871244548,0,267.161443506003,60.6481711487664,4.18383313818513e-10,1,0.986611166637817,0,0,0,0,0,0
59.805,9500,1.54506871244548,9500,9500,1.54506871244548,1.54506871244548,0,8.10603234017084e-12,20.384480903736,1,0,15030.1235607483,-15030.1235607483,1.54506871244548,1.5418159808907,1.5418159808907,0,-1.27545222892401e-138,0.00325273155478389,1.54506871244548,0,267.161443506003,60.6481711487664,4.18383313818513e-10,1,0.986611166637817,0,0,0,0,0,0
59.82,9500,1.54506871244548,9500,9500,1.54506871244548,1.54506871244548,0,8.10603234017084e-12,20.384480903736,1,0,15030.1235607483,-15030.1235607483,1.54506871244548,1.5418159808907,1.5418159808907,0,-9.93323194656186e-139,0.00325273155478389,1.54506871244548,0,267.161443506003,60.6481711487664,4.18383313818513e-10,1,0.986611166637817,0,0,0,0,0,0
59.835,9500,1.54506871244548,9500,9500,1.54506871244548,1.54506871244548,0,8.10603234017084e-12,20.384480903736,1,0,15030.1235607483,-15030.1235607483,1.54506871244548,1.5418159808907,1.5418159808907,0,-7.73600881841227e-139,0.00325273155478389,1.54506871244548,0,267.161443506003,60.6481711487664,4.18383313818513e-10,1,0.986611166637817,0,0,0,0,0,0
59.85,9500,1.54506871244548,9500,9500,1.54506871244548,1.54506871244548,0,8.10603234017084e-12,20.384480903736,1,0,15030.1235607483,-15030.1235607483,1.54506871244548,1.5418159808907,1.5418159808907,0,-6.02480972562677e-139,0.00325273155478389,1.54506871244548,0,267.161443506003,60.6481711487664,4.18383313818513e-10,1,0.986611166637817,0,0,0,0,0,0
59.865,9500,1.54506871244548,9500,9500,1.54506871244548,1.54506871244548,0,8.10603234017084e-12,20.384480903736,1,0,15030.1235607483,-15030.1235607483,1.54506871244548,1.5418159808907,1.5418159808907,0,-4.69212653217434e-139,0.00325273155478389,1.54506871244548,0,267.161443506003,60.6481711487664,4.18383313818513e-10,1,0.986611166637817,0,0,0,0,0,0
59.88,9500,1.54506871244548,9500,9500,1.54506871244548,1.54506871244548,0,8.10603234017084e-12,20.384480903736,1,0,15030.1235607483,-15030.1235607483,1.54506871244548,1.5418159808907,1.5418159808907,0,-3.65423181752749e-139,0.00325273155478389,1.54506871244548,0,267.161443506003,60.6481711487664,4.18383313818513e-10,1,0.986611166637817,0,0,0,0,0,0
59.895,9500,1.54506871244548,9500,9500,1.54506871244548,1.54506871244548,0,8.10603234017084e-12,20.384480903736,1,0,15030.1235607483,-15030.1235607483,1.54506871244548,1.5418159808907,1.5418159808907,0,-2.84591860101486e-139,0.00325273155478389,1.54506871244548,0,267.161443506003,60.6481711487664,4.18383313818513e-10,1,0.986611166637817,0,0,0,0,0,0
59.91,9500,1.54506871244548,9500,9500,1.54506871244548,1.54506871244548,0,8.10603234017084e-12,20.384480903736,1,0,15030.1235607483,-15030.1235607483,1.54506871244548,1.5418159808907,1.5418159808907,0,-2.21640363502785e-139,0.00325273155478389,1.54506871244548,0,267.161443506003,60.6481711487664,4.18383313818513e-10,1,0.986611166637817,0,0,0,0,0,0
59.925,9500,1.54506871244548,9500,9500,1.54506871244548,1.54506871244548,0,8.10603234017084e-12,20.384480903736,1,0,15030.1235607483,-15030.1235607483,1.54506871244548,1.5418159808907,1.5418159808907,0,-1.72613688656199e-139,0.00325273155478389,1.54506871244548,0,267.161443506003,60.6481711487664,4.18383313818513e-10,1,0.986611166637817,0,0,0,0,0,0
59.94,9500,1.54506871244548,9500,9500,1.54506871244548,1.54506871244548,0,8.10603234017084e-12,20.384480903736,1,0,15030.1235607483,-15030.1235607483,1.54506871244548,1.5418159808907,1.5418159808907,0,-1.34431675894292e-139,0.00325273155478389,1.54506871244548,0,267.161443506003,60.6481711487664,4.18383313818513e-10,1,0.986611166637817,0,0,0,0,0,0
59.955,9500,1.54506871244548,9500,9500,1.54506871244548,1.54506871244548,0,8.10603234017084e-12,20.384480903736,1,0,15030.1235607483,-15030.1235607483,1.54506871244548,1.5418159808907,1.5418159808907,0,-1.04695494456076e-139,0.00325273155478389,1.54506871244548,0,267.161443506003,60.6481711487664,4.18383313818513e-10,1,0.986611166637817,0,0,0,0,0,0
59.97,9500,1.54506871244548,9500,9500,1.54506871244548,1.54506871244548,0,8.10603234017084e-12,20.384480903736,1,0,15030.1235607483,-15030.1235607483,1.54506871244548,1.5418159808907,1.5418159808907,0,-8.15369330664398e-140,0.00325273155478389,1.54506871244548,0,267.161443506003,60.6481711487664,4.18383313818513e-10,1,0.986611166637817,0,0,0,0,0,0
59.985,9500,1.54506871244548,9500,9500,1.54506871244548,1.54506871244548,0,8.10603234017084e-12,20.384480903736,1,0,15030.1235607483,-15030.1235607483,1.54506871244548,1.5418159808907,1.5418159808907,0,-6.3501027321384e-140,0.00325273155478389,1.54506871244548,0,267.161443506003,60.6481711487664,4.18383313818513e-10,1,0.986611166637817,0,0,0,0,0,0
60,9500,1.54506871244548,9500,9500,1.54506871244548,1.54506871244548,0,8.10603234017084e-12,20.384480903736,1,0,15030.1235607483,-15030.1235607483,1.54506871244548,1.5418159808907,1.5418159808907,0,-4.94546498037325e-140,0.00325273155478389,1.54506871244548,0,267.161443506003,60.6481711487664,4.18383313818513e-10,1,0.986611166637817,0,0,0,0,0,0
60.015,9500,1.54506871244548,9500,9500,1.54506871244548,1.54506871244548,0,8.10603234017084e-12,20.384480903736,1,0,15030.1235607483,-15030.1235607483,1.54506871244548,1.5418159808907,1.5418159808907,0,-3.8515319993669e-140,0.00325273155478389,1.54506871244548,0,267.161443506003,60.6481711487664,4.18383313818513e-10,1,0.986611166637817,0,0,0,0,0,0
60.03,9500,1.54506871244548,9500,9500,1.54506871244548,1.54506871244548,0,8.10603234017084e-12,20.384480903736,1,0,15030.1235607483,-15030.1235607483,1.54506871244548,1.5418159808907,1.5418159808907,0,-2.99957613713152e-140,0.00325273155478389,1.54506871244548,0,267.161443506003,60.6481711487664,4.18383313818513e-10,1,0.986611166637817,0,0,0,0,0,0
60.045,9500,1.54506871244548,9500,9500,1.54506871244548,1.54506871244548,0,8.10603234017084e-12,20.384480903736,1,0,15030.1235607483,-15030.1235607483,1.54506871244548,1.5418159808907,1.5418159808907,0,-2.33607224448032e-140,0.00325273155478389,1.54506871244548,0,267.161443506003,60.6481711487664,4.18383313818513e-10,1,0.986611166637817,0,0,0,0,0,0
60.06,9500,1.54506871244548,9500,9500,1.54506871244548,1.54506871244548,0,8.10603234017084e-12,20.384480903736,1,0,15030.1235607483,-15030.1235607483,1.54506871244548,1.5418159808907,1.5418159808907,0,-1.81933489331265e-140,0.00325273155478389,1.54506871244548,0,267.161443506003,60.6481711487664,4.18383313818513e-10,1,0.986611166637817,0,0,0,0,0,0
60.075,9500,1.54506871244548,9500,9500,1.54506871244548,1.54506871244548,0,8.10603234017084e-12,20.384480903736,1,0,15030.1235607483,-15030.1235607483,1.54506871244548,1.5418159808907,1.5418159808907,0,-1.41689943958102e-140,0.00325273155478389,1.54506871244548,0,267.161443506003,60.6481711487664,4.18383313818513e-10,1,0.986611166637817,0,0,0,0,0,0
60.09,9500,1.54506871244548,9500,9500,1.54506871244548,1.54506871244548,0,8.10603234017084e-12,20.384480903736,1,0,15030.1235607483,-15030.1235607483,1.54506871244548,1.5418159808907,1.5418159808907,0,-1.10348239307914e-140,0.00325273155478389,1.54506871244548,0,267.161443506003,60.6481711487664,4.18383313818513e-10,1,0.986611166637817,0,0,0,0,0,0
60.105,9500,1.54506871244548,9500,9500,1.54506871244548,1.54506871244548,0,8.10603234017084e-12,20.384480903736,1,0,15030.1235607483,-15030.1235607483,1.54506871244548,1.5418159808907,1.5418159808907,0,-8.59392951835538e-141,0.00325273155478389,1.54506871244548,0,267.161443506003,60.6481711487664,4.18383313818513e-10,1,0.986611166637817,0,0,0,0,0,0
60.12,9500,1.54506871244548,9500,9500,1.54506871244548,1.54506871244548,0,8.10603234017084e-12,20.384480903736,1,0,15030.1235607483,-15030.1235607483,1.54506871244548,1.5418159808907,1.5418159808907,0,-6.69295903855563e-141,0.00325273155478389,1.54506871244548,0,267.161443506003,60.6481711487664,4.18383313818513e-10,1,0.986611166637817,0,0,0,0,0,0
60.135,9500,1.54506871244548,9500,9500,1.54506871244548,1.54506871244548,0,8.10603234017084e-12,20.384480903736,1,0,15030.1235607483,-15030.1235607483,1.54506871244548,1.5418159808907,1.5418159808907,0,-5.21248174029197e-141,0.00325273155478389,1.54506871244548,0,267.161443506003,60.6481711487664,4.18383313818513e-10,1,0.986611166637817,0,0,0,0,0,0
60.15,9500,1.54506871244548,9500,9500,1.54506871244548,1.54506871244548,0,8.10603234017084e-12,20.384480903736,1,0,15030.1235607483,-15030.1235607483,1.54506871244548,1.5418159808907,1.5418159808907,0,-4.05948486108478e-141,0.00325273155478389,1.54506871244548,0,267.161443506003,60.6481711487664,4.18383313818513e-10,1,0.986611166637817,0,0,0,0,0,0
60.165,9500,1.54506871244548,9500,9500,1.54506871244548,1.54506871244548,0,8.10603234017084e-12,20.384480903736,1,0,15030.1235607483,-15030.1235607483,1.54506871244548,1.5418159808907,1.5418159808907,0,-3.16152998867934e-141,0.00325273155478389,1.54506871244548,0,267.161443506003,60.6481711487664,4.18383313818513e-10,1,0.986611166637817,0,0,0,0,0,0
60.18,9500,1.54506871244548,9500,9500,1.54506871244548,1.54506871244548,0,8.10603234017084e-12,20.384480903736,1,0,15030.1235607483,-15030.1235607483,1.54506871244548,1.5418159808907,1.5418159808907,0,-2.4622020308872e-141,0.00325273155478389,1.54506871244548,0,267.161443506003,60.6481711487664,4.18383313818513e-10,1,0.986611166637817,0,0,0,0,0,0
60.195,9500,1.54506871244548,9500,9500,1.54506871244548,1.54506871244548,0,8.10603234017084e-12,20.384480903736,1,0,15030.1235607483,-15030.1235607483,1.54506871244548,1.5418159808907,1.5418159808907,0,-1.91756486973496e-141,0.00325273155478389,1.54506871244548,0,267.161443506003,60.6481711487664,4.18383313818513e-10,1,0.986611166637817,0,0,0,0,0,0
60.21,9500,1.54506871244548,9500,9500,1.54506871244548,1.54506871244548,0,8.10603234017084e-12,20.384480903736,1,0,15030.1235607483,-15030.1235607483,1.54506871244548,1.5418159808907,1.5418159808907,0,-1.4934010221398e-141,0.00325273155478389,1.54506871244548,0,267.161443506003,60.6481711487664,4.18383313818513e-10,1,0.986611166637817,0,0,0,0,0,0
60.225,9500,1.54506871244548,9500,9500,1.54506871244548,1.54506871244548,0,8.10603234017084e-12,20.384480903736,1,0,15030.1235607483,-15030.1235607483,1.54506871244548,1.5418159808907,1.5418159808907,0,-1.16306188548211e-141,0.00325273155478389,1.54506871244548,0,267.161443506003,60.6481711487664,4.18383313818513e-10,1,0.986611166637817,0,0,0,0,0,0
60.24,9500,1.54506871244548,9500,9500,1.54506871244548,1.54506871244548,0,8.10603234017084e-12,20.384480903736,1,0,15030.1235607483,-15030.1235607483,1.54506871244548,1.5418159808907,1.5418159808907,0,-9.05793507173974e-142,0.00325273155478389,1.54506871244548,0,267.161443506003,60.6481711487664,4.18383313818513e-10,1,0.986611166637817,0,0,0,0,0,0
60.255,9500,1.54506871244548,9500,9500,1.54506871244548,1.54506871244548,0,8.10603234017084e-12,20.384480903736,1,0,15030.1235607483,-15030.1235607483,1.54506871244548,1.5418159808907,1.5418159808907,0,-7.05432692688085e-142,0.00325273155478389,1.54506871244548,0,267.161443506003,60.6481711487664,4.18383313818513e-10,1,0.986611166637817,0,0,0,0,0,0
60.27,9500,1.54506871244548,9500,9500,1.54506871244548,1.54506871244548,0,8.10603234017084e-12,20.384480903736,1,0,15030.1235607483,-15030.1235607483,1.54506871244548,1.5418159808907,1.5418159808907,0,-5.4939153346965e-142,0.00325273155478389,1.54506871244548,0,267.161443506003,60.6481711487664,4.18383313818513e-10,1,0.986611166637817,0,0,0,0,0,0
60.285,9500,1.54506871244548,9500,9500,1.54506871244548,1.54506871244548,0,8.10603234017084e-12,20.384480903736,1,0,15030.1235607483,-15030.1235607483,1.54506871244548,1.5418159808907,1.5418159808907,0,-4.27866556478964e-142,0.00325273155478389,1.54506871244548,0,267.161443506003,60.6481711487664,4.18383313818513e-10,1,0.986611166637817,0,0,0,0,0,0
60.3,9500,1.54506871244548,9500,9500,1.54506871244548,1.54506871244548,0,8.10603234017084e-12,20.384480903736,1,0,15030.1235607483,-15030.1235607483,1.54506871244548,1.5418159808907,1.5418159808907,0,-3.33222809235882e-142,0.00325273155478389,1.54506871244548,0,267.161443506003,60.6481711487664,4.18383313818513e-10,1,0.986611166637817,0,0,0,0,0,0
60.315,9500,1.54506871244548,9500,9500,1.54506871244548,1.54506871244548,0,8.10603234017084e-12,20.384480903736,1,0,15030.1235607483,-15030.1235607483,1.54506871244548,1.5418159808907,1.5418159808907,0,-2.59514184770159e-142,0.00325273155478389,1.54506871244548,0,267.161443506003,60.6481711487664,4.18383313818513e-10,1,0.986611166637817,0,0,0,0,0,0
60.33,9500,1.54506871244548,9500,9500,1.54506871244548,1.54506871244548,0,8.10603234017084e-12,20.384480903736,1,0,15030.1235607483,-15030.1235607483,1.54506871244548,1.5418159808907,1.5418159808907,0,-2.02109850317137e-142,0.00325273155478389,1.54506871244548,0,267.161443506003,60.6481711487664,4.18383313818513e-10,1,0.986611166637817,0,0,0,0,0,0
60.345,9500,1.54506871244548,9500,9500,1.54506871244548,1.54506871244548,0,8.10603234017084e-12,20.384480903736,1,0,15030.1235607483,-15030.1235607483,1.54506871244548,1.5418159808907,1.5418159808907,0,-1.57403309693431e-142,0.00325273155478389,1.54506871244548,0,267.161443506003,60.6481711487664,4.18383313818513e-10,1,0.986611166637817,0,0,0,0,0,0
60.36,9500,1.54506871244548,9500,9500,1.54506871244548,1.54506871244548,0,8.10603234017084e-12,20.384480903736,1,0,15030.1235607483,-15030.1235607483,1.54506871244548,1.5418159808907,1.5418159808907,0,-1.22585820847275e-142,0.00325273155478389,1.54506871244548,0,267.161443506003,60.6481711487664,4.18383313818513e-10,1,0.986611166637817,0,0,0,0,0,0
60.375,9500,1.54506871244548,9500,9500,1.54506871244548,1.54506871244548,0,8.10603234017084e-12,20.384480903736,1,0,15030.1235607483,-15030.1235607483,1.54506871244548,1.5418159808907,1.5418159808907,0,-9.54699332693084e-143,0.00325273155478389,1.54506871244548,0,267.161443506003,60.6481711487664,4.18383313818513e-10,1,0.986611166637817,0,0,0,0,0,0
60.39,9500,1.54506871244548,9500,9500,1.54506871244548,1.54506871244548,0,8.10603234017084e-12,20.384480903736,1,0,15030.1235607483,-15030.1235607483,1.54506871244548,1.5418159808907,1.5418159808907,0,-7.43520587899121e-143,0.00325273155478389,1.54506871244548,0,267.161443506003,60.6481711487664,4.18383313818513e-10,1,0.986611166637817,0,0,0,0,0,0
60.405,9500,1.54506871244548,9500,9500,1.54506871244548,1.54506871244548,0,8.10603234017084e-12,20.384480903736,1,0,15030.1235607483,-15030.1235607483,1.54506871244548,1.5418159808907,1.5418159808907,0,-5.79054416085547e-143,0.00325273155478389,1.54506871244548,0,267.161443506003,60.6481711487664,4.18383313818513e-10,1,0.986611166637817,0,0,0,0,0,0
60.42,9500,1.54506871244548,9500,9500,1.54506871244548,1.54506871244548,0,8.10603234017084e-12,20.384480903736,1,0,15030.1235607483,-15030.1235607483,1.54506871244548,1.5418159808907,1.5418159808907,0,-4.50968032688379e-143,0.00325273155478389,1.54506871244548,0,267.161443506003,60.6481711487664,4.18383313818513e-10,1,0.986611166637817,0,0,0,0,0,0
60.435,9500,1.54506871244548,9500,9500,1.54506871244548,1.54506871244548,0,8.10603234017084e-12,20.384480903736,1,0,15030.1235607483,-15030.1235607483,1.54506871244548,1.5418159808907,1.5418159808907,0,-3.5121425699788e-143,0.00325273155478389,1.54506871244548,0,267.161443506003,60.6481711487664,4.18383313818513e-10,1,0.986611166637817,0,0,0,0,0,0
60.45,9500,1.54506871244548,9500,9500,1.54506871244548,1.54506871244548,0,8.10603234017084e-12,20.384480903736,1,0,15030.1235607483,-15030.1235607483,1.54506871244548,1.5418159808907,1.5418159808907,0,-2.73525938375791e-143,0.00325273155478389,1.54506871244548,0,267.161443506003,60.6481711487664,4.18383313818513e-10,1,0.986611166637817,0,0,0,0,0,0
60.465,9500,1.54506871244548,9500,9500,1.54506871244548,1.54506871244548,0,8.10603234017084e-12,20.384480903736,1,0,15030.1235607483,-15030.1235607483,1.54506871244548,1.5418159808907,1.5418159808907,0,-2.13022214997407e-143,0.00325273155478389,1.54506871244548,0,267.161443506003,60.6481711487664,4.18383313818513e-10,1,0.986611166637817,0,0,0,0,0,0
60.48,9500,1.54506871244548,9500,9500,1.54506871244548,1.54506871244548,0,8.10603234017084e-12,20.384480903736,1,0,15030.1235607483,-15030.1235607483,1.54506871244548,1.5418159808907,1.5418159808907,0,-1.65901867851586e-143,0.00325273155478389,1.54506871244548,0,267.161443506003,60.6481711487664,4.18383313818513e-10,1,0.986611166637817,0,0,0,0,0,0
60.495,9500,1.54506871244548,9500,9500,1.54506871244548,1.54506871244548,0,8.10603234017084e-12,20.384480903736,1,0,15030.1235607483,-15030.1235607483,1.54506871244548,1.5418159808907,1.5418159808907,0,-1.29204504595824e-143,0.00325273155478389,1.54506871244548,0,267.161443506003,60.6481711487664,4.18383313818513e-10,1,0.986611166637817,0,0,0,0,0,0
60.51,9500,1.54506871244548,9500,9500,1.54506871244548,1.54506871244548,0,8.10603234017084e-12,20.384480903736,1,0,15030.1235607483,-15030.1235607483,1.54506871244548,1.5418159808907,1.5418159808907,0,-1.0062456935558e-143,0.00325273155478389,1.54506871244548,0,267.161443506003,60.6481711487664,4.18383313818513e-10,1,0.986611166637817,0,0,0,0,0,0
60.525,9500,1.54506871244548,9500,9500,1.54506871244548,1.54506871244548,0,8.10603234017084e-12,20.384480903736,1,0,15030.1235607483,-15030.1235607483,1.54506871244548,1.5418159808907,1.5418159808907,0,-7.83664934103489e-144,0.00325273155478389,1.54506871244548,0,267.161443506003,60.6481711487664,4.18383313818513e-10,1,0.986611166637817,0,0,0,0,0,0
60.54,9500,1.54506871244548,9500,9500,1.54506871244548,1.54506871244548,0,8.10603234017084e-12,20.384480903736,1,0,15030.1235607483,-15030.1235607483,1.54506871244548,1.5418159808907,1.5418159808907,0,-6.10318864345398e-144,0.00325273155478389,1.54506871244548,0,267.161443506003,60.6481711487664,4.18383313818513e-10,1,0.986611166637817,0,0,0,0,0,0
60.555,9500,1.54506871244548,9500,9500,1.54506871244548,1.54506871244548,0,8.10603234017084e-12,20.384480903736,1,0,15030.1235607483,-15030.1235607483,1.54506871244548,1.5418159808907,1.5418159808907,0,-4.75316809475446e-144,0.00325273155478389,1.54506871244548,0,267.161443506003,60.6481711487664,4.18383313818513e-10,1,0.986611166637817,0,0,0,0,0,0
60.57,9500,1.54506871244548,9500,9500,1.54506871244548,1.54506871244548,0,8.10603234017084e-12,20.384480903736,1,0,15030.1235607483,-15030.1235607483,1.54506871244548,1.5418159808907,1.5418159808907,0,-3.70177103426479e-144,0.00325273155478389,1.54506871244548,0,267.161443506003,60.6481711487664,4.18383313818513e-10,1,0.986611166637817,0,0,0,0,0,0
60.585,9500,1.54506871244548,9500,9500,1.54506871244548,1.54506871244548,0,8.10603234017084e-12,20.384480903736,1,0,15030.1235607483,-15030.1235607483,1.54506871244548,1.5418159808907,1.5418159808907,0,-2.88294218023647e-144,0.00325273155478389,1.54506871244548,0,267.161443506003,60.6481711487664,4.18383313818513e-10,1,0.986611166637817,0,0,0,0,0,0
60.6,9500,1.54506871244548,9500,9500,1.54506871244548,1.54506871244548,0,8.10603234017084e-12,20.384480903736,1,0,15030.1235607483,-15030.1235607483,1.54506871244548,1.5418159808907,1.5418159808907,0,-2.24523762751774e-144,0.00325273155478389,1.54506871244548,0,267.161443506003,60.6481711487664,4.18383313818513e-10,1,0.986611166637817,0,0,0,0,0,0
60.615,9500,1.54506871244548,9500,9500,1.54506871244548,1.54506871244548,0,8.10603234017084e-12,20.384480903736,1,0,15030.1235607483,-15030.1235607483,1.54506871244548,1.5418159808907,1.5418159808907,0,-1.7485928224922e-144,0.00325273155478389,1.54506871244548,0,267.161443506003,60.6481711487664,4.18383313818513e-10,1,0.986611166637817,0,0,0,0,0,0
60.63,9500,1.54506871244548,9500,9500,1.54506871244548,1.54506871244548,0,8.10603234017084e-12,20.384480903736,1,0,15030.1235607483,-15030.1235607483,1.54506871244548,1.5418159808907,1.5418159808907,0,-1.36180545942996e-144,0.00325273155478389,1.54506871244548,0,267.161443506003,60.6481711487664,4.18383313818513e-10,1,0.986611166637817,0,0,0,0,0,0
60.645,9500,1.54506871244548,9500,9500,1.54506871244548,1.54506871244548,0,8.10603234017084e-12,20.384480903736,1,0,15030.1235607483,-15030.1235607483,1.54506871244548,1.5418159808907,1.5418159808907,0,-1.06057515819497e-144,0.00325273155478389,1.54506871244548,0,267.161443506003,60.6481711487664,4.18383313818513e-10,1,0.986611166637817,0,0,0,0,0,0
60.66,9500,1.54506871244548,9500,9500,1.54506871244548,1.54506871244548,0,8.10603234017084e-12,20.384480903736,1,0,15030.1235607483,-15030.1235607483,1.54506871244548,1.5418159808907,1.5418159808907,0,-8.25976763708322e-145,0.00325273155478389,1.54506871244548,0,267.161443506003,60.6481711487664,4.18383313818513e-10,1,0.986611166637817,0,0,0,0,0,0
60.675,9500,1.54506871244548,9500,9500,1.54506871244548,1.54506871244548,0,8.10603234017084e-12,20.384480903736,1,0,15030.1235607483,-15030.1235607483,1.54506871244548,1.5418159808907,1.5418159808907,0,-6.43271350374826e-145,0.00325273155478389,1.54506871244548,0,267.161443506003,60.6481711487664,4.18383313818513e-10,1,0.986611166637817,0,0,0,0,0,0
60.69,9500,1.54506871244548,9500,9500,1.54506871244548,1.54506871244548,0,8.10603234017084e-12,20.384480903736,1,0,15030.1235607483,-15030.1235607483,1.54506871244548,1.5418159808907,1.5418159808907,0,-5.00980231399315e-145,0.00325273155478389,1.54506871244548,0,267.161443506003,60.6481711487664,4.18383313818513e-10,1,0.986611166637817,0,0,0,0,0,0
60.705,9500,1.54506871244548,9500,9500,1.54506871244548,1.54506871244548,0,8.10603234017084e-12,20.384480903736,1,0,15030.1235607483,-15030.1235607483,1.54506871244548,1.5418159808907,1.5418159808907,0,-3.9016379651708e-145,0.00325273155478389,1.54506871244548,0,267.161443506003,60.6481711487664,4.18383313818513e-10,1,0.986611166637817,0,0,0,0,0,0
60.72,9500,1.54506871244548,9500,9500,1.54506871244548,1.54506871244548,0,8.10603234017084e-12,20.384480903736,1,0,15030.1235607483,-15030.1235607483,1.54506871244548,1.5418159808907,1.5418159808907,0,-3.03859870253614e-145,0.00325273155478389,1.54506871244548,0,267.161443506003,60.6481711487664,4.18383313818513e-10,1,0.986611166637817,0,0,0,0,0,0
60.735,9500,1.54506871244548,9500,9500,1.54506871244548,1.54506871244548,0,8.10603234017084e-12,20.384480903736,1,0,15030.1235607483,-15030.1235607483,1.54506871244548,1.5418159808907,1.5418159808907,0,-2.3664630489749e-145,0.00325273155478389,1.54506871244548,0,267.161443506003,60.6481711487664,4.18383313818513e-10,1,0.986611166637817,0,0,0,0,0,0
60.75,9500,1.54506871244548,9500,9500,1.54506871244548,1.54506871244548,0,8.10603234017084e-12,20.384480903736,1,0,15030.1235607483,-15030.1235607483,1.54506871244548,1.5418159808907,1.5418159808907,0,-1.8430032756512e-145,0.00325273155478389,1.54506871244548,0,267.161443506003,60.6481711487664,4.18383313818513e-10,1,0.986611166637817,0,0,0,0,0,0
60.765,9500,1.54506871244548,9500,9500,1.54506871244548,1.54506871244548,0,8.10603234017084e-12,20.384480903736,1,0,15030.1235607483,-15030.1235607483,1.54506871244548,1.5418159808907,1.5418159808907,0,-1.43533239428032e-145,0.00325273155478389,1.54506871244548,0,267.161443506003,60.6481711487664,4.18383313818513e-10,1,0.986611166637817,0,0,0,0,0,0
60.78,9500,1.54506871244548,9500,9500,1.54506871244548,1.54506871244548,0,8.10603234017084e-12,20.384480903736,1,0,15030.1235607483,-15030.1235607483,1.54506871244548,1.5418159808907,1.5418159808907,0,-1.11783799263327e-145,0.00325273155478389,1.54506871244548,0,267.161443506003,60.6481711487664,4.18383313818513e-10,1,0.986611166637817,0,0,0,0,0,0
60.795,9500,1.54506871244548,9500,9500,1.54506871244548,1.54506871244548,0,8.10603234017084e-12,20.384480903736,1,0,15030.1235607483,-15030.1235607483,1.54506871244548,1.5418159808907,1.5418159808907,0,-8.70573104009755e-146,0.00325273155478389,1.54506871244548,0,267.161443506003,60.6481711487664,4.18383313818513e-10,1,0.986611166637817,0,0,0,0,0,0
60.81,9500,1.54506871244548,9500,9500,1.54506871244548,1.54506871244548,0,8.10603234017084e-12,20.384480903736,1,0,15030.1235607483,-15030.1235607483,1.54506871244548,1.5418159808907,1.5418159808907,0,-6.780030151237e-146,0.00325273155478389,1.54506871244548,0,267.161443506003,60.6481711487664,4.18383313818513e-10,1,0.986611166637817,0,0,0,0,0,0
60.825,9500,1.54506871244548,9500,9500,1.54506871244548,1.54506871244548,0,8.10603234017084e-12,20.384480903736,1,0,15030.1235607483,-15030.1235607483,1.54506871244548,1.5418159808907,1.5418159808907,0,-5.28029279103111e-146,0.00325273155478389,1.54506871244548,0,267.161443506003,60.6481711487664,4.18383313818513e-10,1,0.986611166637817,0,0,0,0,0,0
60.84,9500,1.54506871244548,9500,9500,1.54506871244548,1.54506871244548,0,8.10603234017084e-12,20.384480903736,1,0,15030.1235607483,-15030.1235607483,1.54506871244548,1.5418159808907,1.5418159808907,0,-4.11229616050133e-146,0.00325273155478389,1.54506871244548,0,267.161443506003,60.6481711487664,4.18383313818513e-10,1,0.986611166637817,0,0,0,0,0,0
60.855,9500,1.54506871244548,9500,9500,1.54506871244548,1.54506871244548,0,8.10603234017084e-12,20.384480903736,1,0,15030.1235607483,-15030.1235607483,1.54506871244548,1.5418159808907,1.5418159808907,0,-3.20265947001996e-146,0.00325273155478389,1.54506871244548,0,267.161443506003,60.6481711487664,4.18383313818513e-10,1,0.986611166637817,0,0,0,0,0,0
60.87,9500,1.54506871244548,9500,9500,1.54506871244548,1.54506871244548,0,8.10603234017084e-12,20.384480903736,1,0,15030.1235607483,-15030.1235607483,1.54506871244548,1.5418159808907,1.5418159808907,0,-2.4942337031626e-146,0.00325273155478389,1.54506871244548,0,267.161443506003,60.6481711487664,4.18383313818513e-10,1,0.986611166637817,0,0,0,0,0,0
60.885,9500,1.54506871244548,9500,9500,1.54506871244548,1.54506871244548,0,8.10603234017084e-12,20.384480903736,1,0,15030.1235607483,-15030.1235607483,1.54506871244548,1.5418159808907,1.5418159808907,0,-1.94251116118612e-146,0.00325273155478389,1.54506871244548,0,267.161443506003,60.6481711487664,4.18383313818513e-10,1,0.986611166637817,0,0,0,0,0,0
60.9,9500,1.54506871244548,9500,9500,1.54506871244548,1.54506871244548,0,8.10603234017084e-12,20.384480903736,1,0,15030.1235607483,-15030.1235607483,1.54506871244548,1.5418159808907,1.5418159808907,0,-1.5128292134567e-146,0.00325273155478389,1.54506871244548,0,267.161443506003,60.6481711487664,4.18383313818513e-10,1,0.986611166637817,0,0,0,0,0,0
60.915,9500,1.54506871244548,9500,9500,1.54506871244548,1.54506871244548,0,8.10603234017084e-12,20.384480903736,1,0,15030.1235607483,-15030.1235607483,1.54506871244548,1.5418159808907,1.5418159808907,0,-1.17819257609337e-146,0.00325273155478389,1.54506871244548,0,267.161443506003,60.6481711487664,4.18383313818513e-10,1,0.986611166637817,0,0,0,0,0,0
60.93,9500,1.54506871244548,9500,9500,1.54506871244548,1.54506871244548,0,8.10603234017084e-12,20.384480903736,1,0,15030.1235607483,-15030.1235607483,1.54506871244548,1.5418159808907,1.5418159808907,0,-9.17577300870434e-147,0.00325273155478389,1.54506871244548,0,267.161443506003,60.6481711487664,4.18383313818513e-10,1,0.986611166637817,0,0,0,0,0,0
60.945,9500,1.54506871244548,9500,9500,1.54506871244548,1.54506871244548,0,8.10603234017084e-12,20.384480903736,1,0,15030.1235607483,-15030.1235607483,1.54506871244548,1.5418159808907,1.5418159808907,0,-7.1460992044644e-147,0.00325273155478389,1.54506871244548,0,267.161443506003,60.6481711487664,4.18383313818513e-10,1,0.986611166637817,0,0,0,0,0,0
60.96,9500,1.54506871244548,9500,9500,1.54506871244548,1.54506871244548,0,8.10603234017084e-12,20.384480903736,1,0,15030.1235607483,-15030.1235607483,1.54506871244548,1.5418159808907,1.5418159808907,0,-5.56538765634282e-147,0.00325273155478389,1.54506871244548,0,267.161443506003,60.6481711487664,4.18383313818513e-10,1,0.986611166637817,0,0,0,0,0,0
60.975,9500,1.54506871244548,9500,9500,1.54506871244548,1.54506871244548,0,8.10603234017084e-12,20.384480903736,1,0,15030.1235607483,-15030.1235607483,1.54506871244548,1.5418159808907,1.5418159808907,0,-4.33432826485572e-147,0.00325273155478389,1.54506871244548,0,267.161443506003,60.6481711487664,4.18383313818513e-10,1,0.986611166637817,0,0,0,0,0,0
60.99,9500,1.54506871244548,9500,9500,1.54506871244548,1.54506871244548,0,8.10603234017084e-12,20.384480903736,1,0,15030.1235607483,-15030.1235607483,1.54506871244548,1.5418159808907,1.5418159808907,0,-3.37557824675816e-147,0.00325273155478389,1.54506871244548,0,267.161443506003,60.6481711487664,4.18383313818513e-10,1,0.986611166637817,0,0,0,0,0,0
61.005,9500,1.54506871244548,9500,9500,1.54506871244548,1.54506871244548,0,8.10603234017084e-12,20.384480903736,1,0,15030.1235607483,-15030.1235607483,1.54506871244548,1.5418159808907,1.5418159808907,0,-2.62890298189405e-147,0.00325273155478389,1.54506871244548,0,267.161443506003,60.6481711487664,4.18383313818513e-10,1,0.986611166637817,0,0,0,0,0,0
61.02,9500,1.54506871244548,9500,9500,1.54506871244548,1.54506871244548,0,8.10603234017084e-12,20.384480903736,1,0,15030.1235607483,-15030.1235607483,1.54506871244548,1.5418159808907,1.5418159808907,0,-2.04739170091784e-147,0.00325273155478389,1.54506871244548,0,267.161443506003,60.6481711487664,4.18383313818513e-10,1,0.986611166637817,0,0,0,0,0,0
61.035,9500,1.54506871244548,9500,9500,1.54506871244548,1.54506871244548,0,8.10603234017084e-12,20.384480903736,1,0,15030.1235607483,-15030.1235607483,1.54506871244548,1.5418159808907,1.5418159808907,0,-1.59451025992871e-147,0.00325273155478389,1.54506871244548,0,267.161443506003,60.6481711487664,4.18383313818513e-10,1,0.986611166637817,0,0,0,0,0,0
61.05,9500,1.54506871244548,9500,9500,1.54506871244548,1.54506871244548,0,8.10603234017084e-12,20.384480903736,1,0,15030.1235607483,-15030.1235607483,1.54506871244548,1.5418159808907,1.5418159808907,0,-1.24180583904787e-147,0.00325273155478389,1.54506871244548,0,267.161443506003,60.6481711487664,4.18383313818513e-10,1,0.986611166637817,0,0,0,0,0,0
61.065,9500,1.54506871244548,9500,9500,1.54506871244548,1.54506871244548,0,8.10603234017084e-12,20.384480903736,1,0,15030.1235607483,-15030.1235607483,1.54506871244548,1.5418159808907,1.5418159808907,0,-9.67119359873122e-148,0.00325273155478389,1.54506871244548,0,267.161443506003,60.6481711487664,4.18383313818513e-10,1,0.986611166637817,0,0,0,0,0,0
61.08,9500,1.54506871244548,9500,9500,1.54506871244548,1.54506871244548,0,8.10603234017084e-12,20.384480903736,1,0,15030.1235607483,-15030.1235607483,1.54506871244548,1.5418159808907,1.5418159808907,0,-7.53193314792703e-148,0.00325273155478389,1.54506871244548,0,267.161443506003,60.6481711487664,4.18383313818513e-10,1,0.986611166637817,0,0,0,0,0,0
61.095,9500,1.54506871244548,9500,9500,1.54506871244548,1.54506871244548,0,8.10603234017084e-12,20.384480903736,1,0,15030.1235607483,-15030.1235607483,1.54506871244548,1.5418159808907,1.5418159808907,0,-5.86587543364705e-148,0.00325273155478389,1.54506871244548,0,267.161443506003,60.6481711487664,4.18383313818513e-10,1,0.986611166637817,0,0,0,0,0,0
61.11,9500,1.54506871244548,9500,9500,1.54506871244548,1.54506871244548,0,8.10603234017084e-12,20.384480903736,1,0,15030.1235607483,-15030.1235607483,1.54506871244548,1.5418159808907,1.5418159808907,0,-4.56834838112364e-148,0.00325273155478389,1.54506871244548,0,267.161443506003,60.6481711487664,4.18383313818513e-10,1,0.986611166637817,0,0,0,0,0,0
61.125,9500,1.54506871244548,9500,9500,1.54506871244548,1.54506871244548,0,8.10603234017084e-12,20.384480903736,1,0,15030.1235607483,-15030.1235607483,1.54506871244548,1.5418159808907,1.5418159808907,0,-3.55783329656207e-148,0.00325273155478389,1.54506871244548,0,267.161443506003,60.6481711487664,4.18383313818513e-10,1,0.986611166637817,0,0,0,0,0,0
61.14,9500,1.54506871244548,9500,9500,1.54506871244548,1.54506871244548,0,8.10603234017084e-12,20.384480903736,1,0,15030.1235607483,-15030.1235607483,1.54506871244548,1.5418159808907,1.5418159808907,0,-2.77084335740006e-148,0.00325273155478389,1.54506871244548,0,267.161443506003,60.6481711487664,4.18383313818513e-10,1,0.986611166637817,0,0,0,0,0,0
61.155,9500,1.54506871244548,9500,9500,1.54506871244548,1.54506871244548,0,8.10603234017084e-12,20.384480903736,1,0,15030.1235607483,-15030.1235607483,1.54506871244548,1.5418159808907,1.5418159808907,0,-2.15793497651137e-148,0.00325273155478389,1.54506871244548,0,267.161443506003,60.6481711487664,4.18383313818513e-10,1,0.986611166637817,0,0,0,0,0,0
61.17,9500,1.54506871244548,9500,9500,1.54506871244548,1.54506871244548,0,8.10603234017084e-12,20.384480903736,1,0,15030.1235607483,-15030.1235607483,1.54506871244548,1.5418159808907,1.5418159808907,0,-1.68060144952423e-148,0.00325273155478389,1.54506871244548,0,267.161443506003,60.6481711487664,4.18383313818513e-10,1,0.986611166637817,0,0,0,0,0,0
61.185,9500,1.54506871244548,9500,9500,1.54506871244548,1.54506871244548,0,8.10603234017084e-12,20.384480903736,1,0,15030.1235607483,-15030.1235607483,1.54506871244548,1.5418159808907,1.5418159808907,0,-1.30885372492041e-148,0.00325273155478389,1.54506871244548,0,267.161443506003,60.6481711487664,4.18383313818513e-10,1,0.986611166637817,0,0,0,0,0,0
61.2,9500,1.54506871244548,9500,9500,1.54506871244548,1.54506871244548,0,8.10603234017084e-12,20.384480903736,1,0,15030.1235607483,-15030.1235607483,1.54506871244548,1.5418159808907,1.5418159808907,0,-1.01933630589394e-148,0.00325273155478389,1.54506871244548,0,267.161443506003,60.6481711487664,4.18383313818513e-10,1,0.986611166637817,0,0,0,0,0,0
61.215,9500,1.54506871244548,9500,9500,1.54506871244548,1.54506871244548,0,8.10603234017084e-12,20.384480903736,1,0,15030.1235607483,-15030.1235607483,1.54506871244548,1.5418159808907,1.5418159808907,0,-7.93859913243311e-149,0.00325273155478389,1.54506871244548,0,267.161443506003,60.6481711487664,4.18383313818513e-10,1,0.986611166637817,0,0,0,0,0,0
61.23,9500,1.54506871244548,9500,9500,1.54506871244548,1.54506871244548,0,8.10603234017084e-12,20.384480903736,1,0,15030.1235607483,-15030.1235607483,1.54506871244548,1.5418159808907,1.5418159808907,0,-6.18258722082888e-149,0.00325273155478389,1.54506871244548,0,267.161443506003,60.6481711487664,4.18383313818513e-10,1,0.986611166637817,0,0,0,0,0,0
61.245,9500,1.54506871244548,9500,9500,1.54506871244548,1.54506871244548,0,8.10603234017084e-12,20.384480903736,1,0,15030.1235607483,-15030.1235607483,1.54506871244548,1.5418159808907,1.5418159808907,0,-4.81500376898879e-149,0.00325273155478389,1.54506871244548,0,267.161443506003,60.6481711487664,4.18383313818513e-10,1,0.986611166637817,0,0,0,0,0,0
61.26,9500,1.54506871244548,9500,9500,1.54506871244548,1.54506871244548,0,8.10603234017084e-12,20.384480903736,1,0,15030.1235607483,-15030.1235607483,1.54506871244548,1.5418159808907,1.5418159808907,0,-3.74992870578024e-149,0.00325273155478389,1.54506871244548,0,267.161443506003,60.6481711487664,4.18383313818513e-10,1,0.986611166637817,0,0,0,0,0,0
61.275,9500,1.54506871244548,9500,9500,1.54506871244548,1.54506871244548,0,8.10603234017084e-12,20.384480903736,1,0,15030.1235607483,-15030.1235607483,1.54506871244548,1.5418159808907,1.5418159808907,0,-2.92044741252359e-149,0.00325273155478389,1.54506871244548,0,267.161443506003,60.6481711487664,4.18383313818513e-10,1,0.986611166637817,0,0,0,0,0,0
61.29,9500,1.54506871244548,9500,9500,1.54506871244548,1.54506871244548,0,8.10603234017084e-12,20.384480903736,1,0,15030.1235607483,-15030.1235607483,1.54506871244548,1.5418159808907,1.5418159808907,0,-2.27444673179223e-149,0.00325273155478389,1.54506871244548,0,267.161443506003,60.6481711487664,4.18383313818513e-10,1,0.986611166637817,0,0,0,0,0,0
61.305,9500,1.54506871244548,9500,9500,1.54506871244548,1.54506871244548,0,8.10603234017084e-12,20.384480903736,1,0,15030.1235607483,-15030.1235607483,1.54506871244548,1.5418159808907,1.5418159808907,0,-1.77134089577399e-149,0.00325273155478389,1.54506871244548,0,267.161443506003,60.6481711487664,4.18383313818513e-10,1,0.986611166637817,0,0,0,0,0,0
61.32,9500,1.54506871244548,9500,9500,1.54506871244548,1.54506871244548,0,8.10603234017084e-12,20.384480903736,1,0,15030.1235607483,-15030.1235607483,1.54506871244548,1.5418159808907,1.5418159808907,0,-1.37952167671518e-149,0.00325273155478389,1.54506871244548,0,267.161443506003,60.6481711487664,4.18383313818513e-10,1,0.986611166637817,0,0,0,0,0,0
61.335,9500,1.54506871244548,9500,9500,1.54506871244548,1.54506871244548,0,8.10603234017084e-12,20.384480903736,1,0,15030.1235607483,-15030.1235607483,1.54506871244548,1.5418159808907,1.5418159808907,0,-1.07437256208976e-149,0.00325273155478389,1.54506871244548,0,267.161443506003,60.6481711487664,4.18383313818513e-10,1,0.986611166637817,0,0,0,0,0,0
61.35,9500,1.54506871244548,9500,9500,1.54506871244548,1.54506871244548,0,8.10603234017084e-12,20.384480903736,1,0,15030.1235607483,-15030.1235607483,1.54506871244548,1.5418159808907,1.5418159808907,0,-8.36722192665939e-150,0.00325273155478389,1.54506871244548,0,267.161443506003,60.6481711487664,4.18383313818513e-10,1,0.986611166637817,0,0,0,0,0,0
61.365,9500,1.54506871244548,9500,9500,1.54506871244548,1.54506871244548,0,8.10603234017084e-12,20.384480903736,1,0,15030.1235607483,-15030.1235607483,1.54506871244548,1.5418159808907,1.5418159808907,0,-6.51639898861456e-150,0.00325273155478389,1.54506871244548,0,267.161443506003,60.6481711487664,4.18383313818513e-10,1,0.986611166637817,0,0,0,0,0,0
61.38,9500,1.54506871244548,9500,9500,1.54506871244548,1.54506871244548,0,8.10603234017084e-12,20.384480903736,1,0,15030.1235607483,-15030.1235607483,1.54506871244548,1.5418159808907,1.5418159808907,0,-5.07497663513873e-150,0.00325273155478389,1.54506871244548,0,267.161443506003,60.6481711487664,4.18383313818513e-10,1,0.986611166637817,0,0,0,0,0,0
61.395,9500,1.54506871244548,9500,9500,1.54506871244548,1.54506871244548,0,8.10603234017084e-12,20.384480903736,1,0,15030.1235607483,-15030.1235607483,1.54506871244548,1.5418159808907,1.5418159808907,0,-3.95239577751513e-150,0.00325273155478389,1.54506871244548,0,267.161443506003,60.6481711487664,4.18383313818513e-10,1,0.986611166637817,0,0,0,0,0,0
61.41,9500,1.54506871244548,9500,9500,1.54506871244548,1.54506871244548,0,8.10603234017084e-12,20.384480903736,1,0,15030.1235607483,-15030.1235607483,1.54506871244548,1.5418159808907,1.5418159808907,0,-3.07812892653689e-150,0.00325273155478389,1.54506871244548,0,267.161443506003,60.6481711487664,4.18383313818513e-10,1,0.986611166637817,0,0,0,0,0,0
61.425,9500,1.54506871244548,9500,9500,1.54506871244548,1.54506871244548,0,8.10603234017084e-12,20.384480903736,1,0,15030.1235607483,-15030.1235607483,1.54506871244548,1.5418159808907,1.5418159808907,0,-2.39724921838168e-150,0.00325273155478389,1.54506871244548,0,267.161443506003,60.6481711487664,4.18383313818513e-10,1,0.986611166637817,0,0,0,0,0,0
61.44,9500,1.54506871244548,9500,9500,1.54506871244548,1.54506871244548,0,8.10603234017084e-12,20.384480903736,1,0,15030.1235607483,-15030.1235607483,1.54506871244548,1.5418159808907,1.5418159808907,0,-1.86697956849296e-150,0.00325273155478389,1.54506871244548,0,267.161443506003,60.6481711487664,4.18383313818513e-10,1,0.986611166637817,0,0,0,0,0,0
61.455,9500,1.54506871244548,9500,9500,1.54506871244548,1.54506871244548,0,8.10603234017084e-12,20.384480903736,1,0,15030.1235607483,-15030.1235607483,1.54506871244548,1.5418159808907,1.5418159808907,0,-1.45400514992063e-150,0.00325273155478389,1.54506871244548,0,267.161443506003,60.6481711487664,4.18383313818513e-10,1,0.986611166637817,0,0,0,0,0,0
61.47,9500,1.54506871244548,9500,9500,1.54506871244548,1.54506871244548,0,8.10603234017084e-12,20.384480903736,1,0,15030.1235607483,-15030.1235607483,1.54506871244548,1.5418159808907,1.5418159808907,0,-1.13238034934804e-150,0.00325273155478389,1.54506871244548,0,267.161443506003,60.6481711487664,4.18383313818513e-10,1,0.986611166637817,0,0,0,0,0,0
61.485,9500,1.54506871244548,9500,9500,1.54506871244548,1.54506871244548,0,8.10603234017084e-12,20.384480903736,1,0,15030.1235607483,-15030.1235607483,1.54506871244548,1.5418159808907,1.5418159808907,0,-8.81898702806928e-151,0.00325273155478389,1.54506871244548,0,267.161443506003,60.6481711487664,4.18383313818513e-10,1,0.986611166637817,0,0,0,0,0,0
61.5,9500,1.54506871244548,9500,9500,1.54506871244548,1.54506871244548,0,8.10603234017084e-12,20.384480903736,1,0,15030.1235607483,-15030.1235607483,1.54506871244548,1.5418159808907,1.5418159808907,0,-6.86823400335692e-151,0.00325273155478389,1.54506871244548,0,267.161443506003,60.6481711487664,4.18383313818513e-10,1,0.986611166637817,0,0,0,0,0,0
61.515,9500,1.54506871244548,9500,9500,1.54506871244548,1.54506871244548,0,8.10603234017084e-12,20.384480903736,1,0,15030.1235607483,-15030.1235607483,1.54506871244548,1.5418159808907,1.5418159808907,0,-5.34898602013202e-151,0.00325273155478389,1.54506871244548,0,267.161443506003,60.6481711487664,4.18383313818513e-10,1,0.986611166637817,0,0,0,0,0,0
61.53,9500,1.54506871244548,9500,9500,1.54506871244548,1.54506871244548,0,8.10603234017084e-12,20.384480903736,1,0,15030.1235607483,-15030.1235607483,1.54506871244548,1.5418159808907,1.5418159808907,0,-4.16579450111681e-151,0.00325273155478389,1.54506871244548,0,267.161443506003,60.6481711487664,4.18383313818513e-10,1,0.986611166637817,0,0,0,0,0,0
61.545,9500,1.54506871244548,9500,9500,1.54506871244548,1.54506871244548,0,8.10603234017084e-12,20.384480903736,1,0,15030.1235607483,-15030.1235607483,1.54506871244548,1.5418159808907,1.5418159808907,0,-3.24432401958433e-151,0.00325273155478389,1.54506871244548,0,267.161443506003,60.6481711487664,4.18383313818513e-10,1,0.986611166637817,0,0,0,0,0,0
61.56,9500,1.54506871244548,9500,9500,1.54506871244548,1.54506871244548,0,8.10603234017084e-12,20.384480903736,1,0,15030.1235607483,-15030.1235607483,1.54506871244548,1.5418159808907,1.5418159808907,0,-2.52668208698964e-151,0.00325273155478389,1.54506871244548,0,267.161443506003,60.6481711487664,4.18383313818513e-10,1,0.986611166637817,0,0,0,0,0,0
61.575,9500,1.54506871244548,9500,9500,1.54506871244548,1.54506871244548,0,8.10603234017084e-12,20.384480903736,1,0,15030.1235607483,-15030.1235607483,1.54506871244548,1.5418159808907,1.5418159808907,0,-1.96778198792002e-151,0.00325273155478389,1.54506871244548,0,267.161443506003,60.6481711487664,4.18383313818513e-10,1,0.986611166637817,0,0,0,0,0,0
61.59,9500,1.54506871244548,9500,9500,1.54506871244548,1.54506871244548,0,8.10603234017084e-12,20.384480903736,1,0,15030.1235607483,-15030.1235607483,1.54506871244548,1.5418159808907,1.5418159808907,0,-1.53251015310592e-151,0.00325273155478389,1.54506871244548,0,267.161443506003,60.6481711487664,4.18383313818513e-10,1,0.986611166637817,0,0,0,0,0,0
61.605,9500,1.54506871244548,9500,9500,1.54506871244548,1.54506871244548,0,8.10603234017084e-12,20.384480903736,1,0,15030.1235607483,-15030.1235607483,1.54506871244548,1.5418159808907,1.5418159808907,0,-1.19352010730377e-151,0.00325273155478389,1.54506871244548,0,267.161443506003,60.6481711487664,4.18383313818513e-10,1,0.986611166637817,0,0,0,0,0,0
61.62,9500,1.54506871244548,9500,9500,1.54506871244548,1.54506871244548,0,8.10603234017084e-12,20.384480903736,1,0,15030.1235607483,-15030.1235607483,1.54506871244548,1.5418159808907,1.5418159808907,0,-9.29514394179643e-152,0.00325273155478389,1.54506871244548,0,267.161443506003,60.6481711487664,4.18383313818513e-10,1,0.986611166637817,0,0,0,0,0,0
61.635,9500,1.54506871244548,9500,9500,1.54506871244548,1.54506871244548,0,8.10603234017084e-12,20.384480903736,1,0,15030.1235607483,-15030.1235607483,1.54506871244548,1.5418159808907,1.5418159808907,0,-7.23906538063248e-152,0.00325273155478389,1.54506871244548,0,267.161443506003,60.6481711487664,4.18383313818513e-10,1,0.986611166637817,0,0,0,0,0,0
61.65,9500,1.54506871244548,9500,9500,1.54506871244548,1.54506871244548,0,8.10603234017084e-12,20.384480903736,1,0,15030.1235607483,-15030.1235607483,1.54506871244548,1.5418159808907,1.5418159808907,0,-5.63778978714167e-152,0.00325273155478389,1.54506871244548,0,267.161443506003,60.6481711487664,4.18383313818513e-10,1,0.986611166637817,0,0,0,0,0,0
61.665,9500,1.54506871244548,9500,9500,1.54506871244548,1.54506871244548,0,8.10603234017084e-12,20.384480903736,1,0,15030.1235607483,-15030.1235607483,1.54506871244548,1.5418159808907,1.5418159808907,0,-4.39071510101791e-152,0.00325273155478389,1.54506871244548,0,267.161443506003,60.6481711487664,4.18383313818513e-10,1,0.986611166637817,0,0,0,0,0,0
61.68,9500,1.54506871244548,9500,9500,1.54506871244548,1.54506871244548,0,8.10603234017084e-12,20.384480903736,1,0,15030.1235607483,-15030.1235607483,1.54506871244548,1.5418159808907,1.5418159808907,0,-3.41949235891619e-152,0.00325273155478389,1.54506871244548,0,267.161443506003,60.6481711487664,4.18383313818513e-10,1,0.986611166637817,0,0,0,0,0,0
61.695,9500,1.54506871244548,9500,9500,1.54506871244548,1.54506871244548,0,8.10603234017084e-12,20.384480903736,1,0,15030.1235607483,-15030.1235607483,1.54506871244548,1.5418159808907,1.5418159808907,0,-2.66310332683061e-152,0.00325273155478389,1.54506871244548,0,267.161443506003,60.6481711487664,4.18383313818513e-10,1,0.986611166637817,0,0,0,0,0,0
61.71,9500,1.54506871244548,9500,9500,1.54506871244548,1.54506871244548,0,8.10603234017084e-12,20.384480903736,1,0,15030.1235607483,-15030.1235607483,1.54506871244548,1.5418159808907,1.5418159808907,0,-2.07402695633574e-152,0.00325273155478389,1.54506871244548,0,267.161443506003,60.6481711487664,4.18383313818513e-10,1,0.986611166637817,0,0,0,0,0,0
61.725,9500,1.54506871244548,9500,9500,1.54506871244548,1.54506871244548,0,8.10603234017084e-12,20.384480903736,1,0,15030.1235607483,-15030.1235607483,1.54506871244548,1.5418159808907,1.5418159808907,0,-1.61525381770548e-152,0.00325273155478389,1.54506871244548,0,267.161443506003,60.6481711487664,4.18383313818513e-10,1,0.986611166637817,0,0,0,0,0,0
61.74,9500,1.54506871244548,9500,9500,1.54506871244548,1.54506871244548,0,8.10603234017084e-12,20.384480903736,1,0,15030.1235607483,-15030.1235607483,1.54506871244548,1.5418159808907,1.5418159808907,0,-1.2579609380881e-152,0.00325273155478389,1.54506871244548,0,267.161443506003,60.6481711487664,4.18383313818513e-10,1,0.986611166637817,0,0,0,0,0,0
61.755,9500,1.54506871244548,9500,9500,1.54506871244548,1.54506871244548,0,8.10603234017084e-12,20.384480903736,1,0,15030.1235607483,-15030.1235607483,1.54506871244548,1.5418159808907,1.5418159808907,0,-9.79700963656254e-153,0.00325273155478389,1.54506871244548,0,267.161443506003,60.6481711487664,4.18383313818513e-10,1,0.986611166637817,0,0,0,0,0,0
61.77,9500,1.54506871244548,9500,9500,1.54506871244548,1.54506871244548,0,8.10603234017084e-12,20.384480903736,1,0,15030.1235607483,-15030.1235607483,1.54506871244548,1.5418159808907,1.5418159808907,0,-7.62991877671301e-153,0.00325273155478389,1.54506871244548,0,267.161443506003,60.6481711487664,4.18383313818513e-10,1,0.986611166637817,0,0,0,0,0,0
61.785,9500,1.54506871244548,9500,9500,1.54506871244548,1.54506871244548,0,8.10603234017084e-12,20.384480903736,1,0,15030.1235607483,-15030.1235607483,1.54506871244548,1.5418159808907,1.5418159808907,0,-5.94218671807531e-153,0.00325273155478389,1.54506871244548,0,267.161443506003,60.6481711487664,4.18383313818513e-10,1,0.986611166637817,0,0,0,0,0,0
61.8,9500,1.54506871244548,9500,9500,1.54506871244548,1.54506871244548,0,8.10603234017084e-12,20.384480903736,1,0,15030.1235607483,-15030.1235607483,1.54506871244548,1.5418159808907,1.5418159808907,0,-4.62777966919355e-153,0.00325273155478389,1.54506871244548,0,267.161443506003,60.6481711487664,4.18383313818513e-10,1,0.986611166637817,0,0,0,0,0,0
61.815,9500,1.54506871244548,9500,9500,1.54506871244548,1.54506871244548,0,8.10603234017084e-12,20.384480903736,1,0,15030.1235607483,-15030.1235607483,1.54506871244548,1.5418159808907,1.5418159808907,0,-3.60411843024986e-153,0.00325273155478389,1.54506871244548,0,267.161443506003,60.6481711487664,4.18383313818513e-10,1,0.986611166637817,0,0,0,0,0,0
61.83,9500,1.54506871244548,9500,9500,1.54506871244548,1.54506871244548,0,8.10603234017084e-12,20.384480903736,1,0,15030.1235607483,-15030.1235607483,1.54506871244548,1.5418159808907,1.5418159808907,0,-2.80689025576068e-153,0.00325273155478389,1.54506871244548,0,267.161443506003,60.6481711487664,4.18383313818513e-10,1,0.986611166637817,0,0,0,0,0,0
61.845,9500,1.54506871244548,9500,9500,1.54506871244548,1.54506871244548,0,8.10603234017084e-12,20.384480903736,1,0,15030.1235607483,-15030.1235607483,1.54506871244548,1.5418159808907,1.5418159808907,0,-2.18600832918191e-153,0.00325273155478389,1.54506871244548,0,267.161443506003,60.6481711487664,4.18383313818513e-10,1,0.986611166637817,0,0,0,0,0,0
61.86,9500,1.54506871244548,9500,9500,1.54506871244548,1.54506871244548,0,8.10603234017084e-12,20.384480903736,1,0,15030.1235607483,-15030.1235607483,1.54506871244548,1.5418159808907,1.5418159808907,0,-1.70246499856749e-153,0.00325273155478389,1.54506871244548,0,267.161443506003,60.6481711487664,4.18383313818513e-10,1,0.986611166637817,0,0,0,0,0,0
61.875,9500,1.54506871244548,9500,9500,1.54506871244548,1.54506871244548,0,8.10603234017084e-12,20.384480903736,1,0,15030.1235607483,-15030.1235607483,1.54506871244548,1.5418159808907,1.5418159808907,0,-1.32588107403602e-153,0.00325273155478389,1.54506871244548,0,267.161443506003,60.6481711487664,4.18383313818513e-10,1,0.986611166637817,0,0,0,0,0,0
61.89,9500,1.54506871244548,9500,9500,1.54506871244548,1.54506871244548,0,8.10603234017084e-12,20.384480903736,1,0,15030.1235607483,-15030.1235607483,1.54506871244548,1.5418159808907,1.5418159808907,0,-1.0325972187188e-153,0.00325273155478389,1.54506871244548,0,267.161443506003,60.6481711487664,4.18383313818513e-10,1,0.986611166637817,0,0,0,0,0,0
61.905,9500,1.54506871244548,9500,9500,1.54506871244548,1.54506871244548,0,8.10603234017084e-12,20.384480903736,1,0,15030.1235607483,-15030.1235607483,1.54506871244548,1.5418159808907,1.5418159808907,0,-8.0418752253556e-154,0.00325273155478389,1.54506871244548,0,267.161443506003,60.6481711487664,4.18383313818513e-10,1,0.986611166637817,0,0,0,0,0,0
61.92,9500,1.54506871244548,9500,9500,1.54506871244548,1.54506871244548,0,8.10603234017084e-12,20.384480903736,1,0,15030.1235607483,-15030.1235607483,1.54506871244548,1.5418159808907,1.5418159808907,0,-6.26301872286947e-154,0.00325273155478389,1.54506871244548,0,267.161443506003,60.6481711487664,4.18383313818513e-10,1,0.986611166637817,0,0,0,0,0,0
61.935,9500,1.54506871244548,9500,9500,1.54506871244548,1.54506871244548,0,8.10603234017084e-12,20.384480903736,1,0,15030.1235607483,-15030.1235607483,1.54506871244548,1.5418159808907,1.5418159808907,0,-4.87764388576161e-154,0.00325273155478389,1.54506871244548,0,267.161443506003,60.6481711487664,4.18383313818513e-10,1,0.986611166637817,0,0,0,0,0,0
61.95,9500,1.54506871244548,9500,9500,1.54506871244548,1.54506871244548,0,8.10603234017084e-12,20.384480903736,1,0,15030.1235607483,-15030.1235607483,1.54506871244548,1.5418159808907,1.5418159808907,0,-3.79871287777459e-154,0.00325273155478389,1.54506871244548,0,267.161443506003,60.6481711487664,4.18383313818513e-10,1,0.986611166637817,0,0,0,0,0,0
61.965,9500,1.54506871244548,9500,9500,1.54506871244548,1.54506871244548,0,8.10603234017084e-12,20.384480903736,1,0,15030.1235607483,-15030.1235607483,1.54506871244548,1.5418159808907,1.5418159808907,0,-2.95844056387428e-154,0.00325273155478389,1.54506871244548,0,267.161443506003,60.6481711487664,4.18383313818513e-10,1,0.986611166637817,0,0,0,0,0,0
61.98,9500,1.54506871244548,9500,9500,1.54506871244548,1.54506871244548,0,8.10603234017084e-12,20.384480903736,1,0,15030.1235607483,-15030.1235607483,1.54506871244548,1.5418159808907,1.5418159808907,0,-2.3040358278155e-154,0.00325273155478389,1.54506871244548,0,267.161443506003,60.6481711487664,4.18383313818513e-10,1,0.986611166637817,0,0,0,0,0,0
61.995,9500,1.54506871244548,9500,9500,1.54506871244548,1.54506871244548,0,8.10603234017084e-12,20.384480903736,1,0,15030.1235607483,-15030.1235607483,1.54506871244548,1.5418159808907,1.5418159808907,0,-1.79438490692729e-154,0.00325273155478389,1.54506871244548,0,267.161443506003,60.6481711487664,4.18383313818513e-10,1,0.986611166637817,0,0,0,0,0,0
62.01,9500,1.54506871244548,9500,9500,1.54506871244548,1.54506871244548,0,8.10603234017084e-12,20.384480903736,1,0,15030.1235607483,-15030.1235607483,1.54506871244548,1.5418159808907,1.5418159808907,0,-1.39746837064648e-154,0.00325273155478389,1.54506871244548,0,267.161443506003,60.6481711487664,4.18383313818513e-10,1,0.986611166637817,0,0,0,0,0,0
62.025,9500,1.54506871244548,9500,9500,1.54506871244548,1.54506871244548,0,8.10603234017084e-12,20.384480903736,1,0,15030.1235607483,-15030.1235607483,1.54506871244548,1.5418159808907,1.5418159808907,0,-1.088349461377e-154,0.00325273155478389,1.54506871244548,0,267.161443506003,60.6481711487664,4.18383313818513e-10,1,0.986611166637817,0,0,0,0,0,0
62.04,9500,1.54506871244548,9500,9500,1.54506871244548,1.54506871244548,0,8.10603234017084e-12,20.384480903736,1,0,15030.1235607483,-15030.1235607483,1.54506871244548,1.5418159808907,1.5418159808907,0,-8.47607412775748e-155,0.00325273155478389,1.54506871244548,0,267.161443506003,60.6481711487664,4.18383313818513e-10,1,0.986611166637817,0,0,0,0,0,0
62.055,9500,1.54506871244548,9500,9500,1.54506871244548,1.54506871244548,0,8.10603234017084e-12,20.384480903736,1,0,15030.1235607483,-15030.1235607483,1.54506871244548,1.5418159808907,1.5418159808907,0,-6.6011731680688e-155,0.00325273155478389,1.54506871244548,0,267.161443506003,60.6481711487664,4.18383313818513e-10,1,0.986611166637817,0,0,0,0,0,0
62.07,9500,1.54506871244548,9500,9500,1.54506871244548,1.54506871244548,0,8.10603234017084e-12,20.384480903736,1,0,15030.1235607483,-15030.1235607483,1.54506871244548,1.5418159808907,1.5418159808907,0,-5.14099883248193e-155,0.00325273155478389,1.54506871244548,0,267.161443506003,60.6481711487664,4.18383313818513e-10,1,0.986611166637817,0,0,0,0,0,0
62.085,9500,1.54506871244548,9500,9500,1.54506871244548,1.54506871244548,0,8.10603234017084e-12,20.384480903736,1,0,15030.1235607483,-15030.1235607483,1.54506871244548,1.5418159808907,1.5418159808907,0,-4.00381391650611e-155,0.00325273155478389,1.54506871244548,0,267.161443506003,60.6481711487664,4.18383313818513e-10,1,0.986611166637817,0,0,0,0,0,0
62.1,9500,1.54506871244548,9500,9500,1.54506871244548,1.54506871244548,0,8.10603234017084e-12,20.384480903736,1,0,15030.1235607483,-15030.1235607483,1.54506871244548,1.5418159808907,1.5418159808907,0,-3.11817341344714e-155,0.00325273155478389,1.54506871244548,0,267.161443506003,60.6481711487664,4.18383313818513e-10,1,0.986611166637817,0,0,0,0,0,0
62.115,9500,1.54506871244548,9500,9500,1.54506871244548,1.54506871244548,0,8.10603234017084e-12,20.384480903736,1,0,15030.1235607483,-15030.1235607483,1.54506871244548,1.5418159808907,1.5418159808907,0,-2.42843589614507e-155,0.00325273155478389,1.54506871244548,0,267.161443506003,60.6481711487664,4.18383313818513e-10,1,0.986611166637817,0,0,0,0,0,0
62.13,9500,1.54506871244548,9500,9500,1.54506871244548,1.54506871244548,0,8.10603234017084e-12,20.384480903736,1,0,15030.1235607483,-15030.1235607483,1.54506871244548,1.5418159808907,1.5418159808907,0,-1.89126777755649e-155,0.00325273155478389,1.54506871244548,0,267.161443506003,60.6481711487664,4.18383313818513e-10,1,0.986611166637817,0,0,0,0,0,0
62.145,9500,1.54506871244548,9500,9500,1.54506871244548,1.54506871244548,0,8.10603234017084e-12,20.384480903736,1,0,15030.1235607483,-15030.1235607483,1.54506871244548,1.5418159808907,1.5418159808907,0,-1.47292082615871e-155,0.00325273155478389,1.54506871244548,0,267.161443506003,60.6481711487664,4.18383313818513e-10,1,0.986611166637817,0,0,0,0,0,0
62.16,9500,1.54506871244548,9500,9500,1.54506871244548,1.54506871244548,0,8.10603234017084e-12,20.384480903736,1,0,15030.1235607483,-15030.1235607483,1.54506871244548,1.5418159808907,1.5418159808907,0,-1.14711189281458e-155,0.00325273155478389,1.54506871244548,0,267.161443506003,60.6481711487664,4.18383313818513e-10,1,0.986611166637817,0,0,0,0,0,0
62.175,9500,1.54506871244548,9500,9500,1.54506871244548,1.54506871244548,0,8.10603234017084e-12,20.384480903736,1,0,15030.1235607483,-15030.1235607483,1.54506871244548,1.5418159808907,1.5418159808907,0,-8.93371640394519e-156,0.00325273155478389,1.54506871244548,0,267.161443506003,60.6481711487664,4.18383313818513e-10,1,0.986611166637817,0,0,0,0,0,0
62.19,9500,1.54506871244548,9500,9500,1.54506871244548,1.54506871244548,0,8.10603234017084e-12,20.384480903736,1,0,15030.1235607483,-15030.1235607483,1.54506871244548,1.5418159808907,1.5418159808907,0,-6.95758533113037e-156,0.00325273155478389,1.54506871244548,0,267.161443506003,60.6481711487664,4.18383313818513e-10,1,0.986611166637817,0,0,0,0,0,0
62.205,9500,1.54506871244548,9500,9500,1.54506871244548,1.54506871244548,0,8.10603234017084e-12,20.384480903736,1,0,15030.1235607483,-15030.1235607483,1.54506871244548,1.5418159808907,1.5418159808907,0,-5.41857290417045e-156,0.00325273155478389,1.54506871244548,0,267.161443506003,60.6481711487664,4.18383313818513e-10,1,0.986611166637817,0,0,0,0,0,0
62.22,9500,1.54506871244548,9500,9500,1.54506871244548,1.54506871244548,0,8.10603234017084e-12,20.384480903736,1,0,15030.1235607483,-15030.1235607483,1.54506871244548,1.5418159808907,1.5418159808907,0,-4.21998882089745e-156,0.00325273155478389,1.54506871244548,0,267.161443506003,60.6481711487664,4.18383313818513e-10,1,0.986611166637817,0,0,0,0,0,0
62.235,9500,1.54506871244548,9500,9500,1.54506871244548,1.54506871244548,0,8.10603234017084e-12,20.384480903736,1,0,15030.1235607483,-15030.1235607483,1.54506871244548,1.5418159808907,1.5418159808907,0,-3.28653059826751e-156,0.00325273155478389,1.54506871244548,0,267.161443506003,60.6481711487664,4.18383313818513e-10,1,0.986611166637817,0,0,0,0,0,0
62.25,9500,1.54506871244548,9500,9500,1.54506871244548,1.54506871244548,0,8.10603234017084e-12,20.384480903736,1,0,15030.1235607483,-15030.1235607483,1.54506871244548,1.5418159808907,1.5418159808907,0,-2.55955260351887e-156,0.00325273155478389,1.54506871244548,0,267.161443506003,60.6481711487664,4.18383313818513e-10,1,0.986611166637817,0,0,0,0,0,0
62.265,9500,1.54506871244548,9500,9500,1.54506871244548,1.54506871244548,0,8.10603234017084e-12,20.384480903736,1,0,15030.1235607483,-15030.1235607483,1.54506871244548,1.5418159808907,1.5418159808907,0,-1.99338157193295e-156,0.00325273155478389,1.54506871244548,0,267.161443506003,60.6481711487664,4.18383313818513e-10,1,0.986611166637817,0,0,0,0,0,0
62.28,9500,1.54506871244548,9500,9500,1.54506871244548,1.54506871244548,0,8.10603234017084e-12,20.384480903736,1,0,15030.1235607483,-15030.1235607483,1.54506871244548,1.5418159808907,1.5418159808907,0,-1.55244712918149e-156,0.00325273155478389,1.54506871244548,0,267.161443506003,60.6481711487664,4.18383313818513e-10,1,0.986611166637817,0,0,0,0,0,0
62.295,9500,1.54506871244548,9500,9500,1.54506871244548,1.54506871244548,0,8.10603234017084e-12,20.384480903736,1,0,15030.1235607483,-15030.1235607483,1.54506871244548,1.5418159808907,1.5418159808907,0,-1.2090470398835e-156,0.00325273155478389,1.54506871244548,0,267.161443506003,60.6481711487664,4.18383313818513e-10,1,0.986611166637817,0,0,0,0,0,0
62.31,9500,1.54506871244548,9500,9500,1.54506871244548,1.54506871244548,0,8.10603234017084e-12,20.384480903736,1,0,15030.1235607483,-15030.1235607483,1.54506871244548,1.5418159808907,1.5418159808907,0,-9.41606781431431e-157,0.00325273155478389,1.54506871244548,0,267.161443506003,60.6481711487664,4.18383313818513e-10,1,0.986611166637817,0,0,0,0,0,0
62.325,9500,1.54506871244548,9500,9500,1.54506871244548,1.54506871244548,0,8.10603234017084e-12,20.384480903736,1,0,15030.1235607483,-15030.1235607483,1.54506871244548,1.5418159808907,1.5418159808907,0,-7.33324098724144e-157,0.00325273155478389,1.54506871244548,0,267.161443506003,60.6481711487664,4.18383313818513e-10,1,0.986611166637817,0,0,0,0,0,0
62.34,9500,1.54506871244548,9500,9500,1.54506871244548,1.54506871244548,0,8.10603234017084e-12,20.384480903736,1,0,15030.1235607483,-15030.1235607483,1.54506871244548,1.5418159808907,1.5418159808907,0,-5.71113382331495e-157,0.00325273155478389,1.54506871244548,0,267.161443506003,60.6481711487664,4.18383313818513e-10,1,0.986611166637817,0,0,0,0,0,0
62.355,9500,1.54506871244548,9500,9500,1.54506871244548,1.54506871244548,0,8.10603234017084e-12,20.384480903736,1,0,15030.1235607483,-15030.1235607483,1.54506871244548,1.5418159808907,1.5418159808907,0,-4.44783549382327e-157,0.00325273155478389,1.54506871244548,0,267.161443506003,60.6481711487664,4.18383313818513e-10,1,0.986611166637817,0,0,0,0,0,0
62.37,9500,1.54506871244548,9500,9500,1.54506871244548,1.54506871244548,0,8.10603234017084e-12,20.384480903736,1,0,15030.1235607483,-15030.1235607483,1.54506871244548,1.5418159808907,1.5418159808907,0,-3.46397776556235e-157,0.00325273155478389,1.54506871244548,0,267.161443506003,60.6481711487664,4.18383313818513e-10,1,0.986611166637817,0,0,0,0,0,0
62.385,9500,1.54506871244548,9500,9500,1.54506871244548,1.54506871244548,0,8.10603234017084e-12,20.384480903736,1,0,15030.1235607483,-15030.1235607483,1.54506871244548,1.5418159808907,1.5418159808907,0,-2.6977485963619e-157,0.00325273155478389,1.54506871244548,0,267.161443506003,60.6481711487664,4.18383313818513e-10,1,0.986611166637817,0,0,0,0,0,0
62.4,9500,1.54506871244548,9500,9500,1.54506871244548,1.54506871244548,0,8.10603234017084e-12,20.384480903736,1,0,15030.1235607483,-15030.1235607483,1.54506871244548,1.5418159808907,1.5418159808907,0,-2.10100871937643e-157,0.00325273155478389,1.54506871244548,0,267.161443506003,60.6481711487664,4.18383313818513e-10,1,0.986611166637817,0,0,0,0,0,0
62.415,9500,1.54506871244548,9500,9500,1.54506871244548,1.54506871244548,0,8.10603234017084e-12,20.384480903736,1,0,15030.1235607483,-15030.1235607483,1.54506871244548,1.5418159808907,1.5418159808907,0,-1.63626723589021e-157,0.00325273155478389,1.54506871244548,0,267.161443506003,60.6481711487664,4.18383313818513e-10,1,0.986611166637817,0,0,0,0,0,0
62.43,9500,1.54506871244548,9500,9500,1.54506871244548,1.54506871244548,0,8.10603234017084e-12,20.384480903736,1,0,15030.1235607483,-15030.1235607483,1.54506871244548,1.5418159808907,1.5418159808907,0,-1.27432620462538e-157,0.00325273155478389,1.54506871244548,0,267.161443506003,60.6481711487664,4.18383313818513e-10,1,0.986611166637817,0,0,0,0,0,0
62.445,9500,1.54506871244548,9500,9500,1.54506871244548,1.54506871244548,0,8.10603234017084e-12,20.384480903736,1,0,15030.1235607483,-15030.1235607483,1.54506871244548,1.5418159808907,1.5418159808907,0,-9.92446246050657e-158,0.00325273155478389,1.54506871244548,0,267.161443506003,60.6481711487664,4.18383313818513e-10,1,0.986611166637817,0,0,0,0,0,0
62.46,9500,1.54506871244548,9500,9500,1.54506871244548,1.54506871244548,0,8.10603234017084e-12,20.384480903736,1,0,15030.1235607483,-15030.1235607483,1.54506871244548,1.5418159808907,1.5418159808907,0,-7.72917913580528e-158,0.00325273155478389,1.54506871244548,0,267.161443506003,60.6481711487664,4.18383313818513e-10,1,0.986611166637817,0,0,0,0,0,0
62.475,9500,1.54506871244548,9500,9500,1.54506871244548,1.54506871244548,0,8.10603234017084e-12,20.384480903736,1,0,15030.1235607483,-15030.1235607483,1.54506871244548,1.5418159808907,1.5418159808907,0,-6.01949076346431e-158,0.00325273155478389,1.54506871244548,0,267.161443506003,60.6481711487664,4.18383313818513e-10,1,0.986611166637817,0,0,0,0,0,0
62.49,9500,1.54506871244548,9500,9500,1.54506871244548,1.54506871244548,0,8.10603234017084e-12,20.384480903736,1,0,15030.1235607483,-15030.1235607483,1.54506871244548,1.5418159808907,1.5418159808907,0,-4.6879841202771e-158,0.00325273155478389,1.54506871244548,0,267.161443506003,60.6481711487664,4.18383313818513e-10,1,0.986611166637817,0,0,0,0,0,0
62.505,9500,1.54506871244548,9500,9500,1.54506871244548,1.54506871244548,0,8.10603234017084e-12,20.384480903736,1,0,15030.1235607483,-15030.1235607483,1.54506871244548,1.5418159808907,1.5418159808907,0,-3.65100570389811e-158,0.00325273155478389,1.54506871244548,0,267.161443506003,60.6481711487664,4.18383313818513e-10,1,0.986611166637817,0,0,0,0,0,0
62.52,9500,1.54506871244548,9500,9500,1.54506871244548,1.54506871244548,0,8.10603234017084e-12,20.384480903736,1,0,15030.1235607483,-15030.1235607483,1.54506871244548,1.5418159808907,1.5418159808907,0,-2.84340610119402e-158,0.00325273155478389,1.54506871244548,0,267.161443506003,60.6481711487664,4.18383313818513e-10,1,0.986611166637817,0,0,0,0,0,0
62.535,9500,1.54506871244548,9500,9500,1.54506871244548,1.54506871244548,0,8.10603234017084e-12,20.384480903736,1,0,15030.1235607483,-15030.1235607483,1.54506871244548,1.5418159808907,1.5418159808907,0,-2.21444689819991e-158,0.00325273155478389,1.54506871244548,0,267.161443506003,60.6481711487664,4.18383313818513e-10,1,0.986611166637817,0,0,0,0,0,0
62.55,9500,1.54506871244548,9500,9500,1.54506871244548,1.54506871244548,0,8.10603234017084e-12,20.384480903736,1,0,15030.1235607483,-15030.1235607483,1.54506871244548,1.5418159808907,1.5418159808907,0,-1.72461297838813e-158,0.00325273155478389,1.54506871244548,0,267.161443506003,60.6481711487664,4.18383313818513e-10,1,0.986611166637817,0,0,0,0,0,0
62.565,9500,1.54506871244548,9500,9500,1.54506871244548,1.54506871244548,0,8.10603234017084e-12,20.384480903736,1,0,15030.1235607483,-15030.1235607483,1.54506871244548,1.5418159808907,1.5418159808907,0,-1.34312993806379e-158,0.00325273155478389,1.54506871244548,0,267.161443506003,60.6481711487664,4.18383313818513e-10,1,0.986611166637817,0,0,0,0,0,0
62.58,9500,1.54506871244548,9500,9500,1.54506871244548,1.54506871244548,0,8.10603234017084e-12,20.384480903736,1,0,15030.1235607483,-15030.1235607483,1.54506871244548,1.5418159808907,1.5418159808907,0,-1.04603064753072e-158,0.00325273155478389,1.54506871244548,0,267.161443506003,60.6481711487664,4.18383313818513e-10,1,0.986611166637817,0,0,0,0,0,0
62.595,9500,1.54506871244548,9500,9500,1.54506871244548,1.54506871244548,0,8.10603234017084e-12,20.384480903736,1,0,15030.1235607483,-15030.1235607483,1.54506871244548,1.5418159808907,1.5418159808907,0,-8.14649487413617e-159,0.00325273155478389,1.54506871244548,0,267.161443506003,60.6481711487664,4.18383313818513e-10,1,0.986611166637817,0,0,0,0,0,0
62.61,9500,1.54506871244548,9500,9500,1.54506871244548,1.54506871244548,0,8.10603234017084e-12,20.384480903736,1,0,15030.1235607483,-15030.1235607483,1.54506871244548,1.5418159808907,1.5418159808907,0,-6.34449658726444e-159,0.00325273155478389,1.54506871244548,0,267.161443506003,60.6481711487664,4.18383313818513e-10,1,0.986611166637817,0,0,0,0,0,0
62.625,9500,1.54506871244548,9500,9500,1.54506871244548,1.54506871244548,0,8.10603234017084e-12,20.384480903736,1,0,15030.1235607483,-15030.1235607483,1.54506871244548,1.5418159808907,1.5418159808907,0,-4.9410989103554e-159,0.00325273155478389,1.54506871244548,0,267.161443506003,60.6481711487664,4.18383313818513e-10,1,0.986611166637817,0,0,0,0,0,0
62.64,9500,1.54506871244548,9500,9500,1.54506871244548,1.54506871244548,0,8.10603234017084e-12,20.384480903736,1,0,15030.1235607483,-15030.1235607483,1.54506871244548,1.5418159808907,1.5418159808907,0,-3.84813170061805e-159,0.00325273155478389,1.54506871244548,0,267.161443506003,60.6481711487664,4.18383313818513e-10,1,0.986611166637817,0,0,0,0,0,0
62.655,9500,1.54506871244548,9500,9500,1.54506871244548,1.54506871244548,0,8.10603234017084e-12,20.384480903736,1,0,15030.1235607483,-15030.1235607483,1.54506871244548,1.5418159808907,1.5418159808907,0,-2.99692798180323e-159,0.00325273155478389,1.54506871244548,0,267.161443506003,60.6481711487664,4.18383313818513e-10,1,0.986611166637817,0,0,0,0,0,0
62.67,9500,1.54506871244548,9500,9500,1.54506871244548,1.54506871244548,0,8.10603234017084e-12,20.384480903736,1,0,15030.1235607483,-15030.1235607483,1.54506871244548,1.5418159808907,1.5418159808907,0,-2.33400985903696e-159,0.00325273155478389,1.54506871244548,0,267.161443506003,60.6481711487664,4.18383313818513e-10,1,0.986611166637817,0,0,0,0,0,0
62.685,9500,1.54506871244548,9500,9500,1.54506871244548,1.54506871244548,0,8.10603234017084e-12,20.384480903736,1,0,15030.1235607483,-15030.1235607483,1.54506871244548,1.5418159808907,1.5418159808907,0,-1.81772870591437e-159,0.00325273155478389,1.54506871244548,0,267.161443506003,60.6481711487664,4.18383313818513e-10,1,0.986611166637817,0,0,0,0,0,0
62.7,9500,1.54506871244548,9500,9500,1.54506871244548,1.54506871244548,0,8.10603234017084e-12,20.384480903736,1,0,15030.1235607483,-15030.1235607483,1.54506871244548,1.5418159808907,1.5418159808907,0,-1.41564853957748e-159,0.00325273155478389,1.54506871244548,0,267.161443506003,60.6481711487664,4.18383313818513e-10,1,0.986611166637817,0,0,0,0,0,0
62.715,9500,1.54506871244548,9500,9500,1.54506871244548,1.54506871244548,0,8.10603234017084e-12,20.384480903736,1,0,15030.1235607483,-15030.1235607483,1.54506871244548,1.5418159808907,1.5418159808907,0,-1.10250819117683e-159,0.00325273155478389,1.54506871244548,0,267.161443506003,60.6481711487664,4.18383313818513e-10,1,0.986611166637817,0,0,0,0,0,0
62.73,9500,1.54506871244548,9500,9500,1.54506871244548,1.54506871244548,0,8.10603234017084e-12,20.384480903736,1,0,15030.1235607483,-15030.1235607483,1.54506871244548,1.5418159808907,1.5418159808907,0,-8.58634242631155e-160,0.00325273155478389,1.54506871244548,0,267.161443506003,60.6481711487664,4.18383313818513e-10,1,0.986611166637817,0,0,0,0,0,0
62.745,9500,1.54506871244548,9500,9500,1.54506871244548,1.54506871244548,0,8.10603234017084e-12,20.384480903736,1,0,15030.1235607483,-15030.1235607483,1.54506871244548,1.5418159808907,1.5418159808907,0,-6.68705020533066e-160,0.00325273155478389,1.54506871244548,0,267.161443506003,60.6481711487664,4.18383313818513e-10,1,0.986611166637817,0,0,0,0,0,0
62.76,9500,1.54506871244548,9500,9500,1.54506871244548,1.54506871244548,0,8.10603234017084e-12,20.384480903736,1,0,15030.1235607483,-15030.1235607483,1.54506871244548,1.5418159808907,1.5418159808907,0,-5.20787993634932e-160,0.00325273155478389,1.54506871244548,0,267.161443506003,60.6481711487664,4.18383313818513e-10,1,0.986611166637817,0,0,0,0,0,0
62.775,9500,1.54506871244548,9500,9500,1.54506871244548,1.54506871244548,0,8.10603234017084e-12,20.384480903736,1,0,15030.1235607483,-15030.1235607483,1.54506871244548,1.5418159808907,1.5418159808907,0,-4.05590097257071e-160,0.00325273155478389,1.54506871244548,0,267.161443506003,60.6481711487664,4.18383313818513e-10,1,0.986611166637817,0,0,0,0,0,0
62.79,9500,1.54506871244548,9500,9500,1.54506871244548,1.54506871244548,0,8.10603234017084e-12,20.384480903736,1,0,15030.1235607483,-15030.1235607483,1.54506871244548,1.5418159808907,1.5418159808907,0,-3.15873885349814e-160,0.00325273155478389,1.54506871244548,0,267.161443506003,60.6481711487664,4.18383313818513e-10,1,0.986611166637817,0,0,0,0,0,0
62.805,9500,1.54506871244548,9500,9500,1.54506871244548,1.54506871244548,0,8.10603234017084e-12,20.384480903736,1,0,15030.1235607483,-15030.1235607483,1.54506871244548,1.5418159808907,1.5418159808907,0,-2.46002829262242e-160,0.00325273155478389,1.54506871244548,0,267.161443506003,60.6481711487664,4.18383313818513e-10,1,0.986611166637817,0,0,0,0,0,0
62.82,9500,1.54506871244548,9500,9500,1.54506871244548,1.54506871244548,0,8.10603234017084e-12,20.384480903736,1,0,15030.1235607483,-15030.1235607483,1.54506871244548,1.5418159808907,1.5418159808907,0,-1.91587196067215e-160,0.00325273155478389,1.54506871244548,0,267.161443506003,60.6481711487664,4.18383313818513e-10,1,0.986611166637817,0,0,0,0,0,0
62.835,9500,1.54506871244548,9500,9500,1.54506871244548,1.54506871244548,0,8.10603234017084e-12,20.384480903736,1,0,15030.1235607483,-15030.1235607483,1.54506871244548,1.5418159808907,1.5418159808907,0,-1.49208258323602e-160,0.00325273155478389,1.54506871244548,0,267.161443506003,60.6481711487664,4.18383313818513e-10,1,0.986611166637817,0,0,0,0,0,0
62.85,9500,1.54506871244548,9500,9500,1.54506871244548,1.54506871244548,0,8.10603234017084e-12,20.384480903736,1,0,15030.1235607483,-15030.1235607483,1.54506871244548,1.5418159808907,1.5418159808907,0,-1.16203508423142e-160,0.00325273155478389,1.54506871244548,0,267.161443506003,60.6481711487664,4.18383313818513e-10,1,0.986611166637817,0,0,0,0,0,0
62.865,9500,1.54506871244548,9500,9500,1.54506871244548,1.54506871244548,0,8.10603234017084e-12,20.384480903736,1,0,15030.1235607483,-15030.1235607483,1.54506871244548,1.5418159808907,1.5418159808907,0,-9.04993833555874e-161,0.00325273155478389,1.54506871244548,0,267.161443506003,60.6481711487664,4.18383313818513e-10,1,0.986611166637817,0,0,0,0,0,0
62.88,9500,1.54506871244548,9500,9500,1.54506871244548,1.54506871244548,0,8.10603234017084e-12,20.384480903736,1,0,15030.1235607483,-15030.1235607483,1.54506871244548,1.5418159808907,1.5418159808907,0,-7.04809906248108e-161,0.00325273155478389,1.54506871244548,0,267.161443506003,60.6481711487664,4.18383313818513e-10,1,0.986611166637817,0,0,0,0,0,0
62.895,9500,1.54506871244548,9500,9500,1.54506871244548,1.54506871244548,0,8.10603234017084e-12,20.384480903736,1,0,15030.1235607483,-15030.1235607483,1.54506871244548,1.5418159808907,1.5418159808907,0,-5.4890650690251e-161,0.00325273155478389,1.54506871244548,0,267.161443506003,60.6481711487664,4.18383313818513e-10,1,0.986611166637817,0,0,0,0,0,0
62.91,9500,1.54506871244548,9500,9500,1.54506871244548,1.54506871244548,0,8.10603234017084e-12,20.384480903736,1,0,15030.1235607483,-15030.1235607483,1.54506871244548,1.5418159808907,1.5418159808907,0,-4.27488817408664e-161,0.00325273155478389,1.54506871244548,0,267.161443506003,60.6481711487664,4.18383313818513e-10,1,0.986611166637817,0,0,0,0,0,0
62.925,9500,1.54506871244548,9500,9500,1.54506871244548,1.54506871244548,0,8.10603234017084e-12,20.384480903736,1,0,15030.1235607483,-15030.1235607483,1.54506871244548,1.5418159808907,1.5418159808907,0,-3.32928625752136e-161,0.00325273155478389,1.54506871244548,0,267.161443506003,60.6481711487664,4.18383313818513e-10,1,0.986611166637817,0,0,0,0,0,0
62.94,9500,1.54506871244548,9500,9500,1.54506871244548,1.54506871244548,0,8.10603234017084e-12,20.384480903736,1,0,15030.1235607483,-15030.1235607483,1.54506871244548,1.5418159808907,1.5418159808907,0,-2.59285074442651e-161,0.00325273155478389,1.54506871244548,0,267.161443506003,60.6481711487664,4.18383313818513e-10,1,0.986611166637817,0,0,0,0,0,0
62.955,9500,1.54506871244548,9500,9500,1.54506871244548,1.54506871244548,0,8.10603234017084e-12,20.384480903736,1,0,15030.1235607483,-15030.1235607483,1.54506871244548,1.5418159808907,1.5418159808907,0,-2.01931419014664e-161,0.00325273155478389,1.54506871244548,0,267.161443506003,60.6481711487664,4.18383313818513e-10,1,0.986611166637817,0,0,0,0,0,0
62.97,9500,1.54506871244548,9500,9500,1.54506871244548,1.54506871244548,0,8.10603234017084e-12,20.384480903736,1,0,15030.1235607483,-15030.1235607483,1.54506871244548,1.5418159808907,1.5418159808907,0,-1.5726434725534e-161,0.00325273155478389,1.54506871244548,0,267.161443506003,60.6481711487664,4.18383313818513e-10,1,0.986611166637817,0,0,0,0,0,0
62.985,9500,1.54506871244548,9500,9500,1.54506871244548,1.54506871244548,0,8.10603234017084e-12,20.384480903736,1,0,15030.1235607483,-15030.1235607483,1.54506871244548,1.5418159808907,1.5418159808907,0,-1.22477596791672e-161,0.00325273155478389,1.54506871244548,0,267.161443506003,60.6481711487664,4.18383313818513e-10,1,0.986611166637817,0,0,0,0,0,0
63,9500,1.54506871244548,9500,9500,1.54506871244548,1.54506871244548,0,8.10603234017084e-12,20.384480903736,1,0,15030.1235607483,-15030.1235607483,1.54506871244548,1.5418159808907,1.5418159808907,0,-9.53856482900581e-162,0.00325273155478389,1.54506871244548,0,267.161443506003,60.6481711487664,4.18383313818513e-10,1,0.986611166637817,0,0,0,0,0,0
63.015,9500,1.54506871244548,9500,9500,1.54506871244548,1.54506871244548,0,8.10603234017084e-12,20.384480903736,1,0,15030.1235607483,-15030.1235607483,1.54506871244548,1.5418159808907,1.5418159808907,0,-7.42864175820709e-162,0.00325273155478389,1.54506871244548,0,267.161443506003,60.6481711487664,4.18383313818513e-10,1,0.986611166637817,0,0,0,0,0,0
63.03,9500,1.54506871244548,9500,9500,1.54506871244548,1.54506871244548,0,8.10603234017084e-12,20.384480903736,1,0,15030.1235607483,-15030.1235607483,1.54506871244548,1.5418159808907,1.5418159808907,0,-5.78543201844862e-162,0.00325273155478389,1.54506871244548,0,267.161443506003,60.6481711487664,4.18383313818513e-10,1,0.986611166637817,0,0,0,0,0,0
63.045,9500,1.54506871244548,9500,9500,1.54506871244548,1.54506871244548,0,8.10603234017084e-12,20.384480903736,1,0,15030.1235607483,-15030.1235607483,1.54506871244548,1.5418159808907,1.5418159808907,0,-4.50569898637416e-162,0.00325273155478389,1.54506871244548,0,267.161443506003,60.6481711487664,4.18383313818513e-10,1,0.986611166637817,0,0,0,0,0,0
63.06,9500,1.54506871244548,9500,9500,1.54506871244548,1.54506871244548,0,8.10603234017084e-12,20.384480903736,1,0,15030.1235607483,-15030.1235607483,1.54506871244548,1.5418159808907,1.5418159808907,0,-3.50904189887223e-162,0.00325273155478389,1.54506871244548,0,267.161443506003,60.6481711487664,4.18383313818513e-10,1,0.986611166637817,0,0,0,0,0,0
63.075,9500,1.54506871244548,9500,9500,1.54506871244548,1.54506871244548,0,8.10603234017084e-12,20.384480903736,1,0,15030.1235607483,-15030.1235607483,1.54506871244548,1.5418159808907,1.5418159808907,0,-2.73284457867206e-162,0.00325273155478389,1.54506871244548,0,267.161443506003,60.6481711487664,4.18383313818513e-10,1,0.986611166637817,0,0,0,0,0,0
63.09,9500,1.54506871244548,9500,9500,1.54506871244548,1.54506871244548,0,8.10603234017084e-12,20.384480903736,1,0,15030.1235607483,-15030.1235607483,1.54506871244548,1.5418159808907,1.5418159808907,0,-2.12834149788225e-162,0.00325273155478389,1.54506871244548,0,267.161443506003,60.6481711487664,4.18383313818513e-10,1,0.986611166637817,0,0,0,0,0,0
63.105,9500,1.54506871244548,9500,9500,1.54506871244548,1.54506871244548,0,8.10603234017084e-12,20.384480903736,1,0,15030.1235607483,-15030.1235607483,1.54506871244548,1.5418159808907,1.5418159808907,0,-1.65755402519406e-162,0.00325273155478389,1.54506871244548,0,267.161443506003,60.6481711487664,4.18383313818513e-10,1,0.986611166637817,0,0,0,0,0,0
63.12,9500,1.54506871244548,9500,9500,1.54506871244548,1.54506871244548,0,8.10603234017084e-12,20.384480903736,1,0,15030.1235607483,-15030.1235607483,1.54506871244548,1.5418159808907,1.5418159808907,0,-1.29090437280429e-162,0.00325273155478389,1.54506871244548,0,267.161443506003,60.6481711487664,4.18383313818513e-10,1,0.986611166637817,0,0,0,0,0,0
63.135,9500,1.54506871244548,9500,9500,1.54506871244548,1.54506871244548,0,8.10603234017084e-12,20.384480903736,1,0,15030.1235607483,-15030.1235607483,1.54506871244548,1.5418159808907,1.5418159808907,0,-1.00535733641028e-162,0.00325273155478389,1.54506871244548,0,267.161443506003,60.6481711487664,4.18383313818513e-10,1,0.986611166637817,0,0,0,0,0,0
63.15,9500,1.54506871244548,9500,9500,1.54506871244548,1.54506871244548,0,8.10603234017084e-12,20.384480903736,1,0,15030.1235607483,-15030.1235607483,1.54506871244548,1.5418159808907,1.5418159808907,0,-7.82973080862911e-163,0.00325273155478389,1.54506871244548,0,267.161443506003,60.6481711487664,4.18383313818513e-10,1,0.986611166637817,0,0,0,0,0,0
63.165,9500,1.54506871244548,9500,9500,1.54506871244548,1.54506871244548,0,8.10603234017084e-12,20.384480903736,1,0,15030.1235607483,-15030.1235607483,1.54506871244548,1.5418159808907,1.5418159808907,0,-6.09780048499866e-163,0.00325273155478389,1.54506871244548,0,267.161443506003,60.6481711487664,4.18383313818513e-10,1,0.986611166637817,0,0,0,0,0,0
63.18,9500,1.54506871244548,9500,9500,1.54506871244548,1.54506871244548,0,8.10603234017084e-12,20.384480903736,1,0,15030.1235607483,-15030.1235607483,1.54506871244548,1.5418159808907,1.5418159808907,0,-4.74897179273015e-163,0.00325273155478389,1.54506871244548,0,267.161443506003,60.6481711487664,4.18383313818513e-10,1,0.986611166637817,0,0,0,0,0,0
63.195,9500,1.54506871244548,9500,9500,1.54506871244548,1.54506871244548,0,8.10603234017084e-12,20.384480903736,1,0,15030.1235607483,-15030.1235607483,1.54506871244548,1.5418159808907,1.5418159808907,0,-3.69850295096225e-163,0.00325273155478389,1.54506871244548,0,267.161443506003,60.6481711487664,4.18383313818513e-10,1,0.986611166637817,0,0,0,0,0,0
63.21,9500,1.54506871244548,9500,9500,1.54506871244548,1.54506871244548,0,8.10603234017084e-12,20.384480903736,1,0,15030.1235607483,-15030.1235607483,1.54506871244548,1.5418159808907,1.5418159808907,0,-2.8803969944013e-163,0.00325273155478389,1.54506871244548,0,267.161443506003,60.6481711487664,4.18383313818513e-10,1,0.986611166637817,0,0,0,0,0,0
63.225,9500,1.54506871244548,9500,9500,1.54506871244548,1.54506871244548,0,8.10603234017084e-12,20.384480903736,1,0,15030.1235607483,-15030.1235607483,1.54506871244548,1.5418159808907,1.5418159808907,0,-2.24325543479626e-163,0.00325273155478389,1.54506871244548,0,267.161443506003,60.6481711487664,4.18383313818513e-10,1,0.986611166637817,0,0,0,0,0,0
63.24,9500,1.54506871244548,9500,9500,1.54506871244548,1.54506871244548,0,8.10603234017084e-12,20.384480903736,1,0,15030.1235607483,-15030.1235607483,1.54506871244548,1.5418159808907,1.5418159808907,0,-1.74704908924851e-163,0.00325273155478389,1.54506871244548,0,267.161443506003,60.6481711487664,4.18383313818513e-10,1,0.986611166637817,0,0,0,0,0,0
63.255,9500,1.54506871244548,9500,9500,1.54506871244548,1.54506871244548,0,8.10603234017084e-12,20.384480903736,1,0,15030.1235607483,-15030.1235607483,1.54506871244548,1.5418159808907,1.5418159808907,0,-1.36060319877092e-163,0.00325273155478389,1.54506871244548,0,267.161443506003,60.6481711487664,4.18383313818513e-10,1,0.986611166637817,0,0,0,0,0,0
63.27,9500,1.54506871244548,9500,9500,1.54506871244548,1.54506871244548,0,8.10603234017084e-12,20.384480903736,1,0,15030.1235607483,-15030.1235607483,1.54506871244548,1.5418159808907,1.5418159808907,0,-1.05963883665225e-163,0.00325273155478389,1.54506871244548,0,267.161443506003,60.6481711487664,4.18383313818513e-10,1,0.986611166637817,0,0,0,0,0,0
63.285,9500,1.54506871244548,9500,9500,1.54506871244548,1.54506871244548,0,8.10603234017084e-12,20.384480903736,1,0,15030.1235607483,-15030.1235607483,1.54506871244548,1.5418159808907,1.5418159808907,0,-8.25247555757648e-164,0.00325273155478389,1.54506871244548,0,267.161443506003,60.6481711487664,4.18383313818513e-10,1,0.986611166637817,0,0,0,0,0,0
63.3,9500,1.54506871244548,9500,9500,1.54506871244548,1.54506871244548,0,8.10603234017084e-12,20.384480903736,1,0,15030.1235607483,-15030.1235607483,1.54506871244548,1.5418159808907,1.5418159808907,0,-6.42703442651819e-164,0.00325273155478389,1.54506871244548,0,267.161443506003,60.6481711487664,4.18383313818513e-10,1,0.986611166637817,0,0,0,0,0,0
63.315,9500,1.54506871244548,9500,9500,1.54506871244548,1.54506871244548,0,8.10603234017084e-12,20.384480903736,1,0,15030.1235607483,-15030.1235607483,1.54506871244548,1.5418159808907,1.5418159808907,0,-5.00537944419924e-164,0.00325273155478389,1.54506871244548,0,267.161443506003,60.6481711487664,4.18383313818513e-10,1,0.986611166637817,0,0,0,0,0,0
63.33,9500,1.54506871244548,9500,9500,1.54506871244548,1.54506871244548,0,8.10603234017084e-12,20.384480903736,1,0,15030.1235607483,-15030.1235607483,1.54506871244548,1.5418159808907,1.5418159808907,0,-3.89819343071189e-164,0.00325273155478389,1.54506871244548,0,267.161443506003,60.6481711487664,4.18383313818513e-10,1,0.986611166637817,0,0,0,0,0,0
63.345,9500,1.54506871244548,9500,9500,1.54506871244548,1.54506871244548,0,8.10603234017084e-12,20.384480903736,1,0,15030.1235607483,-15030.1235607483,1.54506871244548,1.5418159808907,1.5418159808907,0,-3.03591609640222e-164,0.00325273155478389,1.54506871244548,0,267.161443506003,60.6481711487664,4.18383313818513e-10,1,0.986611166637817,0,0,0,0,0,0
63.36,9500,1.54506871244548,9500,9500,1.54506871244548,1.54506871244548,0,8.10603234017084e-12,20.384480903736,1,0,15030.1235607483,-15030.1235607483,1.54506871244548,1.5418159808907,1.5418159808907,0,-2.36437383321713e-164,0.00325273155478389,1.54506871244548,0,267.161443506003,60.6481711487664,4.18383313818513e-10,1,0.986611166637817,0,0,0,0,0,0
63.375,9500,1.54506871244548,9500,9500,1.54506871244548,1.54506871244548,0,8.10603234017084e-12,20.384480903736,1,0,15030.1235607483,-15030.1235607483,1.54506871244548,1.5418159808907,1.5418159808907,0,-1.84137619278304e-164,0.00325273155478389,1.54506871244548,0,267.161443506003,60.6481711487664,4.18383313818513e-10,1,0.986611166637817,0,0,0,0,0,0
63.39,9500,1.54506871244548,9500,9500,1.54506871244548,1.54506871244548,0,8.10603234017084e-12,20.384480903736,1,0,15030.1235607483,-15030.1235607483,1.54506871244548,1.5418159808907,1.5418159808907,0,-1.43406522086848e-164,0.00325273155478389,1.54506871244548,0,267.161443506003,60.6481711487664,4.18383313818513e-10,1,0.986611166637817,0,0,0,0,0,0
63.405,9500,1.54506871244548,9500,9500,1.54506871244548,1.54506871244548,0,8.10603234017084e-12,20.384480903736,1,0,15030.1235607483,-15030.1235607483,1.54506871244548,1.5418159808907,1.5418159808907,0,-1.11685111698784e-164,0.00325273155478389,1.54506871244548,0,267.161443506003,60.6481711487664,4.18383313818513e-10,1,0.986611166637817,0,0,0,0,0,0
63.42,9500,1.54506871244548,9500,9500,1.54506871244548,1.54506871244548,0,8.10603234017084e-12,20.384480903736,1,0,15030.1235607483,-15030.1235607483,1.54506871244548,1.5418159808907,1.5418159808907,0,-8.698045244843e-165,0.00325273155478389,1.54506871244548,0,267.161443506003,60.6481711487664,4.18383313818513e-10,1,0.986611166637817,0,0,0,0,0,0
63.435,9500,1.54506871244548,9500,9500,1.54506871244548,1.54506871244548,0,8.10603234017084e-12,20.384480903736,1,0,15030.1235607483,-15030.1235607483,1.54506871244548,1.5418159808907,1.5418159808907,0,-6.77404444787424e-165,0.00325273155478389,1.54506871244548,0,267.161443506003,60.6481711487664,4.18383313818513e-10,1,0.986611166637817,0,0,0,0,0,0
63.45,9500,1.54506871244548,9500,9500,1.54506871244548,1.54506871244548,0,8.10603234017084e-12,20.384480903736,1,0,15030.1235607483,-15030.1235607483,1.54506871244548,1.5418159808907,1.5418159808907,0,-5.27563112056496e-165,0.00325273155478389,1.54506871244548,0,267.161443506003,60.6481711487664,4.18383313818513e-10,1,0.986611166637817,0,0,0,0,0,0
63.465,9500,1.54506871244548,9500,9500,1.54506871244548,1.54506871244548,0,8.10603234017084e-12,20.384480903736,1,0,15030.1235607483,-15030.1235607483,1.54506871244548,1.5418159808907,1.5418159808907,0,-4.10866564789186e-165,0.00325273155478389,1.54506871244548,0,267.161443506003,60.6481711487664,4.18383313818513e-10,1,0.986611166637817,0,0,0,0,0,0
63.48,9500,1.54506871244548,9500,9500,1.54506871244548,1.54506871244548,0,8.10603234017084e-12,20.384480903736,1,0,15030.1235607483,-15030.1235607483,1.54506871244548,1.5418159808907,1.5418159808907,0,-3.19983202395676e-165,0.00325273155478389,1.54506871244548,0,267.161443506003,60.6481711487664,4.18383313818513e-10,1,0.986611166637817,0,0,0,0,0,0
63.495,9500,1.54506871244548,9500,9500,1.54506871244548,1.54506871244548,0,8.10603234017084e-12,20.384480903736,1,0,15030.1235607483,-15030.1235607483,1.54506871244548,1.5418159808907,1.5418159808907,0,-2.49203168595449e-165,0.00325273155478389,1.54506871244548,0,267.161443506003,60.6481711487664,4.18383313818513e-10,1,0.986611166637817,0,0,0,0,0,0
63.51,9500,1.54506871244548,9500,9500,1.54506871244548,1.54506871244548,0,8.10603234017084e-12,20.384480903736,1,0,15030.1235607483,-15030.1235607483,1.54506871244548,1.5418159808907,1.5418159808907,0,-1.94079622846011e-165,0.00325273155478389,1.54506871244548,0,267.161443506003,60.6481711487664,4.18383313818513e-10,1,0.986611166637817,0,0,0,0,0,0
63.525,9500,1.54506871244548,9500,9500,1.54506871244548,1.54506871244548,0,8.10603234017084e-12,20.384480903736,1,0,15030.1235607483,-15030.1235607483,1.54506871244548,1.5418159808907,1.5418159808907,0,-1.51149362250676e-165,0.00325273155478389,1.54506871244548,0,267.161443506003,60.6481711487664,4.18383313818513e-10,1,0.986611166637817,0,0,0,0,0,0
63.54,9500,1.54506871244548,9500,9500,1.54506871244548,1.54506871244548,0,8.10603234017084e-12,20.384480903736,1,0,15030.1235607483,-15030.1235607483,1.54506871244548,1.5418159808907,1.5418159808907,0,-1.1771524168157e-165,0.00325273155478389,1.54506871244548,0,267.161443506003,60.6481711487664,4.18383313818513e-10,1,0.986611166637817,0,0,0,0,0,0
63.555,9500,1.54506871244548,9500,9500,1.54506871244548,1.54506871244548,0,8.10603234017084e-12,20.384480903736,1,0,15030.1235607483,-15030.1235607483,1.54506871244548,1.5418159808907,1.5418159808907,0,-9.16767224010464e-166,0.00325273155478389,1.54506871244548,0,267.161443506003,60.6481711487664,4.18383313818513e-10,1,0.986611166637817,0,0,0,0,0,0
63.57,9500,1.54506871244548,9500,9500,1.54506871244548,1.54506871244548,0,8.10603234017084e-12,20.384480903736,1,0,15030.1235607483,-15030.1235607483,1.54506871244548,1.5418159808907,1.5418159808907,0,-7.13979031953547e-166,0.00325273155478389,1.54506871244548,0,267.161443506003,60.6481711487664,4.18383313818513e-10,1,0.986611166637817,0,0,0,0,0,0
63.585,9500,1.54506871244548,9500,9500,1.54506871244548,1.54506871244548,0,8.10603234017084e-12,20.384480903736,1,0,15030.1235607483,-15030.1235607483,1.54506871244548,1.5418159808907,1.5418159808907,0,-5.56047429181986e-166,0.00325273155478389,1.54506871244548,0,267.161443506003,60.6481711487664,4.18383313818513e-10,1,0.986611166637817,0,0,0,0,0,0
63.6,9500,1.54506871244548,9500,9500,1.54506871244548,1.54506871244548,0,8.10603234017084e-12,20.384480903736,1,0,15030.1235607483,-15030.1235607483,1.54506871244548,1.5418159808907,1.5418159808907,0,-4.33050173271772e-166,0.00325273155478389,1.54506871244548,0,267.161443506003,60.6481711487664,4.18383313818513e-10,1,0.986611166637817,0,0,0,0,0,0
63.615,9500,1.54506871244548,9500,9500,1.54506871244548,1.54506871244548,0,8.10603234017084e-12,20.384480903736,1,0,15030.1235607483,-15030.1235607483,1.54506871244548,1.5418159808907,1.5418159808907,0,-3.37259814053264e-166,0.00325273155478389,1.54506871244548,0,267.161443506003,60.6481711487664,4.18383313818513e-10,1,0.986611166637817,0,0,0,0,0,0
63.63,9500,1.54506871244548,9500,9500,1.54506871244548,1.54506871244548,0,8.10603234017084e-12,20.384480903736,1,0,15030.1235607483,-15030.1235607483,1.54506871244548,1.5418159808907,1.5418159808907,0,-2.62658207283198e-166,0.00325273155478389,1.54506871244548,0,267.161443506003,60.6481711487664,4.18383313818513e-10,1,0.986611166637817,0,0,0,0,0,0
63.645,9500,1.54506871244548,9500,9500,1.54506871244548,1.54506871244548,0,8.10603234017084e-12,20.384480903736,1,0,15030.1235607483,-15030.1235607483,1.54506871244548,1.5418159808907,1.5418159808907,0,-2.04558417512286e-166,0.00325273155478389,1.54506871244548,0,267.161443506003,60.6481711487664,4.18383313818513e-10,1,0.986611166637817,0,0,0,0,0,0
63.66,9500,1.54506871244548,9500,9500,1.54506871244548,1.54506871244548,0,8.10603234017084e-12,20.384480903736,1,0,15030.1235607483,-15030.1235607483,1.54506871244548,1.5418159808907,1.5418159808907,0,-1.59310255742416e-166,0.00325273155478389,1.54506871244548,0,267.161443506003,60.6481711487664,4.18383313818513e-10,1,0.986611166637817,0,0,0,0,0,0
63.675,9500,1.54506871244548,9500,9500,1.54506871244548,1.54506871244548,0,8.10603234017084e-12,20.384480903736,1,0,15030.1235607483,-15030.1235607483,1.54506871244548,1.5418159808907,1.5418159808907,0,-1.24070951923499e-166,0.00325273155478389,1.54506871244548,0,267.161443506003,60.6481711487664,4.18383313818513e-10,1,0.986611166637817,0,0,0,0,0,0
63.69,9500,1.54506871244548,9500,9500,1.54506871244548,1.54506871244548,0,8.10603234017084e-12,20.384480903736,1,0,15030.1235607483,-15030.1235607483,1.54506871244548,1.5418159808907,1.5418159808907,0,-9.66265545144359e-167,0.00325273155478389,1.54506871244548,0,267.161443506003,60.6481711487664,4.18383313818513e-10,1,0.986611166637817,0,0,0,0,0,0
63.705,9500,1.54506871244548,9500,9500,1.54506871244548,1.54506871244548,0,8.10603234017084e-12,20.384480903736,1,0,15030.1235607483,-15030.1235607483,1.54506871244548,1.5418159808907,1.5418159808907,0,-7.52528363213345e-167,0.00325273155478389,1.54506871244548,0,267.161443506003,60.6481711487664,4.18383313818513e-10,1,0.986611166637817,0,0,0,0,0,0
63.72,9500,1.54506871244548,9500,9500,1.54506871244548,1.54506871244548,0,8.10603234017084e-12,20.384480903736,1,0,15030.1235607483,-15030.1235607483,1.54506871244548,1.5418159808907,1.5418159808907,0,-5.86069678553995e-167,0.00325273155478389,1.54506871244548,0,267.161443506003,60.6481711487664,4.18383313818513e-10,1,0.986611166637817,0,0,0,0,0,0
63.735,9500,1.54506871244548,9500,9500,1.54506871244548,1.54506871244548,0,8.10603234017084e-12,20.384480903736,1,0,15030.1235607483,-15030.1235607483,1.54506871244548,1.5418159808907,1.5418159808907,0,-4.56431524592258e-167,0.00325273155478389,1.54506871244548,0,267.161443506003,60.6481711487664,4.18383313818513e-10,1,0.986611166637817,0,0,0,0,0,0
63.75,9500,1.54506871244548,9500,9500,1.54506871244548,1.54506871244548,0,8.10603234017084e-12,20.384480903736,1,0,15030.1235607483,-15030.1235607483,1.54506871244548,1.5418159808907,1.5418159808907,0,-3.55469228770926e-167,0.00325273155478389,1.54506871244548,0,267.161443506003,60.6481711487664,4.18383313818513e-10,1,0.986611166637817,0,0,0,0,0,0
63.765,9500,1.54506871244548,9500,9500,1.54506871244548,1.54506871244548,0,8.10603234017084e-12,20.384480903736,1,0,15030.1235607483,-15030.1235607483,1.54506871244548,1.5418159808907,1.5418159808907,0,-2.76839713724585e-167,0.00325273155478389,1.54506871244548,0,267.161443506003,60.6481711487664,4.18383313818513e-10,1,0.986611166637817,0,0,0,0,0,0
63.78,9500,1.54506871244548,9500,9500,1.54506871244548,1.54506871244548,0,8.10603234017084e-12,20.384480903736,1,0,15030.1235607483,-15030.1235607483,1.54506871244548,1.5418159808907,1.5418159808907,0,-2.15602985833971e-167,0.00325273155478389,1.54506871244548,0,267.161443506003,60.6481711487664,4.18383313818513e-10,1,0.986611166637817,0,0,0,0,0,0
63.795,9500,1.54506871244548,9500,9500,1.54506871244548,1.54506871244548,0,8.10603234017084e-12,20.384480903736,1,0,15030.1235607483,-15030.1235607483,1.54506871244548,1.5418159808907,1.5418159808907,0,-1.67911774200029e-167,0.00325273155478389,1.54506871244548,0,267.161443506003,60.6481711487664,4.18383313818513e-10,1,0.986611166637817,0,0,0,0,0,0
63.81,9500,1.54506871244548,9500,9500,1.54506871244548,1.54506871244548,0,8.10603234017084e-12,20.384480903736,1,0,15030.1235607483,-15030.1235607483,1.54506871244548,1.5418159808907,1.5418159808907,0,-1.30769821233892e-167,0.00325273155478389,1.54506871244548,0,267.161443506003,60.6481711487664,4.18383313818513e-10,1,0.986611166637817,0,0,0,0,0,0
63.825,9500,1.54506871244548,9500,9500,1.54506871244548,1.54506871244548,0,8.10603234017084e-12,20.384480903736,1,0,15030.1235607483,-15030.1235607483,1.54506871244548,1.5418159808907,1.5418159808907,0,-1.01843639179063e-167,0.00325273155478389,1.54506871244548,0,267.161443506003,60.6481711487664,4.18383313818513e-10,1,0.986611166637817,0,0,0,0,0,0
63.84,9500,1.54506871244548,9500,9500,1.54506871244548,1.54506871244548,0,8.10603234017084e-12,20.384480903736,1,0,15030.1235607483,-15030.1235607483,1.54506871244548,1.5418159808907,1.5418159808907,0,-7.93159059434955e-168,0.00325273155478389,1.54506871244548,0,267.161443506003,60.6481711487664,4.18383313818513e-10,1,0.986611166637817,0,0,0,0,0,0
63.855,9500,1.54506871244548,9500,9500,1.54506871244548,1.54506871244548,0,8.10603234017084e-12,20.384480903736,1,0,15030.1235607483,-15030.1235607483,1.54506871244548,1.5418159808907,1.5418159808907,0,-6.17712896588122e-168,0.00325273155478389,1.54506871244548,0,267.161443506003,60.6481711487664,4.18383313818513e-10,1,0.986611166637817,0,0,0,0,0,0
63.87,9500,1.54506871244548,9500,9500,1.54506871244548,1.54506871244548,0,8.10603234017084e-12,20.384480903736,1,0,15030.1235607483,-15030.1235607483,1.54506871244548,1.5418159808907,1.5418159808907,0,-4.81075287576135e-168,0.00325273155478389,1.54506871244548,0,267.161443506003,60.6481711487664,4.18383313818513e-10,1,0.986611166637817,0,0,0,0,0,0
63.885,9500,1.54506871244548,9500,9500,1.54506871244548,1.54506871244548,0,8.10603234017084e-12,20.384480903736,1,0,15030.1235607483,-15030.1235607483,1.54506871244548,1.5418159808907,1.5418159808907,0,-3.74661810680595e-168,0.00325273155478389,1.54506871244548,0,267.161443506003,60.6481711487664,4.18383313818513e-10,1,0.986611166637817,0,0,0,0,0,0
63.9,9500,1.54506871244548,9500,9500,1.54506871244548,1.54506871244548,0,8.10603234017084e-12,20.384480903736,1,0,15030.1235607483,-15030.1235607483,1.54506871244548,1.5418159808907,1.5418159808907,0,-2.91786911544998e-168,0.00325273155478389,1.54506871244548,0,267.161443506003,60.6481711487664,4.18383313818513e-10,1,0.986611166637817,0,0,0,0,0,0
63.915,9500,1.54506871244548,9500,9500,1.54506871244548,1.54506871244548,0,8.10603234017084e-12,20.384480903736,1,0,15030.1235607483,-15030.1235607483,1.54506871244548,1.5418159808907,1.5418159808907,0,-2.27243875201231e-168,0.00325273155478389,1.54506871244548,0,267.161443506003,60.6481711487664,4.18383313818513e-10,1,0.986611166637817,0,0,0,0,0,0
63.93,9500,1.54506871244548,9500,9500,1.54506871244548,1.54506871244548,0,8.10603234017084e-12,20.384480903736,1,0,15030.1235607483,-15030.1235607483,1.54506871244548,1.5418159808907,1.5418159808907,0,-1.769777079549e-168,0.00325273155478389,1.54506871244548,0,267.161443506003,60.6481711487664,4.18383313818513e-10,1,0.986611166637817,0,0,0,0,0,0
63.945,9500,1.54506871244548,9500,9500,1.54506871244548,1.54506871244548,0,8.10603234017084e-12,20.384480903736,1,0,15030.1235607483,-15030.1235607483,1.54506871244548,1.5418159808907,1.5418159808907,0,-1.37830377541458e-168,0.00325273155478389,1.54506871244548,0,267.161443506003,60.6481711487664,4.18383313818513e-10,1,0.986611166637817,0,0,0,0,0,0
63.96,9500,1.54506871244548,9500,9500,1.54506871244548,1.54506871244548,0,8.10603234017084e-12,20.384480903736,1,0,15030.1235607483,-15030.1235607483,1.54506871244548,1.5418159808907,1.5418159808907,0,-1.07342405960315e-168,0.00325273155478389,1.54506871244548,0,267.161443506003,60.6481711487664,4.18383313818513e-10,1,0.986611166637817,0,0,0,0,0,0
63.975,9500,1.54506871244548,9500,9500,1.54506871244548,1.54506871244548,0,8.10603234017084e-12,20.384480903736,1,0,15030.1235607483,-15030.1235607483,1.54506871244548,1.5418159808907,1.5418159808907,0,-8.35983498186619e-169,0.00325273155478389,1.54506871244548,0,267.161443506003,60.6481711487664,4.18383313818513e-10,1,0.986611166637817,0,0,0,0,0,0
63.99,9500,1.54506871244548,9500,9500,1.54506871244548,1.54506871244548,0,8.10603234017084e-12,20.384480903736,1,0,15030.1235607483,-15030.1235607483,1.54506871244548,1.5418159808907,1.5418159808907,0,-6.51064603022512e-169,0.00325273155478389,1.54506871244548,0,267.161443506003,60.6481711487664,4.18383313818513e-10,1,0.986611166637817,0,0,0,0,0,0
64.005,9500,1.54506871244548,9500,9500,1.54506871244548,1.54506871244548,0,8.10603234017084e-12,20.384480903736,1,0,15030.1235607483,-15030.1235607483,1.54506871244548,1.5418159808907,1.5418159808907,0,-5.07049622664005e-169,0.00325273155478389,1.54506871244548,0,267.161443506003,60.6481711487664,4.18383313818513e-10,1,0.986611166637817,0,0,0,0,0,0
64.02,9500,1.54506871244548,9500,9500,1.54506871244548,1.54506871244548,0,8.10603234017084e-12,20.384480903736,1,0,15030.1235607483,-15030.1235607483,1.54506871244548,1.5418159808907,1.5418159808907,0,-3.94890643186788e-169,0.00325273155478389,1.54506871244548,0,267.161443506003,60.6481711487664,4.18383313818513e-10,1,0.986611166637817,0,0,0,0,0,0
64.035,9500,1.54506871244548,9500,9500,1.54506871244548,1.54506871244548,0,8.10603234017084e-12,20.384480903736,1,0,15030.1235607483,-15030.1235607483,1.54506871244548,1.5418159808907,1.5418159808907,0,-3.07541142141441e-169,0.00325273155478389,1.54506871244548,0,267.161443506003,60.6481711487664,4.18383313818513e-10,1,0.986611166637817,0,0,0,0,0,0
64.05,9500,1.54506871244548,9500,9500,1.54506871244548,1.54506871244548,0,8.10603234017084e-12,20.384480903736,1,0,15030.1235607483,-15030.1235607483,1.54506871244548,1.5418159808907,1.5418159808907,0,-2.39513282326428e-169,0.00325273155478389,1.54506871244548,0,267.161443506003,60.6481711487664,4.18383313818513e-10,1,0.986611166637817,0,0,0,0,0,0
64.065,9500,1.54506871244548,9500,9500,1.54506871244548,1.54506871244548,0,8.10603234017084e-12,20.384480903736,1,0,15030.1235607483,-15030.1235607483,1.54506871244548,1.5418159808907,1.5418159808907,0,-1.86533131831825e-169,0.00325273155478389,1.54506871244548,0,267.161443506003,60.6481711487664,4.18383313818513e-10,1,0.986611166637817,0,0,0,0,0,0
64.08,9500,1.54506871244548,9500,9500,1.54506871244548,1.54506871244548,0,8.10603234017084e-12,20.384480903736,1,0,15030.1235607483,-15030.1235607483,1.54506871244548,1.5418159808907,1.5418159808907,0,-1.45272149139387e-169,0.00325273155478389,1.54506871244548,0,267.161443506003,60.6481711487664,4.18383313818513e-10,1,0.986611166637817,0,0,0,0,0,0
64.095,9500,1.54506871244548,9500,9500,1.54506871244548,1.54506871244548,0,8.10603234017084e-12,20.384480903736,1,0,15030.1235607483,-15030.1235607483,1.54506871244548,1.5418159808907,1.5418159808907,0,-1.1313806350822e-169,0.00325273155478389,1.54506871244548,0,267.161443506003,60.6481711487664,4.18383313818513e-10,1,0.986611166637817,0,0,0,0,0,0
64.11,9500,1.54506871244548,9500,9500,1.54506871244548,1.54506871244548,0,8.10603234017084e-12,20.384480903736,1,0,15030.1235607483,-15030.1235607483,1.54506871244548,1.5418159808907,1.5418159808907,0,-8.81120124553844e-170,0.00325273155478389,1.54506871244548,0,267.161443506003,60.6481711487664,4.18383313818513e-10,1,0.986611166637817,0,0,0,0,0,0
64.125,9500,1.54506871244548,9500,9500,1.54506871244548,1.54506871244548,0,8.10603234017084e-12,20.384480903736,1,0,15030.1235607483,-15030.1235607483,1.54506871244548,1.5418159808907,1.5418159808907,0,-6.86217042982508e-170,0.00325273155478389,1.54506871244548,0,267.161443506003,60.6481711487664,4.18383313818513e-10,1,0.986611166637817,0,0,0,0,0,0
64.14,9500,1.54506871244548,9500,9500,1.54506871244548,1.54506871244548,0,8.10603234017084e-12,20.384480903736,1,0,15030.1235607483,-15030.1235607483,1.54506871244548,1.5418159808907,1.5418159808907,0,-5.34426370431721e-170,0.00325273155478389,1.54506871244548,0,267.161443506003,60.6481711487664,4.18383313818513e-10,1,0.986611166637817,0,0,0,0,0,0
64.155,9500,1.54506871244548,9500,9500,1.54506871244548,1.54506871244548,0,8.10603234017084e-12,20.384480903736,1,0,15030.1235607483,-15030.1235607483,1.54506871244548,1.5418159808907,1.5418159808907,0,-4.16211675786233e-170,0.00325273155478389,1.54506871244548,0,267.161443506003,60.6481711487664,4.18383313818513e-10,1,0.986611166637817,0,0,0,0,0,0
64.17,9500,1.54506871244548,9500,9500,1.54506871244548,1.54506871244548,0,8.10603234017084e-12,20.384480903736,1,0,15030.1235607483,-15030.1235607483,1.54506871244548,1.5418159808907,1.5418159808907,0,-3.2414597902578e-170,0.00325273155478389,1.54506871244548,0,267.161443506003,60.6481711487664,4.18383313818513e-10,1,0.986611166637817,0,0,0,0,0,0
64.185,9500,1.54506871244548,9500,9500,1.54506871244548,1.54506871244548,0,8.10603234017084e-12,20.384480903736,1,0,15030.1235607483,-15030.1235607483,1.54506871244548,1.5418159808907,1.5418159808907,0,-2.52445142294724e-170,0.00325273155478389,1.54506871244548,0,267.161443506003,60.6481711487664,4.18383313818513e-10,1,0.986611166637817,0,0,0,0,0,0
64.2,9500,1.54506871244548,9500,9500,1.54506871244548,1.54506871244548,0,8.10603234017084e-12,20.384480903736,1,0,15030.1235607483,-15030.1235607483,1.54506871244548,1.5418159808907,1.5418159808907,0,-1.96604474501704e-170,0.00325273155478389,1.54506871244548,0,267.161443506003,60.6481711487664,4.18383313818513e-10,1,0.986611166637817,0,0,0,0,0,0
64.215,9500,1.54506871244548,9500,9500,1.54506871244548,1.54506871244548,0,8.10603234017084e-12,20.384480903736,1,0,15030.1235607483,-15030.1235607483,1.54506871244548,1.5418159808907,1.5418159808907,0,-1.53115718697269e-170,0.00325273155478389,1.54506871244548,0,267.161443506003,60.6481711487664,4.18383313818513e-10,1,0.986611166637817,0,0,0,0,0,0
64.23,9500,1.54506871244548,9500,9500,1.54506871244548,1.54506871244548,0,8.10603234017084e-12,20.384480903736,1,0,15030.1235607483,-15030.1235607483,1.54506871244548,1.5418159808907,1.5418159808907,0,-1.19246641621974e-170,0.00325273155478389,1.54506871244548,0,267.161443506003,60.6481711487664,4.18383313818513e-10,1,0.986611166637817,0,0,0,0,0,0
64.245,9500,1.54506871244548,9500,9500,1.54506871244548,1.54506871244548,0,8.10603234017084e-12,20.384480903736,1,0,15030.1235607483,-15030.1235607483,1.54506871244548,1.5418159808907,1.5418159808907,0,-9.28693778738285e-171,0.00325273155478389,1.54506871244548,0,267.161443506003,60.6481711487664,4.18383313818513e-10,1,0.986611166637817,0,0,0,0,0,0
64.26,9500,1.54506871244548,9500,9500,1.54506871244548,1.54506871244548,0,8.10603234017084e-12,20.384480903736,1,0,15030.1235607483,-15030.1235607483,1.54506871244548,1.5418159808907,1.5418159808907,0,-7.23267442114918e-171,0.00325273155478389,1.54506871244548,0,267.161443506003,60.6481711487664,4.18383313818513e-10,1,0.986611166637817,0,0,0,0,0,0
64.275,9500,1.54506871244548,9500,9500,1.54506871244548,1.54506871244548,0,8.10603234017084e-12,20.384480903736,1,0,15030.1235607483,-15030.1235607483,1.54506871244548,1.5418159808907,1.5418159808907,0,-5.6328125028915e-171,0.00325273155478389,1.54506871244548,0,267.161443506003,60.6481711487664,4.18383313818513e-10,1,0.986611166637817,0,0,0,0,0,0
64.29,9500,1.54506871244548,9500,9500,1.54506871244548,1.54506871244548,0,8.10603234017084e-12,20.384480903736,1,0,15030.1235607483,-15030.1235607483,1.54506871244548,1.5418159808907,1.5418159808907,0,-4.3868387881463e-171,0.00325273155478389,1.54506871244548,0,267.161443506003,60.6481711487664,4.18383313818513e-10,1,0.986611166637817,0,0,0,0,0,0
64.305,9500,1.54506871244548,9500,9500,1.54506871244548,1.54506871244548,0,8.10603234017084e-12,20.384480903736,1,0,15030.1235607483,-15030.1235607483,1.54506871244548,1.5418159808907,1.5418159808907,0,-3.41647348341635e-171,0.00325273155478389,1.54506871244548,0,267.161443506003,60.6481711487664,4.18383313818513e-10,1,0.986611166637817,0,0,0,0,0,0
64.32,9500,1.54506871244548,9500,9500,1.54506871244548,1.54506871244548,0,8.10603234017084e-12,20.384480903736,1,0,15030.1235607483,-15030.1235607483,1.54506871244548,1.5418159808907,1.5418159808907,0,-2.66075222422735e-171,0.00325273155478389,1.54506871244548,0,267.161443506003,60.6481711487664,4.18383313818513e-10,1,0.986611166637817,0,0,0,0,0,0
64.335,9500,1.54506871244548,9500,9500,1.54506871244548,1.54506871244548,0,8.10603234017084e-12,20.384480903736,1,0,15030.1235607483,-15030.1235607483,1.54506871244548,1.5418159808907,1.5418159808907,0,-2.07219591578724e-171,0.00325273155478389,1.54506871244548,0,267.161443506003,60.6481711487664,4.18383313818513e-10,1,0.986611166637817,0,0,0,0,0,0
64.35,9500,1.54506871244548,9500,9500,1.54506871244548,1.54506871244548,0,8.10603234017084e-12,20.384480903736,1,0,15030.1235607483,-15030.1235607483,1.54506871244548,1.5418159808907,1.5418159808907,0,-1.61382780189247e-171,0.00325273155478389,1.54506871244548,0,267.161443506003,60.6481711487664,4.18383313818513e-10,1,0.986611166637817,0,0,0,0,0,0
64.365,9500,1.54506871244548,9500,9500,1.54506871244548,1.54506871244548,0,8.10603234017084e-12,20.384480903736,1,0,15030.1235607483,-15030.1235607483,1.54506871244548,1.5418159808907,1.5418159808907,0,-1.25685035585626e-171,0.00325273155478389,1.54506871244548,0,267.161443506003,60.6481711487664,4.18383313818513e-10,1,0.986611166637817,0,0,0,0,0,0
64.38,9500,1.54506871244548,9500,9500,1.54506871244548,1.54506871244548,0,8.10603234017084e-12,20.384480903736,1,0,15030.1235607483,-15030.1235607483,1.54506871244548,1.5418159808907,1.5418159808907,0,-9.78836041344429e-172,0.00325273155478389,1.54506871244548,0,267.161443506003,60.6481711487664,4.18383313818513e-10,1,0.986611166637817,0,0,0,0,0,0
64.395,9500,1.54506871244548,9500,9500,1.54506871244548,1.54506871244548,0,8.10603234017084e-12,20.384480903736,1,0,15030.1235607483,-15030.1235607483,1.54506871244548,1.5418159808907,1.5418159808907,0,-7.62318275497555e-172,0.00325273155478389,1.54506871244548,0,267.161443506003,60.6481711487664,4.18383313818513e-10,1,0.986611166637817,0,0,0,0,0,0
64.41,9500,1.54506871244548,9500,9500,1.54506871244548,1.54506871244548,0,8.10603234017084e-12,20.384480903736,1,0,15030.1235607483,-15030.1235607483,1.54506871244548,1.5418159808907,1.5418159808907,0,-5.93694069907139e-172,0.00325273155478389,1.54506871244548,0,267.161443506003,60.6481711487664,4.18383313818513e-10,1,0.986611166637817,0,0,0,0,0,0
64.425,9500,1.54506871244548,9500,9500,1.54506871244548,1.54506871244548,0,8.10603234017084e-12,20.384480903736,1,0,15030.1235607483,-15030.1235607483,1.54506871244548,1.5418159808907,1.5418159808907,0,-4.62369406548529e-172,0.00325273155478389,1.54506871244548,0,267.161443506003,60.6481711487664,4.18383313818513e-10,1,0.986611166637817,0,0,0,0,0,0
64.44,9500,1.54506871244548,9500,9500,1.54506871244548,1.54506871244548,0,8.10603234017084e-12,20.384480903736,1,0,15030.1235607483,-15030.1235607483,1.54506871244548,1.5418159808907,1.5418159808907,0,-3.60093655888255e-172,0.00325273155478389,1.54506871244548,0,267.161443506003,60.6481711487664,4.18383313818513e-10,1,0.986611166637817,0,0,0,0,0,0
64.455,9500,1.54506871244548,9500,9500,1.54506871244548,1.54506871244548,0,8.10603234017084e-12,20.384480903736,1,0,15030.1235607483,-15030.1235607483,1.54506871244548,1.5418159808907,1.5418159808907,0,-2.80441221184818e-172,0.00325273155478389,1.54506871244548,0,267.161443506003,60.6481711487664,4.18383313818513e-10,1,0.986611166637817,0,0,0,0,0,0
64.47,9500,1.54506871244548,9500,9500,1.54506871244548,1.54506871244548,0,8.10603234017084e-12,20.384480903736,1,0,15030.1235607483,-15030.1235607483,1.54506871244548,1.5418159808907,1.5418159808907,0,-2.18407842664237e-172,0.00325273155478389,1.54506871244548,0,267.161443506003,60.6481711487664,4.18383313818513e-10,1,0.986611166637817,0,0,0,0,0,0
64.485,9500,1.54506871244548,9500,9500,1.54506871244548,1.54506871244548,0,8.10603234017084e-12,20.384480903736,1,0,15030.1235607483,-15030.1235607483,1.54506871244548,1.5418159808907,1.5418159808907,0,-1.70096198895844e-172,0.00325273155478389,1.54506871244548,0,267.161443506003,60.6481711487664,4.18383313818513e-10,1,0.986611166637817,0,0,0,0,0,0
64.5,9500,1.54506871244548,9500,9500,1.54506871244548,1.54506871244548,0,8.10603234017084e-12,20.384480903736,1,0,15030.1235607483,-15030.1235607483,1.54506871244548,1.5418159808907,1.5418159808907,0,-1.32471052897553e-172,0.00325273155478389,1.54506871244548,0,267.161443506003,60.6481711487664,4.18383313818513e-10,1,0.986611166637817,0,0,0,0,0,0
64.515,9500,1.54506871244548,9500,9500,1.54506871244548,1.54506871244548,0,8.10603234017084e-12,20.384480903736,1,0,15030.1235607483,-15030.1235607483,1.54506871244548,1.5418159808907,1.5418159808907,0,-1.03168559730908e-172,0.00325273155478389,1.54506871244548,0,267.161443506003,60.6481711487664,4.18383313818513e-10,1,0.986611166637817,0,0,0,0,0,0
64.53,9500,1.54506871244548,9500,9500,1.54506871244548,1.54506871244548,0,8.10603234017084e-12,20.384480903736,1,0,15030.1235607483,-15030.1235607483,1.54506871244548,1.5418159808907,1.5418159808907,0,-8.034775510678e-173,0.00325273155478389,1.54506871244548,0,267.161443506003,60.6481711487664,4.18383313818513e-10,1,0.986611166637817,0,0,0,0,0,0
64.545,9500,1.54506871244548,9500,9500,1.54506871244548,1.54506871244548,0,8.10603234017084e-12,20.384480903736,1,0,15030.1235607483,-15030.1235607483,1.54506871244548,1.5418159808907,1.5418159808907,0,-6.25748945951897e-173,0.00325273155478389,1.54506871244548,0,267.161443506003,60.6481711487664,4.18383313818513e-10,1,0.986611166637817,0,0,0,0,0,0
64.56,9500,1.54506871244548,9500,9500,1.54506871244548,1.54506871244548,0,8.10603234017084e-12,20.384480903736,1,0,15030.1235607483,-15030.1235607483,1.54506871244548,1.5418159808907,1.5418159808907,0,-4.87333769113444e-173,0.00325273155478389,1.54506871244548,0,267.161443506003,60.6481711487664,4.18383313818513e-10,1,0.986611166637817,0,0,0,0,0,0
64.575,9500,1.54506871244548,9500,9500,1.54506871244548,1.54506871244548,0,8.10603234017084e-12,20.384480903736,1,0,15030.1235607483,-15030.1235607483,1.54506871244548,1.5418159808907,1.5418159808907,0,-3.79535921002689e-173,0.00325273155478389,1.54506871244548,0,267.161443506003,60.6481711487664,4.18383313818513e-10,1,0.986611166637817,0,0,0,0,0,0
64.59,9500,1.54506871244548,9500,9500,1.54506871244548,1.54506871244548,0,8.10603234017084e-12,20.384480903736,1,0,15030.1235607483,-15030.1235607483,1.54506871244548,1.5418159808907,1.5418159808907,0,-2.95582872480621e-173,0.00325273155478389,1.54506871244548,0,267.161443506003,60.6481711487664,4.18383313818513e-10,1,0.986611166637817,0,0,0,0,0,0
64.605,9500,1.54506871244548,9500,9500,1.54506871244548,1.54506871244548,0,8.10603234017084e-12,20.384480903736,1,0,15030.1235607483,-15030.1235607483,1.54506871244548,1.5418159808907,1.5418159808907,0,-2.30200172550403e-173,0.00325273155478389,1.54506871244548,0,267.161443506003,60.6481711487664,4.18383313818513e-10,1,0.986611166637817,0,0,0,0,0,0
64.62,9500,1.54506871244548,9500,9500,1.54506871244548,1.54506871244548,0,8.10603234017084e-12,20.384480903736,1,0,15030.1235607483,-15030.1235607483,1.54506871244548,1.5418159808907,1.5418159808907,0,-1.79280074645426e-173,0.00325273155478389,1.54506871244548,0,267.161443506003,60.6481711487664,4.18383313818513e-10,1,0.986611166637817,0,0,0,0,0,0
64.635,9500,1.54506871244548,9500,9500,1.54506871244548,1.54506871244548,0,8.10603234017084e-12,20.384480903736,1,0,15030.1235607483,-15030.1235607483,1.54506871244548,1.5418159808907,1.5418159808907,0,-1.39623462522958e-173,0.00325273155478389,1.54506871244548,0,267.161443506003,60.6481711487664,4.18383313818513e-10,1,0.986611166637817,0,0,0,0,0,0
64.65,9500,1.54506871244548,9500,9500,1.54506871244548,1.54506871244548,0,8.10603234017084e-12,20.384480903736,1,0,15030.1235607483,-15030.1235607483,1.54506871244548,1.5418159808907,1.5418159808907,0,-1.08738861948021e-173,0.00325273155478389,1.54506871244548,0,267.161443506003,60.6481711487664,4.18383313818513e-10,1,0.986611166637817,0,0,0,0,0,0
64.665,9500,1.54506871244548,9500,9500,1.54506871244548,1.54506871244548,0,8.10603234017084e-12,20.384480903736,1,0,15030.1235607483,-15030.1235607483,1.54506871244548,1.5418159808907,1.5418159808907,0,-8.46859108354119e-174,0.00325273155478389,1.54506871244548,0,267.161443506003,60.6481711487664,4.18383313818513e-10,1,0.986611166637817,0,0,0,0,0,0
64.68,9500,1.54506871244548,9500,9500,1.54506871244548,1.54506871244548,0,8.10603234017084e-12,20.384480903736,1,0,15030.1235607483,-15030.1235607483,1.54506871244548,1.5418159808907,1.5418159808907,0,-6.59534536737339e-174,0.00325273155478389,1.54506871244548,0,267.161443506003,60.6481711487664,4.18383313818513e-10,1,0.986611166637817,0,0,0,0,0,0
64.695,9500,1.54506871244548,9500,9500,1.54506871244548,1.54506871244548,0,8.10603234017084e-12,20.384480903736,1,0,15030.1235607483,-15030.1235607483,1.54506871244548,1.5418159808907,1.5418159808907,0,-5.13646013673676e-174,0.00325273155478389,1.54506871244548,0,267.161443506003,60.6481711487664,4.18383313818513e-10,1,0.986611166637817,0,0,0,0,0,0
64.71,9500,1.54506871244548,9500,9500,1.54506871244548,1.54506871244548,0,8.10603234017084e-12,20.384480903736,1,0,15030.1235607483,-15030.1235607483,1.54506871244548,1.5418159808907,1.5418159808907,0,-4.00027917670564e-174,0.00325273155478389,1.54506871244548,0,267.161443506003,60.6481711487664,4.18383313818513e-10,1,0.986611166637817,0,0,0,0,0,0
64.725,9500,1.54506871244548,9500,9500,1.54506871244548,1.54506871244548,0,8.10603234017084e-12,20.384480903736,1,0,15030.1235607483,-15030.1235607483,1.54506871244548,1.5418159808907,1.5418159808907,0,-3.11542055532259e-174,0.00325273155478389,1.54506871244548,0,267.161443506003,60.6481711487664,4.18383313818513e-10,1,0.986611166637817,0,0,0,0,0,0
64.74,9500,1.54506871244548,9500,9500,1.54506871244548,1.54506871244548,0,8.10603234017084e-12,20.384480903736,1,0,15030.1235607483,-15030.1235607483,1.54506871244548,1.5418159808907,1.5418159808907,0,-2.42629196808199e-174,0.00325273155478389,1.54506871244548,0,267.161443506003,60.6481711487664,4.18383313818513e-10,1,0.986611166637817,0,0,0,0,0,0
64.755,9500,1.54506871244548,9500,9500,1.54506871244548,1.54506871244548,0,8.10603234017084e-12,20.384480903736,1,0,15030.1235607483,-15030.1235607483,1.54506871244548,1.5418159808907,1.5418159808907,0,-1.88959808470211e-174,0.00325273155478389,1.54506871244548,0,267.161443506003,60.6481711487664,4.18383313818513e-10,1,0.986611166637817,0,0,0,0,0,0
64.77,9500,1.54506871244548,9500,9500,1.54506871244548,1.54506871244548,0,8.10603234017084e-12,20.384480903736,1,0,15030.1235607483,-15030.1235607483,1.54506871244548,1.5418159808907,1.5418159808907,0,-1.47162046805623e-174,0.00325273155478389,1.54506871244548,0,267.161443506003,60.6481711487664,4.18383313818513e-10,1,0.986611166637817,0,0,0,0,0,0
64.785,9500,1.54506871244548,9500,9500,1.54506871244548,1.54506871244548,0,8.10603234017084e-12,20.384480903736,1,0,15030.1235607483,-15030.1235607483,1.54506871244548,1.5418159808907,1.5418159808907,0,-1.1460991729061e-174,0.00325273155478389,1.54506871244548,0,267.161443506003,60.6481711487664,4.18383313818513e-10,1,0.986611166637817,0,0,0,0,0,0
64.8,9500,1.54506871244548,9500,9500,1.54506871244548,1.54506871244548,0,8.10603234017084e-12,20.384480903736,1,0,15030.1235607483,-15030.1235607483,1.54506871244548,1.5418159808907,1.5418159808907,0,-8.9258293333676e-175,0.00325273155478389,1.54506871244548,0,267.161443506003,60.6481711487664,4.18383313818513e-10,1,0.986611166637817,0,0,0,0,0,0
64.815,9500,1.54506871244548,9500,9500,1.54506871244548,1.54506871244548,0,8.10603234017084e-12,20.384480903736,1,0,15030.1235607483,-15030.1235607483,1.54506871244548,1.5418159808907,1.5418159808907,0,-6.9514428743884e-175,0.00325273155478389,1.54506871244548,0,267.161443506003,60.6481711487664,4.18383313818513e-10,1,0.986611166637817,0,0,0,0,0,0
64.83,9500,1.54506871244548,9500,9500,1.54506871244548,1.54506871244548,0,8.10603234017084e-12,20.384480903736,1,0,15030.1235607483,-15030.1235607483,1.54506871244548,1.5418159808907,1.5418159808907,0,-5.41378915404982e-175,0.00325273155478389,1.54506871244548,0,267.161443506003,60.6481711487664,4.18383313818513e-10,1,0.986611166637817,0,0,0,0,0,0
64.845,9500,1.54506871244548,9500,9500,1.54506871244548,1.54506871244548,0,8.10603234017084e-12,20.384480903736,1,0,15030.1235607483,-15030.1235607483,1.54506871244548,1.5418159808907,1.5418159808907,0,-4.21626323255748e-175,0.00325273155478389,1.54506871244548,0,267.161443506003,60.6481711487664,4.18383313818513e-10,1,0.986611166637817,0,0,0,0,0,0
64.86,9500,1.54506871244548,9500,9500,1.54506871244548,1.54506871244548,0,8.10603234017084e-12,20.384480903736,1,0,15030.1235607483,-15030.1235607483,1.54506871244548,1.5418159808907,1.5418159808907,0,-3.28362910715094e-175,0.00325273155478389,1.54506871244548,0,267.161443506003,60.6481711487664,4.18383313818513e-10,1,0.986611166637817,0,0,0,0,0,0
64.875,9500,1.54506871244548,9500,9500,1.54506871244548,1.54506871244548,0,8.10603234017084e-12,20.384480903736,1,0,15030.1235607483,-15030.1235607483,1.54506871244548,1.5418159808907,1.5418159808907,0,-2.55729291996521e-175,0.00325273155478389,1.54506871244548,0,267.161443506003,60.6481711487664,4.18383313818513e-10,1,0.986611166637817,0,0,0,0,0,0
64.89,9500,1.54506871244548,9500,9500,1.54506871244548,1.54506871244548,0,8.10603234017084e-12,20.384480903736,1,0,15030.1235607483,-15030.1235607483,1.54506871244548,1.5418159808907,1.5418159808907,0,-1.99162172861186e-175,0.00325273155478389,1.54506871244548,0,267.161443506003,60.6481711487664,4.18383313818513e-10,1,0.986611166637817,0,0,0,0,0,0
64.905,9500,1.54506871244548,9500,9500,1.54506871244548,1.54506871244548,0,8.10603234017084e-12,20.384480903736,1,0,15030.1235607483,-15030.1235607483,1.54506871244548,1.5418159808907,1.5418159808907,0,-1.55107656182494e-175,0.00325273155478389,1.54506871244548,0,267.161443506003,60.6481711487664,4.18383313818513e-10,1,0.986611166637817,0,0,0,0,0,0
64.92,9500,1.54506871244548,9500,9500,1.54506871244548,1.54506871244548,0,8.10603234017084e-12,20.384480903736,1,0,15030.1235607483,-15030.1235607483,1.54506871244548,1.5418159808907,1.5418159808907,0,-1.20797964095297e-175,0.00325273155478389,1.54506871244548,0,267.161443506003,60.6481711487664,4.18383313818513e-10,1,0.986611166637817,0,0,0,0,0,0
64.935,9500,1.54506871244548,9500,9500,1.54506871244548,1.54506871244548,0,8.10603234017084e-12,20.384480903736,1,0,15030.1235607483,-15030.1235607483,1.54506871244548,1.5418159808907,1.5418159808907,0,-9.40775490308487e-176,0.00325273155478389,1.54506871244548,0,267.161443506003,60.6481711487664,4.18383313818513e-10,1,0.986611166637817,0,0,0,0,0,0
64.95,9500,1.54506871244548,9500,9500,1.54506871244548,1.54506871244548,0,8.10603234017084e-12,20.384480903736,1,0,15030.1235607483,-15030.1235607483,1.54506871244548,1.5418159808907,1.5418159808907,0,-7.32676688546635e-176,0.00325273155478389,1.54506871244548,0,267.161443506003,60.6481711487664,4.18383313818513e-10,1,0.986611166637817,0,0,0,0,0,0
64.965,9500,1.54506871244548,9500,9500,1.54506871244548,1.54506871244548,0,8.10603234017084e-12,20.384480903736,1,0,15030.1235607483,-15030.1235607483,1.54506871244548,1.5418159808907,1.5418159808907,0,-5.70609178778283e-176,0.00325273155478389,1.54506871244548,0,267.161443506003,60.6481711487664,4.18383313818513e-10,1,0.986611166637817,0,0,0,0,0,0
64.98,9500,1.54506871244548,9500,9500,1.54506871244548,1.54506871244548,0,8.10603234017084e-12,20.384480903736,1,0,15030.1235607483,-15030.1235607483,1.54506871244548,1.5418159808907,1.5418159808907,0,-4.44390875260258e-176,0.00325273155478389,1.54506871244548,0,267.161443506003,60.6481711487664,4.18383313818513e-10,1,0.986611166637817,0,0,0,0,0,0
64.995,9500,1.54506871244548,9500,9500,1.54506871244548,1.54506871244548,0,8.10603234017084e-12,20.384480903736,1,0,15030.1235607483,-15030.1235607483,1.54506871244548,1.5418159808907,1.5418159808907,0,-3.46091961642476e-176,0.00325273155478389,1.54506871244548,0,267.161443506003,60.6481711487664,4.18383313818513e-10,1,0.986611166637817,0,0,0,0,0,0
65.01,9500,1.54506871244548,9500,9500,1.54506871244548,1.54506871244548,0,8.10603234017084e-12,20.384480903736,1,0,15030.1235607483,-15030.1235607483,1.54506871244548,1.5418159808907,1.5418159808907,0,-2.69536690741879e-176,0.00325273155478389,1.54506871244548,0,267.161443506003,60.6481711487664,4.18383313818513e-10,1,0.986611166637817,0,0,0,0,0,0
65.025,9500,1.54506871244548,9500,9500,1.54506871244548,1.54506871244548,0,8.10603234017084e-12,20.384480903736,1,0,15030.1235607483,-15030.1235607483,1.54506871244548,1.5418159808907,1.5418159808907,0,-2.0991538581625e-176,0.00325273155478389,1.54506871244548,0,267.161443506003,60.6481711487664,4.18383313818513e-10,1,0.986611166637817,0,0,0,0,0,0
65.04,9500,1.54506871244548,9500,9500,1.54506871244548,1.54506871244548,0,8.10603234017084e-12,20.384480903736,1,0,15030.1235607483,-15030.1235607483,1.54506871244548,1.5418159808907,1.5418159808907,0,-1.63482266852432e-176,0.00325273155478389,1.54506871244548,0,267.161443506003,60.6481711487664,4.18383313818513e-10,1,0.986611166637817,0,0,0,0,0,0
65.055,9500,1.54506871244548,9500,9500,1.54506871244548,1.54506871244548,0,8.10603234017084e-12,20.384480903736,1,0,15030.1235607483,-15030.1235607483,1.54506871244548,1.5418159808907,1.5418159808907,0,-1.27320117442962e-176,0.00325273155478389,1.54506871244548,0,267.161443506003,60.6481711487664,4.18383313818513e-10,1,0.986611166637817,0,0,0,0,0,0
65.07,9500,1.54506871244548,9500,9500,1.54506871244548,1.54506871244548,0,8.10603234017084e-12,20.384480903736,1,0,15030.1235607483,-15030.1235607483,1.54506871244548,1.5418159808907,1.5418159808907,0,-9.91570071653223e-177,0.00325273155478389,1.54506871244548,0,267.161443506003,60.6481711487664,4.18383313818513e-10,1,0.986611166637817,0,0,0,0,0,0
65.085,9500,1.54506871244548,9500,9500,1.54506871244548,1.54506871244548,0,8.10603234017084e-12,20.384480903736,1,0,15030.1235607483,-15030.1235607483,1.54506871244548,1.5418159808907,1.5418159808907,0,-7.72235548273699e-177,0.00325273155478389,1.54506871244548,0,267.161443506003,60.6481711487664,4.18383313818513e-10,1,0.986611166637817,0,0,0,0,0,0
65.1,9500,1.54506871244548,9500,9500,1.54506871244548,1.54506871244548,0,8.10603234017084e-12,20.384480903736,1,0,15030.1235607483,-15030.1235607483,1.54506871244548,1.5418159808907,1.5418159808907,0,-6.01417649711132e-177,0.00325273155478389,1.54506871244548,0,267.161443506003,60.6481711487664,4.18383313818513e-10,1,0.986611166637817,0,0,0,0,0,0
65.115,9500,1.54506871244548,9500,9500,1.54506871244548,1.54506871244548,0,8.10603234017084e-12,20.384480903736,1,0,15030.1235607483,-15030.1235607483,1.54506871244548,1.5418159808907,1.5418159808907,0,-4.68384536547994e-177,0.00325273155478389,1.54506871244548,0,267.161443506003,60.6481711487664,4.18383313818513e-10,1,0.986611166637817,0,0,0,0,0,0
65.13,9500,1.54506871244548,9500,9500,1.54506871244548,1.54506871244548,0,8.10603234017084e-12,20.384480903736,1,0,15030.1235607483,-15030.1235607483,1.54506871244548,1.5418159808907,1.5418159808907,0,-3.64778243842115e-177,0.00325273155478389,1.54506871244548,0,267.161443506003,60.6481711487664,4.18383313818513e-10,1,0.986611166637817,0,0,0,0,0,0
65.145,9500,1.54506871244548,9500,9500,1.54506871244548,1.54506871244548,0,8.10603234017084e-12,20.384480903736,1,0,15030.1235607483,-15030.1235607483,1.54506871244548,1.5418159808907,1.5418159808907,0,-2.84089581951651e-177,0.00325273155478389,1.54506871244548,0,267.161443506003,60.6481711487664,4.18383313818513e-10,1,0.986611166637817,0,0,0,0,0,0
65.16,9500,1.54506871244548,9500,9500,1.54506871244548,1.54506871244548,0,8.10603234017084e-12,20.384480903736,1,0,15030.1235607483,-15030.1235607483,1.54506871244548,1.5418159808907,1.5418159808907,0,-2.21249188886374e-177,0.00325273155478389,1.54506871244548,0,267.161443506003,60.6481711487664,4.18383313818513e-10,1,0.986611166637817,0,0,0,0,0,0
65.175,9500,1.54506871244548,9500,9500,1.54506871244548,1.54506871244548,0,8.10603234017084e-12,20.384480903736,1,0,15030.1235607483,-15030.1235607483,1.54506871244548,1.5418159808907,1.5418159808907,0,-1.72309041558621e-177,0.00325273155478389,1.54506871244548,0,267.161443506003,60.6481711487664,4.18383313818513e-10,1,0.986611166637817,0,0,0,0,0,0
65.19,9500,1.54506871244548,9500,9500,1.54506871244548,1.54506871244548,0,8.10603234017084e-12,20.384480903736,1,0,15030.1235607483,-15030.1235607483,1.54506871244548,1.5418159808907,1.5418159808907,0,-1.34194416496137e-177,0.00325273155478389,1.54506871244548,0,267.161443506003,60.6481711487664,4.18383313818513e-10,1,0.986611166637817,0,0,0,0,0,0
65.205,9500,1.54506871244548,9500,9500,1.54506871244548,1.54506871244548,0,8.10603234017084e-12,20.384480903736,1,0,15030.1235607483,-15030.1235607483,1.54506871244548,1.5418159808907,1.5418159808907,0,-1.04510716651002e-177,0.00325273155478389,1.54506871244548,0,267.161443506003,60.6481711487664,4.18383313818513e-10,1,0.986611166637817,0,0,0,0,0,0
65.22,9500,1.54506871244548,9500,9500,1.54506871244548,1.54506871244548,0,8.10603234017084e-12,20.384480903736,1,0,15030.1235607483,-15030.1235607483,1.54506871244548,1.5418159808907,1.5418159808907,0,-8.1393027967154e-178,0.00325273155478389,1.54506871244548,0,267.161443506003,60.6481711487664,4.18383313818513e-10,1,0.986611166637817,0,0,0,0,0,0
65.235,9500,1.54506871244548,9500,9500,1.54506871244548,1.54506871244548,0,8.10603234017084e-12,20.384480903736,1,0,15030.1235607483,-15030.1235607483,1.54506871244548,1.5418159808907,1.5418159808907,0,-6.33889539173723e-178,0.00325273155478389,1.54506871244548,0,267.161443506003,60.6481711487664,4.18383313818513e-10,1,0.986611166637817,0,0,0,0,0,0
65.25,9500,1.54506871244548,9500,9500,1.54506871244548,1.54506871244548,0,8.10603234017084e-12,20.384480903736,1,0,15030.1235607483,-15030.1235607483,1.54506871244548,1.5418159808907,1.5418159808907,0,-4.93673669489268e-178,0.00325273155478389,1.54506871244548,0,267.161443506003,60.6481711487664,4.18383313818513e-10,1,0.986611166637817,0,0,0,0,0,0
65.265,9500,1.54506871244548,9500,9500,1.54506871244548,1.54506871244548,0,8.10603234017084e-12,20.384480903736,1,0,15030.1235607483,-15030.1235607483,1.54506871244548,1.5418159808907,1.5418159808907,0,-3.84473440379976e-178,0.00325273155478389,1.54506871244548,0,267.161443506003,60.6481711487664,4.18383313818513e-10,1,0.986611166637817,0,0,0,0,0,0
65.28,9500,1.54506871244548,9500,9500,1.54506871244548,1.54506871244548,0,8.10603234017084e-12,20.384480903736,1,0,15030.1235607483,-15030.1235607483,1.54506871244548,1.5418159808907,1.5418159808907,0,-2.99428216438082e-178,0.00325273155478389,1.54506871244548,0,267.161443506003,60.6481711487664,4.18383313818513e-10,1,0.986611166637817,0,0,0,0,0,0
65.295,9500,1.54506871244548,9500,9500,1.54506871244548,1.54506871244548,0,8.10603234017084e-12,20.384480903736,1,0,15030.1235607483,-15030.1235607483,1.54506871244548,1.5418159808907,1.5418159808907,0,-2.33194929435652e-178,0.00325273155478389,1.54506871244548,0,267.161443506003,60.6481711487664,4.18383313818513e-10,1,0.986611166637817,0,0,0,0,0,0
65.31,9500,1.54506871244548,9500,9500,1.54506871244548,1.54506871244548,0,8.10603234017084e-12,20.384480903736,1,0,15030.1235607483,-15030.1235607483,1.54506871244548,1.5418159808907,1.5418159808907,0,-1.81612393652767e-178,0.00325273155478389,1.54506871244548,0,267.161443506003,60.6481711487664,4.18383313818513e-10,1,0.986611166637817,0,0,0,0,0,0
65.325,9500,1.54506871244548,9500,9500,1.54506871244548,1.54506871244548,0,8.10603234017084e-12,20.384480903736,1,0,15030.1235607483,-15030.1235607483,1.54506871244548,1.5418159808907,1.5418159808907,0,-1.41439874392247e-178,0.00325273155478389,1.54506871244548,0,267.161443506003,60.6481711487664,4.18383313818513e-10,1,0.986611166637817,0,0,0,0,0,0
65.34,9500,1.54506871244548,9500,9500,1.54506871244548,1.54506871244548,0,8.10603234017084e-12,20.384480903736,1,0,15030.1235607483,-15030.1235607483,1.54506871244548,1.5418159808907,1.5418159808907,0,-1.10153484934203e-178,0.00325273155478389,1.54506871244548,0,267.161443506003,60.6481711487664,4.18383313818513e-10,1,0.986611166637817,0,0,0,0,0,0
65.355,9500,1.54506871244548,9500,9500,1.54506871244548,1.54506871244548,0,8.10603234017084e-12,20.384480903736,1,0,15030.1235607483,-15030.1235607483,1.54506871244548,1.5418159808907,1.5418159808907,0,-8.57876203248017e-179,0.00325273155478389,1.54506871244548,0,267.161443506003,60.6481711487664,4.18383313818513e-10,1,0.986611166637817,0,0,0,0,0,0
65.37,9500,1.54506871244548,9500,9500,1.54506871244548,1.54506871244548,0,8.10603234017084e-12,20.384480903736,1,0,15030.1235607483,-15030.1235607483,1.54506871244548,1.5418159808907,1.5418159808907,0,-6.6811465886788e-179,0.00325273155478389,1.54506871244548,0,267.161443506003,60.6481711487664,4.18383313818513e-10,1,0.986611166637817,0,0,0,0,0,0
65.385,9500,1.54506871244548,9500,9500,1.54506871244548,1.54506871244548,0,8.10603234017084e-12,20.384480903736,1,0,15030.1235607483,-15030.1235607483,1.54506871244548,1.5418159808907,1.5418159808907,0,-5.20328219507789e-179,0.00325273155478389,1.54506871244548,0,267.161443506003,60.6481711487664,4.18383313818513e-10,1,0.986611166637817,0,0,0,0,0,0
65.4,9500,1.54506871244548,9500,9500,1.54506871244548,1.54506871244548,0,8.10603234017084e-12,20.384480903736,1,0,15030.1235607483,-15030.1235607483,1.54506871244548,1.5418159808907,1.5418159808907,0,-4.05232024806816e-179,0.00325273155478389,1.54506871244548,0,267.161443506003,60.6481711487664,4.18383313818513e-10,1,0.986611166637817,0,0,0,0,0,0
65.415,9500,1.54506871244548,9500,9500,1.54506871244548,1.54506871244548,0,8.10603234017084e-12,20.384480903736,1,0,15030.1235607483,-15030.1235607483,1.54506871244548,1.5418159808907,1.5418159808907,0,-3.15595018245159e-179,0.00325273155478389,1.54506871244548,0,267.161443506003,60.6481711487664,4.18383313818513e-10,1,0.986611166637817,0,0,0,0,0,0
65.43,9500,1.54506871244548,9500,9500,1.54506871244548,1.54506871244548,0,8.10603234017084e-12,20.384480903736,1,0,15030.1235607483,-15030.1235607483,1.54506871244548,1.5418159808907,1.5418159808907,0,-2.45785647342764e-179,0.00325273155478389,1.54506871244548,0,267.161443506003,60.6481711487664,4.18383313818513e-10,1,0.986611166637817,0,0,0,0,0,0
65.445,9500,1.54506871244548,9500,9500,1.54506871244548,1.54506871244548,0,8.10603234017084e-12,20.384480903736,1,0,15030.1235607483,-15030.1235607483,1.54506871244548,1.5418159808907,1.5418159808907,0,-1.91418054618257e-179,0.00325273155478389,1.54506871244548,0,267.161443506003,60.6481711487664,4.18383313818513e-10,1,0.986611166637817,0,0,0,0,0,0
65.46,9500,1.54506871244548,9500,9500,1.54506871244548,1.54506871244548,0,8.10603234017084e-12,20.384480903736,1,0,15030.1235607483,-15030.1235607483,1.54506871244548,1.5418159808907,1.5418159808907,0,-1.49076530830704e-179,0.00325273155478389,1.54506871244548,0,267.161443506003,60.6481711487664,4.18383313818513e-10,1,0.986611166637817,0,0,0,0,0,0
65.475,9500,1.54506871244548,9500,9500,1.54506871244548,1.54506871244548,0,8.10603234017084e-12,20.384480903736,1,0,15030.1235607483,-15030.1235607483,1.54506871244548,1.5418159808907,1.5418159808907,0,-1.1610091894852e-179,0.00325273155478389,1.54506871244548,0,267.161443506003,60.6481711487664,4.18383313818513e-10,1,0.986611166637817,0,0,0,0,0,0
65.49,9500,1.54506871244548,9500,9500,1.54506871244548,1.54506871244548,0,8.10603234017084e-12,20.384480903736,1,0,15030.1235607483,-15030.1235607483,1.54506871244548,1.5418159808907,1.5418159808907,0,-9.04194865924174e-180,0.00325273155478389,1.54506871244548,0,267.161443506003,60.6481711487664,4.18383313818513e-10,1,0.986611166637817,0,0,0,0,0,0
65.505,9500,1.54506871244548,9500,9500,1.54506871244548,1.54506871244548,0,8.10603234017084e-12,20.384480903736,1,0,15030.1235607483,-15030.1235607483,1.54506871244548,1.5418159808907,1.5418159808907,0,-7.0418766963089e-180,0.00325273155478389,1.54506871244548,0,267.161443506003,60.6481711487664,4.18383313818513e-10,1,0.986611166637817,0,0,0,0,0,0
65.52,9500,1.54506871244548,9500,9500,1.54506871244548,1.54506871244548,0,8.10603234017084e-12,20.384480903736,1,0,15030.1235607483,-15030.1235607483,1.54506871244548,1.5418159808907,1.5418159808907,0,-5.48421908537765e-180,0.00325273155478389,1.54506871244548,0,267.161443506003,60.6481711487664,4.18383313818513e-10,1,0.986611166637817,0,0,0,0,0,0
65.535,9500,1.54506871244548,9500,9500,1.54506871244548,1.54506871244548,0,8.10603234017084e-12,20.384480903736,1,0,15030.1235607483,-15030.1235607483,1.54506871244548,1.5418159808907,1.5418159808907,0,-4.27111411822726e-180,0.00325273155478389,1.54506871244548,0,267.161443506003,60.6481711487664,4.18383313818513e-10,1,0.986611166637817,0,0,0,0,0,0
65.55,9500,1.54506871244548,9500,9500,1.54506871244548,1.54506871244548,0,8.10603234017084e-12,20.384480903736,1,0,15030.1235607483,-15030.1235607483,1.54506871244548,1.5418159808907,1.5418159808907,0,-3.32634701986272e-180,0.00325273155478389,1.54506871244548,0,267.161443506003,60.6481711487664,4.18383313818513e-10,1,0.986611166637817,0,0,0,0,0,0
65.565,9500,1.54506871244548,9500,9500,1.54506871244548,1.54506871244548,0,8.10603234017084e-12,20.384480903736,1,0,15030.1235607483,-15030.1235607483,1.54506871244548,1.5418159808907,1.5418159808907,0,-2.59056166383632e-180,0.00325273155478389,1.54506871244548,0,267.161443506003,60.6481711487664,4.18383313818513e-10,1,0.986611166637817,0,0,0,0,0,0
65.58,9500,1.54506871244548,9500,9500,1.54506871244548,1.54506871244548,0,8.10603234017084e-12,20.384480903736,1,0,15030.1235607483,-15030.1235607483,1.54506871244548,1.5418159808907,1.5418159808907,0,-2.01753145239049e-180,0.00325273155478389,1.54506871244548,0,267.161443506003,60.6481711487664,4.18383313818513e-10,1,0.986611166637817,0,0,0,0,0,0
65.595,9500,1.54506871244548,9500,9500,1.54506871244548,1.54506871244548,0,8.10603234017084e-12,20.384480903736,1,0,15030.1235607483,-15030.1235607483,1.54506871244548,1.5418159808907,1.5418159808907,0,-1.5712550749929e-180,0.00325273155478389,1.54506871244548,0,267.161443506003,60.6481711487664,4.18383313818513e-10,1,0.986611166637817,0,0,0,0,0,0
65.61,9500,1.54506871244548,9500,9500,1.54506871244548,1.54506871244548,0,8.10603234017084e-12,20.384480903736,1,0,15030.1235607483,-15030.1235607483,1.54506871244548,1.5418159808907,1.5418159808907,0,-1.22369468280939e-180,0.00325273155478389,1.54506871244548,0,267.161443506003,60.6481711487664,4.18383313818513e-10,1,0.986611166637817,0,0,0,0,0,0
65.625,9500,1.54506871244548,9500,9500,1.54506871244548,1.54506871244548,0,8.10603234017084e-12,20.384480903736,1,0,15030.1235607483,-15030.1235607483,1.54506871244548,1.5418159808907,1.5418159808907,0,-9.53014377212268e-181,0.00325273155478389,1.54506871244548,0,267.161443506003,60.6481711487664,4.18383313818513e-10,1,0.986611166637817,0,0,0,0,0,0
65.64,9500,1.54506871244548,9500,9500,1.54506871244548,1.54506871244548,0,8.10603234017084e-12,20.384480903736,1,0,15030.1235607483,-15030.1235607483,1.54506871244548,1.5418159808907,1.5418159808907,0,-7.42208343251221e-181,0.00325273155478389,1.54506871244548,0,267.161443506003,60.6481711487664,4.18383313818513e-10,1,0.986611166637817,0,0,0,0,0,0
65.655,9500,1.54506871244548,9500,9500,1.54506871244548,1.54506871244548,0,8.10603234017084e-12,20.384480903736,1,0,15030.1235607483,-15030.1235607483,1.54506871244548,1.5418159808907,1.5418159808907,0,-5.78032438926181e-181,0.00325273155478389,1.54506871244548,0,267.161443506003,60.6481711487664,4.18383313818513e-10,1,0.986611166637817,0,0,0,0,0,0
65.67,9500,1.54506871244548,9500,9500,1.54506871244548,1.54506871244548,0,8.10603234017084e-12,20.384480903736,1,0,15030.1235607483,-15030.1235607483,1.54506871244548,1.5418159808907,1.5418159808907,0,-4.50172116076384e-181,0.00325273155478389,1.54506871244548,0,267.161443506003,60.6481711487664,4.18383313818513e-10,1,0.986611166637817,0,0,0,0,0,0
65.685,9500,1.54506871244548,9500,9500,1.54506871244548,1.54506871244548,0,8.10603234017084e-12,20.384480903736,1,0,15030.1235607483,-15030.1235607483,1.54506871244548,1.5418159808907,1.5418159808907,0,-3.50594396517199e-181,0.00325273155478389,1.54506871244548,0,267.161443506003,60.6481711487664,4.18383313818513e-10,1,0.986611166637817,0,0,0,0,0,0
65.7,9500,1.54506871244548,9500,9500,1.54506871244548,1.54506871244548,0,8.10603234017084e-12,20.384480903736,1,0,15030.1235607483,-15030.1235607483,1.54506871244548,1.5418159808907,1.5418159808907,0,-2.73043190548041e-181,0.00325273155478389,1.54506871244548,0,267.161443506003,60.6481711487664,4.18383313818513e-10,1,0.986611166637817,0,0,0,0,0,0
65.715,9500,1.54506871244548,9500,9500,1.54506871244548,1.54506871244548,0,8.10603234017084e-12,20.384480903736,1,0,15030.1235607483,-15030.1235607483,1.54506871244548,1.5418159808907,1.5418159808907,0,-2.12646250611129e-181,0.00325273155478389,1.54506871244548,0,267.161443506003,60.6481711487664,4.18383313818513e-10,1,0.986611166637817,0,0,0,0,0,0
65.73,9500,1.54506871244548,9500,9500,1.54506871244548,1.54506871244548,0,8.10603234017084e-12,20.384480903736,1,0,15030.1235607483,-15030.1235607483,1.54506871244548,1.5418159808907,1.5418159808907,0,-1.65609066493146e-181,0.00325273155478389,1.54506871244548,0,267.161443506003,60.6481711487664,4.18383313818513e-10,1,0.986611166637817,0,0,0,0,0,0
65.745,9500,1.54506871244548,9500,9500,1.54506871244548,1.54506871244548,0,8.10603234017084e-12,20.384480903736,1,0,15030.1235607483,-15030.1235607483,1.54506871244548,1.5418159808907,1.5418159808907,0,-1.28976470668586e-181,0.00325273155478389,1.54506871244548,0,267.161443506003,60.6481711487664,4.18383313818513e-10,1,0.986611166637817,0,0,0,0,0,0
65.76,9500,1.54506871244548,9500,9500,1.54506871244548,1.54506871244548,0,8.10603234017084e-12,20.384480903736,1,0,15030.1235607483,-15030.1235607483,1.54506871244548,1.5418159808907,1.5418159808907,0,-1.00446976354481e-181,0.00325273155478389,1.54506871244548,0,267.161443506003,60.6481711487664,4.18383313818513e-10,1,0.986611166637817,0,0,0,0,0,0
65.775,9500,1.54506871244548,9500,9500,1.54506871244548,1.54506871244548,0,8.10603234017084e-12,20.384480903736,1,0,15030.1235607483,-15030.1235607483,1.54506871244548,1.5418159808907,1.5418159808907,0,-7.82281838420248e-182,0.00325273155478389,1.54506871244548,0,267.161443506003,60.6481711487664,4.18383313818513e-10,1,0.986611166637817,0,0,0,0,0,0
65.79,9500,1.54506871244548,9500,9500,1.54506871244548,1.54506871244548,0,8.10603234017084e-12,20.384480903736,1,0,15030.1235607483,-15030.1235607483,1.54506871244548,1.5418159808907,1.5418159808907,0,-6.09241708344227e-182,0.00325273155478389,1.54506871244548,0,267.161443506003,60.6481711487664,4.18383313818513e-10,1,0.986611166637817,0,0,0,0,0,0
65.805,9500,1.54506871244548,9500,9500,1.54506871244548,1.54506871244548,0,8.10603234017084e-12,20.384480903736,1,0,15030.1235607483,-15030.1235607483,1.54506871244548,1.5418159808907,1.5418159808907,0,-4.74477919538245e-182,0.00325273155478389,1.54506871244548,0,267.161443506003,60.6481711487664,4.18383313818513e-10,1,0.986611166637817,0,0,0,0,0,0
65.82,9500,1.54506871244548,9500,9500,1.54506871244548,1.54506871244548,0,8.10603234017084e-12,20.384480903736,1,0,15030.1235607483,-15030.1235607483,1.54506871244548,1.5418159808907,1.5418159808907,0,-3.69523775286476e-182,0.00325273155478389,1.54506871244548,0,267.161443506003,60.6481711487664,4.18383313818513e-10,1,0.986611166637817,0,0,0,0,0,0
65.835,9500,1.54506871244548,9500,9500,1.54506871244548,1.54506871244548,0,8.10603234017084e-12,20.384480903736,1,0,15030.1235607483,-15030.1235607483,1.54506871244548,1.5418159808907,1.5418159808907,0,-2.87785405556609e-182,0.00325273155478389,1.54506871244548,0,267.161443506003,60.6481711487664,4.18383313818513e-10,1,0.986611166637817,0,0,0,0,0,0
65.85,9500,1.54506871244548,9500,9500,1.54506871244548,1.54506871244548,0,8.10603234017084e-12,20.384480903736,1,0,15030.1235607483,-15030.1235607483,1.54506871244548,1.5418159808907,1.5418159808907,0,-2.24127499204009e-182,0.00325273155478389,1.54506871244548,0,267.161443506003,60.6481711487664,4.18383313818513e-10,1,0.986611166637817,0,0,0,0,0,0
65.865,9500,1.54506871244548,9500,9500,1.54506871244548,1.54506871244548,0,8.10603234017084e-12,20.384480903736,1,0,15030.1235607483,-15030.1235607483,1.54506871244548,1.5418159808907,1.5418159808907,0,-1.74550671887918e-182,0.00325273155478389,1.54506871244548,0,267.161443506003,60.6481711487664,4.18383313818513e-10,1,0.986611166637817,0,0,0,0,0,0
65.88,9500,1.54506871244548,9500,9500,1.54506871244548,1.54506871244548,0,8.10603234017084e-12,20.384480903736,1,0,15030.1235607483,-15030.1235607483,1.54506871244548,1.5418159808907,1.5418159808907,0,-1.3594019995195e-182,0.00325273155478389,1.54506871244548,0,267.161443506003,60.6481711487664,4.18383313818513e-10,1,0.986611166637817,0,0,0,0,0,0
65.895,9500,1.54506871244548,9500,9500,1.54506871244548,1.54506871244548,0,8.10603234017084e-12,20.384480903736,1,0,15030.1235607483,-15030.1235607483,1.54506871244548,1.5418159808907,1.5418159808907,0,-1.05870334173462e-182,0.00325273155478389,1.54506871244548,0,267.161443506003,60.6481711487664,4.18383313818513e-10,1,0.986611166637817,0,0,0,0,0,0
65.91,9500,1.54506871244548,9500,9500,1.54506871244548,1.54506871244548,0,8.10603234017084e-12,20.384480903736,1,0,15030.1235607483,-15030.1235607483,1.54506871244548,1.5418159808907,1.5418159808907,0,-8.24518991583238e-183,0.00325273155478389,1.54506871244548,0,267.161443506003,60.6481711487664,4.18383313818513e-10,1,0.986611166637817,0,0,0,0,0,0
65.925,9500,1.54506871244548,9500,9500,1.54506871244548,1.54506871244548,0,8.10603234017084e-12,20.384480903736,1,0,15030.1235607483,-15030.1235607483,1.54506871244548,1.5418159808907,1.5418159808907,0,-6.42136036302271e-183,0.00325273155478389,1.54506871244548,0,267.161443506003,60.6481711487664,4.18383313818513e-10,1,0.986611166637817,0,0,0,0,0,0
65.94,9500,1.54506871244548,9500,9500,1.54506871244548,1.54506871244548,0,8.10603234017084e-12,20.384480903736,1,0,15030.1235607483,-15030.1235607483,1.54506871244548,1.5418159808907,1.5418159808907,0,-5.00096047910576e-183,0.00325273155478389,1.54506871244548,0,267.161443506003,60.6481711487664,4.18383313818513e-10,1,0.986611166637817,0,0,0,0,0,0
65.955,9500,1.54506871244548,9500,9500,1.54506871244548,1.54506871244548,0,8.10603234017084e-12,20.384480903736,1,0,15030.1235607483,-15030.1235607483,1.54506871244548,1.5418159808907,1.5418159808907,0,-3.89475193723672e-183,0.00325273155478389,1.54506871244548,0,267.161443506003,60.6481711487664,4.18383313818513e-10,1,0.986611166637817,0,0,0,0,0,0
65.97,9500,1.54506871244548,9500,9500,1.54506871244548,1.54506871244548,0,8.10603234017084e-12,20.384480903736,1,0,15030.1235607483,-15030.1235607483,1.54506871244548,1.5418159808907,1.5418159808907,0,-3.03323585858883e-183,0.00325273155478389,1.54506871244548,0,267.161443506003,60.6481711487664,4.18383313818513e-10,1,0.986611166637817,0,0,0,0,0,0
65.985,9500,1.54506871244548,9500,9500,1.54506871244548,1.54506871244548,0,8.10603234017084e-12,20.384480903736,1,0,15030.1235607483,-15030.1235607483,1.54506871244548,1.5418159808907,1.5418159808907,0,-2.36228646190924e-183,0.00325273155478389,1.54506871244548,0,267.161443506003,60.6481711487664,4.18383313818513e-10,1,0.986611166637817,0,0,0,0,0,0
66,9500,1.54506871244548,9500,9500,1.54506871244548,1.54506871244548,0,8.10603234017084e-12,20.384480903736,1,0,15030.1235607483,-15030.1235607483,1.54506871244548,1.5418159808907,1.5418159808907,0,-1.8397505463739e-183,0.00325273155478389,1.54506871244548,0,267.161443506003,60.6481711487664,4.18383313818513e-10,1,0.986611166637817,0,0,0,0,0,0
66.015,9500,1.54506871244548,9500,9500,1.54506871244548,1.54506871244548,0,8.10603234017084e-12,20.384480903736,1,0,15030.1235607483,-15030.1235607483,1.54506871244548,1.5418159808907,1.5418159808907,0,-1.43279916617204e-183,0.00325273155478389,1.54506871244548,0,267.161443506003,60.6481711487664,4.18383313818513e-10,1,0.986611166637817,0,0,0,0,0,0
66.03,9500,1.54506871244548,9500,9500,1.54506871244548,1.54506871244548,0,8.10603234017084e-12,20.384480903736,1,0,15030.1235607483,-15030.1235607483,1.54506871244548,1.5418159808907,1.5418159808907,0,-1.11586511259884e-183,0.00325273155478389,1.54506871244548,0,267.161443506003,60.6481711487664,4.18383313818513e-10,1,0.986611166637817,0,0,0,0,0,0
66.045,9500,1.54506871244548,9500,9500,1.54506871244548,1.54506871244548,0,8.10603234017084e-12,20.384480903736,1,0,15030.1235607483,-15030.1235607483,1.54506871244548,1.5418159808907,1.5418159808907,0,-8.69036623494036e-184,0.00325273155478389,1.54506871244548,0,267.161443506003,60.6481711487664,4.18383313818513e-10,1,0.986611166637817,0,0,0,0,0,0
66.06,9500,1.54506871244548,9500,9500,1.54506871244548,1.54506871244548,0,8.10603234017084e-12,20.384480903736,1,0,15030.1235607483,-15030.1235607483,1.54506871244548,1.5418159808907,1.5418159808907,0,-6.76806402894885e-184,0.00325273155478389,1.54506871244548,0,267.161443506003,60.6481711487664,4.18383313818513e-10,1,0.986611166637817,0,0,0,0,0,0
66.075,9500,1.54506871244548,9500,9500,1.54506871244548,1.54506871244548,0,8.10603234017084e-12,20.384480903736,1,0,15030.1235607483,-15030.1235607483,1.54506871244548,1.5418159808907,1.5418159808907,0,-5.27097356562277e-184,0.00325273155478389,1.54506871244548,0,267.161443506003,60.6481711487664,4.18383313818513e-10,1,0.986611166637817,0,0,0,0,0,0
66.09,9500,1.54506871244548,9500,9500,1.54506871244548,1.54506871244548,0,8.10603234017084e-12,20.384480903736,1,0,15030.1235607483,-15030.1235607483,1.54506871244548,1.5418159808907,1.5418159808907,0,-4.10503834045569e-184,0.00325273155478389,1.54506871244548,0,267.161443506003,60.6481711487664,4.18383313818513e-10,1,0.986611166637817,0,0,0,0,0,0
66.105,9500,1.54506871244548,9500,9500,1.54506871244548,1.54506871244548,0,8.10603234017084e-12,20.384480903736,1,0,15030.1235607483,-15030.1235607483,1.54506871244548,1.5418159808907,1.5418159808907,0,-3.19700707408503e-184,0.00325273155478389,1.54506871244548,0,267.161443506003,60.6481711487664,4.18383313818513e-10,1,0.986611166637817,0,0,0,0,0,0
66.12,9500,1.54506871244548,9500,9500,1.54506871244548,1.54506871244548,0,8.10603234017084e-12,20.384480903736,1,0,15030.1235607483,-15030.1235607483,1.54506871244548,1.5418159808907,1.5418159808907,0,-2.48983161278224e-184,0.00325273155478389,1.54506871244548,0,267.161443506003,60.6481711487664,4.18383313818513e-10,1,0.986611166637817,0,0,0,0,0,0
66.135,9500,1.54506871244548,9500,9500,1.54506871244548,1.54506871244548,0,8.10603234017084e-12,20.384480903736,1,0,15030.1235607483,-15030.1235607483,1.54506871244548,1.5418159808907,1.5418159808907,0,-1.93908280975075e-184,0.00325273155478389,1.54506871244548,0,267.161443506003,60.6481711487664,4.18383313818513e-10,1,0.986611166637817,0,0,0,0,0,0
66.15,9500,1.54506871244548,9500,9500,1.54506871244548,1.54506871244548,0,8.10603234017084e-12,20.384480903736,1,0,15030.1235607483,-15030.1235607483,1.54506871244548,1.5418159808907,1.5418159808907,0,-1.51015921067418e-184,0.00325273155478389,1.54506871244548,0,267.161443506003,60.6481711487664,4.18383313818513e-10,1,0.986611166637817,0,0,0,0,0,0
66.165,9500,1.54506871244548,9500,9500,1.54506871244548,1.54506871244548,0,8.10603234017084e-12,20.384480903736,1,0,15030.1235607483,-15030.1235607483,1.54506871244548,1.5418159808907,1.5418159808907,0,-1.17611317583555e-184,0.00325273155478389,1.54506871244548,0,267.161443506003,60.6481711487664,4.18383313818513e-10,1,0.986611166637817,0,0,0,0,0,0
66.18,9500,1.54506871244548,9500,9500,1.54506871244548,1.54506871244548,0,8.10603234017084e-12,20.384480903736,1,0,15030.1235607483,-15030.1235607483,1.54506871244548,1.5418159808907,1.5418159808907,0,-9.15957862321323e-185,0.00325273155478389,1.54506871244548,0,267.161443506003,60.6481711487664,4.18383313818513e-10,1,0.986611166637817,0,0,0,0,0,0
66.195,9500,1.54506871244548,9500,9500,1.54506871244548,1.54506871244548,0,8.10603234017084e-12,20.384480903736,1,0,15030.1235607483,-15030.1235607483,1.54506871244548,1.5418159808907,1.5418159808907,0,-7.13348700436256e-185,0.00325273155478389,1.54506871244548,0,267.161443506003,60.6481711487664,4.18383313818513e-10,1,0.986611166637817,0,0,0,0,0,0
66.21,9500,1.54506871244548,9500,9500,1.54506871244548,1.54506871244548,0,8.10603234017084e-12,20.384480903736,1,0,15030.1235607483,-15030.1235607483,1.54506871244548,1.5418159808907,1.5418159808907,0,-5.55556526502725e-185,0.00325273155478389,1.54506871244548,0,267.161443506003,60.6481711487664,4.18383313818513e-10,1,0.986611166637817,0,0,0,0,0,0
66.225,9500,1.54506871244548,9500,9500,1.54506871244548,1.54506871244548,0,8.10603234017084e-12,20.384480903736,1,0,15030.1235607483,-15030.1235607483,1.54506871244548,1.5418159808907,1.5418159808907,0,-4.32667857880752e-185,0.00325273155478389,1.54506871244548,0,267.161443506003,60.6481711487664,4.18383313818513e-10,1,0.986611166637817,0,0,0,0,0,0
66.24,9500,1.54506871244548,9500,9500,1.54506871244548,1.54506871244548,0,8.10603234017084e-12,20.384480903736,1,0,15030.1235607483,-15030.1235607483,1.54506871244548,1.5418159808907,1.5418159808907,0,-3.36962066527357e-185,0.00325273155478389,1.54506871244548,0,267.161443506003,60.6481711487664,4.18383313818513e-10,1,0.986611166637817,0,0,0,0,0,0
66.255,9500,1.54506871244548,9500,9500,1.54506871244548,1.54506871244548,0,8.10603234017084e-12,20.384480903736,1,0,15030.1235607483,-15030.1235607483,1.54506871244548,1.5418159808907,1.5418159808907,0,-2.62426321276865e-185,0.00325273155478389,1.54506871244548,0,267.161443506003,60.6481711487664,4.18383313818513e-10,1,0.986611166637817,0,0,0,0,0,0
66.27,9500,1.54506871244548,9500,9500,1.54506871244548,1.54506871244548,0,8.10603234017084e-12,20.384480903736,1,0,15030.1235607483,-15030.1235607483,1.54506871244548,1.5418159808907,1.5418159808907,0,-2.0437782450897e-185,0.00325273155478389,1.54506871244548,0,267.161443506003,60.6481711487664,4.18383313818513e-10,1,0.986611166637817,0,0,0,0,0,0
66.285,9500,1.54506871244548,9500,9500,1.54506871244548,1.54506871244548,0,8.10603234017084e-12,20.384480903736,1,0,15030.1235607483,-15030.1235607483,1.54506871244548,1.5418159808907,1.5418159808907,0,-1.59169609770016e-185,0.00325273155478389,1.54506871244548,0,267.161443506003,60.6481711487664,4.18383313818513e-10,1,0.986611166637817,0,0,0,0,0,0
66.3,9500,1.54506871244548,9500,9500,1.54506871244548,1.54506871244548,0,8.10603234017084e-12,20.384480903736,1,0,15030.1235607483,-15030.1235607483,1.54506871244548,1.5418159808907,1.5418159808907,0,-1.23961416730059e-185,0.00325273155478389,1.54506871244548,0,267.161443506003,60.6481711487664,4.18383313818513e-10,1,0.986611166637817,0,0,0,0,0,0
66.315,9500,1.54506871244548,9500,9500,1.54506871244548,1.54506871244548,0,8.10603234017084e-12,20.384480903736,1,0,15030.1235607483,-15030.1235607483,1.54506871244548,1.5418159808907,1.5418159808907,0,-9.65412484200103e-186,0.00325273155478389,1.54506871244548,0,267.161443506003,60.6481711487664,4.18383313818513e-10,1,0.986611166637817,0,0,0,0,0,0
66.33,9500,1.54506871244548,9500,9500,1.54506871244548,1.54506871244548,0,8.10603234017084e-12,20.384480903736,1,0,15030.1235607483,-15030.1235607483,1.54506871244548,1.5418159808907,1.5418159808907,0,-7.51863998681951e-186,0.00325273155478389,1.54506871244548,0,267.161443506003,60.6481711487664,4.18383313818513e-10,1,0.986611166637817,0,0,0,0,0,0
66.345,9500,1.54506871244548,9500,9500,1.54506871244548,1.54506871244548,0,8.10603234017084e-12,20.384480903736,1,0,15030.1235607483,-15030.1235607483,1.54506871244548,1.5418159808907,1.5418159808907,0,-5.85552270936701e-186,0.00325273155478389,1.54506871244548,0,267.161443506003,60.6481711487664,4.18383313818513e-10,1,0.986611166637817,0,0,0,0,0,0
66.36,9500,1.54506871244548,9500,9500,1.54506871244548,1.54506871244548,0,8.10603234017084e-12,20.384480903736,1,0,15030.1235607483,-15030.1235607483,1.54506871244548,1.5418159808907,1.5418159808907,0,-4.56028567134742e-186,0.00325273155478389,1.54506871244548,0,267.161443506003,60.6481711487664,4.18383313818513e-10,1,0.986611166637817,0,0,0,0,0,0
66.375,9500,1.54506871244548,9500,9500,1.54506871244548,1.54506871244548,0,8.10603234017084e-12,20.384480903736,1,0,15030.1235607483,-15030.1235607483,1.54506871244548,1.5418159808907,1.5418159808907,0,-3.55155405187468e-186,0.00325273155478389,1.54506871244548,0,267.161443506003,60.6481711487664,4.18383313818513e-10,1,0.986611166637817,0,0,0,0,0,0
66.39,9500,1.54506871244548,9500,9500,1.54506871244548,1.54506871244548,0,8.10603234017084e-12,20.384480903736,1,0,15030.1235607483,-15030.1235607483,1.54506871244548,1.5418159808907,1.5418159808907,0,-2.76595307672042e-186,0.00325273155478389,1.54506871244548,0,267.161443506003,60.6481711487664,4.18383313818513e-10,1,0.986611166637817,0,0,0,0,0,0
66.405,9500,1.54506871244548,9500,9500,1.54506871244548,1.54506871244548,0,8.10603234017084e-12,20.384480903736,1,0,15030.1235607483,-15030.1235607483,1.54506871244548,1.5418159808907,1.5418159808907,0,-2.15412642208863e-186,0.00325273155478389,1.54506871244548,0,267.161443506003,60.6481711487664,4.18383313818513e-10,1,0.986611166637817,0,0,0,0,0,0
66.42,9500,1.54506871244548,9500,9500,1.54506871244548,1.54506871244548,0,8.10603234017084e-12,20.384480903736,1,0,15030.1235607483,-15030.1235607483,1.54506871244548,1.5418159808907,1.5418159808907,0,-1.67763534435743e-186,0.00325273155478389,1.54506871244548,0,267.161443506003,60.6481711487664,4.18383313818513e-10,1,0.986611166637817,0,0,0,0,0,0
66.435,9500,1.54506871244548,9500,9500,1.54506871244548,1.54506871244548,0,8.10603234017084e-12,20.384480903736,1,0,15030.1235607483,-15030.1235607483,1.54506871244548,1.5418159808907,1.5418159808907,0,-1.30654371989383e-186,0.00325273155478389,1.54506871244548,0,267.161443506003,60.6481711487664,4.18383313818513e-10,1,0.986611166637817,0,0,0,0,0,0
66.45,9500,1.54506871244548,9500,9500,1.54506871244548,1.54506871244548,0,8.10603234017084e-12,20.384480903736,1,0,15030.1235607483,-15030.1235607483,1.54506871244548,1.5418159808907,1.5418159808907,0,-1.01753727217034e-186,0.00325273155478389,1.54506871244548,0,267.161443506003,60.6481711487664,4.18383313818513e-10,1,0.986611166637817,0,0,0,0,0,0
66.465,9500,1.54506871244548,9500,9500,1.54506871244548,1.54506871244548,0,8.10603234017084e-12,20.384480903736,1,0,15030.1235607483,-15030.1235607483,1.54506871244548,1.5418159808907,1.5418159808907,0,-7.92458824370602e-187,0.00325273155478389,1.54506871244548,0,267.161443506003,60.6481711487664,4.18383313818513e-10,1,0.986611166637817,0,0,0,0,0,0
66.48,9500,1.54506871244548,9500,9500,1.54506871244548,1.54506871244548,0,8.10603234017084e-12,20.384480903736,1,0,15030.1235607483,-15030.1235607483,1.54506871244548,1.5418159808907,1.5418159808907,0,-6.1716755297167e-187,0.00325273155478389,1.54506871244548,0,267.161443506003,60.6481711487664,4.18383313818513e-10,1,0.986611166637817,0,0,0,0,0,0
66.495,9500,1.54506871244548,9500,9500,1.54506871244548,1.54506871244548,0,8.10603234017084e-12,20.384480903736,1,0,15030.1235607483,-15030.1235607483,1.54506871244548,1.5418159808907,1.5418159808907,0,-4.80650573540599e-187,0.00325273155478389,1.54506871244548,0,267.161443506003,60.6481711487664,4.18383313818513e-10,1,0.986611166637817,0,0,0,0,0,0
66.51,9500,1.54506871244548,9500,9500,1.54506871244548,1.54506871244548,0,8.10603234017084e-12,20.384480903736,1,0,15030.1235607483,-15030.1235607483,1.54506871244548,1.5418159808907,1.5418159808907,0,-3.74331043057139e-187,0.00325273155478389,1.54506871244548,0,267.161443506003,60.6481711487664,4.18383313818513e-10,1,0.986611166637817,0,0,0,0,0,0
66.525,9500,1.54506871244548,9500,9500,1.54506871244548,1.54506871244548,0,8.10603234017084e-12,20.384480903736,1,0,15030.1235607483,-15030.1235607483,1.54506871244548,1.5418159808907,1.5418159808907,0,-2.91529309460835e-187,0.00325273155478389,1.54506871244548,0,267.161443506003,60.6481711487664,4.18383313818513e-10,1,0.986611166637817,0,0,0,0,0,0
66.54,9500,1.54506871244548,9500,9500,1.54506871244548,1.54506871244548,0,8.10603234017084e-12,20.384480903736,1,0,15030.1235607483,-15030.1235607483,1.54506871244548,1.5418159808907,1.5418159808907,0,-2.27043254496364e-187,0.00325273155478389,1.54506871244548,0,267.161443506003,60.6481711487664,4.18383313818513e-10,1,0.986611166637817,0,0,0,0,0,0
66.555,9500,1.54506871244548,9500,9500,1.54506871244548,1.54506871244548,0,8.10603234017084e-12,20.384480903736,1,0,15030.1235607483,-15030.1235607483,1.54506871244548,1.5418159808907,1.5418159808907,0,-1.76821464392849e-187,0.00325273155478389,1.54506871244548,0,267.161443506003,60.6481711487664,4.18383313818513e-10,1,0.986611166637817,0,0,0,0,0,0
66.57,9500,1.54506871244548,9500,9500,1.54506871244548,1.54506871244548,0,8.10603234017084e-12,20.384480903736,1,0,15030.1235607483,-15030.1235607483,1.54506871244548,1.5418159808907,1.5418159808907,0,-1.37708694932983e-187,0.00325273155478389,1.54506871244548,0,267.161443506003,60.6481711487664,4.18383313818513e-10,1,0.986611166637817,0,0,0,0,0,0
66.585,9500,1.54506871244548,9500,9500,1.54506871244548,1.54506871244548,0,8.10603234017084e-12,20.384480903736,1,0,15030.1235607483,-15030.1235607483,1.54506871244548,1.5418159808907,1.5418159808907,0,-1.07247639449549e-187,0.00325273155478389,1.54506871244548,0,267.161443506003,60.6481711487664,4.18383313818513e-10,1,0.986611166637817,0,0,0,0,0,0
66.6,9500,1.54506871244548,9500,9500,1.54506871244548,1.54506871244548,0,8.10603234017084e-12,20.384480903736,1,0,15030.1235607483,-15030.1235607483,1.54506871244548,1.5418159808907,1.5418159808907,0,-8.35245455858681e-188,0.00325273155478389,1.54506871244548,0,267.161443506003,60.6481711487664,4.18383313818513e-10,1,0.986611166637817,0,0,0,0,0,0
66.615,9500,1.54506871244548,9500,9500,1.54506871244548,1.54506871244548,0,8.10603234017084e-12,20.384480903736,1,0,15030.1235607483,-15030.1235607483,1.54506871244548,1.5418159808907,1.5418159808907,0,-6.50489815079573e-188,0.00325273155478389,1.54506871244548,0,267.161443506003,60.6481711487664,4.18383313818513e-10,1,0.986611166637817,0,0,0,0,0,0
66.63,9500,1.54506871244548,9500,9500,1.54506871244548,1.54506871244548,0,8.10603234017084e-12,20.384480903736,1,0,15030.1235607483,-15030.1235607483,1.54506871244548,1.5418159808907,1.5418159808907,0,-5.06601977363945e-188,0.00325273155478389,1.54506871244548,0,267.161443506003,60.6481711487664,4.18383313818513e-10,1,0.986611166637817,0,0,0,0,0,0
66.645,9500,1.54506871244548,9500,9500,1.54506871244548,1.54506871244548,0,8.10603234017084e-12,20.384480903736,1,0,15030.1235607483,-15030.1235607483,1.54506871244548,1.5418159808907,1.5418159808907,0,-3.94542016676563e-188,0.00325273155478389,1.54506871244548,0,267.161443506003,60.6481711487664,4.18383313818513e-10,1,0.986611166637817,0,0,0,0,0,0
66.66,9500,1.54506871244548,9500,9500,1.54506871244548,1.54506871244548,0,8.10603234017084e-12,20.384480903736,1,0,15030.1235607483,-15030.1235607483,1.54506871244548,1.5418159808907,1.5418159808907,0,-3.07269631542278e-188,0.00325273155478389,1.54506871244548,0,267.161443506003,60.6481711487664,4.18383313818513e-10,1,0.986611166637817,0,0,0,0,0,0
66.675,9500,1.54506871244548,9500,9500,1.54506871244548,1.54506871244548,0,8.10603234017084e-12,20.384480903736,1,0,15030.1235607483,-15030.1235607483,1.54506871244548,1.5418159808907,1.5418159808907,0,-2.39301829659188e-188,0.00325273155478389,1.54506871244548,0,267.161443506003,60.6481711487664,4.18383313818513e-10,1,0.986611166637817,0,0,0,0,0,0
66.69,9500,1.54506871244548,9500,9500,1.54506871244548,1.54506871244548,0,8.10603234017084e-12,20.384480903736,1,0,15030.1235607483,-15030.1235607483,1.54506871244548,1.5418159808907,1.5418159808907,0,-1.86368452328996e-188,0.00325273155478389,1.54506871244548,0,267.161443506003,60.6481711487664,4.18383313818513e-10,1,0.986611166637817,0,0,0,0,0,0
66.705,9500,1.54506871244548,9500,9500,1.54506871244548,1.54506871244548,0,8.10603234017084e-12,20.384480903736,1,0,15030.1235607483,-15030.1235607483,1.54506871244548,1.5418159808907,1.5418159808907,0,-1.45143896613628e-188,0.00325273155478389,1.54506871244548,0,267.161443506003,60.6481711487664,4.18383313818513e-10,1,0.986611166637817,0,0,0,0,0,0
66.72,9500,1.54506871244548,9500,9500,1.54506871244548,1.54506871244548,0,8.10603234017084e-12,20.384480903736,1,0,15030.1235607483,-15030.1235607483,1.54506871244548,1.5418159808907,1.5418159808907,0,-1.13038180340728e-188,0.00325273155478389,1.54506871244548,0,267.161443506003,60.6481711487664,4.18383313818513e-10,1,0.986611166637817,0,0,0,0,0,0
66.735,9500,1.54506871244548,9500,9500,1.54506871244548,1.54506871244548,0,8.10603234017084e-12,20.384480903736,1,0,15030.1235607483,-15030.1235607483,1.54506871244548,1.5418159808907,1.5418159808907,0,-8.80342233663259e-189,0.00325273155478389,1.54506871244548,0,267.161443506003,60.6481711487664,4.18383313818513e-10,1,0.986611166637817,0,0,0,0,0,0
66.75,9500,1.54506871244548,9500,9500,1.54506871244548,1.54506871244548,0,8.10603234017084e-12,20.384480903736,1,0,15030.1235607483,-15030.1235607483,1.54506871244548,1.5418159808907,1.5418159808907,0,-6.85611220947776e-189,0.00325273155478389,1.54506871244548,0,267.161443506003,60.6481711487664,4.18383313818513e-10,1,0.986611166637817,0,0,0,0,0,0
66.765,9500,1.54506871244548,9500,9500,1.54506871244548,1.54506871244548,0,8.10603234017084e-12,20.384480903736,1,0,15030.1235607483,-15030.1235607483,1.54506871244548,1.5418159808907,1.5418159808907,0,-5.3395455575667e-189,0.00325273155478389,1.54506871244548,0,267.161443506003,60.6481711487664,4.18383313818513e-10,1,0.986611166637817,0,0,0,0,0,0
66.78,9500,1.54506871244548,9500,9500,1.54506871244548,1.54506871244548,0,8.10603234017084e-12,20.384480903736,1,0,15030.1235607483,-15030.1235607483,1.54506871244548,1.5418159808907,1.5418159808907,0,-4.15844226147838e-189,0.00325273155478389,1.54506871244548,0,267.161443506003,60.6481711487664,4.18383313818513e-10,1,0.986611166637817,0,0,0,0,0,0
66.795,9500,1.54506871244548,9500,9500,1.54506871244548,1.54506871244548,0,8.10603234017084e-12,20.384480903736,1,0,15030.1235607483,-15030.1235607483,1.54506871244548,1.5418159808907,1.5418159808907,0,-3.23859808959659e-189,0.00325273155478389,1.54506871244548,0,267.161443506003,60.6481711487664,4.18383313818513e-10,1,0.986611166637817,0,0,0,0,0,0
66.81,9500,1.54506871244548,9500,9500,1.54506871244548,1.54506871244548,0,8.10603234017084e-12,20.384480903736,1,0,15030.1235607483,-15030.1235607483,1.54506871244548,1.5418159808907,1.5418159808907,0,-2.52222272823138e-189,0.00325273155478389,1.54506871244548,0,267.161443506003,60.6481711487664,4.18383313818513e-10,1,0.986611166637817,0,0,0,0,0,0
66.825,9500,1.54506871244548,9500,9500,1.54506871244548,1.54506871244548,0,8.10603234017084e-12,20.384480903736,1,0,15030.1235607483,-15030.1235607483,1.54506871244548,1.5418159808907,1.5418159808907,0,-1.96430903582709e-189,0.00325273155478389,1.54506871244548,0,267.161443506003,60.6481711487664,4.18383313818513e-10,1,0.986611166637817,0,0,0,0,0,0
66.84,9500,1.54506871244548,9500,9500,1.54506871244548,1.54506871244548,0,8.10603234017084e-12,20.384480903736,1,0,15030.1235607483,-15030.1235607483,1.54506871244548,1.5418159808907,1.5418159808907,0,-1.52980541529638e-189,0.00325273155478389,1.54506871244548,0,267.161443506003,60.6481711487664,4.18383313818513e-10,1,0.986611166637817,0,0,0,0,0,0
66.855,9500,1.54506871244548,9500,9500,1.54506871244548,1.54506871244548,0,8.10603234017084e-12,20.384480903736,1,0,15030.1235607483,-15030.1235607483,1.54506871244548,1.5418159808907,1.5418159808907,0,-1.19141365537969e-189,0.00325273155478389,1.54506871244548,0,267.161443506003,60.6481711487664,4.18383313818513e-10,1,0.986611166637817,0,0,0,0,0,0
66.87,9500,1.54506871244548,9500,9500,1.54506871244548,1.54506871244548,0,8.10603234017084e-12,20.384480903736,1,0,15030.1235607483,-15030.1235607483,1.54506871244548,1.5418159808907,1.5418159808907,0,-9.2787388777167e-190,0.00325273155478389,1.54506871244548,0,267.161443506003,60.6481711487664,4.18383313818513e-10,1,0.986611166637817,0,0,0,0,0,0
66.885,9500,1.54506871244548,9500,9500,1.54506871244548,1.54506871244548,0,8.10603234017084e-12,20.384480903736,1,0,15030.1235607483,-15030.1235607483,1.54506871244548,1.5418159808907,1.5418159808907,0,-7.22628910388086e-190,0.00325273155478389,1.54506871244548,0,267.161443506003,60.6481711487664,4.18383313818513e-10,1,0.986611166637817,0,0,0,0,0,0
66.9,9500,1.54506871244548,9500,9500,1.54506871244548,1.54506871244548,0,8.10603234017084e-12,20.384480903736,1,0,15030.1235607483,-15030.1235607483,1.54506871244548,1.5418159808907,1.5418159808907,0,-5.62783961280277e-190,0.00325273155478389,1.54506871244548,0,267.161443506003,60.6481711487664,4.18383313818513e-10,1,0.986611166637817,0,0,0,0,0,0
66.915,9500,1.54506871244548,9500,9500,1.54506871244548,1.54506871244548,0,8.10603234017084e-12,20.384480903736,1,0,15030.1235607483,-15030.1235607483,1.54506871244548,1.5418159808907,1.5418159808907,0,-4.38296589745107e-190,0.00325273155478389,1.54506871244548,0,267.161443506003,60.6481711487664,4.18383313818513e-10,1,0.986611166637817,0,0,0,0,0,0
66.93,9500,1.54506871244548,9500,9500,1.54506871244548,1.54506871244548,0,8.10603234017084e-12,20.384480903736,1,0,15030.1235607483,-15030.1235607483,1.54506871244548,1.5418159808907,1.5418159808907,0,-3.41345727311016e-190,0.00325273155478389,1.54506871244548,0,267.161443506003,60.6481711487664,4.18383313818513e-10,1,0.986611166637817,0,0,0,0,0,0
66.945,9500,1.54506871244548,9500,9500,1.54506871244548,1.54506871244548,0,8.10603234017084e-12,20.384480903736,1,0,15030.1235607483,-15030.1235607483,1.54506871244548,1.5418159808907,1.5418159808907,0,-2.65840319727897e-190,0.00325273155478389,1.54506871244548,0,267.161443506003,60.6481711487664,4.18383313818513e-10,1,0.986611166637817,0,0,0,0,0,0
66.96,9500,1.54506871244548,9500,9500,1.54506871244548,1.54506871244548,0,8.10603234017084e-12,20.384480903736,1,0,15030.1235607483,-15030.1235607483,1.54506871244548,1.5418159808907,1.5418159808907,0,-2.07036649176039e-190,0.00325273155478389,1.54506871244548,0,267.161443506003,60.6481711487664,4.18383313818513e-10,1,0.986611166637817,0,0,0,0,0,0
66.975,9500,1.54506871244548,9500,9500,1.54506871244548,1.54506871244548,0,8.10603234017084e-12,20.384480903736,1,0,15030.1235607483,-15030.1235607483,1.54506871244548,1.5418159808907,1.5418159808907,0,-1.61240304502779e-190,0.00325273155478389,1.54506871244548,0,267.161443506003,60.6481711487664,4.18383313818513e-10,1,0.986611166637817,0,0,0,0,0,0
66.99,9500,1.54506871244548,9500,9500,1.54506871244548,1.54506871244548,0,8.10603234017084e-12,20.384480903736,1,0,15030.1235607483,-15030.1235607483,1.54506871244548,1.5418159808907,1.5418159808907,0,-1.25574075409436e-190,0.00325273155478389,1.54506871244548,0,267.161443506003,60.6481711487664,4.18383313818513e-10,1,0.986611166637817,0,0,0,0,0,0
67.005,9500,1.54506871244548,9500,9500,1.54506871244548,1.54506871244548,0,8.10603234017084e-12,20.384480903736,1,0,15030.1235607483,-15030.1235607483,1.54506871244548,1.5418159808907,1.5418159808907,0,-9.77971882623364e-191,0.00325273155478389,1.54506871244548,0,267.161443506003,60.6481711487664,4.18383313818513e-10,1,0.986611166637817,0,0,0,0,0,0
67.02,9500,1.54506871244548,9500,9500,1.54506871244548,1.54506871244548,0,8.10603234017084e-12,20.384480903736,1,0,15030.1235607483,-15030.1235607483,1.54506871244548,1.5418159808907,1.5418159808907,0,-7.61645268008892e-191,0.00325273155478389,1.54506871244548,0,267.161443506003,60.6481711487664,4.18383313818513e-10,1,0.986611166637817,0,0,0,0,0,0
67.035,9500,1.54506871244548,9500,9500,1.54506871244548,1.54506871244548,0,8.10603234017084e-12,20.384480903736,1,0,15030.1235607483,-15030.1235607483,1.54506871244548,1.5418159808907,1.5418159808907,0,-5.93169931147955e-191,0.00325273155478389,1.54506871244548,0,267.161443506003,60.6481711487664,4.18383313818513e-10,1,0.986611166637817,0,0,0,0,0,0
67.05,9500,1.54506871244548,9500,9500,1.54506871244548,1.54506871244548,0,8.10603234017084e-12,20.384480903736,1,0,15030.1235607483,-15030.1235607483,1.54506871244548,1.5418159808907,1.5418159808907,0,-4.61961206872439e-191,0.00325273155478389,1.54506871244548,0,267.161443506003,60.6481711487664,4.18383313818513e-10,1,0.986611166637817,0,0,0,0,0,0
67.065,9500,1.54506871244548,9500,9500,1.54506871244548,1.54506871244548,0,8.10603234017084e-12,20.384480903736,1,0,15030.1235607483,-15030.1235607483,1.54506871244548,1.5418159808907,1.5418159808907,0,-3.59775749660866e-191,0.00325273155478389,1.54506871244548,0,267.161443506003,60.6481711487664,4.18383313818513e-10,1,0.986611166637817,0,0,0,0,0,0
67.08,9500,1.54506871244548,9500,9500,1.54506871244548,1.54506871244548,0,8.10603234017084e-12,20.384480903736,1,0,15030.1235607483,-15030.1235607483,1.54506871244548,1.5418159808907,1.5418159808907,0,-2.80193635565985e-191,0.00325273155478389,1.54506871244548,0,267.161443506003,60.6481711487664,4.18383313818513e-10,1,0.986611166637817,0,0,0,0,0,0
67.095,9500,1.54506871244548,9500,9500,1.54506871244548,1.54506871244548,0,8.10603234017084e-12,20.384480903736,1,0,15030.1235607483,-15030.1235607483,1.54506871244548,1.5418159808907,1.5418159808907,0,-2.18215022790413e-191,0.00325273155478389,1.54506871244548,0,267.161443506003,60.6481711487664,4.18383313818513e-10,1,0.986611166637817,0,0,0,0,0,0
67.11,9500,1.54506871244548,9500,9500,1.54506871244548,1.54506871244548,0,8.10603234017084e-12,20.384480903736,1,0,15030.1235607483,-15030.1235607483,1.54506871244548,1.5418159808907,1.5418159808907,0,-1.69946030627118e-191,0.00325273155478389,1.54506871244548,0,267.161443506003,60.6481711487664,4.18383313818513e-10,1,0.986611166637817,0,0,0,0,0,0
67.125,9500,1.54506871244548,9500,9500,1.54506871244548,1.54506871244548,0,8.10603234017084e-12,20.384480903736,1,0,15030.1235607483,-15030.1235607483,1.54506871244548,1.5418159808907,1.5418159808907,0,-1.32354101732276e-191,0.00325273155478389,1.54506871244548,0,267.161443506003,60.6481711487664,4.18383313818513e-10,1,0.986611166637817,0,0,0,0,0,0
67.14,9500,1.54506871244548,9500,9500,1.54506871244548,1.54506871244548,0,8.10603234017084e-12,20.384480903736,1,0,15030.1235607483,-15030.1235607483,1.54506871244548,1.5418159808907,1.5418159808907,0,-1.03077478071809e-191,0.00325273155478389,1.54506871244548,0,267.161443506003,60.6481711487664,4.18383313818513e-10,1,0.986611166637817,0,0,0,0,0,0
67.155,9500,1.54506871244548,9500,9500,1.54506871244548,1.54506871244548,0,8.10603234017084e-12,20.384480903736,1,0,15030.1235607483,-15030.1235607483,1.54506871244548,1.5418159808907,1.5418159808907,0,-8.02768206393505e-192,0.00325273155478389,1.54506871244548,0,267.161443506003,60.6481711487664,4.18383313818513e-10,1,0.986611166637817,0,0,0,0,0,0
67.17,9500,1.54506871244548,9500,9500,1.54506871244548,1.54506871244548,0,8.10603234017084e-12,20.384480903736,1,0,15030.1235607483,-15030.1235607483,1.54506871244548,1.5418159808907,1.5418159808907,0,-6.25196507764089e-192,0.00325273155478389,1.54506871244548,0,267.161443506003,60.6481711487664,4.18383313818513e-10,1,0.986611166637817,0,0,0,0,0,0
67.185,9500,1.54506871244548,9500,9500,1.54506871244548,1.54506871244548,0,8.10603234017084e-12,20.384480903736,1,0,15030.1235607483,-15030.1235607483,1.54506871244548,1.5418159808907,1.5418159808907,0,-4.8690352982018e-192,0.00325273155478389,1.54506871244548,0,267.161443506003,60.6481711487664,4.18383313818513e-10,1,0.986611166637817,0,0,0,0,0,0
67.2,9500,1.54506871244548,9500,9500,1.54506871244548,1.54506871244548,0,8.10603234017084e-12,20.384480903736,1,0,15030.1235607483,-15030.1235607483,1.54506871244548,1.5418159808907,1.5418159808907,0,-3.79200850304187e-192,0.00325273155478389,1.54506871244548,0,267.161443506003,60.6481711487664,4.18383313818513e-10,1,0.986611166637817,0,0,0,0,0,0
67.215,9500,1.54506871244548,9500,9500,1.54506871244548,1.54506871244548,0,8.10603234017084e-12,20.384480903736,1,0,15030.1235607483,-15030.1235607483,1.54506871244548,1.5418159808907,1.5418159808907,0,-2.95321919158244e-192,0.00325273155478389,1.54506871244548,0,267.161443506003,60.6481711487664,4.18383313818513e-10,1,0.986611166637817,0,0,0,0,0,0
67.23,9500,1.54506871244548,9500,9500,1.54506871244548,1.54506871244548,0,8.10603234017084e-12,20.384480903736,1,0,15030.1235607483,-15030.1235607483,1.54506871244548,1.5418159808907,1.5418159808907,0,-2.2999694189859e-192,0.00325273155478389,1.54506871244548,0,267.161443506003,60.6481711487664,4.18383313818513e-10,1,0.986611166637817,0,0,0,0,0,0
67.245,9500,1.54506871244548,9500,9500,1.54506871244548,1.54506871244548,0,8.10603234017084e-12,20.384480903736,1,0,15030.1235607483,-15030.1235607483,1.54506871244548,1.5418159808907,1.5418159808907,0,-1.79121798454651e-192,0.00325273155478389,1.54506871244548,0,267.161443506003,60.6481711487664,4.18383313818513e-10,1,0.986611166637817,0,0,0,0,0,0
67.26,9500,1.54506871244548,9500,9500,1.54506871244548,1.54506871244548,0,8.10603234017084e-12,20.384480903736,1,0,15030.1235607483,-15030.1235607483,1.54506871244548,1.5418159808907,1.5418159808907,0,-1.3950019690164e-192,0.00325273155478389,1.54506871244548,0,267.161443506003,60.6481711487664,4.18383313818513e-10,1,0.986611166637817,0,0,0,0,0,0
67.275,9500,1.54506871244548,9500,9500,1.54506871244548,1.54506871244548,0,8.10603234017084e-12,20.384480903736,1,0,15030.1235607483,-15030.1235607483,1.54506871244548,1.5418159808907,1.5418159808907,0,-1.08642862585613e-192,0.00325273155478389,1.54506871244548,0,267.161443506003,60.6481711487664,4.18383313818513e-10,1,0.986611166637817,0,0,0,0,0,0
67.29,9500,1.54506871244548,9500,9500,1.54506871244548,1.54506871244548,0,8.10603234017084e-12,20.384480903736,1,0,15030.1235607483,-15030.1235607483,1.54506871244548,1.5418159808907,1.5418159808907,0,-8.46111464567941e-193,0.00325273155478389,1.54506871244548,0,267.161443506003,60.6481711487664,4.18383313818513e-10,1,0.986611166637817,0,0,0,0,0,0
67.305,9500,1.54506871244548,9500,9500,1.54506871244548,1.54506871244548,0,8.10603234017084e-12,20.384480903736,1,0,15030.1235607483,-15030.1235607483,1.54506871244548,1.5418159808907,1.5418159808907,0,-6.58952271171206e-193,0.00325273155478389,1.54506871244548,0,267.161443506003,60.6481711487664,4.18383313818513e-10,1,0.986611166637817,0,0,0,0,0,0
67.32,9500,1.54506871244548,9500,9500,1.54506871244548,1.54506871244548,0,8.10603234017084e-12,20.384480903736,1,0,15030.1235607483,-15030.1235607483,1.54506871244548,1.5418159808907,1.5418159808907,0,-5.13192544794816e-193,0.00325273155478389,1.54506871244548,0,267.161443506003,60.6481711487664,4.18383313818513e-10,1,0.986611166637817,0,0,0,0,0,0
67.335,9500,1.54506871244548,9500,9500,1.54506871244548,1.54506871244548,0,8.10603234017084e-12,20.384480903736,1,0,15030.1235607483,-15030.1235607483,1.54506871244548,1.5418159808907,1.5418159808907,0,-3.9967475575261e-193,0.00325273155478389,1.54506871244548,0,267.161443506003,60.6481711487664,4.18383313818513e-10,1,0.986611166637817,0,0,0,0,0,0
67.35,9500,1.54506871244548,9500,9500,1.54506871244548,1.54506871244548,0,8.10603234017084e-12,20.384480903736,1,0,15030.1235607483,-15030.1235607483,1.54506871244548,1.5418159808907,1.5418159808907,0,-3.11267012754005e-193,0.00325273155478389,1.54506871244548,0,267.161443506003,60.6481711487664,4.18383313818513e-10,1,0.986611166637817,0,0,0,0,0,0
67.365,9500,1.54506871244548,9500,9500,1.54506871244548,1.54506871244548,0,8.10603234017084e-12,20.384480903736,1,0,15030.1235607483,-15030.1235607483,1.54506871244548,1.5418159808907,1.5418159808907,0,-2.42414993277116e-193,0.00325273155478389,1.54506871244548,0,267.161443506003,60.6481711487664,4.18383313818513e-10,1,0.986611166637817,0,0,0,0,0,0
67.38,9500,1.54506871244548,9500,9500,1.54506871244548,1.54506871244548,0,8.10603234017084e-12,20.384480903736,1,0,15030.1235607483,-15030.1235607483,1.54506871244548,1.5418159808907,1.5418159808907,0,-1.88792986592467e-193,0.00325273155478389,1.54506871244548,0,267.161443506003,60.6481711487664,4.18383313818513e-10,1,0.986611166637817,0,0,0,0,0,0
67.395,9500,1.54506871244548,9500,9500,1.54506871244548,1.54506871244548,0,8.10603234017084e-12,20.384480903736,1,0,15030.1235607483,-15030.1235607483,1.54506871244548,1.5418159808907,1.5418159808907,0,-1.47032125796603e-193,0.00325273155478389,1.54506871244548,0,267.161443506003,60.6481711487664,4.18383313818513e-10,1,0.986611166637817,0,0,0,0,0,0
67.41,9500,1.54506871244548,9500,9500,1.54506871244548,1.54506871244548,0,8.10603234017084e-12,20.384480903736,1,0,15030.1235607483,-15030.1235607483,1.54506871244548,1.5418159808907,1.5418159808907,0,-1.14508734707048e-193,0.00325273155478389,1.54506871244548,0,267.161443506003,60.6481711487664,4.18383313818513e-10,1,0.986611166637817,0,0,0,0,0,0
67.425,9500,1.54506871244548,9500,9500,1.54506871244548,1.54506871244548,0,8.10603234017084e-12,20.384480903736,1,0,15030.1235607483,-15030.1235607483,1.54506871244548,1.5418159808907,1.5418159808907,0,-8.91794922583644e-194,0.00325273155478389,1.54506871244548,0,267.161443506003,60.6481711487664,4.18383313818513e-10,1,0.986611166637817,0,0,0,0,0,0
67.44,9500,1.54506871244548,9500,9500,1.54506871244548,1.54506871244548,0,8.10603234017084e-12,20.384480903736,1,0,15030.1235607483,-15030.1235607483,1.54506871244548,1.5418159808907,1.5418159808907,0,-6.94530584047245e-194,0.00325273155478389,1.54506871244548,0,267.161443506003,60.6481711487664,4.18383313818513e-10,1,0.986611166637817,0,0,0,0,0,0
67.455,9500,1.54506871244548,9500,9500,1.54506871244548,1.54506871244548,0,8.10603234017084e-12,20.384480903736,1,0,15030.1235607483,-15030.1235607483,1.54506871244548,1.5418159808907,1.5418159808907,0,-5.40900962723034e-194,0.00325273155478389,1.54506871244548,0,267.161443506003,60.6481711487664,4.18383313818513e-10,1,0.986611166637817,0,0,0,0,0,0
67.47,9500,1.54506871244548,9500,9500,1.54506871244548,1.54506871244548,0,8.10603234017084e-12,20.384480903736,1,0,15030.1235607483,-15030.1235607483,1.54506871244548,1.5418159808907,1.5418159808907,0,-4.21254093332776e-194,0.00325273155478389,1.54506871244548,0,267.161443506003,60.6481711487664,4.18383313818513e-10,1,0.986611166637817,0,0,0,0,0,0
67.485,9500,1.54506871244548,9500,9500,1.54506871244548,1.54506871244548,0,8.10603234017084e-12,20.384480903736,1,0,15030.1235607483,-15030.1235607483,1.54506871244548,1.5418159808907,1.5418159808907,0,-3.28073017759601e-194,0.00325273155478389,1.54506871244548,0,267.161443506003,60.6481711487664,4.18383313818513e-10,1,0.986611166637817,0,0,0,0,0,0
67.5,9500,1.54506871244548,9500,9500,1.54506871244548,1.54506871244548,0,8.10603234017084e-12,20.384480903736,1,0,15030.1235607483,-15030.1235607483,1.54506871244548,1.5418159808907,1.5418159808907,0,-2.55503523135776e-194,0.00325273155478389,1.54506871244548,0,267.161443506003,60.6481711487664,4.18383313818513e-10,1,0.986611166637817,0,0,0,0,0,0
67.515,9500,1.54506871244548,9500,9500,1.54506871244548,1.54506871244548,0,8.10603234017084e-12,20.384480903736,1,0,15030.1235607483,-15030.1235607483,1.54506871244548,1.5418159808907,1.5418159808907,0,-1.98986343895645e-194,0.00325273155478389,1.54506871244548,0,267.161443506003,60.6481711487664,4.18383313818513e-10,1,0.986611166637817,0,0,0,0,0,0
67.53,9500,1.54506871244548,9500,9500,1.54506871244548,1.54506871244548,0,8.10603234017084e-12,20.384480903736,1,0,15030.1235607483,-15030.1235607483,1.54506871244548,1.5418159808907,1.5418159808907,0,-1.54970720446444e-194,0.00325273155478389,1.54506871244548,0,267.161443506003,60.6481711487664,4.18383313818513e-10,1,0.986611166637817,0,0,0,0,0,0
67.545,9500,1.54506871244548,9500,9500,1.54506871244548,1.54506871244548,0,8.10603234017084e-12,20.384480903736,1,0,15030.1235607483,-15030.1235607483,1.54506871244548,1.5418159808907,1.5418159808907,0,-1.20691318436831e-194,0.00325273155478389,1.54506871244548,0,267.161443506003,60.6481711487664,4.18383313818513e-10,1,0.986611166637817,0,0,0,0,0,0
67.56,9500,1.54506871244548,9500,9500,1.54506871244548,1.54506871244548,0,8.10603234017084e-12,20.384480903736,1,0,15030.1235607483,-15030.1235607483,1.54506871244548,1.5418159808907,1.5418159808907,0,-9.39944933085239e-195,0.00325273155478389,1.54506871244548,0,267.161443506003,60.6481711487664,4.18383313818513e-10,1,0.986611166637817,0,0,0,0,0,0
67.575,9500,1.54506871244548,9500,9500,1.54506871244548,1.54506871244548,0,8.10603234017084e-12,20.384480903736,1,0,15030.1235607483,-15030.1235607483,1.54506871244548,1.5418159808907,1.5418159808907,0,-7.32029849930783e-195,0.00325273155478389,1.54506871244548,0,267.161443506003,60.6481711487664,4.18383313818513e-10,1,0.986611166637817,0,0,0,0,0,0
67.59,9500,1.54506871244548,9500,9500,1.54506871244548,1.54506871244548,0,8.10603234017084e-12,20.384480903736,1,0,15030.1235607483,-15030.1235607483,1.54506871244548,1.5418159808907,1.5418159808907,0,-5.70105420357737e-195,0.00325273155478389,1.54506871244548,0,267.161443506003,60.6481711487664,4.18383313818513e-10,1,0.986611166637817,0,0,0,0,0,0
67.605,9500,1.54506871244548,9500,9500,1.54506871244548,1.54506871244548,0,8.10603234017084e-12,20.384480903736,1,0,15030.1235607483,-15030.1235607483,1.54506871244548,1.5418159808907,1.5418159808907,0,-4.43998547807858e-195,0.00325273155478389,1.54506871244548,0,267.161443506003,60.6481711487664,4.18383313818513e-10,1,0.986611166637817,0,0,0,0,0,0
67.62,9500,1.54506871244548,9500,9500,1.54506871244548,1.54506871244548,0,8.10603234017084e-12,20.384480903736,1,0,15030.1235607483,-15030.1235607483,1.54506871244548,1.5418159808907,1.5418159808907,0,-3.45786416715327e-195,0.00325273155478389,1.54506871244548,0,267.161443506003,60.6481711487664,4.18383313818513e-10,1,0.986611166637817,0,0,0,0,0,0
67.635,9500,1.54506871244548,9500,9500,1.54506871244548,1.54506871244548,0,8.10603234017084e-12,20.384480903736,1,0,15030.1235607483,-15030.1235607483,1.54506871244548,1.5418159808907,1.5418159808907,0,-2.69298732113351e-195,0.00325273155478389,1.54506871244548,0,267.161443506003,60.6481711487664,4.18383313818513e-10,1,0.986611166637817,0,0,0,0,0,0
67.65,9500,1.54506871244548,9500,9500,1.54506871244548,1.54506871244548,0,8.10603234017084e-12,20.384480903736,1,0,15030.1235607483,-15030.1235607483,1.54506871244548,1.5418159808907,1.5418159808907,0,-2.09730063450015e-195,0.00325273155478389,1.54506871244548,0,267.161443506003,60.6481711487664,4.18383313818513e-10,1,0.986611166637817,0,0,0,0,0,0
67.665,9500,1.54506871244548,9500,9500,1.54506871244548,1.54506871244548,0,8.10603234017084e-12,20.384480903736,1,0,15030.1235607483,-15030.1235607483,1.54506871244548,1.5418159808907,1.5418159808907,0,-1.63337937648487e-195,0.00325273155478389,1.54506871244548,0,267.161443506003,60.6481711487664,4.18383313818513e-10,1,0.986611166637817,0,0,0,0,0,0
67.68,9500,1.54506871244548,9500,9500,1.54506871244548,1.54506871244548,0,8.10603234017084e-12,20.384480903736,1,0,15030.1235607483,-15030.1235607483,1.54506871244548,1.5418159808907,1.5418159808907,0,-1.2720771374591e-195,0.00325273155478389,1.54506871244548,0,267.161443506003,60.6481711487664,4.18383313818513e-10,1,0.986611166637817,0,0,0,0,0,0
67.695,9500,1.54506871244548,9500,9500,1.54506871244548,1.54506871244548,0,8.10603234017084e-12,20.384480903736,1,0,15030.1235607483,-15030.1235607483,1.54506871244548,1.5418159808907,1.5418159808907,0,-9.90694670780377e-196,0.00325273155478389,1.54506871244548,0,267.161443506003,60.6481711487664,4.18383313818513e-10,1,0.986611166637817,0,0,0,0,0,0
67.71,9500,1.54506871244548,9500,9500,1.54506871244548,1.54506871244548,0,8.10603234017084e-12,20.384480903736,1,0,15030.1235607483,-15030.1235607483,1.54506871244548,1.5418159808907,1.5418159808907,0,-7.71553785388425e-196,0.00325273155478389,1.54506871244548,0,267.161443506003,60.6481711487664,4.18383313818513e-10,1,0.986611166637817,0,0,0,0,0,0
67.725,9500,1.54506871244548,9500,9500,1.54506871244548,1.54506871244548,0,8.10603234017084e-12,20.384480903736,1,0,15030.1235607483,-15030.1235607483,1.54506871244548,1.5418159808907,1.5418159808907,0,-6.00886692242212e-196,0.00325273155478389,1.54506871244548,0,267.161443506003,60.6481711487664,4.18383313818513e-10,1,0.986611166637817,0,0,0,0,0,0
67.74,9500,1.54506871244548,9500,9500,1.54506871244548,1.54506871244548,0,8.10603234017084e-12,20.384480903736,1,0,15030.1235607483,-15030.1235607483,1.54506871244548,1.5418159808907,1.5418159808907,0,-4.67971026455421e-196,0.00325273155478389,1.54506871244548,0,267.161443506003,60.6481711487664,4.18383313818513e-10,1,0.986611166637817,0,0,0,0,0,0
67.755,9500,1.54506871244548,9500,9500,1.54506871244548,1.54506871244548,0,8.10603234017084e-12,20.384480903736,1,0,15030.1235607483,-15030.1235607483,1.54506871244548,1.5418159808907,1.5418159808907,0,-3.64456201858211e-196,0.00325273155478389,1.54506871244548,0,267.161443506003,60.6481711487664,4.18383313818513e-10,1,0.986611166637817,0,0,0,0,0,0
67.77,9500,1.54506871244548,9500,9500,1.54506871244548,1.54506871244548,0,8.10603234017084e-12,20.384480903736,1,0,15030.1235607483,-15030.1235607483,1.54506871244548,1.5418159808907,1.5418159808907,0,-2.83838775402405e-196,0.00325273155478389,1.54506871244548,0,267.161443506003,60.6481711487664,4.18383313818513e-10,1,0.986611166637817,0,0,0,0,0,0
67.785,9500,1.54506871244548,9500,9500,1.54506871244548,1.54506871244548,0,8.10603234017084e-12,20.384480903736,1,0,15030.1235607483,-15030.1235607483,1.54506871244548,1.5418159808907,1.5418159808907,0,-2.21053860549422e-196,0.00325273155478389,1.54506871244548,0,267.161443506003,60.6481711487664,4.18383313818513e-10,1,0.986611166637817,0,0,0,0,0,0
67.8,9500,1.54506871244548,9500,9500,1.54506871244548,1.54506871244548,0,8.10603234017084e-12,20.384480903736,1,0,15030.1235607483,-15030.1235607483,1.54506871244548,1.5418159808907,1.5418159808907,0,-1.72156919696847e-196,0.00325273155478389,1.54506871244548,0,267.161443506003,60.6481711487664,4.18383313818513e-10,1,0.986611166637817,0,0,0,0,0,0
67.815,9500,1.54506871244548,9500,9500,1.54506871244548,1.54506871244548,0,8.10603234017084e-12,20.384480903736,1,0,15030.1235607483,-15030.1235607483,1.54506871244548,1.5418159808907,1.5418159808907,0,-1.34075943871065e-196,0.00325273155478389,1.54506871244548,0,267.161443506003,60.6481711487664,4.18383313818513e-10,1,0.986611166637817,0,0,0,0,0,0
67.83,9500,1.54506871244548,9500,9500,1.54506871244548,1.54506871244548,0,8.10603234017084e-12,20.384480903736,1,0,15030.1235607483,-15030.1235607483,1.54506871244548,1.5418159808907,1.5418159808907,0,-1.04418450077823e-196,0.00325273155478389,1.54506871244548,0,267.161443506003,60.6481711487664,4.18383313818513e-10,1,0.986611166637817,0,0,0,0,0,0
67.845,9500,1.54506871244548,9500,9500,1.54506871244548,1.54506871244548,0,8.10603234017084e-12,20.384480903736,1,0,15030.1235607483,-15030.1235607483,1.54506871244548,1.5418159808907,1.5418159808907,0,-8.13211706877111e-197,0.00325273155478389,1.54506871244548,0,267.161443506003,60.6481711487664,4.18383313818513e-10,1,0.986611166637817,0,0,0,0,0,0
67.86,9500,1.54506871244548,9500,9500,1.54506871244548,1.54506871244548,0,8.10603234017084e-12,20.384480903736,1,0,15030.1235607483,-15030.1235607483,1.54506871244548,1.5418159808907,1.5418159808907,0,-6.33329914118728e-197,0.00325273155478389,1.54506871244548,0,267.161443506003,60.6481711487664,4.18383313818513e-10,1,0.986611166637817,0,0,0,0,0,0
67.875,9500,1.54506871244548,9500,9500,1.54506871244548,1.54506871244548,0,8.10603234017084e-12,20.384480903736,1,0,15030.1235607483,-15030.1235607483,1.54506871244548,1.5418159808907,1.5418159808907,0,-4.93237833058211e-197,0.00325273155478389,1.54506871244548,0,267.161443506003,60.6481711487664,4.18383313818513e-10,1,0.986611166637817,0,0,0,0,0,0
67.89,9500,1.54506871244548,9500,9500,1.54506871244548,1.54506871244548,0,8.10603234017084e-12,20.384480903736,1,0,15030.1235607483,-15030.1235607483,1.54506871244548,1.5418159808907,1.5418159808907,0,-3.84134010626178e-197,0.00325273155478389,1.54506871244548,0,267.161443506003,60.6481711487664,4.18383313818513e-10,1,0.986611166637817,0,0,0,0,0,0
67.905,9500,1.54506871244548,9500,9500,1.54506871244548,1.54506871244548,0,8.10603234017084e-12,20.384480903736,1,0,15030.1235607483,-15030.1235607483,1.54506871244548,1.5418159808907,1.5418159808907,0,-2.99163868280026e-197,0.00325273155478389,1.54506871244548,0,267.161443506003,60.6481711487664,4.18383313818513e-10,1,0.986611166637817,0,0,0,0,0,0
67.92,9500,1.54506871244548,9500,9500,1.54506871244548,1.54506871244548,0,8.10603234017084e-12,20.384480903736,1,0,15030.1235607483,-15030.1235607483,1.54506871244548,1.5418159808907,1.5418159808907,0,-2.32989054883155e-197,0.00325273155478389,1.54506871244548,0,267.161443506003,60.6481711487664,4.18383313818513e-10,1,0.986611166637817,0,0,0,0,0,0
67.935,9500,1.54506871244548,9500,9500,1.54506871244548,1.54506871244548,0,8.10603234017084e-12,20.384480903736,1,0,15030.1235607483,-15030.1235607483,1.54506871244548,1.5418159808907,1.5418159808907,0,-1.81452058390068e-197,0.00325273155478389,1.54506871244548,0,267.161443506003,60.6481711487664,4.18383313818513e-10,1,0.986611166637817,0,0,0,0,0,0
67.95,9500,1.54506871244548,9500,9500,1.54506871244548,1.54506871244548,0,8.10603234017084e-12,20.384480903736,1,0,15030.1235607483,-15030.1235607483,1.54506871244548,1.5418159808907,1.5418159808907,0,-1.41315005164103e-197,0.00325273155478389,1.54506871244548,0,267.161443506003,60.6481711487664,4.18383313818513e-10,1,0.986611166637817,0,0,0,0,0,0
67.965,9500,1.54506871244548,9500,9500,1.54506871244548,1.54506871244548,0,8.10603234017084e-12,20.384480903736,1,0,15030.1235607483,-15030.1235607483,1.54506871244548,1.5418159808907,1.5418159808907,0,-1.10056236681543e-197,0.00325273155478389,1.54506871244548,0,267.161443506003,60.6481711487664,4.18383313818513e-10,1,0.986611166637817,0,0,0,0,0,0
67.98,9500,1.54506871244548,9500,9500,1.54506871244548,1.54506871244548,0,8.10603234017084e-12,20.384480903736,1,0,15030.1235607483,-15030.1235607483,1.54506871244548,1.5418159808907,1.5418159808907,0,-8.57118833094776e-198,0.00325273155478389,1.54506871244548,0,267.161443506003,60.6481711487664,4.18383313818513e-10,1,0.986611166637817,0,0,0,0,0,0
67.995,9500,1.54506871244548,9500,9500,1.54506871244548,1.54506871244548,0,8.10603234017084e-12,20.384480903736,1,0,15030.1235607483,-15030.1235607483,1.54506871244548,1.5418159808907,1.5418159808907,0,-6.67524818399461e-198,0.00325273155478389,1.54506871244548,0,267.161443506003,60.6481711487664,4.18383313818513e-10,1,0.986611166637817,0,0,0,0,0,0
68.01,9500,1.54506871244548,9500,9500,1.54506871244548,1.54506871244548,0,8.10603234017084e-12,20.384480903736,1,0,15030.1235607483,-15030.1235607483,1.54506871244548,1.5418159808907,1.5418159808907,0,-5.19868851289097e-198,0.00325273155478389,1.54506871244548,0,267.161443506003,60.6481711487664,4.18383313818513e-10,1,0.986611166637817,0,0,0,0,0,0
68.025,9500,1.54506871244548,9500,9500,1.54506871244548,1.54506871244548,0,8.10603234017084e-12,20.384480903736,1,0,15030.1235607483,-15030.1235607483,1.54506871244548,1.5418159808907,1.5418159808907,0,-4.04874268478381e-198,0.00325273155478389,1.54506871244548,0,267.161443506003,60.6481711487664,4.18383313818513e-10,1,0.986611166637817,0,0,0,0,0,0
68.04,9500,1.54506871244548,9500,9500,1.54506871244548,1.54506871244548,0,8.10603234017084e-12,20.384480903736,1,0,15030.1235607483,-15030.1235607483,1.54506871244548,1.5418159808907,1.5418159808907,0,-3.15316397336425e-198,0.00325273155478389,1.54506871244548,0,267.161443506003,60.6481711487664,4.18383313818513e-10,1,0.986611166637817,0,0,0,0,0,0
68.055,9500,1.54506871244548,9500,9500,1.54506871244548,1.54506871244548,0,8.10603234017084e-12,20.384480903736,1,0,15030.1235607483,-15030.1235607483,1.54506871244548,1.5418159808907,1.5418159808907,0,-2.45568657160862e-198,0.00325273155478389,1.54506871244548,0,267.161443506003,60.6481711487664,4.18383313818513e-10,1,0.986611166637817,0,0,0,0,0,0
68.07,9500,1.54506871244548,9500,9500,1.54506871244548,1.54506871244548,0,8.10603234017084e-12,20.384480903736,1,0,15030.1235607483,-15030.1235607483,1.54506871244548,1.5418159808907,1.5418159808907,0,-1.91249062494673e-198,0.00325273155478389,1.54506871244548,0,267.161443506003,60.6481711487664,4.18383313818513e-10,1,0.986611166637817,0,0,0,0,0,0
68.085,9500,1.54506871244548,9500,9500,1.54506871244548,1.54506871244548,0,8.10603234017084e-12,20.384480903736,1,0,15030.1235607483,-15030.1235607483,1.54506871244548,1.5418159808907,1.5418159808907,0,-1.48944919632523e-198,0.00325273155478389,1.54506871244548,0,267.161443506003,60.6481711487664,4.18383313818513e-10,1,0.986611166637817,0,0,0,0,0,0
68.1,9500,1.54506871244548,9500,9500,1.54506871244548,1.54506871244548,0,8.10603234017084e-12,20.384480903736,1,0,15030.1235607483,-15030.1235607483,1.54506871244548,1.5418159808907,1.5418159808907,0,-1.15998420044317e-198,0.00325273155478389,1.54506871244548,0,267.161443506003,60.6481711487664,4.18383313818513e-10,1,0.986611166637817,0,0,0,0,0,0
68.115,9500,1.54506871244548,9500,9500,1.54506871244548,1.54506871244548,0,8.10603234017084e-12,20.384480903736,1,0,15030.1235607483,-15030.1235607483,1.54506871244548,1.5418159808907,1.5418159808907,0,-9.03396603655595e-199,0.00325273155478389,1.54506871244548,0,267.161443506003,60.6481711487664,4.18383313818513e-10,1,0.986611166637817,0,0,0,0,0,0
68.13,9500,1.54506871244548,9500,9500,1.54506871244548,1.54506871244548,0,8.10603234017084e-12,20.384480903736,1,0,15030.1235607483,-15030.1235607483,1.54506871244548,1.5418159808907,1.5418159808907,0,-7.03565982351025e-199,0.00325273155478389,1.54506871244548,0,267.161443506003,60.6481711487664,4.18383313818513e-10,1,0.986611166637817,0,0,0,0,0,0
68.145,9500,1.54506871244548,9500,9500,1.54506871244548,1.54506871244548,0,8.10603234017084e-12,20.384480903736,1,0,15030.1235607483,-15030.1235607483,1.54506871244548,1.5418159808907,1.5418159808907,0,-5.4793773799738e-199,0.00325273155478389,1.54506871244548,0,267.161443506003,60.6481711487664,4.18383313818513e-10,1,0.986611166637817,0,0,0,0,0,0
68.16,9500,1.54506871244548,9500,9500,1.54506871244548,1.54506871244548,0,8.10603234017084e-12,20.384480903736,1,0,15030.1235607483,-15030.1235607483,1.54506871244548,1.5418159808907,1.5418159808907,0,-4.26734339426734e-199,0.00325273155478389,1.54506871244548,0,267.161443506003,60.6481711487664,4.18383313818513e-10,1,0.986611166637817,0,0,0,0,0,0
68.175,9500,1.54506871244548,9500,9500,1.54506871244548,1.54506871244548,0,8.10603234017084e-12,20.384480903736,1,0,15030.1235607483,-15030.1235607483,1.54506871244548,1.5418159808907,1.5418159808907,0,-3.32341037708999e-199,0.00325273155478389,1.54506871244548,0,267.161443506003,60.6481711487664,4.18383313818513e-10,1,0.986611166637817,0,0,0,0,0,0
68.19,9500,1.54506871244548,9500,9500,1.54506871244548,1.54506871244548,0,8.10603234017084e-12,20.384480903736,1,0,15030.1235607483,-15030.1235607483,1.54506871244548,1.5418159808907,1.5418159808907,0,-2.58827460414532e-199,0.00325273155478389,1.54506871244548,0,267.161443506003,60.6481711487664,4.18383313818513e-10,1,0.986611166637817,0,0,0,0,0,0
68.205,9500,1.54506871244548,9500,9500,1.54506871244548,1.54506871244548,0,8.10603234017084e-12,20.384480903736,1,0,15030.1235607483,-15030.1235607483,1.54506871244548,1.5418159808907,1.5418159808907,0,-2.0157502885122e-199,0.00325273155478389,1.54506871244548,0,267.161443506003,60.6481711487664,4.18383313818513e-10,1,0.986611166637817,0,0,0,0,0,0
68.22,9500,1.54506871244548,9500,9500,1.54506871244548,1.54506871244548,0,8.10603234017084e-12,20.384480903736,1,0,15030.1235607483,-15030.1235607483,1.54506871244548,1.5418159808907,1.5418159808907,0,-1.56986790316972e-199,0.00325273155478389,1.54506871244548,0,267.161443506003,60.6481711487664,4.18383313818513e-10,1,0.986611166637817,0,0,0,0,0,0
68.235,9500,1.54506871244548,9500,9500,1.54506871244548,1.54506871244548,0,8.10603234017084e-12,20.384480903736,1,0,15030.1235607483,-15030.1235607483,1.54506871244548,1.5418159808907,1.5418159808907,0,-1.22261435230724e-199,0.00325273155478389,1.54506871244548,0,267.161443506003,60.6481711487664,4.18383313818513e-10,1,0.986611166637817,0,0,0,0,0,0
68.25,9500,1.54506871244548,9500,9500,1.54506871244548,1.54506871244548,0,8.10603234017084e-12,20.384480903736,1,0,15030.1235607483,-15030.1235607483,1.54506871244548,1.5418159808907,1.5418159808907,0,-9.52173014971216e-200,0.00325273155478389,1.54506871244548,0,267.161443506003,60.6481711487664,4.18383313818513e-10,1,0.986611166637817,0,0,0,0,0,0
68.265,9500,1.54506871244548,9500,9500,1.54506871244548,1.54506871244548,0,8.10603234017084e-12,20.384480903736,1,0,15030.1235607483,-15030.1235607483,1.54506871244548,1.5418159808907,1.5418159808907,0,-7.41553089679043e-200,0.00325273155478389,1.54506871244548,0,267.161443506003,60.6481711487664,4.18383313818513e-10,1,0.986611166637817,0,0,0,0,0,0
68.28,9500,1.54506871244548,9500,9500,1.54506871244548,1.54506871244548,0,8.10603234017084e-12,20.384480903736,1,0,15030.1235607483,-15030.1235607483,1.54506871244548,1.5418159808907,1.5418159808907,0,-5.77522126931059e-200,0.00325273155478389,1.54506871244548,0,267.161443506003,60.6481711487664,4.18383313818513e-10,1,0.986611166637817,0,0,0,0,0,0
68.295,9500,1.54506871244548,9500,9500,1.54506871244548,1.54506871244548,0,8.10603234017084e-12,20.384480903736,1,0,15030.1235607483,-15030.1235607483,1.54506871244548,1.5418159808907,1.5418159808907,0,-4.49774684694972e-200,0.00325273155478389,1.54506871244548,0,267.161443506003,60.6481711487664,4.18383313818513e-10,1,0.986611166637817,0,0,0,0,0,0
68.31,9500,1.54506871244548,9500,9500,1.54506871244548,1.54506871244548,0,8.10603234017084e-12,20.384480903736,1,0,15030.1235607483,-15030.1235607483,1.54506871244548,1.5418159808907,1.5418159808907,0,-3.50284876646138e-200,0.00325273155478389,1.54506871244548,0,267.161443506003,60.6481711487664,4.18383313818513e-10,1,0.986611166637817,0,0,0,0,0,0
68.325,9500,1.54506871244548,9500,9500,1.54506871244548,1.54506871244548,0,8.10603234017084e-12,20.384480903736,1,0,15030.1235607483,-15030.1235607483,1.54506871244548,1.5418159808907,1.5418159808907,0,-2.72802136230083e-200,0.00325273155478389,1.54506871244548,0,267.161443506003,60.6481711487664,4.18383313818513e-10,1,0.986611166637817,0,0,0,0,0,0
68.34,9500,1.54506871244548,9500,9500,1.54506871244548,1.54506871244548,0,8.10603234017084e-12,20.384480903736,1,0,15030.1235607483,-15030.1235607483,1.54506871244548,1.5418159808907,1.5418159808907,0,-2.12458517319541e-200,0.00325273155478389,1.54506871244548,0,267.161443506003,60.6481711487664,4.18383313818513e-10,1,0.986611166637817,0,0,0,0,0,0
68.355,9500,1.54506871244548,9500,9500,1.54506871244548,1.54506871244548,0,8.10603234017084e-12,20.384480903736,1,0,15030.1235607483,-15030.1235607483,1.54506871244548,1.5418159808907,1.5418159808907,0,-1.65462859658648e-200,0.00325273155478389,1.54506871244548,0,267.161443506003,60.6481711487664,4.18383313818513e-10,1,0.986611166637817,0,0,0,0,0,0
68.37,9500,1.54506871244548,9500,9500,1.54506871244548,1.54506871244548,0,8.10603234017084e-12,20.384480903736,1,0,15030.1235607483,-15030.1235607483,1.54506871244548,1.5418159808907,1.5418159808907,0,-1.28862604671389e-200,0.00325273155478389,1.54506871244548,0,267.161443506003,60.6481711487664,4.18383313818513e-10,1,0.986611166637817,0,0,0,0,0,0
68.385,9500,1.54506871244548,9500,9500,1.54506871244548,1.54506871244548,0,8.10603234017084e-12,20.384480903736,1,0,15030.1235607483,-15030.1235607483,1.54506871244548,1.5418159808907,1.5418159808907,0,-1.00358297426699e-200,0.00325273155478389,1.54506871244548,0,267.161443506003,60.6481711487664,4.18383313818513e-10,1,0.986611166637817,0,0,0,0,0,0
68.4,9500,1.54506871244548,9500,9500,1.54506871244548,1.54506871244548,0,8.10603234017084e-12,20.384480903736,1,0,15030.1235607483,-15030.1235607483,1.54506871244548,1.5418159808907,1.5418159808907,0,-7.81591206236258e-201,0.00325273155478389,1.54506871244548,0,267.161443506003,60.6481711487664,4.18383313818513e-10,1,0.986611166637817,0,0,0,0,0,0
68.415,9500,1.54506871244548,9500,9500,1.54506871244548,1.54506871244548,0,8.10603234017084e-12,20.384480903736,1,0,15030.1235607483,-15030.1235607483,1.54506871244548,1.5418159808907,1.5418159808907,0,-6.08703843458522e-201,0.00325273155478389,1.54506871244548,0,267.161443506003,60.6481711487664,4.18383313818513e-10,1,0.986611166637817,0,0,0,0,0,0
68.43,9500,1.54506871244548,9500,9500,1.54506871244548,1.54506871244548,0,8.10603234017084e-12,20.384480903736,1,0,15030.1235607483,-15030.1235607483,1.54506871244548,1.5418159808907,1.5418159808907,0,-4.74059029944071e-201,0.00325273155478389,1.54506871244548,0,267.161443506003,60.6481711487664,4.18383313818513e-10,1,0.986611166637817,0,0,0,0,0,0
68.445,9500,1.54506871244548,9500,9500,1.54506871244548,1.54506871244548,0,8.10603234017084e-12,20.384480903736,1,0,15030.1235607483,-15030.1235607483,1.54506871244548,1.5418159808907,1.5418159808907,0,-3.69197543742513e-201,0.00325273155478389,1.54506871244548,0,267.161443506003,60.6481711487664,4.18383313818513e-10,1,0.986611166637817,0,0,0,0,0,0
68.46,9500,1.54506871244548,9500,9500,1.54506871244548,1.54506871244548,0,8.10603234017084e-12,20.384480903736,1,0,15030.1235607483,-15030.1235607483,1.54506871244548,1.5418159808907,1.5418159808907,0,-2.87531336174708e-201,0.00325273155478389,1.54506871244548,0,267.161443506003,60.6481711487664,4.18383313818513e-10,1,0.986611166637817,0,0,0,0,0,0
68.475,9500,1.54506871244548,9500,9500,1.54506871244548,1.54506871244548,0,8.10603234017084e-12,20.384480903736,1,0,15030.1235607483,-15030.1235607483,1.54506871244548,1.5418159808907,1.5418159808907,0,-2.2392962977043e-201,0.00325273155478389,1.54506871244548,0,267.161443506003,60.6481711487664,4.18383313818513e-10,1,0.986611166637817,0,0,0,0,0,0
68.49,9500,1.54506871244548,9500,9500,1.54506871244548,1.54506871244548,0,8.10603234017084e-12,20.384480903736,1,0,15030.1235607483,-15030.1235607483,1.54506871244548,1.5418159808907,1.5418159808907,0,-1.74396571018101e-201,0.00325273155478389,1.54506871244548,0,267.161443506003,60.6481711487664,4.18383313818513e-10,1,0.986611166637817,0,0,0,0,0,0
68.505,9500,1.54506871244548,9500,9500,1.54506871244548,1.54506871244548,0,8.10603234017084e-12,20.384480903736,1,0,15030.1235607483,-15030.1235607483,1.54506871244548,1.5418159808907,1.5418159808907,0,-1.35820186073865e-201,0.00325273155478389,1.54506871244548,0,267.161443506003,60.6481711487664,4.18383313818513e-10,1,0.986611166637817,0,0,0,0,0,0
68.52,9500,1.54506871244548,9500,9500,1.54506871244548,1.54506871244548,0,8.10603234017084e-12,20.384480903736,1,0,15030.1235607483,-15030.1235607483,1.54506871244548,1.5418159808907,1.5418159808907,0,-1.0577686727123e-201,0.00325273155478389,1.54506871244548,0,267.161443506003,60.6481711487664,4.18383313818513e-10,1,0.986611166637817,0,0,0,0,0,0
68.535,9500,1.54506871244548,9500,9500,1.54506871244548,1.54506871244548,0,8.10603234017084e-12,20.384480903736,1,0,15030.1235607483,-15030.1235607483,1.54506871244548,1.5418159808907,1.5418159808907,0,-8.23791070616738e-202,0.00325273155478389,1.54506871244548,0,267.161443506003,60.6481711487664,4.18383313818513e-10,1,0.986611166637817,0,0,0,0,0,0
68.55,9500,1.54506871244548,9500,9500,1.54506871244548,1.54506871244548,0,8.10603234017084e-12,20.384480903736,1,0,15030.1235607483,-15030.1235607483,1.54506871244548,1.5418159808907,1.5418159808907,0,-6.41569130883547e-202,0.00325273155478389,1.54506871244548,0,267.161443506003,60.6481711487664,4.18383313818513e-10,1,0.986611166637817,0,0,0,0,0,0
68.565,9500,1.54506871244548,9500,9500,1.54506871244548,1.54506871244548,0,8.10603234017084e-12,20.384480903736,1,0,15030.1235607483,-15030.1235607483,1.54506871244548,1.5418159808907,1.5418159808907,0,-4.99654541526547e-202,0.00325273155478389,1.54506871244548,0,267.161443506003,60.6481711487664,4.18383313818513e-10,1,0.986611166637817,0,0,0,0,0,0
68.58,9500,1.54506871244548,9500,9500,1.54506871244548,1.54506871244548,0,8.10603234017084e-12,20.384480903736,1,0,15030.1235607483,-15030.1235607483,1.54506871244548,1.5418159808907,1.5418159808907,0,-3.89131348206058e-202,0.00325273155478389,1.54506871244548,0,267.161443506003,60.6481711487664,4.18383313818513e-10,1,0.986611166637817,0,0,0,0,0,0
68.595,9500,1.54506871244548,9500,9500,1.54506871244548,1.54506871244548,0,8.10603234017084e-12,20.384480903736,1,0,15030.1235607483,-15030.1235607483,1.54506871244548,1.5418159808907,1.5418159808907,0,-3.0305579870051e-202,0.00325273155478389,1.54506871244548,0,267.161443506003,60.6481711487664,4.18383313818513e-10,1,0.986611166637817,0,0,0,0,0,0
68.61,9500,1.54506871244548,9500,9500,1.54506871244548,1.54506871244548,0,8.10603234017084e-12,20.384480903736,1,0,15030.1235607483,-15030.1235607483,1.54506871244548,1.5418159808907,1.5418159808907,0,-2.36020093342287e-202,0.00325273155478389,1.54506871244548,0,267.161443506003,60.6481711487664,4.18383313818513e-10,1,0.986611166637817,0,0,0,0,0,0
68.625,9500,1.54506871244548,9500,9500,1.54506871244548,1.54506871244548,0,8.10603234017084e-12,20.384480903736,1,0,15030.1235607483,-15030.1235607483,1.54506871244548,1.5418159808907,1.5418159808907,0,-1.83812633515559e-202,0.00325273155478389,1.54506871244548,0,267.161443506003,60.6481711487664,4.18383313818513e-10,1,0.986611166637817,0,0,0,0,0,0
68.64,9500,1.54506871244548,9500,9500,1.54506871244548,1.54506871244548,0,8.10603234017084e-12,20.384480903736,1,0,15030.1235607483,-15030.1235607483,1.54506871244548,1.5418159808907,1.5418159808907,0,-1.43153422920335e-202,0.00325273155478389,1.54506871244548,0,267.161443506003,60.6481711487664,4.18383313818513e-10,1,0.986611166637817,0,0,0,0,0,0
68.655,9500,1.54506871244548,9500,9500,1.54506871244548,1.54506871244548,0,8.10603234017084e-12,20.384480903736,1,0,15030.1235607483,-15030.1235607483,1.54506871244548,1.5418159808907,1.5418159808907,0,-1.11487997869709e-202,0.00325273155478389,1.54506871244548,0,267.161443506003,60.6481711487664,4.18383313818513e-10,1,0.986611166637817,0,0,0,0,0,0
68.67,9500,1.54506871244548,9500,9500,1.54506871244548,1.54506871244548,0,8.10603234017084e-12,20.384480903736,1,0,15030.1235607483,-15030.1235607483,1.54506871244548,1.5418159808907,1.5418159808907,0,-8.68269400439922e-203,0.00325273155478389,1.54506871244548,0,267.161443506003,60.6481711487664,4.18383313818513e-10,1,0.986611166637817,0,0,0,0,0,0
68.685,9500,1.54506871244548,9500,9500,1.54506871244548,1.54506871244548,0,8.10603234017084e-12,20.384480903736,1,0,15030.1235607483,-15030.1235607483,1.54506871244548,1.5418159808907,1.5418159808907,0,-6.7620888897955e-203,0.00325273155478389,1.54506871244548,0,267.161443506003,60.6481711487664,4.18383313818513e-10,1,0.986611166637817,0,0,0,0,0,0
68.7,9500,1.54506871244548,9500,9500,1.54506871244548,1.54506871244548,0,8.10603234017084e-12,20.384480903736,1,0,15030.1235607483,-15030.1235607483,1.54506871244548,1.5418159808907,1.5418159808907,0,-5.26632012257119e-203,0.00325273155478389,1.54506871244548,0,267.161443506003,60.6481711487664,4.18383313818513e-10,1,0.986611166637817,0,0,0,0,0,0
68.715,9500,1.54506871244548,9500,9500,1.54506871244548,1.54506871244548,0,8.10603234017084e-12,20.384480903736,1,0,15030.1235607483,-15030.1235607483,1.54506871244548,1.5418159808907,1.5418159808907,0,-4.10141423536314e-203,0.00325273155478389,1.54506871244548,0,267.161443506003,60.6481711487664,4.18383313818513e-10,1,0.986611166637817,0,0,0,0,0,0
68.73,9500,1.54506871244548,9500,9500,1.54506871244548,1.54506871244548,0,8.10603234017084e-12,20.384480903736,1,0,15030.1235607483,-15030.1235607483,1.54506871244548,1.5418159808907,1.5418159808907,0,-3.19418461820102e-203,0.00325273155478389,1.54506871244548,0,267.161443506003,60.6481711487664,4.18383313818513e-10,1,0.986611166637817,0,0,0,0,0,0
68.745,9500,1.54506871244548,9500,9500,1.54506871244548,1.54506871244548,0,8.10603234017084e-12,20.384480903736,1,0,15030.1235607483,-15030.1235607483,1.54506871244548,1.5418159808907,1.5418159808907,0,-2.48763348192959e-203,0.00325273155478389,1.54506871244548,0,267.161443506003,60.6481711487664,4.18383313818513e-10,1,0.986611166637817,0,0,0,0,0,0
68.76,9500,1.54506871244548,9500,9500,1.54506871244548,1.54506871244548,0,8.10603234017084e-12,20.384480903736,1,0,15030.1235607483,-15030.1235607483,1.54506871244548,1.5418159808907,1.5418159808907,0,-1.93737090372141e-203,0.00325273155478389,1.54506871244548,0,267.161443506003,60.6481711487664,4.18383313818513e-10,1,0.986611166637817,0,0,0,0,0,0
68.775,9500,1.54506871244548,9500,9500,1.54506871244548,1.54506871244548,0,8.10603234017084e-12,20.384480903736,1,0,15030.1235607483,-15030.1235607483,1.54506871244548,1.5418159808907,1.5418159808907,0,-1.50882597691799e-203,0.00325273155478389,1.54506871244548,0,267.161443506003,60.6481711487664,4.18383313818513e-10,1,0.986611166637817,0,0,0,0,0,0
68.79,9500,1.54506871244548,9500,9500,1.54506871244548,1.54506871244548,0,8.10603234017084e-12,20.384480903736,1,0,15030.1235607483,-15030.1235607483,1.54506871244548,1.5418159808907,1.5418159808907,0,-1.17507485234221e-203,0.00325273155478389,1.54506871244548,0,267.161443506003,60.6481711487664,4.18383313818513e-10,1,0.986611166637817,0,0,0,0,0,0
68.805,9500,1.54506871244548,9500,9500,1.54506871244548,1.54506871244548,0,8.10603234017084e-12,20.384480903736,1,0,15030.1235607483,-15030.1235607483,1.54506871244548,1.5418159808907,1.5418159808907,0,-9.15149215171627e-204,0.00325273155478389,1.54506871244548,0,267.161443506003,60.6481711487664,4.18383313818513e-10,1,0.986611166637817,0,0,0,0,0,0
68.82,9500,1.54506871244548,9500,9500,1.54506871244548,1.54506871244548,0,8.10603234017084e-12,20.384480903736,1,0,15030.1235607483,-15030.1235607483,1.54506871244548,1.5418159808907,1.5418159808907,0,-7.12718925402844e-204,0.00325273155478389,1.54506871244548,0,267.161443506003,60.6481711487664,4.18383313818513e-10,1,0.986611166637817,0,0,0,0,0,0
68.835,9500,1.54506871244548,9500,9500,1.54506871244548,1.54506871244548,0,8.10603234017084e-12,20.384480903736,1,0,15030.1235607483,-15030.1235607483,1.54506871244548,1.5418159808907,1.5418159808907,0,-5.55066057213546e-204,0.00325273155478389,1.54506871244548,0,267.161443506003,60.6481711487664,4.18383313818513e-10,1,0.986611166637817,0,0,0,0,0,0
68.85,9500,1.54506871244548,9500,9500,1.54506871244548,1.54506871244548,0,8.10603234017084e-12,20.384480903736,1,0,15030.1235607483,-15030.1235607483,1.54506871244548,1.5418159808907,1.5418159808907,0,-4.32285880014266e-204,0.00325273155478389,1.54506871244548,0,267.161443506003,60.6481711487664,4.18383313818513e-10,1,0.986611166637817,0,0,0,0,0,0
68.865,9500,1.54506871244548,9500,9500,1.54506871244548,1.54506871244548,0,8.10603234017084e-12,20.384480903736,1,0,15030.1235607483,-15030.1235607483,1.54506871244548,1.5418159808907,1.5418159808907,0,-3.36664581865822e-204,0.00325273155478389,1.54506871244548,0,267.161443506003,60.6481711487664,4.18383313818513e-10,1,0.986611166637817,0,0,0,0,0,0
68.88,9500,1.54506871244548,9500,9500,1.54506871244548,1.54506871244548,0,8.10603234017084e-12,20.384480903736,1,0,15030.1235607483,-15030.1235607483,1.54506871244548,1.5418159808907,1.5418159808907,0,-2.62194639989509e-204,0.00325273155478389,1.54506871244548,0,267.161443506003,60.6481711487664,4.18383313818513e-10,1,0.986611166637817,0,0,0,0,0,0
68.895,9500,1.54506871244548,9500,9500,1.54506871244548,1.54506871244548,0,8.10603234017084e-12,20.384480903736,1,0,15030.1235607483,-15030.1235607483,1.54506871244548,1.5418159808907,1.5418159808907,0,-2.04197390940955e-204,0.00325273155478389,1.54506871244548,0,267.161443506003,60.6481711487664,4.18383313818513e-10,1,0.986611166637817,0,0,0,0,0,0
68.91,9500,1.54506871244548,9500,9500,1.54506871244548,1.54506871244548,0,8.10603234017084e-12,20.384480903736,1,0,15030.1235607483,-15030.1235607483,1.54506871244548,1.5418159808907,1.5418159808907,0,-1.59029087965954e-204,0.00325273155478389,1.54506871244548,0,267.161443506003,60.6481711487664,4.18383313818513e-10,1,0.986611166637817,0,0,0,0,0,0
68.925,9500,1.54506871244548,9500,9500,1.54506871244548,1.54506871244548,0,8.10603234017084e-12,20.384480903736,1,0,15030.1235607483,-15030.1235607483,1.54506871244548,1.5418159808907,1.5418159808907,0,-1.23851978239016e-204,0.00325273155478389,1.54506871244548,0,267.161443506003,60.6481711487664,4.18383313818513e-10,1,0.986611166637817,0,0,0,0,0,0
68.94,9500,1.54506871244548,9500,9500,1.54506871244548,1.54506871244548,0,8.10603234017084e-12,20.384480903736,1,0,15030.1235607483,-15030.1235607483,1.54506871244548,1.5418159808907,1.5418159808907,0,-9.64560176374882e-205,0.00325273155478389,1.54506871244548,0,267.161443506003,60.6481711487664,4.18383313818513e-10,1,0.986611166637817,0,0,0,0,0,0
68.955,9500,1.54506871244548,9500,9500,1.54506871244548,1.54506871244548,0,8.10603234017084e-12,20.384480903736,1,0,15030.1235607483,-15030.1235607483,1.54506871244548,1.5418159808907,1.5418159808907,0,-7.5120022068025e-205,0.00325273155478389,1.54506871244548,0,267.161443506003,60.6481711487664,4.18383313818513e-10,1,0.986611166637817,0,0,0,0,0,0
68.97,9500,1.54506871244548,9500,9500,1.54506871244548,1.54506871244548,0,8.10603234017084e-12,20.384480903736,1,0,15030.1235607483,-15030.1235607483,1.54506871244548,1.5418159808907,1.5418159808907,0,-5.85035320109191e-205,0.00325273155478389,1.54506871244548,0,267.161443506003,60.6481711487664,4.18383313818513e-10,1,0.986611166637817,0,0,0,0,0,0
68.985,9500,1.54506871244548,9500,9500,1.54506871244548,1.54506871244548,0,8.10603234017084e-12,20.384480903736,1,0,15030.1235607483,-15030.1235607483,1.54506871244548,1.5418159808907,1.5418159808907,0,-4.55625965425468e-205,0.00325273155478389,1.54506871244548,0,267.161443506003,60.6481711487664,4.18383313818513e-10,1,0.986611166637817,0,0,0,0,0,0
69,9500,1.54506871244548,9500,9500,1.54506871244548,1.54506871244548,0,8.10603234017084e-12,20.384480903736,1,0,15030.1235607483,-15030.1235607483,1.54506871244548,1.5418159808907,1.5418159808907,0,-3.54841858661019e-205,0.00325273155478389,1.54506871244548,0,267.161443506003,60.6481711487664,4.18383313818513e-10,1,0.986611166637817,0,0,0,0,0,0
69.015,9500,1.54506871244548,9500,9500,1.54506871244548,1.54506871244548,0,8.10603234017084e-12,20.384480903736,1,0,15030.1235607483,-15030.1235607483,1.54506871244548,1.5418159808907,1.5418159808907,0,-2.76351117391715e-205,0.00325273155478389,1.54506871244548,0,267.161443506003,60.6481711487664,4.18383313818513e-10,1,0.986611166637817,0,0,0,0,0,0
69.03,9500,1.54506871244548,9500,9500,1.54506871244548,1.54506871244548,0,8.10603234017084e-12,20.384480903736,1,0,15030.1235607483,-15030.1235607483,1.54506871244548,1.5418159808907,1.5418159808907,0,-2.15222466627325e-205,0.00325273155478389,1.54506871244548,0,267.161443506003,60.6481711487664,4.18383313818513e-10,1,0.986611166637817,0,0,0,0,0,0
69.045,9500,1.54506871244548,9500,9500,1.54506871244548,1.54506871244548,0,8.10603234017084e-12,20.384480903736,1,0,15030.1235607483,-15030.1235607483,1.54506871244548,1.5418159808907,1.5418159808907,0,-1.6761542554392e-205,0.00325273155478389,1.54506871244548,0,267.161443506003,60.6481711487664,4.18383313818513e-10,1,0.986611166637817,0,0,0,0,0,0
69.06,9500,1.54506871244548,9500,9500,1.54506871244548,1.54506871244548,0,8.10603234017084e-12,20.384480903736,1,0,15030.1235607483,-15030.1235607483,1.54506871244548,1.5418159808907,1.5418159808907,0,-1.30539024668452e-205,0.00325273155478389,1.54506871244548,0,267.161443506003,60.6481711487664,4.18383313818513e-10,1,0.986611166637817,0,0,0,0,0,0
69.075,9500,1.54506871244548,9500,9500,1.54506871244548,1.54506871244548,0,8.10603234017084e-12,20.384480903736,1,0,15030.1235607483,-15030.1235607483,1.54506871244548,1.5418159808907,1.5418159808907,0,-1.01663894633168e-205,0.00325273155478389,1.54506871244548,0,267.161443506003,60.6481711487664,4.18383313818513e-10,1,0.986611166637817,0,0,0,0,0,0
69.09,9500,1.54506871244548,9500,9500,1.54506871244548,1.54506871244548,0,8.10603234017084e-12,20.384480903736,1,0,15030.1235607483,-15030.1235607483,1.54506871244548,1.5418159808907,1.5418159808907,0,-7.91759207503998e-206,0.00325273155478389,1.54506871244548,0,267.161443506003,60.6481711487664,4.18383313818513e-10,1,0.986611166637817,0,0,0,0,0,0
69.105,9500,1.54506871244548,9500,9500,1.54506871244548,1.54506871244548,0,8.10603234017084e-12,20.384480903736,1,0,15030.1235607483,-15030.1235607483,1.54506871244548,1.5418159808907,1.5418159808907,0,-6.16622690808108e-206,0.00325273155478389,1.54506871244548,0,267.161443506003,60.6481711487664,4.18383313818513e-10,1,0.986611166637817,0,0,0,0,0,0
69.12,9500,1.54506871244548,9500,9500,1.54506871244548,1.54506871244548,0,8.10603234017084e-12,20.384480903736,1,0,15030.1235607483,-15030.1235607483,1.54506871244548,1.5418159808907,1.5418159808907,0,-4.80226234460951e-206,0.00325273155478389,1.54506871244548,0,267.161443506003,60.6481711487664,4.18383313818513e-10,1,0.986611166637817,0,0,0,0,0,0
69.135,9500,1.54506871244548,9500,9500,1.54506871244548,1.54506871244548,0,8.10603234017084e-12,20.384480903736,1,0,15030.1235607483,-15030.1235607483,1.54506871244548,1.5418159808907,1.5418159808907,0,-3.74000567449621e-206,0.00325273155478389,1.54506871244548,0,267.161443506003,60.6481711487664,4.18383313818513e-10,1,0.986611166637817,0,0,0,0,0,0
69.15,9500,1.54506871244548,9500,9500,1.54506871244548,1.54506871244548,0,8.10603234017084e-12,20.384480903736,1,0,15030.1235607483,-15030.1235607483,1.54506871244548,1.5418159808907,1.5418159808907,0,-2.91271934798915e-206,0.00325273155478389,1.54506871244548,0,267.161443506003,60.6481711487664,4.18383313818513e-10,1,0.986611166637817,0,0,0,0,0,0
69.165,9500,1.54506871244548,9500,9500,1.54506871244548,1.54506871244548,0,8.10603234017084e-12,20.384480903736,1,0,15030.1235607483,-15030.1235607483,1.54506871244548,1.5418159808907,1.5418159808907,0,-2.26842810908118e-206,0.00325273155478389,1.54506871244548,0,267.161443506003,60.6481711487664,4.18383313818513e-10,1,0.986611166637817,0,0,0,0,0,0
69.18,9500,1.54506871244548,9500,9500,1.54506871244548,1.54506871244548,0,8.10603234017084e-12,20.384480903736,1,0,15030.1235607483,-15030.1235607483,1.54506871244548,1.5418159808907,1.5418159808907,0,-1.76665358769361e-206,0.00325273155478389,1.54506871244548,0,267.161443506003,60.6481711487664,4.18383313818513e-10,1,0.986611166637817,0,0,0,0,0,0
69.195,9500,1.54506871244548,9500,9500,1.54506871244548,1.54506871244548,0,8.10603234017084e-12,20.384480903736,1,0,15030.1235607483,-15030.1235607483,1.54506871244548,1.5418159808907,1.5418159808907,0,-1.37587119751169e-206,0.00325273155478389,1.54506871244548,0,267.161443506003,60.6481711487664,4.18383313818513e-10,1,0.986611166637817,0,0,0,0,0,0
69.21,9500,1.54506871244548,9500,9500,1.54506871244548,1.54506871244548,0,8.10603234017084e-12,20.384480903736,1,0,15030.1235607483,-15030.1235607483,1.54506871244548,1.5418159808907,1.5418159808907,0,-1.0715295660275e-206,0.00325273155478389,1.54506871244548,0,267.161443506003,60.6481711487664,4.18383313818513e-10,1,0.986611166637817,0,0,0,0,0,0
69.225,9500,1.54506871244548,9500,9500,1.54506871244548,1.54506871244548,0,8.10603234017084e-12,20.384480903736,1,0,15030.1235607483,-15030.1235607483,1.54506871244548,1.5418159808907,1.5418159808907,0,-8.34508065106376e-207,0.00325273155478389,1.54506871244548,0,267.161443506003,60.6481711487664,4.18383313818513e-10,1,0.986611166637817,0,0,0,0,0,0
69.24,9500,1.54506871244548,9500,9500,1.54506871244548,1.54506871244548,0,8.10603234017084e-12,20.384480903736,1,0,15030.1235607483,-15030.1235607483,1.54506871244548,1.5418159808907,1.5418159808907,0,-6.49915534584248e-207,0.00325273155478389,1.54506871244548,0,267.161443506003,60.6481711487664,4.18383313818513e-10,1,0.986611166637817,0,0,0,0,0,0
69.255,9500,1.54506871244548,9500,9500,1.54506871244548,1.54506871244548,0,8.10603234017084e-12,20.384480903736,1,0,15030.1235607483,-15030.1235607483,1.54506871244548,1.5418159808907,1.5418159808907,0,-5.06154727264483e-207,0.00325273155478389,1.54506871244548,0,267.161443506003,60.6481711487664,4.18383313818513e-10,1,0.986611166637817,0,0,0,0,0,0
69.27,9500,1.54506871244548,9500,9500,1.54506871244548,1.54506871244548,0,8.10603234017084e-12,20.384480903736,1,0,15030.1235607483,-15030.1235607483,1.54506871244548,1.5418159808907,1.5418159808907,0,-3.94193697948873e-207,0.00325273155478389,1.54506871244548,0,267.161443506003,60.6481711487664,4.18383313818513e-10,1,0.986611166637817,0,0,0,0,0,0
69.285,9500,1.54506871244548,9500,9500,1.54506871244548,1.54506871244548,0,8.10603234017084e-12,20.384480903736,1,0,15030.1235607483,-15030.1235607483,1.54506871244548,1.5418159808907,1.5418159808907,0,-3.06998360644395e-207,0.00325273155478389,1.54506871244548,0,267.161443506003,60.6481711487664,4.18383313818513e-10,1,0.986611166637817,0,0,0,0,0,0
69.3,9500,1.54506871244548,9500,9500,1.54506871244548,1.54506871244548,0,8.10603234017084e-12,20.384480903736,1,0,15030.1235607483,-15030.1235607483,1.54506871244548,1.5418159808907,1.5418159808907,0,-2.39090563671493e-207,0.00325273155478389,1.54506871244548,0,267.161443506003,60.6481711487664,4.18383313818513e-10,1,0.986611166637817,0,0,0,0,0,0
69.315,9500,1.54506871244548,9500,9500,1.54506871244548,1.54506871244548,0,8.10603234017084e-12,20.384480903736,1,0,15030.1235607483,-15030.1235607483,1.54506871244548,1.5418159808907,1.5418159808907,0,-1.86203918212342e-207,0.00325273155478389,1.54506871244548,0,267.161443506003,60.6481711487664,4.18383313818513e-10,1,0.986611166637817,0,0,0,0,0,0
69.33,9500,1.54506871244548,9500,9500,1.54506871244548,1.54506871244548,0,8.10603234017084e-12,20.384480903736,1,0,15030.1235607483,-15030.1235607483,1.54506871244548,1.5418159808907,1.5418159808907,0,-1.45015757314736e-207,0.00325273155478389,1.54506871244548,0,267.161443506003,60.6481711487664,4.18383313818513e-10,1,0.986611166637817,0,0,0,0,0,0
69.345,9500,1.54506871244548,9500,9500,1.54506871244548,1.54506871244548,0,8.10603234017084e-12,20.384480903736,1,0,15030.1235607483,-15030.1235607483,1.54506871244548,1.5418159808907,1.5418159808907,0,-1.12938385354409e-207,0.00325273155478389,1.54506871244548,0,267.161443506003,60.6481711487664,4.18383313818513e-10,1,0.986611166637817,0,0,0,0,0,0
69.36,9500,1.54506871244548,9500,9500,1.54506871244548,1.54506871244548,0,8.10603234017084e-12,20.384480903736,1,0,15030.1235607483,-15030.1235607483,1.54506871244548,1.5418159808907,1.5418159808907,0,-8.79565029528338e-208,0.00325273155478389,1.54506871244548,0,267.161443506003,60.6481711487664,4.18383313818513e-10,1,0.986611166637817,0,0,0,0,0,0
69.375,9500,1.54506871244548,9500,9500,1.54506871244548,1.54506871244548,0,8.10603234017084e-12,20.384480903736,1,0,15030.1235607483,-15030.1235607483,1.54506871244548,1.5418159808907,1.5418159808907,0,-6.85005933758893e-208,0.00325273155478389,1.54506871244548,0,267.161443506003,60.6481711487664,4.18383313818513e-10,1,0.986611166637817,0,0,0,0,0,0
69.39,9500,1.54506871244548,9500,9500,1.54506871244548,1.54506871244548,0,8.10603234017084e-12,20.384480903736,1,0,15030.1235607483,-15030.1235607483,1.54506871244548,1.5418159808907,1.5418159808907,0,-5.33483157619985e-208,0.00325273155478389,1.54506871244548,0,267.161443506003,60.6481711487664,4.18383313818513e-10,1,0.986611166637817,0,0,0,0,0,0
69.405,9500,1.54506871244548,9500,9500,1.54506871244548,1.54506871244548,0,8.10603234017084e-12,20.384480903736,1,0,15030.1235607483,-15030.1235607483,1.54506871244548,1.5418159808907,1.5418159808907,0,-4.1547710090985e-208,0.00325273155478389,1.54506871244548,0,267.161443506003,60.6481711487664,4.18383313818513e-10,1,0.986611166637817,0,0,0,0,0,0
69.42,9500,1.54506871244548,9500,9500,1.54506871244548,1.54506871244548,0,8.10603234017084e-12,20.384480903736,1,0,15030.1235607483,-15030.1235607483,1.54506871244548,1.5418159808907,1.5418159808907,0,-3.23573891536828e-208,0.00325273155478389,1.54506871244548,0,267.161443506003,60.6481711487664,4.18383313818513e-10,1,0.986611166637817,0,0,0,0,0,0
69.435,9500,1.54506871244548,9500,9500,1.54506871244548,1.54506871244548,0,8.10603234017084e-12,20.384480903736,1,0,15030.1235607483,-15030.1235607483,1.54506871244548,1.5418159808907,1.5418159808907,0,-2.51999600110344e-208,0.00325273155478389,1.54506871244548,0,267.161443506003,60.6481711487664,4.18383313818513e-10,1,0.986611166637817,0,0,0,0,0,0
69.45,9500,1.54506871244548,9500,9500,1.54506871244548,1.54506871244548,0,8.10603234017084e-12,20.384480903736,1,0,15030.1235607483,-15030.1235607483,1.54506871244548,1.5418159808907,1.5418159808907,0,-1.96257485899617e-208,0.00325273155478389,1.54506871244548,0,267.161443506003,60.6481711487664,4.18383313818513e-10,1,0.986611166637817,0,0,0,0,0,0
69.465,9500,1.54506871244548,9500,9500,1.54506871244548,1.54506871244548,0,8.10603234017084e-12,20.384480903736,1,0,15030.1235607483,-15030.1235607483,1.54506871244548,1.5418159808907,1.5418159808907,0,-1.52845483702247e-208,0.00325273155478389,1.54506871244548,0,267.161443506003,60.6481711487664,4.18383313818513e-10,1,0.986611166637817,0,0,0,0,0,0
69.48,9500,1.54506871244548,9500,9500,1.54506871244548,1.54506871244548,0,8.10603234017084e-12,20.384480903736,1,0,15030.1235607483,-15030.1235607483,1.54506871244548,1.5418159808907,1.5418159808907,0,-1.19036182396237e-208,0.00325273155478389,1.54506871244548,0,267.161443506003,60.6481711487664,4.18383313818513e-10,1,0.986611166637817,0,0,0,0,0,0
69.495,9500,1.54506871244548,9500,9500,1.54506871244548,1.54506871244548,0,8.10603234017084e-12,20.384480903736,1,0,15030.1235607483,-15030.1235607483,1.54506871244548,1.5418159808907,1.5418159808907,0,-9.27054720640202e-209,0.00325273155478389,1.54506871244548,0,267.161443506003,60.6481711487664,4.18383313818513e-10,1,0.986611166637817,0,0,0,0,0,0
69.51,9500,1.54506871244548,9500,9500,1.54506871244548,1.54506871244548,0,8.10603234017084e-12,20.384480903736,1,0,15030.1235607483,-15030.1235607483,1.54506871244548,1.5418159808907,1.5418159808907,0,-7.21990942384632e-209,0.00325273155478389,1.54506871244548,0,267.161443506003,60.6481711487664,4.18383313818513e-10,1,0.986611166637817,0,0,0,0,0,0
69.525,9500,1.54506871244548,9500,9500,1.54506871244548,1.54506871244548,0,8.10603234017084e-12,20.384480903736,1,0,15030.1235607483,-15030.1235607483,1.54506871244548,1.5418159808907,1.5418159808907,0,-5.62287111299613e-209,0.00325273155478389,1.54506871244548,0,267.161443506003,60.6481711487664,4.18383313818513e-10,1,0.986611166637817,0,0,0,0,0,0
69.54,9500,1.54506871244548,9500,9500,1.54506871244548,1.54506871244548,0,8.10603234017084e-12,20.384480903736,1,0,15030.1235607483,-15030.1235607483,1.54506871244548,1.5418159808907,1.5418159808907,0,-4.37909642591097e-209,0.00325273155478389,1.54506871244548,0,267.161443506003,60.6481711487664,4.18383313818513e-10,1,0.986611166637817,0,0,0,0,0,0
69.555,9500,1.54506871244548,9500,9500,1.54506871244548,1.54506871244548,0,8.10603234017084e-12,20.384480903736,1,0,15030.1235607483,-15030.1235607483,1.54506871244548,1.5418159808907,1.5418159808907,0,-3.41044372564465e-209,0.00325273155478389,1.54506871244548,0,267.161443506003,60.6481711487664,4.18383313818513e-10,1,0.986611166637817,0,0,0,0,0,0
69.57,9500,1.54506871244548,9500,9500,1.54506871244548,1.54506871244548,0,8.10603234017084e-12,20.384480903736,1,0,15030.1235607483,-15030.1235607483,1.54506871244548,1.5418159808907,1.5418159808907,0,-2.65605624415301e-209,0.00325273155478389,1.54506871244548,0,267.161443506003,60.6481711487664,4.18383313818513e-10,1,0.986611166637817,0,0,0,0,0,0
69.585,9500,1.54506871244548,9500,9500,1.54506871244548,1.54506871244548,0,8.10603234017084e-12,20.384480903736,1,0,15030.1235607483,-15030.1235607483,1.54506871244548,1.5418159808907,1.5418159808907,0,-2.06853868282806e-209,0.00325273155478389,1.54506871244548,0,267.161443506003,60.6481711487664,4.18383313818513e-10,1,0.986611166637817,0,0,0,0,0,0
69.6,9500,1.54506871244548,9500,9500,1.54506871244548,1.54506871244548,0,8.10603234017084e-12,20.384480903736,1,0,15030.1235607483,-15030.1235607483,1.54506871244548,1.5418159808907,1.5418159808907,0,-1.61097954599999e-209,0.00325273155478389,1.54506871244548,0,267.161443506003,60.6481711487664,4.18383313818513e-10,1,0.986611166637817,0,0,0,0,0,0
69.615,9500,1.54506871244548,9500,9500,1.54506871244548,1.54506871244548,0,8.10603234017084e-12,20.384480903736,1,0,15030.1235607483,-15030.1235607483,1.54506871244548,1.5418159808907,1.5418159808907,0,-1.25463213193681e-209,0.00325273155478389,1.54506871244548,0,267.161443506003,60.6481711487664,4.18383313818513e-10,1,0.986611166637817,0,0,0,0,0,0
69.63,9500,1.54506871244548,9500,9500,1.54506871244548,1.54506871244548,0,8.10603234017084e-12,20.384480903736,1,0,15030.1235607483,-15030.1235607483,1.54506871244548,1.5418159808907,1.5418159808907,0,-9.77108486818931e-210,0.00325273155478389,1.54506871244548,0,267.161443506003,60.6481711487664,4.18383313818513e-10,1,0.986611166637817,0,0,0,0,0,0
69.645,9500,1.54506871244548,9500,9500,1.54506871244548,1.54506871244548,0,8.10603234017084e-12,20.384480903736,1,0,15030.1235607483,-15030.1235607483,1.54506871244548,1.5418159808907,1.5418159808907,0,-7.60972854680299e-210,0.00325273155478389,1.54506871244548,0,267.161443506003,60.6481711487664,4.18383313818513e-10,1,0.986611166637817,0,0,0,0,0,0
69.66,9500,1.54506871244548,9500,9500,1.54506871244548,1.54506871244548,0,8.10603234017084e-12,20.384480903736,1,0,15030.1235607483,-15030.1235607483,1.54506871244548,1.5418159808907,1.5418159808907,0,-5.92646255121099e-210,0.00325273155478389,1.54506871244548,0,267.161443506003,60.6481711487664,4.18383313818513e-10,1,0.986611166637817,0,0,0,0,0,0
69.675,9500,1.54506871244548,9500,9500,1.54506871244548,1.54506871244548,0,8.10603234017084e-12,20.384480903736,1,0,15030.1235607483,-15030.1235607483,1.54506871244548,1.5418159808907,1.5418159808907,0,-4.61553367572648e-210,0.00325273155478389,1.54506871244548,0,267.161443506003,60.6481711487664,4.18383313818513e-10,1,0.986611166637817,0,0,0,0,0,0
69.69,9500,1.54506871244548,9500,9500,1.54506871244548,1.54506871244548,0,8.10603234017084e-12,20.384480903736,1,0,15030.1235607483,-15030.1235607483,1.54506871244548,1.5418159808907,1.5418159808907,0,-3.59458124094822e-210,0.00325273155478389,1.54506871244548,0,267.161443506003,60.6481711487664,4.18383313818513e-10,1,0.986611166637817,0,0,0,0,0,0
69.705,9500,1.54506871244548,9500,9500,1.54506871244548,1.54506871244548,0,8.10603234017084e-12,20.384480903736,1,0,15030.1235607483,-15030.1235607483,1.54506871244548,1.5418159808907,1.5418159808907,0,-2.79946268526425e-210,0.00325273155478389,1.54506871244548,0,267.161443506003,60.6481711487664,4.18383313818513e-10,1,0.986611166637817,0,0,0,0,0,0
69.72,9500,1.54506871244548,9500,9500,1.54506871244548,1.54506871244548,0,8.10603234017084e-12,20.384480903736,1,0,15030.1235607483,-15030.1235607483,1.54506871244548,1.5418159808907,1.5418159808907,0,-2.18022373146298e-210,0.00325273155478389,1.54506871244548,0,267.161443506003,60.6481711487664,4.18383313818513e-10,1,0.986611166637817,0,0,0,0,0,0
69.735,9500,1.54506871244548,9500,9500,1.54506871244548,1.54506871244548,0,8.10603234017084e-12,20.384480903736,1,0,15030.1235607483,-15030.1235607483,1.54506871244548,1.5418159808907,1.5418159808907,0,-1.69795994933423e-210,0.00325273155478389,1.54506871244548,0,267.161443506003,60.6481711487664,4.18383313818513e-10,1,0.986611166637817,0,0,0,0,0,0
69.75,9500,1.54506871244548,9500,9500,1.54506871244548,1.54506871244548,0,8.10603234017084e-12,20.384480903736,1,0,15030.1235607483,-15030.1235607483,1.54506871244548,1.5418159808907,1.5418159808907,0,-1.32237253816538e-210,0.00325273155478389,1.54506871244548,0,267.161443506003,60.6481711487664,4.18383313818513e-10,1,0.986611166637817,0,0,0,0,0,0
69.765,9500,1.54506871244548,9500,9500,1.54506871244548,1.54506871244548,0,8.10603234017084e-12,20.384480903736,1,0,15030.1235607483,-15030.1235607483,1.54506871244548,1.5418159808907,1.5418159808907,0,-1.02986476823532e-210,0.00325273155478389,1.54506871244548,0,267.161443506003,60.6481711487664,4.18383313818513e-10,1,0.986611166637817,0,0,0,0,0,0
69.78,9500,1.54506871244548,9500,9500,1.54506871244548,1.54506871244548,0,8.10603234017084e-12,20.384480903736,1,0,15030.1235607483,-15030.1235607483,1.54506871244548,1.5418159808907,1.5418159808907,0,-8.02059487959318e-211,0.00325273155478389,1.54506871244548,0,267.161443506003,60.6481711487664,4.18383313818513e-10,1,0.986611166637817,0,0,0,0,0,0
69.795,9500,1.54506871244548,9500,9500,1.54506871244548,1.54506871244548,0,8.10603234017084e-12,20.384480903736,1,0,15030.1235607483,-15030.1235607483,1.54506871244548,1.5418159808907,1.5418159808907,0,-6.24644557292567e-211,0.00325273155478389,1.54506871244548,0,267.161443506003,60.6481711487664,4.18383313818513e-10,1,0.986611166637817,0,0,0,0,0,0
69.81,9500,1.54506871244548,9500,9500,1.54506871244548,1.54506871244548,0,8.10603234017084e-12,20.384480903736,1,0,15030.1235607483,-15030.1235607483,1.54506871244548,1.5418159808907,1.5418159808907,0,-4.86473670360742e-211,0.00325273155478389,1.54506871244548,0,267.161443506003,60.6481711487664,4.18383313818513e-10,1,0.986611166637817,0,0,0,0,0,0
69.825,9500,1.54506871244548,9500,9500,1.54506871244548,1.54506871244548,0,8.10603234017084e-12,20.384480903736,1,0,15030.1235607483,-15030.1235607483,1.54506871244548,1.5418159808907,1.5418159808907,0,-3.78866075420566e-211,0.00325273155478389,1.54506871244548,0,267.161443506003,60.6481711487664,4.18383313818513e-10,1,0.986611166637817,0,0,0,0,0,0
69.84,9500,1.54506871244548,9500,9500,1.54506871244548,1.54506871244548,0,8.10603234017084e-12,20.384480903736,1,0,15030.1235607483,-15030.1235607483,1.54506871244548,1.5418159808907,1.5418159808907,0,-2.95061196216727e-211,0.00325273155478389,1.54506871244548,0,267.161443506003,60.6481711487664,4.18383313818513e-10,1,0.986611166637817,0,0,0,0,0,0
69.855,9500,1.54506871244548,9500,9500,1.54506871244548,1.54506871244548,0,8.10603234017084e-12,20.384480903736,1,0,15030.1235607483,-15030.1235607483,1.54506871244548,1.5418159808907,1.5418159808907,0,-2.29793890667572e-211,0.00325273155478389,1.54506871244548,0,267.161443506003,60.6481711487664,4.18383313818513e-10,1,0.986611166637817,0,0,0,0,0,0
69.87,9500,1.54506871244548,9500,9500,1.54506871244548,1.54506871244548,0,8.10603234017084e-12,20.384480903736,1,0,15030.1235607483,-15030.1235607483,1.54506871244548,1.5418159808907,1.5418159808907,0,-1.7896366199693e-211,0.00325273155478389,1.54506871244548,0,267.161443506003,60.6481711487664,4.18383313818513e-10,1,0.986611166637817,0,0,0,0,0,0
69.885,9500,1.54506871244548,9500,9500,1.54506871244548,1.54506871244548,0,8.10603234017084e-12,20.384480903736,1,0,15030.1235607483,-15030.1235607483,1.54506871244548,1.5418159808907,1.5418159808907,0,-1.39377040104535e-211,0.00325273155478389,1.54506871244548,0,267.161443506003,60.6481711487664,4.18383313818513e-10,1,0.986611166637817,0,0,0,0,0,0
69.9,9500,1.54506871244548,9500,9500,1.54506871244548,1.54506871244548,0,8.10603234017084e-12,20.384480903736,1,0,15030.1235607483,-15030.1235607483,1.54506871244548,1.5418159808907,1.5418159808907,0,-1.08546947975587e-211,0.00325273155478389,1.54506871244548,0,267.161443506003,60.6481711487664,4.18383313818513e-10,1,0.986611166637817,0,0,0,0,0,0
69.915,9500,1.54506871244548,9500,9500,1.54506871244548,1.54506871244548,0,8.10603234017084e-12,20.384480903736,1,0,15030.1235607483,-15030.1235607483,1.54506871244548,1.5418159808907,1.5418159808907,0,-8.45364480833981e-212,0.00325273155478389,1.54506871244548,0,267.161443506003,60.6481711487664,4.18383313818513e-10,1,0.986611166637817,0,0,0,0,0,0
69.93,9500,1.54506871244548,9500,9500,1.54506871244548,1.54506871244548,0,8.10603234017084e-12,20.384480903736,1,0,15030.1235607483,-15030.1235607483,1.54506871244548,1.5418159808907,1.5418159808907,0,-6.58370519654256e-212,0.00325273155478389,1.54506871244548,0,267.161443506003,60.6481711487664,4.18383313818513e-10,1,0.986611166637817,0,0,0,0,0,0
69.945,9500,1.54506871244548,9500,9500,1.54506871244548,1.54506871244548,0,8.10603234017084e-12,20.384480903736,1,0,15030.1235607483,-15030.1235607483,1.54506871244548,1.5418159808907,1.5418159808907,0,-5.12739476257862e-212,0.00325273155478389,1.54506871244548,0,267.161443506003,60.6481711487664,4.18383313818513e-10,1,0.986611166637817,0,0,0,0,0,0
69.96,9500,1.54506871244548,9500,9500,1.54506871244548,1.54506871244548,0,8.10603234017084e-12,20.384480903736,1,0,15030.1235607483,-15030.1235607483,1.54506871244548,1.5418159808907,1.5418159808907,0,-3.99321905621245e-212,0.00325273155478389,1.54506871244548,0,267.161443506003,60.6481711487664,4.18383313818513e-10,1,0.986611166637817,0,0,0,0,0,0
69.975,9500,1.54506871244548,9500,9500,1.54506871244548,1.54506871244548,0,8.10603234017084e-12,20.384480903736,1,0,15030.1235607483,-15030.1235607483,1.54506871244548,1.5418159808907,1.5418159808907,0,-3.10992212795391e-212,0.00325273155478389,1.54506871244548,0,267.161443506003,60.6481711487664,4.18383313818513e-10,1,0.986611166637817,0,0,0,0,0,0
69.99,9500,1.54506871244548,9500,9500,1.54506871244548,1.54506871244548,0,8.10603234017084e-12,20.384480903736,1,0,15030.1235607483,-15030.1235607483,1.54506871244548,1.5418159808907,1.5418159808907,0,-2.4220097885416e-212,0.00325273155478389,1.54506871244548,0,267.161443506003,60.6481711487664,4.18383313818513e-10,1,0.986611166637817,0,0,0,0,0,0
70.005,9500,1.54506871244548,9500,9500,1.54506871244548,1.54506871244548,0,-264.498300733037,20.384480903736,1,1503.01235607484,15030.1235607483,-15030.1235607483,1.54506871244548,1.5418159808907,1.5418159808907,0,-1.8862631199228e-212,0.00325273155478389,1.54506871244548,0,267.161443506003,60.6481711487664,4.18383313818513e-10,1,0.986611166637817,0,0,0,0,0,0
70.02,9496.032525489,1.54506871244548,9500,9500,1.54506871244548,1.54506871244548,0,-261.035543192196,20.3382577682894,19,1503.01235607484,15013.710103995,-14993.4135022317,1.54506871244548,1.5418159808907,1.5418159808907,0,-1.46902319487459e-212,0.00325273155478389,1.54506871244548,0,267.161443506003,60.6481711487664,7.03162390185096e-10,1,0.986199129305617,0,0,0,0,0,0
70.035,9492.11699234112,1.59554264660363,9500,9498.97177938704,1.57117928212024,1.59554264660363,0,-226.494377792487,19.2017896719988,19,1503.01235607484,15224.9284399475,-15007.9031766021,1.59554264660363,1.5418159808907,1.51657901381162,0.0252369670790724,-15.162772961046,0.00325273155478389,1.59554264660363,0,267.161443506003,60.6481711487664,8.91948665058101e-10,1,0.985792486281718,0,0.00149727509184894,0.0504739341581448,0,0,0
70.05,9488.71957667423,1.67136799061427,9500,9497.19527563925,1.61706287218966,1.67136799061427,0,-178.225899502542,17.5623661771302,19,1503.01235607484,15542.7176639809,-15051.2722008247,1.67136799061427,1.5418159808907,1.47900322870197,0.0628127521887287,-38.0061953143773,0.00392650534611592,1.67136799061427,0,267.161443506003,60.6481711487664,9.52808744586792e-10,1,0.985439651730701,0,0.00407734895142009,0.125625504377457,0,0,0
70.065,9486.04618818169,1.75095705353412,9500,9494.99869230623,1.67494631467701,1.75095705353412,0,-128.329193066078,15.9260471244709,19,1503.01235607484,15877.1683093369,-15102.316294473,1.75095705353412,1.5418159808907,1.44012610075611,0.101689880134583,-61.9914222179446,0.00576131237425496,1.75095705353412,0,267.161443506003,60.6481711487664,8.65841210448794e-10,1,0.985162010158122,0,0.00725530938149088,0.203379760269165,0,0,0
70.08,9484.1212502857,1.82015498371199,9500,9492.67853895606,1.7376151239197,1.82015498371199,0,-86.1667269204441,14.5474744987374,19,1503.01235607484,16165.5640198713,-15151.3765051725,1.82015498371199,1.5418159808907,1.40715958027802,0.134656400612681,-82.4933751145918,0.00902620159592585,1.82015498371199,1,267.161443506003,60.6481711487664,5.36393997201559e-10,1,0.984962098029357,0,0.010597109625579,0.269312801225362,0,0,0
70.095,9482.8287493819,1.87203281638833,9500,9490.46081063103,1.79942307351858,1.87203281638833,0,-54.7684376902224,13.5493838742611,18,1503.01235607484,16380.5884973758,-15188.2360939302,1.87203281638833,1.5418159808907,1.3836050136056,0.158210967285096,-96.9498897279049,0.0137949009274364,1.87203281638833,1,267.161443506003,60.6481711487664,8.50723768468127e-10,1,0.984827866889927,0,0.0137768417624105,0.316421934570192,0,0,0
70.11,9482.00722281654,1.90527144604148,9500,9488.48286655755,1.85680525313542,1.90527144604148,0,-34.735701821804,12.9243089440555,18,1503.01235607484,16517.3471002501,-15211.3473719204,1.90527144604148,1.5418159808907,1.37008548817557,0.17173049271513,-104.672628717575,0.0199944797205211,1.90527144604148,1,267.161443506003,60.6481711487664,5.68146437157731e-10,1,0.984742548228551,0,0.0166007015460226,0.343460985430259,0,0,0
70.125,9481.48618728922,1.92185118028759,9500,9486.80462253652,1.90806032649615,1.92185118028759,0,-24.6789315738584,12.6150387490773,17,1503.01235607484,16584.7293131036,-15221.6825362323,1.92185118028759,1.5418159808907,1.36553077890037,0.176285201990329,-106.267542762492,0.0274647954162313,1.92185118028759,1,267.161443506003,60.6481711487664,8.12033351031164e-10,1,0.984688436705449,0,0.0189877493984245,0.352570403980659,0,0,0
70.14,9481.11600331561,1.92544909224418,9500,9485.42628356174,1.95295831296175,1.92544909224418,0,-22.2881254930449,12.5447438931567,17,1503.01235607484,16598.1368107188,-15221.5258201621,1.92544909224418,1.5418159808907,1.36800406653672,0.173811914353979,-103.087078977383,0.0360092826455223,1.92544909224418,1,267.161443506003,60.6481711487664,5.94523329327696e-10,1,0.984649991690494,0,0.020942108495837,0.347623828707958,0,0,0
70.155,9480.78168143321,1.92035163424928,9500,9484.30922055745,1.9922552280715,1.92035163424928,0,-24.9712508845807,12.6325865886342,17,1503.01235607484,16575.1799935237,-15213.7805608039,1.92035163424928,1.5418159808907,1.37526476994573,0.166551210944969,-96.7571952860095,0.0454332314686489,1.92035163424928,1,267.161443506003,60.6481711487664,5.50196398221948e-10,1,0.984615271090239,0,0.0225219736965565,0.333102421889938,0,0,0
70.17,9480.40711266995,1.91073400724064,9500,9483.39501469917,2.02723859880802,1.91073400724064,0,-30.2487295229877,12.802537624423,17,1503.01235607484,16532.9981873945,-15201.5205801278,1.91073400724064,1.5418159808907,1.38514102753178,0.156674953358921,-88.8360207874915,0.0555681196320994,1.91073400724064,1,267.161443506003,60.6481711487664,6.22714518928804e-10,1,0.984576370698184,0,0.0238122697677714,0.313349906717841,0,0,0
70.185,9479.9533817271,1.900170330728,9500,9482.62066253952,2.05935618789767,1.900170330728,0,-36.0180580915699,12.9896819819613,17,1503.01235607484,16486.3976502938,-15187.6268606662,1.900170330728,1.5418159808907,1.39578062648584,0.146035354404854,-80.6046353103406,0.0662836410275965,1.900170330728,1,267.161443506003,60.6481711487664,7.54681757185882e-10,1,0.98452924901241,0,0.0249033115700834,0.292070708809709,0,0,0
70.2,9479.41311085573,1.89132686508037,9500,9481.92940337597,2.08994448278218,1.89132686508037,0,-40.7222462955846,13.14501298662,17,1503.01235607484,16446.5901054016,-15174.4812953132,1.89132686508037,1.5418159808907,1.40580560441293,0.136010376477768,-72.968685476984,0.077490131234134,1.89132686508037,1,267.161443506003,60.6481711487664,8.98036166511589e-10,1,0.984473139825599,0,0.0258758397565975,0.272020752955536,0,0,0
70.215,9478.80227716129,1.88583627756711,9500,9481.27727471569,2.12005754449665,1.88583627756711,0,-43.4198511061887,13.2380800753415,18,1503.01235607484,16420.5863399476,-15163.757584815,1.88583627756711,1.5418159808907,1.41437296211479,0.127443018775904,-66.4447593218501,0.0891342591246029,1.88583627756711,0,267.161443506003,60.6481711487664,4.6868065049104e-10,1,0.984409702420979,0,0.0267920797638783,0.254886037551807,0,0,0
70.23,9478.1509793947,1.88434474539694,9500,9480.635848162,2.15038793408378,1.88434474539694,0,-43.7553227907742,13.2567680677196,18,1503.01235607484,16411.2942627495,-15156.3505255513,1.88434474539694,1.5418159808907,1.42114694614675,0.120669034743947,-61.2061006837913,0.101190695018348,1.88434474539694,0,267.161443506003,60.6481711487664,5.03433283180814e-10,1,0.984342062668418,0,0.0276921203157665,0.241338069487895,0,0,0
70.245,9477.49464955284,1.88669538992989,9500,9479.99186336009,2.18126435758063,1.88669538992989,0,-41.8478579338675,13.2042714558971,18,1503.01235607484,16418.2214699097,-15152.4470643244,1.88669538992989,1.5418159808907,1.42620235095132,0.115613629939377,-57.1639547343098,0.113652149160443,1.88669538992989,0,267.161443506003,60.6481711487664,5.1299622083353e-10,1,0.984273900315683,0,0.0285945980191236,0.231227259878754,0,0,0
70.26,9476.86693168383,1.89218871869404,9500,9479.34467918677,2.21270501431579,1.89218871869404,0,-38.1339377146629,13.0942079965299,18,1503.01235607484,16438.5445866491,-15151.7015083283,1.89218871869404,1.5418159808907,1.42988947112355,0.111926509767145,-54.0631082003909,0.126519718269049,1.89218871869404,0,267.161443506003,60.6481711487664,4.97323591178764e-10,1,0.984208709425256,0,0.0295004042273528,0.22385301953429,0,0,0
70.275,9476.29492261811,1.8998562023735,9500,9478.70253994954,2.24450294839064,1.8998562023735,0,-33.2025445015922,12.9452410751716,17,1503.01235607484,16468.2634066957,-15153.4545647358,1.8998562023735,1.5418159808907,1.43269332023498,0.109122660655722,-51.5737707640642,0.139794900171357,1.8998562023735,0,267.161443506003,60.6481711487664,9.94455522157447e-10,1,0.984149304106134,0,0.030398013920194,0.218245321311444,0,0,0
70.29,9475.79688445058,1.90869587512452,9500,9478.07857582288,2.27632094927683,1.90869587512452,0,-27.6543584907729,12.7764225170028,17,1503.01235607484,16503.205842553,-15156.9398670521,1.90869587512452,1.5418159808907,1.43511303699151,0.10670294389919,-49.3670514708629,0.153474006435445,1.90869587512452,0,267.161443506003,60.6481711487664,8.77103578484198e-10,1,0.984097580946398,0,0.0312691430157219,0.213405887798379,0,0,0
70.305,9475.38206907322,1.91784061177784,9500,9477.48724698261,2.30777818484505,1.91784061177784,0,-22.002586507993,12.6039519329054,17,1503.01235607484,16539.7479802378,-15161.4421754167,1.91784061177784,1.5418159808907,1.43757622584339,0.10423975504731,-47.1671967711538,0.16754512079252,1.91784061177784,0,267.161443506003,60.6481711487664,7.38854668192666e-10,1,0.984054500790251,0,0.0320937400551198,0.208479510094621,0,0,0
70.32,9475.0520302756,1.92665156872407,9500,9476.94166381267,2.33851725436378,1.92665156872407,0,-16.6195860807467,12.4394950493457,17,1503.01235607484,16575.2127081046,-15166.3939912381,1.92665156872407,1.5418159808907,1.44039183888267,0.101424142008023,-44.7793544446686,0.181987303817323,1.92665156872407,0,267.161443506003,60.6481711487664,5.93003821462632e-10,1,0.984020225004656,0,0.0328537161537257,0.202848284016046,0,0,0
70.335,9474.80273648439,1.93474538414617,9500,9476.45194166112,2.36824698006694,1.93474538414617,0,-11.7235172117515,12.2898202941616,16,1503.01235607484,16607.9848270343,-15171.4155156017,1.93474538414617,1.5418159808907,1.44373701730621,0.0980789635844885,-42.0959400692935,0.1967714760865,1.93474538414617,0,267.161443506003,60.6481711487664,9.70017183257418e-10,1,0.983994334895373,0,0.0335352076764794,0.196157927168977,0,0,0
70.35,9474.62688372621,1.94197236203057,9500,9476.0245295245,2.39676170077747,1.94197236203057,0,-7.39372202516963,12.1573472720456,16,1503.01235607484,16637.4203136256,-15176.3114233121,1.94197236203057,1.5418159808907,1.44766895009122,0.0941470307994761,-39.0872330850834,0.211862319540916,1.94197236203057,0,267.161443506003,60.6481711487664,6.83167839954485e-10,1,0.983976071916963,0,0.0341294735662707,0.188294061598952,0,0,0
70.365,9474.51597789584,1.94836510160761,9500,9475.6623121453,2.42394142901479,1.94836510160761,0,-3.60303333504078,12.0411954878051,15,1503.01235607484,16663.6320359459,-15181.0398512801,1.94836510160761,1.5418159808907,1.45215171185511,0.089664269035588,-35.7826477772093,0.227220582645738,1.94836510160761,0,267.161443506003,60.6481711487664,9.14930358519469e-10,1,0.983964553924258,0,0.0346327202408367,0.179328538071176,0,0,0
70.38,9474.46193239581,1.95407505019246,9500,9475.36522529538,2.44973889971627,1.95407505019246,0,-0.256172217676639,11.9383984813896,14,1503.01235607484,16687.2276820202,-15185.6679697632,1.95407505019246,1.5418159808907,1.45708909961687,0.0847268812738227,-32.2485793468335,0.242805306754114,1.95407505019246,0,267.161443506003,60.6481711487664,9.04979008342547e-10,1,0.983958941093328,0,0.0350452235508198,0.169453762547645,0,0,0
70.395,9474.45808981255,1.95931050200668,9500,9475.13112564929,2.47415969245631,1.95931050200668,0,2.77344228665494,11.8450466085559,12,1503.01235607484,16709.0544645171,-15190.32525509,1.95931050200668,1.5418159808907,1.4623565490087,0.0794594318819999,-28.567396074729,0.258575657351983,1.95931050200668,0,267.161443506003,60.6481711487664,7.60011814179098e-10,1,0.983958542026427,0,0.0353701089350418,0.158918863764,0,0,0
70.41,9474.49969144685,1.96428496858519,9500,9474.95669999925,2.49724070222281,1.96428496858519,0,5.61351886537896,11.7572136790991,14,1503.01235607484,16729.9860120233,-15195.1613197412,1.96428496858519,1.5418159808907,1.46782759022983,0.0739883906608692,-24.8204982467257,0.274492206372752,1.96428496858519,0,267.161443506003,60.6481711487664,9.16579560160431e-10,1,0.983962862514527,0,0.0356120866437675,0.147976781321738,0,0,0
70.425,9474.58389422983,1.96918056045982,9500,9474.83826052029,2.51903082191435,1.96918056045982,0,8.37179243993596,11.6715996858207,15,1503.01235607484,16750.7707836532,-15200.313853656,1.96918056045982,1.5418159808907,1.47339251378736,0.0684234671033372,-21.0768048041149,0.290517645362447,1.96918056045982,0,267.161443506003,60.6481711487664,8.08319641719961e-10,1,0.983971607294101,0,0.0357763512460163,0.136846934206674,0,0,0
70.44,9474.70947111643,1.97412741669887,9500,9474.77233831654,2.5395761508264,1.97412741669887,0,11.1244642351424,11.5858784787948,16,1503.01235607484,16771.9460877389,-15205.8881140945,1.97412741669887,1.5418159808907,1.47896876469819,0.0628472161925069,-17.3867614092986,0.306617003423155,1.97412741669887,0,267.161443506003,60.6481711487664,5.49326482548648e-10,1,0.983984648931848,0,0.0358677637042315,0.125694432385014,0,0,0
70.455,9474.87633807995,1.9791975347846,9500,9474.75604549579,2.55891063595592,1.9791975347846,0,13.9131360544734,11.4987877542551,16,1503.01235607484,16793.8110738039,-15211.9472711234,1.9791975347846,1.5418159808907,1.48450395248878,0.0573120284019222,-13.7810873467092,0.322757497090059,1.9791975347846,0,267.161443506003,60.6481711487664,7.22548225723277e-10,1,0.984001978701275,0,0.0358903547866722,0.114624056803844,0,0,0
70.47,9475.08503512077,1.98440965709954,9500,9474.78722082263,2.57705193754198,1.98440965709954,0,16.7481115639322,11.4100228198228,16,1503.01235607484,16816.4456997431,-15218.5126628061,1.98440965709954,1.5418159808907,1.48997322115831,0.0518427597323903,-10.2729910915095,0.338908156744061,1.98440965709954,0,267.161443506003,60.6481711487664,8.97476827969488e-10,1,0.984023652683476,0,0.0358471275233432,0.103685519464781,0,0,0
70.485,9475.33625679423,1.98974113768662,9500,9474.86440312067,2.59400155949549,1.98974113768662,0,19.6156991192835,11.3200099175261,17,1503.01235607484,16839.7585839008,-15225.5702699623,1.98974113768662,1.5418159808907,1.49537308455752,0.0464428963331776,-6.86243591406598,0.355039364129566,1.98974113768662,0,267.161443506003,60.6481711487664,4.99300229594374e-10,1,0.98404974301067,0,0.035740096964533,0.0928857926663551,0,0,0
70.5,9475.63049228102,1.99514282791924,9500,9474.98668989835,2.60974791440219,1.99514282791924,0,22.4871249690125,11.2296310593156,17,1503.01235607484,16863.5477837731,-15233.0809973771,1.99514282791924,1.5418159808907,1.50071376125823,0.0411022196324662,-3.54115449952901,0.371122407763606,1.99514282791924,0,267.161443506003,60.6481711487664,5.81422144396823e-10,1,0.984080300486131,0,0.0355704877283298,0.0822044392649324,0,0,0
70.515,9475.96779915555,2.00055370919307,9500,9475.15353933335,2.62427093290393,2.00055370919307,0,25.2791227113827,11.1388263654104,17,1503.01235607484,16887.4504861873,-15241.1537716796,2.00055370919307,1.5418159808907,1.50601168036019,0.0358043005305093,-0.297389606082896,0.387129127241354,2.00055370919307,0,267.161443506003,60.6481711487664,7.39947720955751e-10,1,0.984115331089184,0,0.0353390091503669,0.0716086010610186,0,0,0
70.53,9476.34698599623,2.00591302052979,9500,9475.36456494452,2.63754700728586,2.00591302052979,0,27.993160522952,11.049474973557,17,1503.01235607484,16911.2913322712,-15249.6047640873,2.00591302052979,1.5418159808907,1.51128330175066,0.0305326791400362,2.88030607147178,0.403031681359019,2.00591302052979,0,267.161443506003,60.6481711487664,8.65204792476654e-10,1,0.984154711086158,0,0.0350461401903102,0.0610653582800724,0,0,0
70.545,9476.76688340407,2.01117789387843,9500,9475.61917164033,2.6495581171329,2.01117789387843,0,30.6202434938195,10.962640223711,17,1503.01235607484,16934.922158718,-15258.3366703681,2.01117789387843,1.5418159808907,1.51653624661916,0.0252797342715367,5.99777140652145,0.418802444444659,2.01117789387843,0,267.161443506003,60.6481711487664,9.40852518621089e-10,1,0.984198319030518,0,0.0346926347608667,0.0505594685430735,0,0,0
70.56,9477.22618705648,2.01631690354936,9500,9475.9166154903,2.66029046795553,2.01631690354936,0,33.1438129691975,10.8788409078636,18,1503.01235607484,16958.2091031253,-15267.3093965741,2.01631690354936,1.5418159808907,1.52177258460489,0.0200433962858053,9.05735884764852,0.434414130087049,2.01631690354936,0,267.161443506003,60.6481711487664,4.71954792855895e-10,1,0.984246019463396,0,0.0342794396583042,0.0400867925716106,0,0,0
70.575,9477.72334425102,2.02130771013547,9500,9476.25600733132,2.66973451124026,2.02130771013547,0,35.5526185521612,10.7984274924507,18,1503.01235607484,16981.0544952606,-15276.488992835,2.02130771013547,1.5418159808907,1.52699005523495,0.0148259256557441,12.0587587941219,0.449839877933286,2.02130771013547,0,267.161443506003,60.6481711487664,5.02287988227082e-10,1,0.984297651130733,0,0.0338076905752274,0.0296518513114883,0,0,0
70.59,9478.2566335293,2.02613673349232,9500,9476.63628603577,2.67788573220184,2.02613673349232,0,37.8404763076662,10.7215913873463,18,1503.01235607484,17003.3959708921,-15285.8481324319,2.02613673349232,1.5418159808907,1.53218227393596,0.00963370695474119,14.9991942343506,0.465053338692138,2.02613673349232,0,267.161443506003,60.6481711487664,5.29980358351251e-10,1,0.984353035252523,0,0.0332787505530883,0.0192674139094824,0,0,0
70.605,9478.82424067391,2.03079759336629,9500,9477.05621934306,2.68474475764084,2.03079759336629,0,40.0053323507245,10.648395472121,18,1503.01235607484,17025.2002802774,-15295.3652216267,2.03079759336629,1.5418159808907,1.53733956287341,0.00447641801728493,17.8739787974741,0.480028776441028,2.03079759336629,0,267.161443506003,60.6481711487664,5.54980817857129e-10,1,0.98441198341538,0,0.0326942104490535,0.00895283603456987,0,0,0
70.62,9479.42432065917,2.03528893867814,9500,9477.51442417122,2.69031696850187,2.03528893867814,0,42.0479851225229,10.578814429922,18,1503.01235607484,17046.4546049149,-15305.0229529741,2.03528893867814,1.5418159808907,1.54245008756853,-0.000634106677828816,20.6772386294935,0.494741171143102,2.03528893867814,0,267.161443506003,60.6481711487664,5.77299505219637e-10,1,0.984474304006362,0,0.0320558625339884,-0.00126821335565763,0,0,0
70.635,9480.05504043601,2.03961219532687,9500,9478.00939771978,2.69461182316491,2.03961219532687,0,43.9707812263747,10.512775539119,18,1503.01235607484,17067.1574747494,-15314.8066106139,2.03961219532687,1.5418159808907,1.54750102831431,-0.00568504742360965,23.4026337258428,0.509166309283396,2.03961219532687,0,267.161443506003,60.6481711487664,5.9698199421626e-10,1,0.984539806656346,0,0.0313656591486196,-0.0113700948472193,0,0,0
70.65,9480.71460215441,2.04376961641504,9500,9478.53955160022,2.69764208052789,2.04376961641504,0,45.7765003960156,10.4501933173724,18,1503.01235607484,17087.3108716761,-15324.7024918321,2.04376961641504,1.5418159808907,1.55247959107866,-0.0106636101879667,26.0439643520277,0.523280855900275,2.04376961641504,0,267.161443506003,60.6481711487664,6.14094211049125e-10,1,0.984608304651763,0,0.0306256671284981,-0.0213272203759334,0,0,0
70.665,9481.40124966035,2.04776285403887,9500,9479.10324313947,2.69942306927901,2.04776285403887,0,47.4675445478067,10.3909943971122,18,1503.01235607484,17106.9143922197,-15334.6966659571,2.04776285403887,1.5418159808907,1.55737374737066,-0.0155577664799615,28.5956016363701,0.537062406108099,2.04776285403887,0,267.161443506003,60.6481711487664,6.28708407970852e-10,1,0.984679615609332,0,0.0298380260603077,-0.0311155329599231,0,0,0
70.68,9482.11326282856,2.05159212219797,9500,9479.69880025444,2.69997209694701,2.05159212219797,0,49.0454782788244,10.3351317653771,18,1503.01235607484,17125.9618330782,-15344.7741651726,2.05159212219797,1.5418159808907,1.56217266915468,-0.0203566882639847,31.0527281112539,0.550489517835238,2.05159212219797,0,267.161443506003,60.6481711487664,6.40893317651025e-10,1,0.984753560887495,0,0.0290049153482697,-0.0407133765279695,0,0,0
70.695,9482.84894500275,2.05525590590018,9500,9480.3245384113,2.69930804129609,2.05525590590018,0,50.5108733448106,10.2825893009396,18,1503.01235607484,17144.4399382635,-15354.9186143109,2.05525590590018,1.5418159808907,1.56686688325694,-0.0250509023662382,33.4114083229642,0.563541729741959,2.05525590590018,0,267.161443506003,60.6481711487664,6.50717834139371e-10,1,0.984829964282037,0,0.0281285322420126,-0.0501018047324764,0,0,0
70.71,9483.60660810292,2.05875109609931,9500,9480.97876993456,2.69745112327081,2.05875109609931,0,51.8633984391907,10.2333789661435,18,1503.01235607484,17162.3289002896,-15365.1122239847,2.05875109609931,1.5418159808907,1.57144820791182,-0.0296322270211256,35.6685310077038,0.576199569250865,2.05875109609931,0,267.161443506003,60.6481711487664,6.58244758612272e-10,1,0.984908650479424,0,0.0272110804225292,-0.0592644540422511,0,0,0
70.725,9484.38455907951,2.06207340009697,9500,9481.65980704386,2.69442283223421,2.06207340009697,0,53.102061277732,10.1875333541317,18,1503.01235607484,17179.6039852599,-15375.3360435712,2.06207340009697,1.5418159808907,1.57590954900806,-0.0340935681173635,37.8216715650079,0.588444555441003,2.06207340009697,0,267.161443506003,60.6481711487664,6.63541467669172e-10,1,0.984989443650014,0,0.0262547673292632,-0.0681871362347271,0,0,0
70.74,9485.18108999867,2.06521787739731,9500,9482.3659605933,2.69024595806223,2.06521787739731,0,54.2255177033381,10.1450962493582,18,1503.01235607484,17196.2376824234,-15385.5703578343,2.06521787739731,1.5418159808907,1.58024463300698,-0.0384286521162811,39.8689215763615,0.600259200739171,2.06521787739731,0,267.161443506003,60.6481711487664,6.66675148310557e-10,1,0.985072166418374,0,0.0252618074946216,-0.0768573042325622,0,0,0
70.755,9485.99447276422,2.06817947638332,9500,9483.09553656782,2.68494468113654,2.06817947638332,0,55.2323770679167,10.1061133571722,18,1503.01235607484,17212.2018737328,-15395.7951237407,2.06817947638332,1.5418159808907,1.58444774020026,-0.0426317593095649,41.8087229607888,0.611627014111751,2.06817947638332,0,267.161443506003,60.6481711487664,6.67723455062613e-10,1,0.985156639315136,0,0.024234429026514,-0.0852635186191297,0,0,0
70.77,9486.82295842024,2.07095348473661,9500,9483.84683211982,2.67854467664338,2.07095348473661,0,56.1214551803435,10.0706246704157,18,1503.01235607484,17227.4696686497,-15405.9903690335,2.07095348473661,1.5418159808907,1.58851348255458,-0.0466975016638838,43.6397320333616,0.622532507173682,2.07095348473661,0,267.161443506003,60.6481711487664,6.66772255237995e-10,1,0.985242680704571,0,0.0231748807682564,-0.0933950033277675,0,0,0
70.785,9487.66478024795,2.07353584681338,9500,9484.61813245215,2.67107320035075,2.07353584681338,0,56.8919493486704,10.0386592263155,18,1503.01235607484,17242.0167111231,-15416.1365041681,2.07353584681338,1.5418159808907,1.59243664968905,-0.0506206687983555,45.3607261158415,0.632961203519398,2.07353584681338,0,267.161443506003,60.6481711487664,6.63917225779043e-10,1,0.985330107106206,0,0.0220854382806697,-0.101241337596711,0,0,0
70.8,9488.51815948818,2.07592333668547,9500,9485.40770931153,2.6625591358288,2.07592333668547,0,57.5435302680951,10.0102323923374,18,1503.01235607484,17255.8219088184,-15426.214527745,2.07592333668547,1.5418159808907,1.59621212836616,-0.0543961474754653,46.9705545529821,0.642899650745699,2.07592333668547,0,267.161443506003,60.6481711487664,6.59265147558734e-10,1,0.985418733789131,0,0.0209684075305969,-0.108792294950931,0,0,0
70.815,9489.3813124422,2.07811360247673,9500,9486.21382135544,2.6530329952248,2.07811360247673,0,58.0763606388805,9.98534536497247,18,1503.01235607484,17268.8676438397,-15436.2061289076,2.07811360247673,1.5418159808907,1.59983488716492,-0.0580189062742187,48.4681281917293,0.652335434134468,2.07811360247673,0,267.161443506003,60.6481711487664,6.52930309756512e-10,1,0.985508375509442,0,0.0198261259006476,-0.116037812548437,0,0,0
70.83,9490.25245785178,2.08010511347136,9500,9487.03471626421,2.64252687544576,2.08010511347136,0,58.4910591280606,9.96398630766524,18,1503.01235607484,17281.1395890862,-15446.093705495,2.08010511347136,1.5418159808907,1.60330000999525,-0.06148402910455,49.8524369231408,0.661257190789759,2.08010511347136,0,267.161443506003,60.6481711487664,6.45031364011027e-10,1,0.98559884727669,0,0.018660960632638,-0.1229680582091,0,0,0
70.845,9491.1298237387,2.08189704784827,9500,9487.8686342184,2.63107437808768,2.08189704784827,0,58.7886315925655,9.94613246052564,18,1503.01235607484,17292.6262812033,-15455.8603247399,2.08189704784827,1.5418159808907,1.60660275894913,-0.0647867780584346,51.122583477047,0.669654623074446,2.08189704784827,0,267.161443506003,60.6481711487664,6.35693658282845e-10,1,0.985689965064191,0,0.0174753051984857,-0.129573556116869,0,0,0
70.86,9492.01165321259,2.08348915685956,9500,9488.71381224745,2.61871050462989,2.08348915685956,0,58.9703900426722,9.93175260319296,18,1503.01235607484,17303.3185939653,-15465.4896542411,2.08348915685956,1.5418159808907,1.60973864811315,-0.0679226672224507,52.2778225907219,0.677518510413765,2.08348915685956,0,267.161443506003,60.6481711487664,6.25040920768051e-10,1,0.985781546412192,0,0.0162715742856103,-0.135845334444901,0,0,0
70.875,9492.89620906323,2.08488163420449,9500,9489.56848895658,2.6054715387651,2.08488163420449,0,59.0378755942009,9.92080938317354,18,1503.01235607484,17313.2092283169,-15474.9658872585,2.08488163420449,1.5418159808907,1.61270351365495,-0.0708875327642484,53.3175970899827,0.684840718842289,2.08488163420449,0,267.161443506003,60.6481711487664,6.13197901909685e-10,1,0.985873410904798,0,0.0150521980327238,-0.141775065528497,0,0,0
70.89,9493.78177719714,2.08607500974703,9500,9490.43090921872,2.59139492606954,2.08607500974703,0,58.9927960650354,9.91326119190631,18,1503.01235607484,17322.292297166,-15484.2736799175,2.08607500974703,1.5418159808907,1.61549357044104,-0.0736775895503414,54.2415654750715,0.691614207957015,2.08607500974703,0,267.161443506003,60.6481711487664,6.00286068893072e-10,1,0.985965380526876,0,0.0138196160996564,-0.147355179100683,0,0,0
70.905,9494.66666913812,2.08707007670991,9500,9491.29932854118,2.57651915841637,2.08707007670991,0,58.8369831308619,9.90906344377716,18,1503.01235607484,17330.5630429413,-15493.3981103784,2.08707007670991,1.5418159808907,1.61810545058202,-0.0762894696913234,55.0496186065636,0.69783303520186,2.08707007670991,0,267.161443506003,60.6481711487664,5.86423891319524e-10,1,0.986057279923743,0,0.0125762719880929,-0.152578939382647,0,0,0
70.92,9495.54922388508,2.08786785333086,9500,9492.17201694863,2.56088366739505,2.08786785333086,0,58.5723693351578,9.90816925150837,18,1503.01235607484,17338.0176931185,-15502.3246634222,2.08786785333086,1.5418159808907,1.62053622346887,-0.0787202425781719,55.7418855686866,0.703492357596502,2.08786785333086,0,267.161443506003,60.6481711487664,5.7172432379485e-10,1,0.986148936594114,0,0.0113246078136373,-0.157440485156344,0,0,0
70.935,9496.42780942511,2.08846957375187,9500,9493.0472623413,2.5445287281462,2.08846957375187,0,58.200981767724,9.9105295948514,18,1503.01235607484,17344.653433653,-15511.0392384132,2.08846957375187,1.5418159808907,1.62278340001643,-0.0809674191257326,56.3187304960068,0.708588431112639,2.08846957375187,0,267.161443506003,60.6481711487664,5.56295691427813e-10,1,0.986240181047233,0,0.0100670595935994,-0.161934838251465,0,0,0
70.95,9497.30082415163,2.08887669977816,9500,9493.92337337491,2.52749537282121,2.08887669977816,0,57.724947520087,9.91609312990504,18,1503.01235607484,17350.4684673487,-15519.528175386,2.08887669977816,1.5418159808907,1.62484492541184,-0.083028944521147,56.7807430503056,0.713118607929759,2.08887669977816,0,267.161443506003,60.6481711487664,5.40240952727623e-10,1,0.986330846950162,0,0.0088060530229026,-0.166057889042294,0,0,0
70.965,9498.16669836443,2.08909094406909,9500,9494.79868196183,2.50982531150176,2.08909094406909,0,57.1465054857644,9.92480580186498,18,1503.01235607484,17355.4621194842,-15527.7782923979,2.08909094406909,1.5418159808907,1.62671916519653,-0.0849031843058365,57.1287254174767,0.717081331790065,2.08909094406909,0,267.161443506003,60.6481711487664,5.23657703543787e-10,1,0.986420771283557,0,0.00754399956189067,-0.169806368611673,0,0,0
70.98,9499.02389594671,2.08911429633978,9500,9495.67154551277,2.49156085783234,2.08911429633978,0,56.4680197156388,9.93661040458355,18,1503.01235607484,17359.6349568173,-15535.7769274602,2.08911429633978,1.5418159808907,1.62840488896262,-0.086588908071918,57.3636783545329,0.720476131592916,2.08911429633978,0,267.161443506003,60.6481711487664,5.06636708381786e-10,1,0.986509794515841,0,0.00628329269592998,-0.173177816143836,0,0,0
70.995,9499.87091624245,2.08894904607853,9500,9496.5403490321,2.47274485668722,2.08894904607853,0,55.691990674432,9.95144619624236,18,1503.01235607484,17362.9888935864,-15543.5119794277,2.08894904607853,1.5418159808907,1.62990125494983,-0.0880852740591278,57.48678816518,0.723303613306084,2.08894904607853,0,267.161443506003,60.6481711487664,4.89263826085006e-10,1,0.986597760798172,0,0.00502630424117267,-0.176170548118256,0,0,0
71.01,9500.70629610256,2.08859779787102,9500,9497.40350715675,2.45342061170076,2.08859779787102,0,54.8210622388587,9.96924863595552,18,1503.01235607484,17365.5272684092,-15550.9719440387,2.08859779787102,1.5418159808907,1.63120779750784,-0.0893918166171461,57.4994157231778,0.725565450214612,2.08859779787102,0,267.161443506003,60.6481711487664,4.71620606593935e-10,1,0.986684518176948,0,0.00377538052583959,-0.178783633234292,0,0,0
71.025,9501.52861203615,2.08806347770873,9500,9498.25946619692,2.43363181122003,2.08806347770873,0,53.8580235826193,9.98994926732666,18,1503.01235607484,17367.254885129,-15558.1459430318,2.08806347770873,1.5418159808907,1.6323244182073,-0.0905084373166056,57.4030879519175,0.72726437145124,2.08806347770873,0,267.161443506003,60.6481711487664,4.5377929139259e-10,1,0.986769918817219,0,0.00253283843382612,-0.181016874633211,0,0,0
71.04,9502.33648238989,2.08734933061954,9500,9499.10670620548,2.41342245200038,2.08734933061954,0,52.8058079954265,10.0134757452958,17,1503.01235607484,17368.1780067832,-15565.0237239098,2.08734933061954,1.5418159808907,1.63325138039951,-0.0914353995088077,57.1994916105696,0.728404148746461,2.08734933061954,0,267.161443506003,60.6481711487664,9.66400633692906e-10,1,0.986853819229029,0,0.00130096125271639,-0.182870799017615,0,0,0
71.055,9503.12856950982,2.08645891129696,9500,9499.94374307587,2.39283676062417,2.08645891129696,0,51.6674787627386,10.0397519579946,17,1503.01235607484,17368.3043804793,-15571.5957642715,2.08645891129696,1.5418159808907,1.63398930634266,-0.0921733254519617,56.8904688756528,0.728989581310184,2.08645891129696,0,267.161443506003,60.6481711487664,9.27674393082535e-10,1,0.986936080491921,0,8.19943592080818e-05,-0.184346650903923,0,0,0
71.07,9503.90358169126,2.08539606951511,9500,9500.76913065656,2.37191911292633,2.08539606951511,0,50.4462305720163,10.0686982615784,17,1503.01235607484,17367.6431202672,-15577.8531460311,2.08539606951511,1.5418159808907,1.6345391759644,-0.0927231950737062,56.4780141437045,0.729026478771827,2.08539606951511,0,267.161443506003,60.6481711487664,8.88817198023783e-10,1,0.987016568457446,0,-0.00112185922160202,-0.185446390147412,0,0,0
71.085,9504.66027514984,2.08416493441441,9500,9501.58146282284,2.35071395291657,2.08416493441441,0,49.145371880164,10.1002316944905,17,1503.01235607484,17366.2047062779,-15583.7876542516,2.08416493441441,1.5418159808907,1.63490232518989,-0.0930863442991947,55.9642709125803,0.728521642122106,2.08416493441441,0,267.161443506003,60.6481711487664,8.49947154956949e-10,1,0.987095153953863,0,-0.00230844327736102,-0.186172688598389,0,0,0
71.1,9505.39745572804,2.08276989673298,9500,9502.37937552254,2.32926571081103,2.08276989673298,0,47.7683156365961,10.1342662361529,17,1503.01235607484,17364.0009133636,-15589.3917581387,2.08276989673298,1.5418159808907,1.6350804442932,-0.0932644634025055,55.351528967415,0.727482842647294,2.08276989673298,0,267.161443506003,60.6481711487664,8.1116695045323e-10,1,0.987171712963366,0,-0.00347565288895391,-0.186528926805011,0,0,0
71.115,9506.11398046259,2.08121559251285,9500,9503.16154873379,2.30761872176168,2.08121559251285,0,46.3185690862413,10.1707130314653,17,1503.01235607484,17361.0447573086,-15594.6586149765,2.08121559251285,1.5418159808907,1.63507557450325,-0.0932595936125575,54.6422208928879,0.725918798847265,2.08121559251285,0,267.161443506003,60.6481711487664,7.72569029996573e-10,1,0.987246126784869,0,-0.00462143883129618,-0.186519187225115,0,0,0
71.13,9506.80875899888,2.07950688850063,9500,9503.92670832171,2.28581714568666,2.07950688850063,0,44.7997246569516,10.2094805814901,17,1503.01235607484,17357.3504471636,-15599.5820741583,2.07950688850063,1.5418159808907,1.63489010277232,-0.0930741218816247,53.8389178649442,0.723839151373181,2.07950688850063,0,267.161443506003,60.6481711487664,7.34235771754779e-10,1,0.987318282180895,0,-0.0057438118172648,-0.186148243763249,0,0,0
71.145,9507.48075486874,2.07764886946819,9500,9504.67362778033,2.26390488861849,2.07764886946819,0,43.2154520418202,10.2504748972773,17,1503.01235607484,17352.9333446742,-15604.1566816481,2.07764886946819,1.5418159808907,1.63452675462966,-0.0927107737389588,52.9443246833428,0.721254436055412,2.07764886946819,0,267.161443506003,60.6481711487664,6.96238338572675e-10,1,0.987388071510278,0,-0.00684084659109785,-0.185421547477918,0,0,0
71.16,9508.12898664937,2.07564682723843,9500,9505.40112985438,2.24192552580083,2.07564682723843,0,41.5694913417503,10.2935996211745,17,1503.01235607484,17347.8099300004,-15608.377684828,2.07564682723843,1.5418159808907,1.63398858526154,-0.0921726043708404,51.9612741288115,0.718176055089418,2.07564682723843,0,267.161443506003,60.6481711487664,6.58640376938357e-10,1,0.987455392848524,0,-0.00791068579747645,-0.184345208741681,0,0,0
71.175,9508.75252901949,2.07350625095008,9500,9506.10808804101,2.21992222661461,2.07350625095008,0,39.865646991531,10.338756124164,17,1503.01235607484,17341.9977718704,-15612.2410374394,2.07350625095008,1.5418159808907,1.63327896910128,-0.0914629882105844,50.8927207998392,0.714616246480554,2.07350625095008,0,267.161443506003,60.6481711487664,6.21495104190679e-10,1,0.987520150097496,0,-0.00895154364020723,-0.182925976421169,0,0,0
71.19,9509.35051372436,2.07123281802782,9500,9506.7934279761,2.19793768131056,2.07123281802782,0,38.1077821629924,10.3858435888582,17,1503.01235607484,17335.5155000391,-15615.7434042269,2.07123281802782,1.5418159808907,1.63240158824337,-0.0905856073526696,49.7417346096062,0.710588051842461,2.07123281802782,0,267.161443506003,60.6481711487664,5.84848709804444e-10,1,0.987582253085634,0,-0.00996170930179741,-0.181171214705339,0,0,0
71.205,9509.92213045681,2.06883238529457,9500,9507.45612871133,2.17601402947452,2.06883238529457,0,36.2998133187954,10.4347590882545,17,1503.01235607484,17328.3827777399,-15618.8821648217,2.06883238529457,1.5418159808907,1.63136042001708,-0.0895444391263871,48.5114941114158,0.706105282656652,2.06883238529457,0,267.161443506003,60.6481711487664,5.48739789568655e-10,1,0.987641617659451,0,-0.0109395501270568,-0.179088878252774,0,0,0
71.22,9510.46662765659,2.0663109798105,9500,9508.09522388869,2.15419279014129,2.0663109798105,0,34.4457046842113,10.4853976678331,17,1503.01235607484,17320.620272432,-15621.6554164862,2.0663109798105,1.5418159808907,1.63015972398054,-0.0883437430898388,47.205279786941,0.701182485099476,2.0663109798105,0,267.161443506003,60.6481711487664,5.13199073434595e-10,1,0.987698165766557,0,-0.0118835145582421,-0.176687486179678,0,0,0
71.235,9510.98331322685,2.06367478922549,9500,9508.70980281769,2.13251479349638,2.06367478922549,0,32.5494625144711,10.5376524351346,17,1503.01235607484,17312.249623927,-15624.0619754932,2.06367478922549,1.5418159808907,1.62880402849743,-0.0869880476067366,45.826467385527,0.695834903548267,2.06367478922549,0,267.161443506003,60.6481711487664,4.78251645167093e-10,1,0.987751825530058,0,-0.0127921348431466,-0.173976095213473,0,0,0
71.25,9511.47155516457,2.06093015137578,9500,9509.29901145911,2.1110201141444,2.06093015137578,0,30.6151260848166,10.5914146376626,16,1503.01235607484,17303.2934158477,-15626.1014005699,2.06093015137578,1.5418159808907,1.62729811708258,-0.0854821361918821,44.3785213578167,0.690078442868851,2.06093015137578,0,267.161443506003,60.6481711487664,9.91403211572232e-10,1,0.987802531314035,0,-0.0136640294921244,-0.170964272383764,0,0,0
71.265,9511.93078205584,2.05808354333761,9500,9509.86205331717,2.08974800596445,2.05808354333761,0,28.6467731917539,10.6465738709168,16,1503.01235607484,17293.775107282,-15627.7738940604,2.05808354333761,1.5418159808907,1.62564701446594,-0.0838310335752412,42.8649883918579,0.683929629597395,2.05808354333761,0,267.161443506003,60.6481711487664,9.16311229080832e-10,1,0.987850223774977,0,-0.0144979054767493,-0.167662067150482,0,0,0
71.28,9512.36048365372,2.05514157041331,9500,9510.39819022891,2.06873683890849,2.05514157041331,0,26.6484959427934,10.703018048503,16,1503.01235607484,17283.7190399015,-15629.0804476602,2.05514157041331,1.5418159808907,1.62385597219582,-0.082039991305122,41.2894908620983,0.677405572132858,2.05514157041331,0,267.161443506003,60.6481711487664,8.42520523906261e-10,1,0.987894849921796,0,-0.0152925601977612,-0.164079982610244,0,0,0
71.295,9512.76021109286,2.05211095267499,9500,9510.90674309862,2.04802403659979,2.05211095267499,0,24.6244052589232,10.7606336536496,16,1503.01235607484,17273.1503549831,-15630.0227347733,2.05211095267499,1.5418159808907,1.62193045502048,-0.0801144741297846,39.655720919091,0.670523920043866,2.05211095267499,0,267.161443506003,60.6481711487664,7.70044802736183e-10,1,0.987936363138119,0,-0.0160468832297367,-0.160228948259569,0,0,0
71.31,9513.12957717175,2.04899851359085,9500,9511.38709249768,2.02764601680133,2.04899851359085,0,22.5413407178806,10.8184608018584,16,1503.01235607484,17262.0118860241,-15630.7321982848,2.04899851359085,1.5418159808907,1.61987612583586,-0.0780601449451659,37.9674338999728,0.663302822590484,2.04899851359085,0,267.161443506003,60.6481711487664,7.05574157379897e-10,1,0.987974723211594,0,-0.0167598577811634,-0.156120289890332,0,0,0
71.325,9513.46769728251,2.04581116758676,9500,9511.83867918202,2.0076381335248,2.04581116758676,0,20.4346206396913,10.8770712686624,16,1503.01235607484,17250.3962234478,-15631.1003841515,2.04581116758676,1.5418159808907,1.61769883083715,-0.0758828499464492,36.2284419826483,0.655760886588961,2.04581116758676,0,267.161443506003,60.6481711487664,6.62381851961091e-10,1,0.988009838272325,0,-0.0174305619083244,-0.151765699892898,0,0,0
71.34,9513.77421659211,2.04256335022839,9500,9512.26085958549,1.98803830148485,2.04256335022839,0,18.3190522003631,10.936363930817,16,1503.01235607484,17238.3752251841,-15631.1147866467,2.04256335022839,1.5418159808907,1.61540086308696,-0.0735848821962597,34.4404706288818,0.647917133730215,2.04256335022839,0,267.161443506003,60.6481711487664,5.96100019143721e-10,1,0.98804167146955,0,-0.0180579540784718,-0.147169764392519,0,0,0
71.355,9514.04900237511,2.0392673558383,9500,9512.65306497072,1.96888301787315,2.0392673558383,0,16.2017711338487,10.9961337393873,16,1503.01235607484,17225.9990559843,-15630.7848479362,2.0392673558383,1.5418159808907,1.61298582061435,-0.071169839723652,32.6059671009543,0.639791054394902,2.0392673558383,0,267.161443506003,60.6481711487664,5.30997812226806e-10,1,0.988070209019228,0,-0.0186411095848704,-0.142339679447304,0,0,0
71.37,9514.29202894212,2.03593187572682,9500,9513.01483959828,1.95020633697156,2.03593187572682,0,14.0877622360825,11.0562372198674,16,1503.01235607484,17213.30353026,-15630.1178942084,2.03593187572682,1.5418159808907,1.61045931101349,-0.0686433301227913,30.7285036658506,0.631402555081711,2.03593187572682,0,267.161443506003,60.6481711487664,4.67155196997231e-10,1,0.988095448253418,0,-0.0191792776760042,-0.137286660245583,0,0,0
71.385,9514.50334537566,2.03256284801275,9500,9513.34583918161,1.93203982464022,2.03256284801275,0,11.9803707387416,11.116577984232,15,1503.01235607484,17200.313426461,-15629.1195433563,2.03256284801275,1.5418159808907,1.60782848739343,-0.0660125065027299,28.8125059598842,0.622771880127509,2.03256284801275,0,267.161443506003,60.6481711487664,9.16964224013824e-10,1,0.988117394269526,0,-0.0196718796029878,-0.13202501300546,0,0,0
71.4,9514.68305093674,2.02916451325943,9500,9513.64582138062,1.91441271613057,2.02916451325943,0,9.88191263241878,11.1770886989285,15,1503.01235607484,17187.046732581,-15627.7944794041,2.02916451325943,1.5418159808907,1.60510148185941,-0.0632855009687159,26.8629240381592,0.613919534306164,2.02916451325943,0,267.161443506003,60.6481711487664,7.78236487638189e-10,1,0.988136057376186,0,-0.0201184947109474,-0.126571001937432,0,0,0
71.415,9514.83127962623,2.02574042960971,9500,9513.91463238546,1.89735218031914,2.02574042960971,0,7.79428793539513,11.2377137219799,15,1503.01235607484,17173.5187468537,-15626.1470643363,2.02574042960971,1.5418159808907,1.60228686237431,-0.0604708814836128,24.884918527976,0.604866211686238,2.02574042960971,0,267.161443506003,60.6481711487664,6.42015546513408e-10,1,0.988151451489898,0,-0.0205188405408923,-0.120941762967226,0,0,0
71.43,9514.94819394526,2.02229428766286,9500,9514.152192976,1.8808836073124,2.02229428766286,0,5.71944828767156,11.2983951091449,15,1503.01235607484,17159.7454922844,-15624.1820921587,2.02229428766286,1.5418159808907,1.59939319422603,-0.0575772133353374,22.8836084762375,0.595632733442836,2.02229428766286,0,267.161443506003,60.6481711487664,5.08164685201866e-10,1,0.988163593487024,0,-0.0208727520605196,-0.115154426670675,0,0,0
71.445,9515.03398566958,2.01883044301825,9500,9514.35848657719,1.86503085582656,2.01883044301825,0,3.65970269220687,11.3590634194687,14,1503.01235607484,17145.7459343158,-15621.9052669483,2.01883044301825,1.5418159808907,1.59642874733472,-0.054612766444025,20.8639044035783,0.586239995015603,2.01883044301825,0,267.161443506003,60.6481711487664,8.55785805697092e-10,1,0.988172503284204,0,-0.0211801637543558,-0.10922553288805,0,0,0
71.46,9515.08888120996,2.01535416309452,9500,9514.53355061072,1.84981642581995,2.01535416309452,0,1.61786292646843,11.4196334956317,14,1503.01235607484,17131.5429945283,-15619.323389407,2.01535416309452,1.5418159808907,1.59340135045186,-0.0515853695611608,18.8304268960522,0.576708921326142,2.01535416309452,0,267.161443506003,60.6481711487664,5.61827229099227e-10,1,0.988178204395061,0,-0.0214410965854002,-0.103170739122322,0,0,0
71.475,9515.11314915385,2.01187163359107,9500,9514.67747147715,1.83526154541796,2.01187163359107,0,-0.40276902406777,11.4800041545678,13,1503.01235607484,17117.1636892392,-15616.4445675673,2.01187163359107,1.5418159808907,1.59031836847186,-0.0485023875811674,16.787496742382,0.567060427862712,2.01187163359107,0,267.161443506003,60.6481711487664,8.80238516861398e-10,1,0.988180724713423,0,-0.0216556503206518,-0.0970047751623349,0,0,0
71.49,9515.10710761849,2.00838979527182,9500,9514.79038279304,1.82138617894505,2.00838979527182,0,-2.39849587930098,11.5400611656123,13,1503.01235607484,17102.6384784209,-15613.2781066774,2.00838979527182,1.5418159808907,1.58718676630935,-0.0453707854186496,14.7391752525848,0.557315385218419,2.00838979527182,0,267.161443506003,60.6481711487664,4.32787743220653e-10,1,0.988180097276975,0,-0.0218240007036514,-0.0907415708372992,0,0,0
71.505,9515.0711301803,2.00491609195618,9500,9514.87246599061,1.80820897628572,2.00491609195618,0,-4.36536749434519,11.5996813504242,13,1503.01235607484,17088.0001978019,-15609.8342528585,2.00491609195618,1.5418159808907,1.58401321780884,-0.0421972369181465,12.6893304969956,0.547494584901776,2.00491609195618,0,267.161443506003,60.6481711487664,6.69342768604016e-10,1,0.988176360883053,0,-0.021946400146317,-0.0843944738362929,0,0,0
71.52,9515.00564966789,2.00145819730484,9500,9514.92395229867,1.79574718671913,2.00145819730484,0,-6.29934460291759,11.6587374598452,14,1503.01235607484,17073.2829799786,-15606.1240471585,2.00145819730484,1.5418159808907,1.58080422510159,-0.0389882442108946,10.6417092627501,0.537618704835933,2.00145819730484,0,267.161443506003,60.6481711487664,5.69655930037189e-10,1,0.988169560482553,0,-0.0220231804868583,-0.0779764884217893,0,0,0
71.535,9514.91115949884,1.99802376970879,9500,9514.94512519312,1.78401655934312,1.99802376970879,0,-8.19644797788198,11.7171022125127,14,1503.01235607484,17058.5212812844,-15602.1592023582,1.99802376970879,1.5418159808907,1.57756622329007,-0.0357502423993759,8.60000001852537,0.527708273616847,1.99802376970879,0,267.161443506003,60.6481711487664,8.41292350128955e-10,1,0.988159747318773,0,-0.0220547564389675,-0.0715004847987517,0,0,0
71.55,9514.78821277918,1.99462026631649,9500,9514.93632255888,1.77303124898947,1.99462026631649,0,-10.0528536089867,11.7746517807107,15,1503.01235607484,17043.7490405721,-15597.9518043696,1.99462026631649,1.5418159808907,1.57430565478746,-0.0324896738967602,6.56787769540074,0.517783633219312,1.99462026631649,0,267.161443506003,60.6481711487664,4.88183055771335e-10,1,0.988146978833875,0,-0.0220416286402652,-0.0649793477935203,0,0,0
71.565,9514.63741997504,1.99125482800996,9500,9514.8979380581,1.76280374067268,1.99125482800996,0,-11.8649568388683,11.8312676238925,15,1503.01235607484,17028.9991750599,-15593.5141739024,1.99125482800996,1.5418159808907,1.57102900749666,-0.0292130266059663,4.54902685795291,0.507864900331192,1.99125482800996,0,267.161443506003,60.6481711487664,6.0363343580659e-10,1,0.988131318427095,0,-0.0219843854896531,-0.0584260532119325,0,0,0
71.58,9514.45944562246,1.98793422785633,9500,9514.8304215404,1.75334479733964,1.98793422785633,0,-13.6294082556308,11.8868374746857,15,1503.01235607484,17014.3034074017,-15588.8588984673,1.98793422785633,1.5418159808907,1.56774282083831,-0.0259268399476098,2.54714562285546,0.497971926860848,1.98793422785633,0,267.161443506003,60.6481711487664,7.16954415574483e-10,1,0.988112835113029,0,-0.0218837035754591,-0.0518536798952196,0,0,0
71.595,9514.25500449862,1.98466486925729,9500,9514.73427849406,1.74466343166527,1.98466486925729,0,-15.3431053840581,11.9412553734097,15,1503.01235607484,16999.6921900389,-15583.9987099534,1.98466486925729,1.5418159808907,1.56445366683335,-0.0226376859426503,0.565934568223396,0.488124260251892,1.98466486925729,0,267.161443506003,60.6481711487664,8.28122207225276e-10,1,0.988091603124008,0,-0.021740346656812,-0.0452753718853005,0,0,0
71.61,9514.02485791786,1.98145281784919,9500,9514.61006864722,1.73676689984527,1.98145281784919,0,-17.0031729981439,11.9944211418463,15,1503.01235607484,16985.1948253822,-15578.9464931543,1.98145281784919,1.5418159808907,1.56116811453961,-0.0193521336489173,-1.39092443886452,0.478341104256326,1.98145281784919,0,267.161443506003,60.6481711487664,9.37102511115395e-10,1,0.988067701525425,0,-0.0215551633688027,-0.0387042672978346,0,0,0
71.625,9513.76981032289,1.97830384756306,9500,9514.45840397157,1.72966071160895,1.97830384756306,0,-18.6069321071944,12.0462396124857,16,1503.01235607484,16970.8396238635,-15573.7152676004,1.97830384756306,1.5418159808907,1.5578926879247,-0.0160767070340029,-3.31979354145397,0.468641280740365,1.97830384756306,0,267.161443506003,60.6481711487664,4.59735803426584e-10,1,0.988041213861717,0,-0.0213290840373568,-0.0321534140680058,0,0,0
71.64,9513.49070634128,1.97522348687683,9500,9514.2799463201,1.72334865102501,1.97522348687683,0,-20.1518788015956,12.096619811148,16,1503.01235607484,16956.6541278074,-15568.3182912364,1.97522348687683,1.5418159808907,1.55463382435941,-0.0128178434687132,-5.21710399382082,0.459043192923555,1.97522348687683,0,267.161443506003,60.6481711487664,5.05891909358841e-10,1,0.988012227850674,0,-0.0210631169275775,-0.0256356869374263,0,0,0
71.655,9513.18842815926,1.97221705499591,9500,9514.07540491409,1.71783280290423,1.97221705499591,0,-21.6356503813528,12.1454744014573,16,1503.01235607484,16942.6651727173,-15562.7689290659,1.97221705499591,1.5418159808907,1.55139783899117,-0.00958185810046852,-7.07937793165625,0.449564790306145,1.97221705499591,0,267.161443506003,60.6481711487664,5.51079917526264e-10,1,0.987980835110693,0,-0.0207583442630288,-0.019163716200937,0,0,0
71.67,9512.86389340354,1.96928968468323,9500,9513.84553380086,1.71311358183234,1.96928968468323,0,-23.056017998955,12.1927192821568,16,1503.01235607484,16928.8990150151,-15557.0807390715,1.96928968468323,1.5418159808907,1.54819089668832,-0.00637491579762628,-8.9032457594812,0.440223535387782,1.96928968468323,0,267.161443506003,60.6481711487664,5.95270995404452e-10,1,0.987947130940803,0,-0.0204159181752006,-0.0127498315952526,0,0,0
71.685,9512.51805313356,1.96644632823679,9500,9513.59112942139,1.70918976031779,1.96644632823679,0,-24.4108801322572,12.2382735236916,16,1503.01235607484,16915.3813312954,-15551.2674342983,1.96644632823679,1.5418159808907,1.54501899332212,-0.00320301243142285,-10.6854580708472,0.431036372208942,1.96644632823679,0,267.161443506003,60.6481711487664,6.38440121130927e-10,1,0.987911214112147,0,-0.0200370568059522,-0.00640602486284569,0,0,0
71.7,9512.15188993157,1.96369175071172,9500,9513.31302828795,1.70605849597017,1.96369175071172,0,-25.6982652889067,12.2820595239966,16,1503.01235607484,16902.1371759956,-15545.342855807,1.96369175071172,1.5418159808907,1.54188794430332,-7.19634126224999e-05,-12.4228933094056,0.422019696646263,1.96369175071172,0,267.161443506003,60.6481711487664,6.80556133415122e-10,1,0.987873186669632,0,-0.0196230405613127,-0.000143926825245,0,0,0
71.715,9511.76641595224,1.96103051364575,9500,9513.01210476866,1.70371535770538,1.96103051364575,0,-26.916340196956,12.3240033342098,16,1503.01235607484,16889.1908989494,-15539.3209366462,1.96103051364575,1.5418159808907,1.53880337871001,0.0030126021806911,-14.1125621587784,0.413189328393672,1.96103051364575,0,267.161443506003,60.6481711487664,7.21583189275912e-10,1,0.987833153729373,0,-0.0191752084804635,0.00602520436138221,0,0,0
71.73,9511.36267084928,1.95846695369151,9500,9512.68926894078,1.70215435186865,1.95846695369151,0,-28.0634208789467,12.3640350762484,16,1503.01235607484,16876.5660408499,-15533.2156600489,1.95846695369151,1.5418159808907,1.53577073677902,0.00604524411167517,-15.7516099487344,0.404560484577464,1.95846695369151,0,267.161443506003,60.6481711487664,7.61480320031835e-10,1,0.987791223263368,0,-0.018694954708623,0.0120904882233503,0,0,0
71.745,9510.9417195361,1.95600516000836,9500,9512.34546446289,1.70136794948414,1.95600516000836,0,-29.1379843470895,12.4020893834062,16,1503.01235607484,16864.2852226035,-15527.0410149643,1.95600516000836,1.5418159808907,1.53279526881116,0.00902071207954047,-17.3373182483834,0.396147754958584,1.95600516000836,0,267.161443506003,60.6481711487664,8.00201133319068e-10,1,0.987747505866926,0,-0.0181837249528363,0.0180414241590809,0,0,0
71.76,9510.50464977089,1.95364895347758,9500,9511.9816664183,1.70134711583532,1.95364895347758,0,-30.1386791366521,12.4381058087694,16,1503.01235607484,16852.3700414527,-15520.8109516563,1.95364895347758,1.5418159808907,1.52988203396216,0.0119339469285358,-18.8671065337515,0.387965078729807,1.95364895347758,0,267.161443506003,60.6481711487664,8.37696296547175e-10,1,0.987702114507878,0,-0.0176430128794665,0.0238678938570716,0,0,0
71.775,9510.05256958384,1.95140186962082,9500,9511.59887909142,1.70208134336204,1.95140186962082,0,-31.0643335961571,12.4720291670731,16,1503.01235607484,16840.8409819369,-15514.5393392909,1.95140186962082,1.5418159808907,1.52703589799266,0.0147800828980387,-20.338534473236,0.380025722934047,1.95140186962082,0,267.161443506003,60.6481711487664,8.73911044502866e-10,1,0.987655164259377,0,-0.0170743563849305,0.0295601657960773,0,0,0
71.79,9509.5866045799,1.94926714608539,9500,9511.19813365366,1.70355868852364,1.94926714608539,0,-31.9139614504012,12.5038097936766,16,1503.01235607484,16829.717345587,-15508.2399266661,1.94926714608539,1.5418159808907,1.52426152957377,0.0175544513169303,-21.7493050422245,0.372342262560829,1.94926714608539,0,267.161443506003,60.6481711487664,9.087860533286e-10,1,0.987606772019783,0,-0.0164793337081237,0.0351089026338607,0,0,0
71.805,9509.10789515815,1.94724771466828,9500,9510.78048575008,1.70576581291922,1.94724771466828,0,-32.6867644974329,12.5334037202943,16,1503.01235607484,16819.0172005391,-15501.9263064857,1.94724771466828,1.5418159808907,1.52156339519799,0.0202525856927056,-23.0972684130277,0.364926562392173,1.94724771466828,0,267.161443506003,60.6481711487664,9.42261538202948e-10,1,0.987557056223879,0,-0.0158595593760209,0.0405051713854112,0,0,0
71.82,9508.61759369068,1.9453461972624,9500,9510.3470129908,1.70868802863448,1.9453461972624,0,-33.3821323814802,12.560772777829,16,1503.01235607484,16808.7573512592,-15495.6118830552,1.9453461972624,1.5418159808907,1.51894575304133,0.0228702278493689,-24.3804263877641,0.357789760672964,1.9453461972624,0,267.161443506003,60.6481711487664,9.74271686943877e-10,1,0.987506136549899,0,-0.0152166799910691,0.0457404556987377,0,0,0
71.835,9508.11686170496,1.94356490483031,9500,9509.89881236143,1.71230934752724,1.94356490483031,0,-33.9996443683591,12.5858846358066,17,1503.01235607484,16798.9533227405,-15489.3098657908,1.94356490483031,1.5418159808907,1.51641264625938,0.0254033346313132,-25.5969370452706,0.350942254676982,1.94356490483031,0,267.161443506003,60.6481711487664,4.45419753363312e-10,1,0.987454133626888,0,-0.014552369879091,0.0508066692626263,0,0,0
71.85,9507.60686703944,1.94190583828653,9500,9509.43699757442,1.71661253395619,1.94190583828653,0,-34.539060100284,12.6087128320268,17,1503.01235607484,16789.6192960381,-15483.0331513477,1.94190583828653,1.5418159808907,1.51396789630848,0.0278480845822182,-26.745119231898,0.344393688231391,1.94190583828653,0,267.161443506003,60.6481711487664,4.58515442336999e-10,1,0.987401168739316,0,-0.0138683266620596,0.0556961691644364,0,0,0
71.865,9507.08878113793,1.94037069116186,9500,9508.96269636965,1.721579160784,1.94037069116186,0,-35.000327104976,12.6292367103455,17,1503.01235607484,16780.768176684,-15476.7944338925,1.94037069116186,1.5418159808907,1.51161509637185,0.0302008845188506,-27.8234568067443,0.338152941233465,1.94037069116186,0,267.161443506003,60.6481711487664,4.70889750915466e-10,1,0.987347363546084,0,-0.0131662667292742,0.0604017690377012,0,0,0
71.88,9506.56377623136,1.93896085191661,9500,9508.47704781341,1.72718966744594,1.93896085191661,0,-35.3835702097749,12.6474414148495,17,1503.01235607484,16772.4115413861,-15470.6060907211,1.93896085191661,1.5418159808907,1.50935760598039,0.0324583749103107,-28.8306019716918,0.332228121205291,1.93896085191661,0,267.161443506003,60.6481711487664,4.82511863609433e-10,1,0.987292839787835,0,-0.0124479207314891,0.0649167498206213,0,0,0
71.895,9506.03302267821,1.93767740799167,9500,9507.98119956703,1.73342342081607,1.93767740799167,0,-35.6890890765181,12.6633178214909,17,1503.01235607484,16764.5596529811,-15464.480182313,1.93767740799167,1.5418159808907,1.50719854577827,0.0346174351124247,-29.7653783130168,0.326626556876121,1.93767740799167,0,267.161443506003,60.6481711487664,4.93346202572801e-10,1,0.987237719010754,0,-0.0117150290263239,0.0692348702248493,0,0,0
71.91,9505.49768634207,1.93652114952837,9500,9507.47630517408,1.74025877764871,1.93652114952837,0,-35.9173541309139,12.6768624760988,17,1503.01235607484,16757.221462777,-15458.428430639,1.93652114952837,1.5418159808907,1.505140793479,0.0366751874116971,-30.62678289536,0.321354793814275,1.93652114952837,0,267.161443506003,60.6481711487664,5.03358732318303e-10,1,0.987182122294212,0,-0.0109693371876456,0.0733503748233941,0,0,0
71.925,9504.9589260301,1.93549257319034,9500,9506.96352137103,1.74767314846086,1.93549257319034,0,-36.0690024485867,12.6880775256316,17,1503.01235607484,16750.4046140772,-15452.4621984116,1.93549257319034,1.5418159808907,1.50318698078079,0.038629000109905,-31.4139875477974,0.316418592079835,1.93549257319034,0,267.161443506003,60.6481711487664,5.12513589984955e-10,1,0.987126169984746,0,-0.0102125915623801,0.07725800021981,0,0,0
71.94,9504.41789099337,1.93459188617534,9500,9506.44400543099,1.75564306258924,1.93459188617534,0,-36.1448335472519,12.6969706410088,17,1503.01235607484,16744.1154472488,-15446.5924693569,1.93459188617534,1.5418159808907,1.50133949118676,0.040476489703938,-32.1263393762455,0.311822925876764,1.93459188617534,0,267.161443506003,60.6481711487664,5.2077426061535e-10,1,0.987069981436454,0,-0.00944653490461134,0.080952979407876,0,0,0
71.955,9503.87571849016,1.93381901058335,9500,9505.91891254805,1.7641442342103,1.93381901058335,0,-36.145804990293,12.7035549284998,17,1503.01235607484,16738.3590070204,-15440.8298296644,1.93381901058335,1.5418159808907,1.49960045862922,0.0422155222614802,-32.7633605648052,0.307571985169689,1.93381901058335,0,267.161443506003,60.6481711487664,5.28107102625788e-10,1,0.987013674757937,0,-0.00867290212429506,0.0844310445229604,0,0,0
71.97,9503.33353141531,1.93317358835621,9500,9505.38939326802,1.77315162914326,1.93317358835621,0,-36.0730276789665,12.7078488258243,17,1503.01235607484,16733.1390529169,-15435.1844508285,1.93317358835621,1.5418159808907,1.49797176676482,0.0438442141258777,-33.3247475366085,0.303669179213756,1.93317358835621,0,267.161443506003,60.6481711487664,5.34476510504931e-10,1,0.9869573665661,0,-0.00789341613466155,0.0876884282517554,0,0,0
71.985,9502.79243600013,1.93265498684581,9500,9504.85659097062,1.78263953227334,1.93265498684581,0,-35.9277608043017,12.7098759820309,17,1503.01235607484,16728.4580730707,-15429.6660739649,1.93265498684581,1.5418159808907,1.49645504888972,0.0453609320009765,-33.8103695413827,0.300117141953158,1.93265498684581,0,267.161443506003,60.6481711487664,5.39849615824883e-10,1,0.986901171747274,0,-0.00710978382969518,0.0907218640019529,0,0,0
72,9502.25351958806,1.93226230518349,9500,9504.32163940808,1.7925816154304,1.93226230518349,0,-35.7114063635055,12.7096651182044,17,1503.01235607484,16724.3173021357,-15424.2839957934,1.93226230518349,1.5418159808907,1.4950516883592,0.0467642925314988,-34.2202667233386,0.296917739229795,1.93226230518349,0,267.161443506003,60.6481711487664,5.44193357648194e-10,1,0.986845203226219,0,-0.00632369220234108,0.0935285850629977,0,0,0
72.015,9501.71784849261,1.93199438145101,9500,9503.78566030522,1.80295100555359,1.93199438145101,0,-35.4255032466575,12.7072498692232,17,1503.01235607484,16720.7167433105,-15419.0470563312,1.93199438145101,1.5418159808907,1.49376281947991,0.0480531614107864,-34.5546477104893,0.294072077738742,1.93199438145101,0,267.161443506003,60.6481711487664,5.47478159887052e-10,1,0.986789571743648,0,-0.00553680460501882,0.0961063228215728,0,0,0
72.03,9501.18646594391,1.93184980059865,9500,9503.24976102634,1.81372035295907,1.93184980059865,0,-35.0717209322732,12.7026686078387,17,1503.01235607484,16717.6551942386,-15413.9636282904,1.93184980059865,1.5418159808907,1.49258932886996,0.0492266520207345,-34.813886751832,0.291580515666483,1.93184980059865,0,267.161443506003,60.6481711487664,5.49673385521603e-10,1,0.986734385642985,0,-0.0047507571734442,0.098453304041469,0,0,0
72.045,9500.66039012992,1.93182690313351,9500,9502.71503231454,1.82486189951664,1.93182690313351,0,-34.651852783391,12.6959642510018,17,1503.01235607484,16715.130276882,-15409.0416082332,1.93182690313351,1.5418159808907,1.49153185723851,0.0502841236521887,-34.9985204187153,0.289442674938433,1.93182690313351,0,267.161443506003,60.6481711487664,5.50753954408256e-10,1,0.986679750666924,0,-0.00396715542127613,0.100568247304377,0,0,0
72.06,9500.14061233817,1.93192379436617,9500,9502.18254610937,1.83634754653551,1.93192379436617,0,-34.167809075479,12.6871840526494,17,1503.01235607484,16713.13847046,-15404.2884093265,1.93192379436617,1.5418159808907,1.49059080165239,0.0512251792383056,-35.1092438823518,0.287657454998859,1.93192379436617,0,267.161443506003,60.6481711487664,5.50695798111335e-10,1,0.986625769764449,0,-0.00318757101371681,0.102450358476611,0,0,0
72.075,9499.62809520204,1.93213835421227,9500,9501.65335344839,1.84814892215386,1.93213835421227,0,-33.6216097607291,12.6763793834288,17,1503.01235607484,16711.6751474359,-15399.7109557079,1.93213835421227,1.5418159808907,1.48976631825125,0.0520496626394442,-35.1469067761195,0.286223048042687,1.93213835421227,0,267.161443506003,60.6481711487664,5.49477042979434e-10,1,0.986572542908702,0,-0.00241353872140437,0.104099325278888,0,0,0
72.09,9499.12377105563,1.93246824738933,9500,9501.12848245812,1.8602374480334,1.93246824738933,0,-33.0153770699014,12.6636055006892,17,1503.01235607484,16710.7346118408,-15395.3156783305,1.93246824738933,1.5418159808907,1.48905832545041,0.0527576554402898,-35.112508655528,0.285136955618055,1.93246824738933,0,267.161443506003,60.6481711487664,5.470806654333e-10,1,0.986520166926128,0,-0.00164655358251475,0.10551531088058,0,0,0
72.105,9498.62854039958,1.93291093390097,9500,9500.60893643927,1.87258440516575,1.93291093390097,0,-32.3513280158197,12.648921311146,17,1503.01235607484,16710.3101394701,-15391.1085121875,1.93291093390097,1.5418159808907,1.48846650763852,0.0533494732521755,-35.007194071695,0.284396006505923,1.93291093390097,0,267.161443506003,60.6481711487664,5.43491413918053e-10,1,0.986468735337147,0,-0.000888068256370556,0.106698946504351,0,0,0
72.12,9498.14327047934,1.93346367977666,9500,9500.09569205064,1.88516099861042,1.93346367977666,0,-31.6317668222632,12.6323891272614,17,1503.01235607484,16710.394019779,-15387.0948948776,1.93346367977666,1.5418159808907,1.48799031934299,0.0538256615477049,-34.8322472801466,0.283996375790556,1.93346367977666,0,267.161443506003,60.6481711487664,5.38699788775095e-10,1,0.986418338208501,0,-0.000139490578878965,0.10765132309541,0,0,0
72.135,9497.66879397701,1.93412356792785,9500,9499.58969759517,1.897938420999,1.93412356792785,0,-30.8590773618308,12.6140744203248,17,1503.01235607484,16710.9775988617,-15383.2797663734,1.93412356792785,1.5418159808907,1.48762898988715,0.0541869910035468,-34.5890866126007,0.283933605030061,1.93412356792785,0,267.161443506003,60.6481711487664,5.32698963391617e-10,1,0.986369062017394,0,0.000597818671318251,0.108373982007094,0,0,0
72.15,9497.20590781658,1.93488750910656,9500,9499.09187141122,1.9108879146549,1.93488750910656,0,-30.0357156132791,12.5940455709495,17,1503.01235607484,16712.0513234194,-15379.6675699558,1.93488750910656,1.5418159808907,1.48738152849884,0.0544344523918556,-34.2792585432316,0.284202623432154,1.93488750910656,0,267.161443506003,60.6481711487664,5.25486999870593e-10,1,0.98632098952742,0,0.00132254779851149,0.108868904783711,0,0,0
72.165,9496.75537208239,1.93575225292786,9500,9498.60310037113,1.92398083219463,1.93575225292786,0,-29.1642021635265,12.5723736181459,17,1503.01235607484,16713.6047855158,-15376.2622542549,1.93575225292786,1.5418159808907,1.48724672984286,0.0545692510478373,-33.9044314850203,0.284797769941484,1.93575225292786,0,267.161443506003,60.6481711487664,5.1706553381917e-10,1,0.986274199676227,0,0.00203343602214079,0.109138502095675,0,0,0
72.18,9496.31790904993,1.93671439887339,9500,9498.1242384885,1.93718869549205,1.93671439887339,0,-28.247114803445,12.5491320089143,17,1503.01235607484,16715.6267677425,-15373.0672762972,1.93671439887339,1.5418159808907,1.48722317997508,0.0545928009156211,-33.4663893537934,0.285712816151447,1.93671439887339,0,267.161443506003,60.6481711487664,5.07442579950678e-10,1,0.986228767474879,0,0.00272927510175625,0.109185601831242,0,0,0
72.195,9495.89420232788,1.93777040729962,9500,9497.65610563537,1.95048325289986,1.93777040729962,0,-27.2870812061448,12.5243963483681,17,1503.01235607484,16718.1052888473,-15370.0856055484,1.93777040729962,1.5418159808907,1.48730926265985,0.054506718230843,-32.9670249372547,0.286940989947238,1.93777040729962,0,267.161443506003,60.6481711487664,4.96629449398462e-10,1,0.986184763918736,0,0.00340891075988137,0.109013436461686,0,0,0
72.21,9495.48489610979,1.93891661037979,9500,9497.19948636945,1.96383653463732,1.93891661037979,0,-26.2867717299152,12.4982441520846,17,1503.01235607484,16721.0276494979,-15367.3197288567,1.93891661037979,1.5418159808907,1.48750316604074,0.0543128148499548,-32.4083331071823,0.288474999789184,1.93891661037979,0,267.161443506003,60.6481711487664,4.84643112982425e-10,1,0.986142255909753,0,0.00407124393084968,0.10862562969991,0,0,0
72.225,9495.09059453384,1.94014922299281,9500,9496.75512887128,1.97722090626377,1.94014922299281,0,-25.2488922746263,12.470754600847,17,1503.01235607484,16724.3804785641,-15364.771656277,1.94014922299281,1.5418159808907,1.48780288961867,0.0540130912720251,-31.7924039106644,0.290307059558067,1.94014922299281,0,267.161443506003,60.6481711487664,4.71505472519395e-10,1,0.986101306189978,0,0.0047152318059771,0.10802618254405,0,0,0
72.24,9494.71186114972,1.94146435351276,9500,9496.32374399105,1.99060912016849,1.94146435351276,0,-24.1761765766399,12.4420082990555,17,1503.01235607484,16728.1497833496,-15362.4429277079,1.94146435351276,1.5418159808907,1.48820625151504,0.0536097293756541,-31.1214155747465,0.292428913870756,1.94146435351276,0,267.161443506003,60.6481711487664,4.57243514642552e-10,1,0.986061973286194,0,0.0053398887181122,0.107219458751308,0,0,0
72.255,9494.34921850107,1.94285801444487,9500,9495.90600440419,2.0039743650107,1.94285801444487,0,-23.0713776784892,12.4120870444694,16,1503.01235607484,16732.3209831638,-15360.3345982347,1.94285801444487,1.5418159808907,1.48871089601056,0.0531050848801324,-30.3976274528987,0.294831863793907,1.94285801444487,0,267.161443506003,60.6481711487664,9.77940750037263e-10,1,0.986024311466546,0,0.00594428684184267,0.106210169760265,0,0,0
72.27,9494.00314783589,1.94432613281818,9500,9495.50254387757,2.01729031298378,1.94432613281818,0,-21.9372691322324,12.3810735732713,16,1503.01235607484,16736.8789999068,-15358.447335809,1.94432613281818,1.5418159808907,1.48931430136332,0.0525016795273741,-29.6233729004487,0.297506792872736,1.94432613281818,0,267.161443506003,60.6481711487664,9.41099460779594e-10,1,0.985988370710472,0,0.00652755674350591,0.105003359054748,0,0,0
72.285,9493.67408879891,1.94586455994838,9500,9495.11395665092,2.03053116470651,1.94586455994838,0,-20.7766278627549,12.3490513817009,16,1503.01235607484,16741.8082273297,-15356.7812934878,1.94586455994838,1.5418159808907,1.49001378806551,0.0518021928251851,-28.8010520283293,0.300444193407314,1.94586455994838,0,267.161443506003,60.6481711487664,9.0208562259922e-10,1,0.985954196676748,0,0.00708888774032479,0.10360438565037,0,0,0
72.3,9493.36243938097,1.9474690822933,9500,9494.74079689872,2.0436716925317,1.9474690822933,0,-19.5922350424739,12.3161044688252,16,1503.01235607484,16747.0926273543,-15355.3362110616,1.9474690822933,1.5418159808907,1.49080652663463,0.0510094542560708,-27.9331248712578,0.30363419289046,1.9474690822933,0,267.161443506003,60.6481711487664,8.60992202822978e-10,1,0.985921830698241,0,0.00762752817591039,0.102018908512142,0,0,0
72.315,9493.06855585533,1.94913543081769,9500,9494.38357831853,2.05668728105036,1.94913543081769,0,-18.3868685664883,12.2823171402375,16,1503.01235607484,16752.715758625,-15354.1114012446,1.94913543081769,1.5418159808907,1.49168954621201,0.0501264346786883,-27.0221042041316,0.307066580569619,1.94913543081769,0,267.161443506003,60.6481711487664,8.17934480302845e-10,1,0.985891309775285,0,0.00814278550718717,0.100252869357377,0,0,0
72.33,9492.79275282684,1.95085929069359,9500,9494.04277380941,2.06955396561402,1.95085929069359,0,-17.1632973133042,12.2477738029386,16,1503.01235607484,16758.6608190145,-15353.1057599862,1.95085929069359,1.5418159808907,1.49265974301318,0.0491562378775201,-26.0705486172608,0.310730834047854,1.95085929069359,0,267.161443506003,60.6481711487664,7.73034863867722e-10,1,0.985862666580789,0,0.00863402626797694,0.0983124757550402,0,0,0
72.345,9492.53530336714,1.95263631087008,9500,9493.71881524651,2.08224846865906,1.95263631087008,0,-15.9242755744607,12.2125587661281,16,1503.01235607484,16764.91068768,-15352.317777318,1.95263631087008,1.5418159808907,1.49371388883523,0.048102092055472,-25.0810557068877,0.314616145868443,1.95263631087008,0,267.161443506003,60.6481711487664,7.26424659660782e-10,1,0.985835929474286,0,0.00910067593625286,0.096204184110944,0,0,0
72.36,9492.29643923352,1.95446211345449,9500,9493.41209334907,2.09474823382609,1.95446211345449,0,-14.6725376840122,12.1767560490821,16,1503.01235607484,16771.4479664214,-15351.7455486568,1.95446211345449,1.5418159808907,1.49484863962868,0.0469673412620188,-24.056255393343,0.318711450039757,1.95446211345449,0,267.161443506003,60.6481711487664,6.78242739845495e-10,1,0.98581112252465,0,0.0095422186664651,0.0939346825240377,0,0,0
72.375,9492.07635116826,1.95633230287665,9500,9493.12295763935,2.10703145786968,1.95633230287665,0,-13.4107928621515,12.1404491967224,16,1503.01235607484,16778.2550202103,-15351.3867865103,1.95633230287665,1.5418159808907,1.49606054411755,0.0457554367731432,-22.9988033765331,0.323005448439666,1.95633230287665,0,267.161443506003,60.6481711487664,6.286359791082e-10,1,0.985788265541195,0,0.00995819693495137,0.0915108735462864,0,0,0
72.39,9491.87518927533,1.95824247481975,9500,9492.85171648979,2.1190771203587,1.95824247481975,0,-12.1417202797635,12.1037211032381,16,1503.01235607484,16785.3140168114,-15351.2388325401,1.95824247481975,1.5418159808907,1.49734605245637,0.0444699284343291,-21.911374738188,0.327486637060394,1.95824247481975,0,267.161443506003,60.6481711487664,5.77756590799924e-10,1,0.985767374112788,0,0.0103482110717619,0.0889398568686581,0,0,0
72.405,9491.69306347113,1.96018822491289,9500,9492.59863725557,2.13086501117208,1.96018822491289,0,-10.8679643432577,12.0666538438775,16,1503.01235607484,16792.6069654711,-15351.2986699499,1.96018822491289,1.5418159808907,1.49870152490094,0.0431144559897543,-20.7966576995812,0.332143332042687,1.96018822491289,0,267.161443506003,60.6481711487664,5.25763887283866e-10,1,0.985748459654666,0,0.0107119187129536,0.0862289119795085,0,0,0
72.42,9491.53004400598,1.96216515715955,9500,9492.36394648966,2.14237575580171,1.96216515715955,0,-9.5921302114245,12.0293285153761,16,1503.01235607484,16800.1157545596,-15351.5629361477,1.96216515715955,1.5418159808907,1.50012324048803,0.0416927404026701,-19.6573475443501,0.336963695463516,1.96216515715955,0,267.161443506003,60.6481711487664,4.72818955233532e-10,1,0.985731529462593,0,0.011049034163604,0.0833854808053403,0,0,0
72.435,9491.38616205281,1.96416889210073,9500,9492.14783023723,2.15359083847682,1.96416889210073,0,-8.31678123828772,11.9918250800621,15,1503.01235607484,16807.8221993774,-15352.0279565045,1.96416889210073,1.5418159808907,1.50160740570425,0.0402085751864458,-18.4961407141281,0.341935760837138,1.96416889210073,0,267.161443506003,60.6481711487664,9.22811097222511e-10,1,0.985716586773995,0,0.011359327673355,0.0804171503728917,0,0,0
72.45,9491.26141033423,1.96619507474424,9500,9491.95043440639,2.16449262313125,1.96619507474424,0,-7.04442789197589,11.9542222431442,15,1503.01235607484,16815.7080313943,-15352.6896711484,1.96619507474424,1.5418159808907,1.503150163109,0.038665817781697,-17.3157290858398,0.347047458290148,1.96619507474424,0,267.161443506003,60.6481711487664,8.02959567627433e-10,1,0.98570363083309,0,0.0116426246533416,0.077331635563394,0,0,0
72.465,9491.15574391586,1.96823938251138,9500,9491.77186520529,2.17506437240533,1.96823938251138,0,-5.77753467799135,11.9165972824329,15,1503.01235607484,16823.7550060612,-15353.54378254,1.96823938251138,1.5418159808907,1.50474759977243,0.0370683811182642,-16.118794534895,0.352286639384152,1.96823938251138,0,267.161443506003,60.6481711487664,6.82188342351845e-10,1,0.985692656973267,0,0.0118988048201993,0.0741367622365283,0,0,0
72.48,9491.06908089569,1.97029753182298,9500,9491.61218967162,2.18529026397606,1.97029753182298,0,-4.51850948080968,11.8790259576618,15,1503.01235607484,16831.9448834151,-15354.5856760106,1.97029753182298,1.5418159808907,1.50639575620118,0.035420224689519,-14.9080033400074,0.357641101553241,1.97029753182298,0,267.161443506003,60.6481711487664,5.60891911686854e-10,1,0.985683656688695,0,0.0121278012513861,0.070840449379038,0,0,0
72.495,9491.00130325347,1.97236528578941,9500,9491.47143624347,2.1951554054375,1.97236528578941,0,-3.26969996694765,11.8415823868736,14,1503.01235607484,16840.2594639322,-15355.8104356254,1.97236528578941,1.5418159808907,1.50809063449952,0.0337253463911753,-13.6860012142378,0.363098612116365,1.97236528578941,0,267.161443506003,60.6481711487664,9.66726172502751e-10,1,0.985676617722521,0,0.012329599417835,0.0674506927823506,0,0,0
72.51,9490.95225775397,1.97443846111515,9500,9491.34959540245,2.20464584692036,1.97443846111515,0,-2.03339814620674,11.8043388975888,14,1503.01235607484,16848.6806706172,-15357.2129525798,1.97443846111515,1.5418159808907,1.50982820670567,0.0319877741850321,-12.4554083710077,0.368646931854391,1.97443846111515,0,267.161443506003,60.6481711487664,6.99847893285997e-10,1,0.985671524160681,0,0.0125042361404735,0.0639755483700641,0,0,0
72.525,9490.92175678178,1.97651293441075,9500,9491.24662038413,2.21374859151717,1.97651293441075,0,-0.811826797832103,11.7673659946855,13,1503.01235607484,16857.1905090393,-15358.7878085659,1.97651293441075,1.5418159808907,1.51160442318947,0.0302115577012225,-11.2188146872509,0.374273838117604,1.97651293441075,0,267.161443506003,60.6481711487664,9.55459710631531e-10,1,0.985668356518601,0,0.012651798493549,0.060423115402445,0,0,0
72.54,9490.90957937981,1.97858464953926,9500,9491.16242792078,2.22245160435608,1.97858464953926,0,0.392864727063129,11.7307322344337,12,1503.01235607484,16865.7710945947,-15360.5292795746,1.97858464953926,1.5418159808907,1.51341522028627,0.0284007606044314,-9.97877546109841,0.379967147439701,1.97858464953926,0,267.161443506003,60.6481711487664,8.27486645921268e-10,1,0.985667091849047,0,0.0127724226984689,0.0568015212088628,0,0,0
72.555,9490.91547235072,1.9806496234141,9500,9491.09689906078,2.23074381917125,1.9806496234141,0,1.57858495308555,11.6945041249211,11,1503.01235607484,16874.404799882,-15362.4315719066,1.9806496234141,1.5418159808907,1.515256528456,0.0265594524346933,-8.73780697776008,0.385714737654012,1.9806496234141,0,267.161443506003,60.6481711487664,9.49505899781051e-10,1,0.98566770385651,0,0.0128662929262271,0.0531189048693865,0,0,0
72.57,9490.93915112501,1.98270395054786,9500,9491.04988006103,2.23861514240256,1.98270395054786,0,2.74331920065286,11.6587456776333,13,1503.01235607484,16883.0741414079,-15364.488601784,1.98270395054786,1.5418159808907,1.51712428079752,0.0246917000931755,-7.49838197828364,0.391504569470814,1.98270395054786,0,267.161443506003,60.6481711487664,7.6117419031376e-10,1,0.985670162987367,0,0.0129336400485995,0.0493834001863509,0,0,0
72.585,9490.98030091302,1.98474381029289,9500,9491.02118327315,2.24605645678614,1.98474381029289,0,3.88513138088509,11.6235194643252,14,1503.01235607484,16891.7618799188,-15366.694085782,1.98474381029289,1.5418159808907,1.51901441993594,0.0228015609547565,-6.26292622364569,0.397324707492684,1.98474381029289,0,267.161443506003,60.6481711487664,5.98744635875445e-10,1,0.985674436549509,0,0.0129747404012557,0.045603121909513,0,0,0
72.6,9491.03857788374,1.98676547231943,9500,9491.0105880985,2.25305962253117,1.98676547231943,0,5.00216211450351,11.588885241599,14,1503.01235607484,16900.4510086425,-15369.0415400079,1.98676547231943,1.5418159808907,1.52092290551296,0.0208930753777419,-5.03381480312121,0.403163340673249,1.98676547231943,0,267.161443506003,60.6481711487664,8.46243932276871e-10,1,0.985680488834779,0,0.0129899145063734,0.0417861507554838,0,0,0
72.615,9491.11361031545,1.98876530109148,9500,9491.01784200121,2.25961747630723,1.98876530109148,0,6.09262943357088,11.5549005572562,15,1503.01235607484,16909.1248135452,-15371.5243366036,1.98876530109148,1.5418159808907,1.52284572189086,0.0189702589998344,-3.81336840379676,0.409008802201117,1.98876530109148,0,267.161443506003,60.6481711487664,4.94900854196142e-10,1,0.985688281238462,0,0.0129795257110124,0.0379405179996688,0,0,0
72.63,9491.20499975696,1.9907397604083,9500,9491.04266155695,2.2657238285665,1.9907397604083,0,7.15482760216789,11.5216205933057,15,1503.01235607484,16917.7669087794,-15374.1357460867,1.9907397604083,1.5418159808907,1.52477888551743,0.0170370953732664,-2.60384987940799,0.414849588771073,1.9907397604083,0,267.161443506003,60.6481711487664,6.02091553196374e-10,1,0.985697772379883,0,0.0129439788216748,0.0340741907465327,0,0,0
72.645,9491.31232217099,1.99268541812339,9500,9491.08473353071,2.27137345933919,1.99268541812339,0,8.18713794466511,11.4890981220522,15,1503.01235607484,16926.361198493,-15376.8688378525,1.99268541812339,1.5418159808907,1.52671845189477,0.0150975289959319,-1.4074611484013,0.420674379240826,1.99268541812339,0,267.161443506003,60.6481711487664,7.0613814739528e-10,1,0.985708918221159,0,0.0128837187004072,0.0301950579918637,0,0,0
72.66,9491.43512924016,1.99459895142123,9500,9491.1437159717,2.27656211278874,1.99459895142123,0,9.18802406644689,11.4573834387116,15,1503.01235607484,16934.8919471633,-15379.7165777739,1.99459895142123,1.5418159808907,1.52866052195344,0.0131554589372616,-0.226340527257642,0.42647205265601,1.99459895142123,0,267.161443506003,60.6481711487664,8.06808608499965e-10,1,0.98572167220282,0,0.0127992288777712,0.0263109178745231,0,0,0
72.675,9491.57294960116,1.99647715053962,9500,9491.21923936289,2.28128648955689,1.99647715053962,0,10.156034428251,11.4265243358556,15,1503.01235607484,16943.3437887667,-15382.6718228597,1.99647715053962,1.5418159808907,1.53060124889174,0.0112147319989582,0.937440152832349,0.432231705651007,1.99647715053962,0,267.161443506003,60.6481711487664,9.03870846654557e-10,1,0.985735985371994,0,0.0126910300844876,0.0224294639979163,0,0,0
72.69,9491.72529011758,1.99831692263465,9500,9491.31090779251,2.28554423768943,1.99831692263465,0,11.0898034260528,11.3965660741921,15,1503.01235607484,16951.7017470353,-15385.7273354502,1.99831692263465,1.5418159808907,1.53253684461323,0.00927913627746313,2.08187811513474,0.437942669189026,1.99831692263465,0,267.161443506003,60.6481711487664,9.97110298193849e-10,1,0.985751806514587,0,0.0125596787812969,0.0185582725549263,0,0,0
72.705,9491.89163716897,2.00011529537491,9500,9491.41830015183,2.28933394201652,2.00011529537491,0,11.9880502800523,11.3675513511971,16,1503.01235607484,16959.951267936,-15388.8758220449,2.00011529537491,1.5418159808907,1.53446358596889,0.00735239492180395,3.20504202539097,0.44359452464061,2.00011529537491,0,267.161443506003,60.6481711487664,4.93797662882028e-10,1,0.98576908228916,0,0.012405765660382,0.0147047898436079,0,0,0
72.72,9492.07145792317,2.00186942030103,9500,9491.54097135654,2.29265511203393,2.00186942030103,0,12.849587770179,11.3395203126461,16,1503.01235607484,16968.0781860986,-15392.1098501431,2.00186942030103,1.5418159808907,1.53637782077942,0.00543816011127385,4.30507420050761,0.449177119187782,2.00186942030103,0,267.161443506003,60.6481711487664,5.32345086609622e-10,1,0.985787757359064,0,0.0122299141288791,0.0108763202225477,0,0,0
72.735,9492.26420173973,2.00357657631013,9500,9491.67845358136,2.29550816853298,2.00357657631013,0,13.6733113322014,11.3125104882407,16,1503.01235607484,16976.0688204344,-15395.4220057503,2.00357657631013,1.5418159808907,1.53827597345387,0.00354000743682925,5.38019252340058,0.454680580545777,2.00357657631013,0,267.161443506003,60.6481711487664,5.68904962139756e-10,1,0.985807774538191,0,0.0120327787779162,0.0070800148736585,0,0,0
72.75,9492.46930140971,2.00523417155981,9500,9491.83025753846,2.29789442819364,2.00523417155981,0,14.458206656548,11.2865568274257,16,1503.01235607484,16983.9099366869,-15398.8048127367,2.00523417155981,1.5418159808907,1.54015455105406,0.0016614298366342,6.42869257931253,0.460095330995839,2.00523417155981,0,267.161443506003,60.6481711487664,6.03405339834397e-10,1,0.985829074919737,0,0.0118150437921356,0.0033228596732684,0,0,0
72.765,9492.68617450956,2.00683974658202,9500,9491.99587374574,2.29981608747245,2.00683974658202,0,15.2033484261945,11.2616916789363,16,1503.01235607484,16991.5887774219,-15402.2507699185,2.00683974658202,1.5418159808907,1.54201014839619,-0.000194167505490617,7.44894917236875,0.4654121007023,2.00683974658202,0,267.161443506003,60.6481711487664,6.35793734269883e-10,1,0.985851598016795,0,0.0115774213945947,-0.000388335010981233,0,0,0
72.78,9492.91422473595,2.00839097665632,9500,9492.17477381744,2.30127620497695,2.00839097665632,0,15.9079005066678,11.2379447900861,16,1503.01235607484,16999.0930768111,-15405.7523646599,2.00839097665632,1.5418159808907,1.54383945317282,-0.00202347228212152,8.43941783311934,0.470621940329868,2.00839097665632,0,267.161443506003,60.6481711487664,6.66028408849075e-10,1,0.985875281900996,0,0.011320650238007,-0.00404694456424304,0,0,0
72.795,9493.15284324355,2.00988567386244,9500,9492.36641176611,2.30227868257999,2.00988567386244,0,16.5711159526655,11.2153433113736,16,1503.01235607484,17006.4110741873,-15409.3020862654,2.00988567386244,1.5418159808907,1.54563925087331,-0.00382326998261329,9.39863616235618,0.475716232936971,2.00988567386244,0,267.161443506003,60.6481711487664,6.94076599380522e-10,1,0.985900063341435,0,0.0110454938109843,-0.00764653996522657,0,0,0
72.81,9493.40140998284,2.0113217889099,9500,9492.57022531388,2.30282824532245,2.0113217889099,0,17.1923368906788,11.1939118045253,16,1503.01235607484,17013.5315267752,-15412.8924392283,2.0113217889099,1.5418159808907,1.54740642945705,-0.00559044856635671,10.3252250141587,0.480686705151914,2.0113217889099,0,267.161443506003,60.6481711487664,7.19915541233469e-10,1,0.985925877943607,0,0.0107527387897028,-0.0111808971327134,0,0,0
72.825,9493.6592950362,2.01269741269247,9500,9492.78563721065,2.30293042015803,2.01269741269247,0,17.7709942482488,11.1736722547169,16,1503.01235607484,17020.4437213683,-15416.5159562756,2.01269741269247,1.5418159808907,1.54913798379345,-0.00732200290275298,11.2178895185649,0.48552543760728,2.01269741269247,0,267.161443506003,60.6481711487664,7.43529067709991e-10,1,0.985952660288171,0,0.0104431934170326,-0.014644005805506,0,0,0
72.84,9493.92585994992,2.01401077758069,9500,9493.01205655686,2.30259151359106,2.01401077758069,0,18.3066073398297,11.1546440865837,16,1503.01235607484,17027.1374850015,-15420.1652112035,2.01401077758069,1.5418159808907,1.55083101986817,-0.00901503897747524,12.0754199468052,0.490224874644945,2.01401077758069,0,267.161443506003,60.6481711487664,7.64912914932133e-10,1,0.985980344069277,0,0.0101176858400327,-0.0180300779549505,0,0,0
72.855,9494.20045906002,2.01526025846772,9500,9493.24888012872,2.30181858826192,2.01526025846772,0,18.7987833192922,11.1368441836018,16,1503.01235607484,17033.6031946717,-15423.8328315019,2.01526025846772,1.5418159808907,1.55248275873866,-0.0106667778479672,12.8966924200982,0.49477783327296,2.01526025846772,0,267.161443506003,60.6481711487664,7.8406807202772e-10,1,0.986008862232264,0,0.00977706243802845,-0.0213335556959344,0,0,0
72.87,9494.48244080981,2.01644437356127,9500,9493.4954937035,2.30061943853428,2.01644437356127,0,19.2472164973924,11.1202869108327,16,1503.01235607484,17039.8317860711,-15427.5115107429,2.01644437356127,1.5418159808907,1.55409054024045,-0.0122745593497511,13.6806694642101,0.499177511370073,2.01644437356127,0,267.161443506003,60.6481711487664,8.0100505120593e-10,1,0.986038147110488,0,0.00942218616632728,-0.0245491186995022,0,0,0
72.885,9494.77114905727,2.01756178493653,9500,9493.75127338294,2.29900256513954,2.01756178493653,0,19.6516875325383,11.1049841406427,16,1503.01235607484,17045.8147613767,-15431.1940207322,2.01756178493653,1.5418159808907,1.55565182644024,-0.0138358455495458,14.4264004115448,0.50341749514492,2.01756178493653,0,267.161443506003,60.6481711487664,8.15741369147355e-10,1,0.986068130561104,0,0.00905393485418005,-0.0276716910990915,0,0,0
72.9,9495.06592437026,2.01861129884583,9500,9494.01558691239,2.29697714893398,2.01861129884583,0,20.0120624953234,11.0909452813603,16,1503.01235607484,17051.5441960746,-15434.8732234021,2.01861129884583,1.5418159808907,1.55716420482778,-0.0153482239370852,15.133021653267,0.507491765829301,2.01861129884583,0,267.161443506003,60.6481711487664,8.28301831731641e-10,1,0.986098744099571,0,0.0086731995203162,-0.0306964478741705,0,0,0
72.915,9495.36610530769,2.01959186577797,9500,9494.28779499382,2.2945530238242,2.01959186577797,0,20.3282918038761,11.0781773088839,16,1503.01235607484,17057.0127447799,-15438.5420824237,2.01959186577797,1.5418159808907,1.55862539125378,-0.0168094103630838,15.7997567439989,0.511394705613443,2.01959186577797,0,267.161443506003,60.6481711487664,8.38717638318736e-10,1,0.986129919032716,0,0.00828088267942295,-0.0336188207261676,0,0,0
72.93,9495.67102968475,2.02050258031032,9500,9494.56725259054,2.29174064891723,2.02050258031032,0,20.6004090557325,11.0666848004072,16,1503.01235607484,17062.2136462138,-15442.1936745593,2.02050258031032,1.5418159808907,1.56003323259048,-0.0182172516997789,16.4259163618451,0.515121102819183,2.02050258031032,0,267.161443506003,60.6481711487664,8.47024454089858e-10,1,0.986161586590125,0,0.00787789663166705,-0.0364345033995579,0,0,0
72.945,9495.98003582058,2.02134268069294,9500,9494.85331022172,2.28855107995213,2.02134268069294,0,20.8285297227555,11.0564699712276,16,1503.01235607484,17067.1407270798,-15445.8212006856,2.02134268069294,1.5418159808907,1.56138570914129,-0.0195697282505967,17.0108981261617,0.518666156303434,2.02134268069294,0,267.161443506003,60.6481711487664,8.53266233701997e-10,1,0.986193678053723,0,0.00746516176152401,-0.0391394565011933,0,0,0
72.96,9496.29246376643,2.02211154822851,9500,9495.14531524473,2.28499594006882,2.02211154822851,0,21.0128497477589,11.0475327134673,16,1503.01235607484,17071.7884050916,-15449.4179965262,2.02211154822851,1.5418159808907,1.56268093676985,-0.0208649558791514,17.5541862767719,0.522025479096119,2.02211154822851,0,267.161443506003,60.6481711487664,8.57490786429847e-10,1,0.986226124885316,0,0.0070436048401783,-0.0417299117583028,0,0,0
72.975,9496.60765651264,2.02280870642733,9500,9495.44261312348,2.28108738997206,2.02280870642733,0,21.1536440310729,11.0398706370075,16,1503.01235607484,17076.1516910522,-15452.9775430588,2.02280870642733,1.5418159808907,1.56391716875948,-0.0221011878687833,18.0553512168435,0.5251951012742,2.02280870642733,0,267.161443506003,60.6481711487664,8.59749176989115e-10,1,0.986258858851954,0,0.0066141573062759,-0.0442023757375667,0,0,0
72.99,9496.92496117311,2.02343381992365,9500,9495.74454868083,2.27683809754735,2.02343381992365,0,21.2512648017069,11.0334791128216,16,1503.01235607484,17080.2261899211,-15456.4934765687,2.02343381992365,1.5418159808907,1.56509279740523,-0.0232768165145349,18.5140489227896,0.528171472062024,2.02343381992365,0,267.161443506003,60.6481711487664,8.60098074612463e-10,1,0.986291812148927,0,0.00617775357345196,-0.0465536330290699,0,0,0
73.005,9497.24373014513,2.0239866931781,9500,9496.05046733336,2.2722612069856,2.0239866931781,0,21.3061398874275,11.0283513182475,16,1503.01235607484,17084.008100955,-15459.9595983525,2.0239866931781,1.5418159808907,1.56620635533204,-0.0243903744413392,18.9300202244526,0.530951461170077,2.0239866931781,0,267.161443506003,60.6481711487664,8.58597384785975e-10,1,0.98632491752023,0,0.0057353293325062,-0.0487807488826784,0,0,0
73.02,9497.56332224344,2.024467268998,9500,9496.35971630682,2.26737030747396,2.024467268998,0,21.3187709043559,11.0244782836223,16,1503.01235607484,17087.4942170465,-15463.3698840841,2.024467268998,1.5418159808907,1.5672565165219,-0.0254405356311989,19.3030899586751,0.533532359369705,2.024467268998,0,267.161443506003,60.6481711487664,8.55310682599272e-10,1,0.986358108376331,0,0.00528781986056881,-0.0508810712623977,0,0,0
73.035,9497.88310380701,2.02487562680075,9500,9496.67164583037,2.26217940151146,2.02487562680075,0,21.2897313234941,11.0218489415565,16,1503.01235607484,17090.6819229391,-15466.718492762,2.02487562680075,1.5418159808907,1.56824209708915,-0.026426116198452,19.6331659986207,0.535911878306961,2.02487562680075,0,267.161443506003,60.6481711487664,8.50302110187691e-10,1,0.98639131890912,0,0.00483615833728068,-0.0528522323969041,0,0,0
73.05,9498.20244977686,2.02521198070981,9500,9496.98561030824,2.2567028729041,2.02521198070981,0,21.2196644686265,11.0204501772953,16,1503.01235607484,17093.5691926844,-15469.9997752977,2.02521198070981,1.5418159808907,1.56916205576051,-0.0273460748698131,19.9202381637969,0.538088149558737,2.02521198070981,0,267.161443506003,60.6481711487664,8.43640053135396e-10,1,0.986424484203844,0,0.00438127418862133,-0.0546921497396262,0,0,0
73.065,9498.52074474389,2.02547667743818,9500,9497.30096946703,2.25095545449875,2.02547667743818,0,21.1092814191463,11.0202668809518,16,1503.01235607484,17096.1545861351,-15473.2082826915,2.02547667743818,1.5418159808907,1.57001549408876,-0.0281995131980664,20.1643770125974,0.540059722943617,2.02547667743818,0,267.161443506003,60.6481711487664,8.35393008074277e-10,1,0.986457540347924,0,0.00392409141936856,-0.0563990263961327,0,0,0
73.08,9498.83738396518,2.02567019398483,9500,9497.61708947722,2.24495219571152,2.02567019398483,0,20.9593588304672,11.0212820011887,16,1503.01235607484,17098.437244554,-15476.3387738026,2.02567019398483,1.5418159808907,1.5708016563848,-0.0289856754941002,20.3657325215429,0.541825564082333,2.02567019398483,0,267.161443506003,60.6481711487664,8.25633111978277e-10,1,0.986490424536505,0,0.00346552698466329,-0.0579713509882005,0,0,0
73.095,9499.15177434764,2.02579313513952,9500,9497.93334404745,2.23870842990732,2.02579313513952,0,20.7707366754113,11.0234766004453,16,1503.01235607484,17100.4168853321,-15479.3862226925,2.02579313513952,1.5418159808907,1.571519929379,-0.0297039484883024,20.5245326546894,0.543385051225431,2.02579313513952,0,267.161443506003,60.6481711487664,8.1443053963118e-10,1,0.986523075174612,0,0.00300648917748436,-0.0594078969766048,0,0,0
73.11,9499.46333539777,2.02584623079923,9500,9498.24911549012,2.23223974168651,2.02584623079923,0,20.5443159097816,11.0268299116898,16,1503.01235607484,17102.0937958256,-15482.3458255305,2.02584623079923,1.5418159808907,1.57216984161408,-0.0303538607233835,20.641081826791,0.544737971355299,2.02584623079923,0,267.161443506003,60.6481711487664,8.01858212143454e-10,1,0.986555431975785,0,0.00254787603187445,-0.0607077214467671,0,0,0
73.125,9499.77150013641,2.02583033312766,9500,9498.56379575694,2.22556193413486,2.02583033312766,0,20.2810560824543,11.0313193961917,16,1503.01235607484,17103.4688264357,-15485.2130070738,2.02583033312766,1.5418159808907,1.57275106255704,-0.0309350816663381,20.7157592636264,0.545884515569643,2.02583033312766,0,267.161443506003,60.6481711487664,7.87988111204706e-10,1,0.986587436057081,0,0.00209057375574617,-0.0618701633326761,0,0,0
73.14,9500.07571597765,2.02574641351696,9500,9498.87678744318,2.21869099609203,2.02574641351696,0,19.9819728600859,11.0369208030688,16,1503.01235607484,17104.5433827137,-15487.983426674,2.02574641351696,1.5418159808907,1.57326340145743,-0.0314474205667326,20.7490172632734,0.546825273759728,2.02574641351696,0,267.161443506003,60.6481711487664,7.72892159689692e-10,1,0.986619030030348,0,0.00163545520345276,-0.0628948411334651,0,0,0
73.155,9500.37544557055,2.02559555941503,9500,9499.1875047595,2.2116430694917,2.02559555941503,0,19.6481355088952,11.0436082295671,16,1503.01235607484,17105.3194167707,-15490.6529838491,2.02559555941503,1.5418159808907,1.57370680592917,-0.0318908250384768,20.741379362939,0.547561228601282,2.02559555941503,0,267.161443506003,60.6481711487664,7.566435435851e-10,1,0.986650158089646,0,0.00118337835563476,-0.0637816500769537,0,0,0
73.17,9500.67016760319,2.02537897096173,9500,9499.49537446994,2.20443441682877,2.02537897096173,0,19.2806643017067,11.0513541831134,16,1503.01235607484,17105.7994177499,-15493.2178233603,2.02537897096173,1.5418159808907,1.57408136028584,-0.0322653793951415,20.693438414265,0.548093748861318,2.02537897096173,0,267.161443506003,60.6481711487664,7.39312000076771e-10,1,0.986680766094746,0,0.000735184859953053,-0.064530758790283,0,0,0
73.185,9500.95937756771,2.02509795749228,9500,9499.79983679534,2.19708138880503,2.02509795749228,0,18.8807278835617,11.0601296442013,16,1503.01235607484,17105.9864015868,-15495.6743398308,2.02509795749228,1.5418159808907,1.57438728361405,-0.0325713027233558,20.6058545722246,0.548424582048297,2.02509795749228,0,267.161443506003,60.6481711487664,7.20969262075057e-10,1,0.986710801650588,0,0.000291698603187118,-0.0651426054467117,0,0,0
73.2,9501.24258848596,2.02475393387671,9500,9500.10034628076,2.1896003922073,2.02475393387671,0,18.4495405811265,11.0699041307166,16,1503.01235607484,17105.8838999344,-15498.0191818668,2.02475393387671,1.5418159808907,1.57462492760756,-0.0328089467168586,20.4793532003349,0.548555846419731,2.02475393387671,0,267.161443506003,60.6481711487664,7.01684053750971e-10,1,0.986740214182637,0,-0.000146275692356923,-0.0656178934337173,0,0,0
73.215,9501.51933159468,2.02434841672845,9500,9500.39637262626,2.18200785806895,2.02434841672845,0,17.988359672091,11.080645763213,16,1503.01235607484,17105.4959483621,-15500.249255699,2.02434841672845,1.5418159808907,1.57479477415091,-0.0329787932602106,20.3147226969624,0.54849002235817,2.02434841672845,0,267.161443506003,60.6481711487664,6.81524003933938e-10,1,0.986768955008042,0,-0.000577953802370912,-0.0659575865204212,0,0,0
73.23,9501.78915698976,2.02388302047139,9500,9500.68740147992,2.17432021016574,2.02388302047139,0,17.4984826115217,11.0923213313963,16,1503.01235607484,17104.827073791,-15502.3617283232,2.02388302047139,1.5418159808907,1.5748974326739,-0.0330814517832043,20.1128122463869,0.548229943147103,2.02388302047139,0,267.161443506003,60.6481711487664,6.60556675999257e-10,1,0.986796977402551,0,-0.00100257330869669,-0.0661629035664086,0,0,0
73.245,9502.05163422894,2.02335945327774,9500,9500.97293519224,2.16655383389621,2.02335945327774,0,16.9812442218102,11.1048963616956,16,1503.01235607484,17103.8822812039,-15504.3540301416,2.02335945327774,1.5418159808907,1.57493363727627,-0.0331176563855733,19.8745294987157,0.54777878515819,2.02335945327774,0,267.161443506003,60.6481711487664,6.38846038447601e-10,1,0.986824236663093,0,-0.00141939484343956,-0.0662353127711466,0,0,0
73.26,9502.30635289226,2.02277951288497,9500,9501.25249353134,2.15872504559476,2.02277951288497,0,16.4380138513502,11.1183351858578,16,1503.01235607484,17102.6670396567,-15506.2238571014,2.02277951288497,1.5418159808907,1.57490424363288,-0.0330882627421867,19.6008381830914,0.547140057478642,2.02277951288497,0,267.161443506003,60.6481711487664,6.16457761150786e-10,1,0.986850690165998,0,-0.00182770328847126,-0.0661765254843734,0,0,0
73.275,9502.55292310003,2.02214508228149,9500,9501.52561435796,2.15085006232646,2.02214508228149,0,15.8701924968159,11.1326010108377,16,1503.01235607484,17101.187267544,-15507.9691723129,2.02214508228149,1.5418159808907,1.57481022569472,-0.0329942448040186,19.2927556576306,0.54631759099883,2.02214508228149,0,267.161443506003,60.6481711487664,5.93450981501321e-10,1,0.986876297420771,0,-0.00222680891373916,-0.0659884896080372,0,0,0
73.29,9502.79097598749,2.02145812530474,9500,9501.79185425983,2.14294497220944,2.02145812530474,0,15.2792099139111,11.1476559893202,16,1503.01235607484,17099.4493172908,-15509.5882071766,2.02145812530474,1.5418159808907,1.5746526721775,-0.0328366912868041,18.951350400967,0.545315526987647,2.02145812530474,0,267.161443506003,60.6481711487664,5.69887277063079e-10,1,0.986901020119404,0,-0.00261604846728369,-0.0656733825736082,0,0,0
73.305,9503.0201641362,2.02072068210258,9500,9502.05078914457,2.13502570531206,2.02072068210258,0,14.6665216885577,11.1634612918112,16,1503.01235607484,17097.4599592607,-15511.0794619691,2.02072068210258,1.5418159808907,1.57443278287344,-0.0326168019827453,18.5777394486068,0.54413830517737,2.02072068210258,0,267.161443506003,60.6481711487664,5.45824197725848e-10,1,0.98692482218117,0,-0.00299478619844384,-0.0652336039654906,0,0,0
73.32,9503.24016196152,2.01993486453147,9500,9502.30201479084,2.12710800516891,2.01993486453147,0,14.0336063115904,11.1799771791246,16,1503.01235607484,17095.2263651839,-15512.4417059447,2.01993486453147,1.5418159808907,1.57415186476435,-0.0323358838736498,18.1730857787128,0.54279065138807,2.01993486453147,0,267.161443506003,60.6481711487664,5.21318062243309e-10,1,0.986947669792865,0,-0.0033624148112894,-0.0646717677472997,0,0,0
73.335,9503.4506660562,2.01910285144915,9500,9502.54514735696,2.11920740096002,2.01910285144915,0,13.3819622311954,11.1971630760853,16,1503.01235607484,17092.7560909157,-15513.6739769103,2.01910285144915,1.5418159808907,1.57381132797297,-0.0319953470822709,17.7385956510183,0.54127756472299,2.01910285144915,0,267.161443506003,60.6481711487664,4.96423225961335e-10,1,0.986969531444489,0,-0.00371835637847684,-0.0639906941645418,0,0,0
73.35,9503.65139548967,2.01822688390521,9500,9502.77982384685,2.11133918039535,2.01822688390521,0,12.7131048862179,11.2149776464805,16,1503.01235607484,17090.0570585424,-15514.7755802709,2.01822688390521,1.5418159808907,1.57341268155978,-0.031596700669082,17.2755159032852,0.539604304352675,2.01822688390521,0,267.161443506003,60.6481711487664,4.71191496141354e-10,1,0.986990377960334,0,-0.00406206315972213,-0.0631934013381641,0,0,0
73.365,9503.84209206296,2.0173092602919,9500,9503.00570253273,2.10351836334579,2.0173092602919,0,12.028565605172,11.2333788736939,15,1503.01235607484,17087.13752595,-15515.7460649451,2.0173092602919,1.5418159808907,1.5729575291555,-0.0311415482647979,16.7851312092778,0.5377763759308,2.0173092602919,0,267.161443506003,60.6481711487664,9.96112577329081e-10,1,0.987010182525455,0,-0.00439301837881878,-0.0622830965295957,0,0,0
73.38,9504.02252054704,2.01635233139408,9500,9503.22246333436,2.09575967626199,2.01635233139408,0,11.3298811070238,11.2523241156321,15,1503.01235607484,17084.006117231,-15516.5853135591,2.01635233139408,1.5418159808907,1.57244756446917,-0.0306315835784738,16.2687613017765,0.535799517660332,2.01635233139408,0,267.161443506003,60.6481711487664,9.38838125648701e-10,1,0.987028920710421,0,-0.00471073691058921,-0.0612631671569477,0,0,0
73.395,9504.19246876364,2.01535849504161,9500,9503.42980816174,2.08807752723565,2.01535849504161,0,10.6186018297451,11.2717702204824,15,1503.01235607484,17080.6717265381,-15517.2933990678,2.01535849504161,1.5418159808907,1.57188456684052,-0.0300685859498271,15.7277582714751,0.533679686050567,2.01535849504161,0,267.161443506003,60.6481711487664,8.81072308953442e-10,1,0.987046570479711,0,-0.00501476592332906,-0.0601371718996542,0,0,0
73.41,9504.35174779109,2.01433019196444,9500,9503.62746118998,2.0804859825275,2.01433019196444,0,9.89628171097207,11.291673567334,15,1503.01235607484,17077.1435529883,-15517.8706778756,2.01433019196444,1.5418159808907,1.57127039604636,-0.0294544151556613,15.1635034624793,0.531423041385069,2.01433019196444,0,267.161443506003,60.6481711487664,8.2293658985027e-10,1,0.987063112213088,0,-0.00530468540713414,-0.0589088303113225,0,0,0
73.425,9504.50019201675,2.01326990011226,9500,9503.81516911624,2.07299874334334,2.01326990011226,0,9.16447688723082,11.3119901603425,15,1503.01235607484,17073.4310649844,-15518.3177616854,2.01326990011226,1.5418159808907,1.57060698775584,-0.0287910068651454,14.5774047906771,0.529035932951858,2.01326990011226,0,267.161443506003,60.6481711487664,7.64530020794034e-10,1,0.987078528711053,0,-0.0055801086735372,-0.0575820137302907,0,0,0
73.44,9504.63765917006,2.01218012952229,9500,9503.9927013637,2.06562912376304,2.01218012952229,0,8.42474276889747,11.3326757079692,15,1503.01235607484,17069.5439794995,-15518.6355135516,2.01218012952229,1.5418159808907,1.56989634859928,-0.028080367708587,13.9708938739031,0.526524884048767,2.01218012952229,0,267.161443506003,60.6481711487664,7.05947179004542e-10,1,0.987092805198263,0,-0.00584068276738581,-0.056160735417174,0,0,0
73.455,9504.76403031159,2.01106341713325,9500,9504.15985024119,2.05839002964193,2.01106341713325,0,7.67863112019015,11.3536857032064,15,1503.01235607484,17065.4922408816,-15518.8250434314,2.01106341713325,1.5418159808907,1.56914055117114,-0.0273245702804459,13.345423143316,0.523896576803443,2.01106341713325,0,267.161443506003,60.6481711487664,6.47279349658026e-10,1,0.987105929322409,0,-0.00608608879669315,-0.0546491405608918,0,0,0
73.47,9504.8792097784,2.00992232162313,9500,9504.31643105868,2.05129393851456,2.00992232162313,0,6.9276871874787,11.3749755035131,15,1503.01235607484,17061.2859994958,-15518.8877033046,2.00992232162313,1.5418159808907,1.56834172894694,-0.0265257480562473,12.7024629421838,0.521157836844931,2.00992232162313,0,267.161443506003,60.6481711487664,5.88614680532302e-10,1,0.987117891148526,0,-0.00631604221074222,-0.0530514961124946,0,0,0
73.485,9504.98312508621,2.00875941823868,9500,9504.46228219863,2.04435288053196,2.00875941823868,0,6.17344685755532,11.3965004110763,15,1503.01235607484,17056.9355900771,-15518.8250818371,2.00875941823868,1.5418159808907,1.56750207114176,-0.0256860902510589,12.0434986159347,0.518315617850097,2.00875941823868,0,267.161443506003,60.6481711487664,5.30039217670459e-10,1,0.987128683148849,0,-0.00653029297859065,-0.0513721805021179,0,0,0
73.5,9505.07572678907,2.00757729360748,9500,9504.59726514348,2.03757842045814,2.00757729360748,0,5.41743383934725,11.4182157536119,15,1503.01235607484,17052.4515097535,-15518.6389985846,2.00757729360748,1.5418159808907,1.56662381753717,-0.024807836646475,11.3700275996716,0.515376986009731,2.00757729360748,0,267.161443506003,60.6481711487664,4.71633975846164e-10,1,0.987138300188228,0,-0.00672862571285893,-0.04961567329295,0,0,0
73.515,9505.15698829666,2.0063785405726,9500,9504.72126445971,2.03098164075127,2.0063785405726,0,4.66115513894697,11.4400769559207,14,1503.01235607484,17047.8444072079,-15518.3315190399,2.0063785405726,1.5418159808907,1.56570925326922,-0.0238932723785203,10.6835565080823,0.512349104438945,2.0063785405726,0,267.161443506003,60.6481711487664,9.26457529303783e-10,1,0.987146739505155,0,-0.00691085971491701,-0.0477865447570407,0,0,0
73.53,9505.22690562375,2.00516575303971,9500,9504.8341877386,2.02457312575363,2.00516575303971,0,3.90610559445833,11.4620396577507,14,1503.01235607484,17043.125013411,-15517.9048597409,2.00516575303971,1.5418159808907,1.5647607035998,-0.0229447227091073,9.98559823212579,0.509239217567232,2.00516575303971,0,267.161443506003,60.6481711487664,7.96986229040711e-10,1,0.987154000685749,0,-0.00707684893610594,-0.0458894454182146,0,0,0
73.545,9505.28549720766,2.00394152118933,9500,9504.93596548751,2.01836294718537,2.00394152118933,0,3.15375407907927,11.4840597324092,14,1503.01235607484,17038.3041935038,-15517.3615187541,2.00394152118933,1.5418159808907,1.56378052851437,-0.0219645476236734,9.27766894657355,0.506054635545985,2.00394152118933,0,267.161443506003,60.6481711487664,6.68406322327298e-10,1,0.987160085644797,0,-0.00722648188297104,-0.0439290952473468,0,0,0
73.56,9505.33280351885,2.00270842549635,9500,9505.02655100193,2.01236065020511,2.00270842549635,0,2.40554815354009,11.5060934206223,14,1503.01235607484,17033.3928701389,-15516.7041727188,2.00270842549635,1.5418159808907,1.56277111793719,-0.0209551370464971,8.56128549769604,0.502802718698648,2.00270842549635,0,267.161443506003,60.6481711487664,5.40841447031773e-10,1,0.98716499858531,0,-0.00735968145314447,-0.0419102740929942,0,0,0
73.575,9505.36888674115,2.00146903225973,9500,9505.10592016985,2.00657524128787,2.00146903225973,0,1.66291143896953,11.5280973864511,13,1503.01235607484,17028.4020049669,-15515.9356734213,2.00146903225973,1.5418159808907,1.56173488622855,-0.0199189053378506,7.83796236911575,0.499490862044733,2.00146903225973,0,267.161443506003,60.6481711487664,9.28539874908921e-10,1,0.987168745965315,0,-0.0074764046907172,-0.0398378106757011,0,0,0
73.59,9505.39383041274,2.00022588863163,9500,9505.17407124389,2.00101517706619,2.00022588863163,0,0.927233995604415,11.5500288138448,13,1503.01235607484,17023.3426246405,-15515.0591286495,2.00022588863163,1.5418159808907,1.56067426698718,-0.0188582860964877,7.10920884472521,0.49612647993391,2.00022588863163,0,267.161443506003,60.6481711487664,6.48387353394619e-10,1,0.98717133646057,0,-0.00757664246259115,-0.0377165721929753,0,0,0
73.605,9505.40773892267,1.99898151738488,9500,9505.23102457948,1.9956883542057,1.99898151738488,0,0.199879349563969,11.5718454284359,12,1503.01235607484,17018.2257289806,-15514.0777705474,1.99898151738488,1.5418159808907,1.55959170805648,-0.0177757271657799,6.37652629766498,0.492716990825744,1.99898151738488,0,267.161443506003,60.6481711487664,8.34022492957374e-10,1,0.987172780912277,0,-0.0076604190970706,-0.0355514543315598,0,0,0
73.62,9505.41073711291,1.99773841292147,9500,9505.27682231045,1.99060210106694,1.99773841292147,0,-0.517817166767358,11.593505733438,12,1503.01235607484,17013.0622788884,-15512.994953096,1.99773841292147,1.5418159808907,1.55848966599134,-0.0166736851006437,5.6414051556977,0.489269802232062,1.99773841292147,0,267.161443506003,60.6481711487664,2.45949888223909e-10,1,0.987173092285748,0,-0.00772779190416362,-0.0333473702012874,0,0,0
73.635,9505.40296985541,1.99649903623456,9500,9505.31152800544,1.98576317009488,1.99649903623456,0,-1.22456561337092,11.6149687351958,11,1503.01235607484,17007.863253901,-15511.8143075832,1.99649903623456,1.5418159808907,1.55737060115636,-0.0155546202656645,4.90532225659013,0.485792295875188,1.99649903623456,0,267.161443506003,60.6481711487664,8.62723940963939e-10,1,0.987172285626486,0,-0.00777885067273232,-0.0311092405313289,0,0,0
73.65,9505.38460137121,1.99526580913574,9500,9505.33522630389,1.98117773098837,1.99526580913574,0,-1.91910272915347,11.6361947792939,13,1503.01235607484,17002.6395173754,-15510.5395015045,1.99526580913574,1.5418159808907,1.55623697330441,-0.0144209924137093,4.16973848518426,0.482291813072459,1.99526580913574,0,267.161443506003,60.6481711487664,4.3646208545807e-10,1,0.987170377989473,0,-0.00781371712191437,-0.0288419848274186,0,0,0
73.665,9505.35581483027,1.99404111105269,9500,9505.34802246977,1.97685136622754,1.99404111105269,0,-2.6002158174659,11.6571443539806,13,1503.01235607484,16997.4018891154,-15509.1744471052,1.99404111105269,1.5418159808907,1.5550912359935,-0.0132752551028006,3.43609572236777,0.478775640367597,1.99404111105269,0,267.161443506003,60.6481711487664,6.96888754356822e-10,1,0.987167388397606,0,-0.00783254422353652,-0.0265505102056012,0,0,0
73.68,9505.31681159301,1.99282727325844,9500,9505.3500419574,1.97278906663318,1.99282727325844,0,-3.26672696690801,11.6777794497209,13,1503.01235607484,16992.1610562023,-15507.7231225932,1.99282727325844,1.5418159808907,1.55393583244033,-0.0121198515496337,2.70581464476062,0.475250995467006,1.99282727325844,0,267.161443506003,60.6481711487664,9.52426943024193e-10,1,0.98716333776293,0,-0.00783551554959994,-0.0242397030992674,0,0,0
73.695,9505.26781068851,1.99162657596394,9500,9505.34142989309,1.9689952293854,1.99162657596394,0,-3.91750133732589,11.6980629585582,14,1503.01235607484,16986.9275729881,-15506.1896193317,1.99162657596394,1.5418159808907,1.55277319008892,-0.0109572091982229,1.98029177208493,0.471725013469686,1.99162657596394,0,267.161443506003,60.6481711487664,5.36267700514017e-10,1,0.98715824883245,0,-0.00782284446281212,-0.0219144183964457,0,0,0
73.71,9505.20904816845,1.99044124358741,9500,9505.32235055598,1.96547365645393,1.99044124358741,0,-4.55145612570228,11.7179588286299,14,1503.01235607484,16981.7118871637,-15504.5782189613,1.99044124358741,1.5418159808907,1.55160571627305,-0.00978973538235417,1.26089715429594,0.468204733461421,1.99044124358741,0,267.161443506003,60.6481711487664,6.45413209783738e-10,1,0.987152146121032,0,-0.00779477332967327,-0.0195794707647083,0,0,0
73.725,9505.14077632656,1.98927344031872,9500,9505.29298682597,1.9622275542528,1.98927344031872,0,-5.16755002816167,11.7374322305495,14,1503.01235607484,16976.5242379314,-15502.893231722,1.98927344031872,1.5418159808907,1.55043579390822,-0.00861981301752168,0.548972085528878,0.464697085463068,1.98927344031872,0,267.161443506003,60.6481711487664,7.52015645817176e-10,1,0.987145055830341,0,-0.00775157265963378,-0.0172396260350434,0,0,0
73.74,9505.06326307614,1.98812526729655,9500,9505.25353957242,1.95925953521284,1.98812526729655,0,-5.76479221644798,11.7564495431385,14,1503.01235607484,16971.3746904769,-15501.1390820166,1.98812526729655,1.5418159808907,1.54926577657089,-0.00744979568019066,-0.15417354964162,0.461208877766232,1.98812526729655,0,267.161443506003,60.6481711487664,8.55914563817413e-10,1,0.98713700578419,0,-0.00769354014951507,-0.0148995913603813,0,0,0
73.755,9504.97679119289,1.98699875840629,9500,9505.20422703995,1.95657161988623,1.98699875840629,0,-6.342242315501,11.7749784383217,14,1503.01235607484,16966.2731026835,-15499.3202750386,1.98699875840629,1.5418159808907,1.54809798448238,-0.0062820035916793,-0.84726338561353,0.457746784698951,1.98699875840629,0,267.161443506003,60.6481711487664,9.56989331036867e-10,1,0.987128025349915,0,-0.00762099974119135,-0.0125640071833586,0,0,0
73.77,9504.88165755816,1.98589587677147,9500,9505.14528419724,1.95416524045262,1.98589587677147,0,-6.89901376905716,11.792987935089,15,1503.01235607484,16961.229119212,-15497.4414100179,1.98589587677147,1.5418159808907,1.54693470035802,-0.00511871946732012,-1.52905676497281,0.454317334815414,1.98589587677147,0,267.161443506003,60.6481711487664,4.70772096138131e-10,1,0.987118145359773,0,-0.00753430059595273,-0.0102374389346402,0,0,0
73.785,9504.77817235163,1.98481851144362,9500,9505.07696205839,1.95204124540812,1.98481851144362,0,-7.43426753257158,11.8104484708663,15,1503.01235607484,16956.2521030953,-15495.5070759745,1.98481851144362,1.5418159808907,1.54577816538785,-0.00396218449715646,-2.19835084675388,0.450926899547236,1.98481851144362,0,267.161443506003,60.6481711487664,5.13256807773243e-10,1,0.987107398027105,0,-0.00743381603502402,-0.00792436899431292,0,0,0
73.8,9504.66665833864,1.98376847469438,9500,9504.99952697101,1.95019990561045,1.98376847469438,0,-7.94722418381434,11.8273319231873,15,1503.01235607484,16951.3511940384,-15493.5219788799,1.98376847469438,1.5418159808907,1.54463057515459,-0.00281459426389463,-2.85398274033234,0.447581682331475,1.98376847469438,0,267.161443506003,60.6481711487664,5.54326911091155e-10,1,0.987095816872321,0,-0.00731994242976208,-0.00562918852778926,0,0,0
73.815,9504.54744997588,1.98274749819866,9500,9504.91325990407,1.94864092086256,1.98274749819866,0,-8.43715820786184,11.8436116880326,15,1503.01235607484,16946.5352398756,-15491.4908406162,1.98274749819866,1.5418159808907,1.54349407635576,-0.00167809546505948,-3.49483116993106,0.444287708238082,1.98274749819866,0,267.161443506003,60.6481711487664,5.93951091947432e-10,1,0.98708343663002,0,-0.00719309808658308,-0.00335619093011896,0,0,0
73.83,9504.42089260276,1.98175723093455,9500,9504.81845568856,1.94736342822972,1.98175723093455,0,-8.90340034111958,11.8592627105226,15,1503.01235607484,16941.8127950529,-15489.418410769,1.98175723093455,1.5418159808907,1.54237076291833,-0.000554782027633482,-4.11981846739545,0.44105081409912,1.98175723093455,0,267.161443506003,60.6481711487664,6.32083000619851e-10,1,0.987070293165016,0,-0.00705372205596411,-0.00110956405526696,0,0,0
73.845,9504.28734159765,1.98079923669633,9500,9504.71542224534,1.94636601125013,1.98079923669633,0,-9.34533835332748,11.8742615257063,15,1503.01235607484,16937.1921057,-15487.3094561182,1.98079923669633,1.5418159808907,1.54126267257485,0.000553308315846879,-4.72791231239197,0.437876639173936,1.98079923669633,0,267.161443506003,60.6481711487664,6.68677694350322e-10,1,0.987056423384704,0,-0.00690227292589896,0.00110661663169376,0,0,0
73.86,9504.14716152235,1.97987499188648,9500,9504.60447979448,1.9456467101962,1.97987499188648,0,-9.76241766153561,11.8885862943789,15,1503.01235607484,16932.6810958211,-15485.1687502822,1.97987499188648,1.5418159808907,1.54017178357145,0.00164419731924936,-5.31812736144118,0.434770616357281,1.97987499188648,0,267.161443506003,60.6481711487664,7.03691049852375e-10,1,0.987041865150217,0,-0.00673922759262702,0.00328839463849873,0,0,0
73.875,9504.00072525743,1.97898588349598,9500,9504.48596004778,1.94520303335523,1.97898588349598,0,-10.1541418298024,11.9022168354783,15,1503.01235607484,16928.2873542429,-15483.0010634592,1.97898588349598,1.5418159808907,1.53910001155836,0.0027159693323402,-5.88952676430218,0.431737963940599,1.97898588349598,0,267.161443506003,60.6481711487664,7.37080791416048e-10,1,0.98702665718662,0,-0.00656507998065092,0.00543193866468039,0,0,0
73.89,9503.84841312998,1.97813320730373,9500,9504.36020538642,1.94503196929263,1.97813320730373,0,-10.5200729368981,11.9151346544682,15,1503.01235607484,16924.0181224684,-15480.8111523154,1.97813320730373,1.5418159808907,1.53804920665883,0.00376677423186456,-6.44122356373684,0.428783677949306,1.97813320730373,0,267.161443506003,60.6481711487664,7.68805023038283e-10,1,0.98701083899233,0,-0.00638033977870389,0.00753354846372911,0,0,0
73.905,9503.69061203592,1.97731816632518,9500,9504.22756802576,1.94513000006002,1.97731816632518,0,-10.8598317958335,11.9273229671363,15,1503.01235607484,16919.8802835729,-15478.6037500637,1.97731816632518,1.5418159808907,1.5370211506979,0.00479483019279825,-6.97238197628496,0.425912525048889,1.97731816632518,0,267.161443506003,60.6481711487664,7.9882516653836e-10,1,0.986994450747961,0,-0.00618553112797904,0.0095896603855965,0,0,0
73.92,9503.52771455899,1.97654186944814,9500,9504.08840916905,1.9454931153092,1.97654186944814,0,-11.1730980637035,11.9387667198563,15,1503.01235607484,16915.880351893,-15476.3835567048,1.97654186944814,1.5418159808907,1.53601755463263,0.00579842625807014,-7.48221855196417,0.423129036041299,1.97654186944814,0,267.161443506003,60.6481711487664,8.27102585241863e-10,1,0.986977533224828,0,-0.00598119129773478,0.0115968525161403,0,0,0
73.935,9503.36011808803,1.97580533034573,9500,9503.94309815217,1.94611682726977,1.97580533034573,0,-11.4596101884198,11.9494526046904,15,1503.01235607484,16912.0244639067,-15474.1552295246,1.97580533034573,1.5418159808907,1.53504005614184,0.0067759247488548,-7.97000321038452,0.420437499957318,1.97580533034573,0,267.161443506003,60.6481711487664,8.53601082334491e-10,1,0.986960127693277,0,-0.00576786937181817,0.0135518494977096,0,0,0
73.95,9503.1882239352,1.97510946660686,9500,9503.79201158129,1.94699618654836,1.97510946660686,0,-11.7191652311,11.9593690703522,15,1503.01235607484,16908.3183700577,-15471.9233738231,1.97510946660686,1.5418159808907,1.53409021740262,0.00772576348808163,-8.43506015234235,0.41784195874,1.97510946660686,0,267.161443506003,60.6481711487664,8.78286609394902e-10,1,0.986942275831103,0,-0.0055461248937192,0.0154515269761633,0,0,0
73.965,9503.01243645674,1.97445509910752,9500,9503.63553246547,1.9481257987031,1.97445509910752,0,-11.951618548802,11.9685063285864,15,1503.01235607484,16904.7674276467,-15469.6925339113,1.97445509910752,1.5418159808907,1.5331695230512,0.00864645783949936,-8.87676864436762,0.415346202537826,1.97445509910752,0,267.161443506003,60.6481711487664,9.01127856590231e-10,1,0.986924019632238,0,-0.00531652653574732,0.0172929156789987,0,0,0
73.98,9502.8331621785,1.97384295160625,9500,9503.4740493461,1.94949984154619,1.97384295160625,0,-12.1568833510896,11.9768563562356,15,1503.01235607484,16901.3765947206,-15467.4671843835,1.97384295160625,1.5418159808907,1.53227937833129,0.00953660255940836,-9.29456367471383,0.41295376559674,1.97384295160625,0,267.161443506003,60.6481711487664,9.22094198926645e-10,1,0.986905401315944,0,-0.00507965075191197,0.0190732051188167,0,0,0
73.995,9502.65080892824,1.9732736505943,9500,9503.30795542553,1.95111208312519,1.9732736505943,0,-12.334930112292,11.9844128924344,15,1503.01235607484,16898.1504251058,-15465.2517217111,1.9732736505943,1.5418159808907,1.53142110741809,0.0103948734726118,-9.68793647931839,0.41066792275838,1.9732736505943,0,267.161443506003,60.6481711487664,9.41157462029725e-10,1,0.986886463236682,0,-0.00483608042993477,0.0207897469452236,0,0,0
74.01,9502.46578497655,1.97274772536644,9500,9503.13764769643,1.95295590033385,1.97274772536644,0,-12.4857858610581,11.9911714315185,15,1503.01235607484,16895.0930644539,-15463.0504561479,1.97274772536644,1.5418159808907,1.53059595193528,0.0112200289554178,-10.056434937419,0.408491686564909,1.97274772536644,0,267.161443506003,60.6481711487664,9.58294276645194e-10,1,0.986867247794911,0,-0.00458640356440254,0.0224400579108357,0,0,0
74.025,9502.27849818864,1.97226560831214,9500,9502.96352607429,1.95502429809958,1.97226560831214,0,-12.6095333490733,11.9971292116437,15,1503.01235607484,16892.2082473038,-15460.867603963,1.97226560831214,1.5418159808907,1.52980506966044,0.0120109112302567,-10.3996638353469,0.406427804960928,1.97226560831214,0,267.161443506003,60.6481711487664,9.73480793138755e-10,1,0.986847797348983,0,-0.00433121192027297,0.0240218224605133,0,0,0
74.04,9502.0893551884,1.97182763543981,9500,9502.78599253487,1.95730992909492,1.97182763543981,0,-12.7063100917203,12.0022851988845,15,1503.01235607484,16889.4992952303,-15458.707280033,1.97182763543981,1.5418159808907,1.52904953341455,0.0127664474761515,-10.7172849984445,0.404478759596805,1.97182763543981,0,267.161443506003,60.6481711487664,9.86698415789663e-10,1,0.986828154128338,0,-0.00407109972180564,0.025532894952303,0,0,0
74.055,9501.89876053703,1.97143404710777,9500,9502.60545025857,1.95980511392047,1.97143404710777,0,-12.7763072982118,12.0066400672796,15,1503.01235607484,16886.9691159711,-15456.5734907825,1.97143404710777,1.5418159808907,1.52833033014316,0.0134856507475389,-11.0090172919262,0.402646764721993,1.97143404710777,0,267.161443506003,60.6481711487664,9.97930721631478e-10,1,0.986808360148196,0,-0.00380666235491045,0.0269713014950779,0,0,0
74.07,9501.70711592755,1.97108498896604,9500,9502.42230278361,1.96250186170429,1.97108498896604,0,-12.8197668259863,12.010196181038,16,1503.01235607484,16884.6201912961,-15454.4701046401,1.97108498896604,1.5418159808907,1.52764836018417,0.0141676207065313,-11.274636490701,0.400933766662283,1.97108498896604,0,267.161443506003,60.6481711487664,4.51032150436988e-10,1,0.986788457125908,0,-0.00353849508168458,0.0283352414130627,0,0,0
74.085,9501.51481942516,1.97078051311607,9500,9502.23695317003,1.96539189106424,1.97078051311607,0,-12.8369873497048,12.0129575415166,16,1503.01235607484,16882.454627276,-15452.4009372668,1.97078051311607,1.5418159808907,1.52700443671577,0.0148115441749246,-11.5139750199712,0.399341443875525,1.97078051311607,0,267.161443506003,60.6481711487664,4.54374940566171e-10,1,0.98676848640206,0,-0.00326719178006551,0.0296230883498492,0,0,0
74.1,9501.32226461492,1.9705205790656,9500,9502.04980318337,1.96846665119503,1.9705205790656,0,-12.8283119842746,12.0149297986207,16,1503.01235607484,16880.4740810618,-15450.3696078894,1.9705205790656,1.5418159808907,1.52639928559049,0.0154166953002042,-11.7269214615262,0.397871207574495,1.9705205790656,0,267.161443506003,60.6481711487664,4.56825823844458e-10,1,0.986748488851957,0,-0.00299334372462057,0.0308333906004084,0,0,0
74.115,9501.12983993515,1.97030505617355,9500,9501.86125246913,1.97171734380445,1.97030505617355,0,-12.7941337484096,12.016120175162,16,1503.01235607484,16878.6798168258,-15448.3796261991,1.97030505617355,1.5418159808907,1.52583354469848,0.015982436192219,-11.9134203067972,0.396524202898416,1.97030505617355,0,267.161443506003,60.6481711487664,4.58374817610813e-10,1,0.9867285048164,0,-0.00271753834790234,0.0319648723844379,0,0,0
74.13,9500.93792792893,1.97013372479796,9500,9501.67169776829,1.97513494462188,1.97013372479796,0,-12.7348924478004,12.0165374436461,16,1503.01235607484,16877.0726950567,-15446.4343638392,1.97013372479796,1.5418159808907,1.525307764258,0.0165082166327006,-12.0734711566524,0.39530131064186,1.97013372479796,0,267.161443506003,60.6481711487664,4.59019871779662e-10,1,0.986708574023941,0,-0.00244035808272036,0.0330164332654013,0,0,0
74.145,9500.74690454221,1.97000627816995,9500,9501.4815321423,1.97871022526005,1.97000627816995,0,-12.6510730217738,12.0161918840236,16,1503.01235607484,16875.6531772971,-15444.5370496579,1.97000627816995,1.5418159808907,1.52482240700339,0.0169935738873093,-12.2071279616355,0.394203149504636,1.97000627816995,0,267.161443506003,60.6481711487664,4.58763638742171e-10,1,0.986688735518002,0,-0.00216237921135698,0.0339871477746185,0,0,0
74.16,9500.55713844688,1.96992232443931,9500,9501.29114421689,1.98243377517507,1.96992232443931,0,-12.543203807514,12.015095238155,16,1503.01235607484,16874.4213317522,-15442.6907653698,1.96992232443931,1.5418159808907,1.52437784854616,0.0174381323445421,-12.3144981497652,0.393230078859525,1.96992232443931,0,267.161443506003,60.6481711487664,4.57608330096936e-10,1,0.98666902758656,0,-0.00188417075438552,0.0348762646890841,0,0,0
74.175,9500.36899038977,1.9698813888829,9500,9501.10091744652,1.98629602367324,1.9698813888829,0,-12.4118547282564,12.01326066118,16,1503.01235607484,16873.3768397353,-15440.898441627,1.9698813888829,1.5418159808907,1.52397437790462,0.0178416029860768,-12.3957416451473,0.392382202020052,1.9698813888829,0,267.161443506003,60.6481711487664,4.55559100486201e-10,1,0.986649487694546,0,-0.00160629340444607,0.0356832059721537,0,0,0
74.19,9500.18281256885,1.96988291626476,9500,9500.91122940067,1.99028726191241,1.96988291626476,0,-12.2576354127885,12.0107026700351,16,1503.01235607484,16872.5190029062,-15439.1628544995,1.96988291626476,1.5418159808907,1.52361219819769,0.0182037826930053,-12.451069780091,0.391659369988051,1.96988291626476,0,267.161443506003,60.6481711487664,4.52621991280729e-10,1,0.986630152419062,0,-0.00132929848174612,0.0364075653860105,0,0,0
74.205,9499.99894803766,1.96992627332352,9500,9500.7224510735,1.99439766484727,1.96992627332352,0,-12.0811951101939,12.0074370835472,15,1503.01235607484,16871.8467633666,-15437.4866450209,1.96992627332352,1.5418159808907,1.52329142750992,0.0185245533807787,-12.480744104465,0.391061185671265,1.96992627332352,0,267.161443506003,60.6481711487664,9.99861863467419e-10,1,0.986611057387523,0,-0.00105372694497463,0.0370491067615575,0,0,0
74.22,9499.817730111,1.97001075142071,9500,9500.53494621797,1.99861731306838,1.97001075142071,0,-11.8832132480178,12.0034809895185,15,1503.01235607484,16871.3586634858,-15435.8722253011,1.97001075142071,1.5418159808907,1.5230120998987,0.0188038809919926,-12.4850750960579,0.390587008546027,1.97001075142071,0,267.161443506003,60.6481711487664,9.89193164486553e-10,1,0.986592237215941,0,-0.000780108431076565,0.0376077619839852,0,0,0
74.235,9499.63948191228,1.97013556962027,9500,9500.34907069865,2.00293621466984,1.97013556962027,0,-11.6644084151812,11.9988526449407,15,1503.01235607484,16871.0529303922,-15434.3219140144,1.97013556962027,1.5418159808907,1.52277416640193,0.0190418144887647,-12.464420882844,0.390235959752042,1.97013556962027,0,267.161443506003,60.6481711487664,9.76606621142687e-10,1,0.98657372546191,0,-0.000508960341451425,0.0380836289775295,0,0,0
74.25,9499.46451578605,1.97029987667979,9500,9500.1651718948,2.00734432632219,1.97029987667979,0,-11.4255292670615,11.9935714540759,15,1503.01235607484,16870.9274329069,-15432.8378416046,1.97029987667979,1.5418159808907,1.52257749679535,0.0192384840953508,-12.4191855044296,0.390006927598389,1.97029987667979,0,267.161443506003,60.6481711487664,9.62154933623294e-10,1,0.986555554563603,0,-0.000240787000218345,0.0384769681907016,0,0,0
74.265,9499.29313284705,1.97050275450908,9500,9499.98358810602,2.0118315747303,1.97050275450908,0,-11.1673540049486,11.9876578916142,15,1503.01235607484,16870.9797065491,-15431.4219722978,1.97050275450908,1.5418159808907,1.52242188080565,0.0193941000850466,-12.3498175216937,0.389898573448291,1.97050275450908,0,267.161443506003,60.6481711487664,9.45877891750466e-10,1,0.986537755792929,0,2.39211863382049e-05,0.0387882001700932,0,0,0
74.28,9499.12562253697,1.97074322125443,9500,9499.80464799496,2.0163878775937,1.97074322125443,0,-10.8906882111919,11.9811334383489,15,1503.01235607484,16871.2069647479,-15430.0761029828,1.97074322125443,1.5418159808907,1.5223070296999,0.0195089511907938,-12.2568083861493,0.389909337982143,1.97074322125443,0,267.161443506003,60.6481711487664,9.27817233459114e-10,1,0.986520359209514,0,0.000284688492843355,0.0390179023815875,0,0,0
74.295,9498.96226221381,1.9710202343897,9500,9499.62867005971,2.02100316423423,1.9710202343897,0,-10.5963627057609,11.974020516902,15,1503.01235607484,16871.6061102361,-15428.8018624041,1.9710202343897,1.5418159808907,1.52223257804316,0.0195834028475399,-12.140690734112,0.390037447803923,1.9710202343897,0,267.161443506003,60.6481711487664,9.08020179061143e-10,1,0.986503393618038,0,0.000541054608838909,0.0391668056950798,0,0,0
74.31,9498.80331677322,1.97133269389483,9500,9499.45596213634,2.02566739584957,1.97133269389483,0,-10.2852313775964,11.9663424261252,15,1503.01235607484,16872.173746958,-15427.6007107331,1.97133269389483,1.5418159808907,1.52219808557758,0.0196178953131161,-12.0020366111227,0.3902809223779,1.97133269389483,0,267.161443506003,60.6481711487664,8.86537963216897e-10,1,0.986486886528926,0,0.00079257531518806,0.0392357906262322,0,0,0
74.325,9498.64903830256,1.9716794454834,9500,9499.28682093242,2.03037058535785,1.9716794454834,0,-9.95816901330436,11.9581232749008,15,1503.01235607484,16872.9061923318,-15426.4739394855,1.9716794454834,1.5418159808907,1.52220303922921,0.0196129416614848,-11.841455635024,0.390637581269735,1.9716794454834,0,267.161443506003,60.6481711487664,8.63424954595551e-10,1,0.986470864122407,0,0.00103882311012593,0.0392258833229695,0,0,0
74.34,9498.49966576736,1.97205928388712,9500,9499.12153159161,2.0351028167992,1.97205928388712,0,-9.61606911961416,11.9493879152527,15,1503.01235607484,16873.7994898907,-15425.4226717901,1.97205928388712,1.5418159808907,1.52224685522713,0.0195691256635637,-11.6595931048762,0.391105051669291,1.97205928388712,0,267.161443506003,60.6481711487664,8.38741160008804e-10,1,0.986455351215963,0,0.00127938779738002,0.0391382513271274,0,0,0
74.355,9498.35542473056,1.97247095617162,9500,9498.96036728993,2.03985426426145,1.97247095617162,0,-9.25984175350753,11.9401618752681,15,1503.01235607484,16874.8494222007,-15424.4478629845,1.97247095617162,1.5418159808907,1.52232888133929,0.0194870995514067,-11.4571280622479,0.391680776178112,1.97247095617162,0,267.161443506003,60.6481711487664,8.12548694293115e-10,1,0.986440371235164,0,0.00151387701375794,0.0389741991028134,0,0,0
74.37,9498.21652710426,1.97291316510745,9500,9498.80358886389,2.04461521029947,1.97291316510745,0,-8.89041134833843,11.930471291452,15,1503.01235607484,16876.0515241407,-15423.5503015567,1.97291316510745,1.5418159808907,1.52244839919947,0.0193675816912224,-11.2347713114193,0.392362020834303,1.97291316510745,0,267.161443506003,60.6481711487664,7.84914872479771e-10,1,0.986425946187887,0,0.00174191671755586,0.0387351633824449,0,0,0
74.385,9498.08317093404,1.97338457253286,9500,9498.65144447061,2.04937606382007,1.97338457253286,0,-8.50871457074912,11.920342841676,15,1503.01235607484,16877.4010962878,-15422.7306103742,1.97338457253286,1.5418159808907,1.52260462674822,0.0192113541424797,-10.9932634051985,0.393145883357204,1.97338457253286,0,267.161443506003,60.6481711487664,7.5590970875376e-10,1,0.986412096641921,0,0.00196315162269234,0.0384227082849593,0,0,0
74.4,9497.95554021547,1.97388380279982,9500,9498.50416928019,2.05412737740404,1.97388380279982,0,-8.11569815714834,11.9098036771489,15,1503.01235607484,16878.8932187776,-15421.9892482769,1.97388380279982,1.5418159808907,1.52279672072984,0.0190192601608532,-10.7333726014371,0.394029301587415,1.97388380279982,0,267.161443506003,60.6481711487664,7.25607536233221e-10,1,0.986398841705906,0,0.00217724558886889,0.0380385203217064,0,0,0
74.415,9497.83380474312,1.97440944615668,9500,9498.3619852002,2.05885986404209,1.97440944615668,0,-7.71231681339794,11.8988813560368,15,1503.01235607484,16880.5227650322,-15421.3265119036,1.97440944615668,1.5418159808907,1.52302377930891,0.0187922015817865,-10.4558927971541,0.395009062102406,1.97440944615668,0,267.161443506003,60.6481711487664,6.94084357311128e-10,1,0.986386199013653,0,0.00238388196537986,0.037584403163573,0,0,0
74.43,9497.71811999092,1.97496006221262,9500,9498.2251006325,2.06356441325823,1.97496006221262,0,-7.29953109546502,11.8876037761986,15,1503.01235607484,16882.2844159459,-15420.742537872,1.97496006221262,1.5418159808907,1.52328484472315,0.0185311361675475,-10.1616414439352,0.396081808986827,1.97496006221262,0,267.161443506003,60.6481711487664,6.61420934945834e-10,1,0.986374184711723,0,0.00258276388625123,0.0370622723350951,0,0,0
74.445,9497.60862702448,1.97553418332866,9500,9498.09371026197,2.06823210660181,1.97553418332866,0,-6.87830535800508,11.8759991098171,15,1503.01235607484,16884.1726738957,-15420.2373051751,1.97553418332866,1.5418159808907,1.52357890603954,0.0182370748511598,-9.85145745193948,0.39724405273564,1.97553418332866,0,267.161443506003,60.6481711487664,6.27699258591053e-10,1,0.986362813450318,0,0.0027736145140369,0.0364741497023195,0,0,0
74.46,9497.50545244411,1.97613031804147,9500,9497.96799487744,2.07285423248552,1.97613031804147,0,-6.44960571228634,11.8640957380681,15,1503.01235607484,16886.1818769946,-15419.8106378779,1.97613031804147,1.5418159808907,1.52390490194879,0.0179110789419086,-9.52619908565231,0.398492179266957,1.97613031804147,0,267.161443506003,60.6481711487664,5.9300386795877e-10,1,0.986352098377359,0,0.00295617725258257,0.0358221578838172,0,0,0
74.475,9497.40870835843,1.9767469544522,9500,9497.84812122406,2.07742230035337,1.9767469544522,0,-6.01439802959987,11.851922187055,15,1503.01235607484,16888.3062133222,-15419.4622080525,1.9767469544522,1.5418159808907,1.52426172362526,0.0175542572654408,-9.18674185806409,0.399822459030619,1.9767469544522,0,267.161443506003,60.6481711487664,5.57421998807406e-10,1,0.986342051135755,0,0.00313021589867613,0.0351085145308816,0,0,0
74.49,9497.31849238799,1.9773825635935,9500,9497.73424188727,2.08192805416228,1.9773825635935,0,-5.57364598437768,11.8395070647913,15,1503.01235607484,16890.5397351676,-15419.1915389549,1.9773825635935,1.5418159808907,1.52464821763181,0.0171677632588878,-8.83397642772774,0.401231056185023,1.9773825635935,0,267.161443506003,60.6481711487664,5.21043581185056e-10,1,0.986332681863771,0,0.00329551476406431,0.0343355265177756,0,0,0
74.505,9497.23488769822,1.97803560275729,9500,9497.62649520766,2.08636348516249,1.97803560275729,0,-5.12830914518315,11.8268789995589,15,1503.01235607484,16892.8763732191,-15418.9980084239,1.97803560275729,1.5418159808907,1.52506318887183,0.0167527920188679,-8.46880650328846,0.402714037828852,1.97803560275729,0,267.161443506003,60.6481711487664,4.83959911896286e-10,1,0.986323999198454,0,0.00345187874595587,0.0335055840377358,0,0,0
74.52,9497.15796306104,1.97870451878784,9500,9497.5250052265,2.09072084396504,1.97870451878784,0,-4.67933926620495,11.8140665872479,14,1503.01235607484,16895.3099386567,-15418.8808299614,1.97870451878784,1.5418159808907,1.52550540357439,0.016310577316303,-8.09214676043188,0.404267383264532,1.97870451878784,0,267.161443506003,60.6481711487664,9.89916437883849e-10,1,0.98631601028203,0,0.00359913335602813,0.0326211546326061,0,0,0
74.535,9497.08777297205,1.97938775132934,9500,9497.42988166129,2.09499265188636,1.97938775132934,0,-4.22768603608465,11.8010983016571,14,1503.01235607484,16897.8341865837,-15418.8391488789,1.97938775132934,1.5418159808907,1.52597359230875,0.0158423885819488,-7.70492077606778,0.405886993274745,1.97938775132934,0,267.161443506003,60.6481711487664,9.04977768603065e-10,1,0.986308720774074,0,0.00373712471745735,0.0316847771638975,0,0,0
74.55,9497.02435768151,1.98008373567469,9500,9497.34121991812,2.09917171137881,1.98008373567469,0,-3.77428390714964,11.7880024898516,14,1503.01235607484,16900.4427527112,-15418.87190422,1.98008373567469,1.5418159808907,1.5264664531975,0.0153495276931972,-7.30805887805648,0.407568699397601,1.98008373567469,0,267.161443506003,60.6481711487664,8.19171512005836e-10,1,0.986302134854728,0,0.00386571949870596,0.0306990553863944,0,0,0
74.565,9496.9677434229,1.98079090681973,9500,9497.25910110872,2.10325111632904,1.98079090681973,0,-3.32005778557545,11.7748072694545,14,1503.01235607484,16903.1292226545,-15418.9779304404,1.98079090681973,1.5418159808907,1.52698265451219,0.0148333263785081,-6.90249639916877,0.409308273172018,1.98079090681973,0,267.161443506003,60.6481711487664,7.32655262874458e-10,1,0.986296255248441,0,0.00398480485779484,0.0296666527570162,0,0,0
74.58,9496.91794255612,1.98150770194798,9500,9497.18359212247,2.10722426095255,1.98150770194798,0,-2.86591970785507,11.7615404931988,14,1503.01235607484,16905.8871298963,-15419.15593655,1.98150770194798,1.5418159808907,1.52752083804107,0.0142951428496267,-6.48917150949249,0.411101435358026,1.98150770194798,0,267.161443506003,60.6481711487664,6.45636599965206e-10,1,0.986291083238833,0,0.00409428829863878,0.0285902856992535,0,0,0
74.595,9496.8749537605,1.98223256346701,9500,9497.11474571673,2.11108484816461,1.98223256346701,0,-2.41276724320598,11.7482296966222,14,1503.01235607484,16908.7099693281,-15419.4045106367,1.98223256346701,1.5418159808907,1.52807962214875,0.0137363587419499,-6.06902325561699,0.412943865092413,1.98223256346701,0,267.161443506003,60.6481711487664,5.58322118790549e-10,1,0.986286618688749,0,0.00419409751467992,0.0274727174838998,0,0,0
74.61,9496.83876225185,1.98296394194474,9500,9497.05260063387,2.11482689720851,1.98296394194474,0,-1.96148197490278,11.7349020482131,14,1503.01235607484,16911.5912104595,-15419.7221245072,1.98296394194474,1.5418159808907,1.52865760485069,0.0131583760400109,-5.64298964154346,0.414831208974019,1.98296394194474,0,267.161443506003,60.6481711487664,4.70916981308833e-10,1,0.986282860062794,0,0.00428418018347387,0.0263167520800218,0,0,0
74.625,9496.80934002223,1.98370029900537,9500,9496.99718174419,2.11844475053743,1.98370029900537,0,-1.51292956360916,11.7215843002508,13,1503.01235607484,16914.5243208665,-15420.1071575506,1.98370029900537,1.5418159808907,1.52925336686165,0.0125626140290462,-5.21200575172118,0.416759090056583,1.98370029900537,0,267.161443506003,60.6481711487664,8.50300964393309e-10,1,0.986279804452237,0,0.00436450375232411,0.0251252280580925,0,0,0
74.64,9496.78664607877,1.9844401101604,9500,9496.94850021392,2.1219330799518,1.9844401101604,0,-1.0679518010949,11.7083027457615,13,1503.01235607484,16917.5027353706,-15420.5578208325,1.9844401101604,1.5418159808907,1.52986547462841,0.0119505062622853,-4.77700191909637,0.418723116745129,1.9844401101604,0,267.161443506003,60.6481711487664,6.57550705700973e-10,1,0.986277447599813,0,0.00443505516708842,0.0239010125245707,0,0,0
74.655,9496.77062680176,1.98518186785166,9500,9496.90655369162,2.12528689214448,1.98518186785166,0,-0.627375454154142,11.6950831621086,13,1503.01235607484,16920.5199392731,-15421.0722906211,1.98518186785166,1.5418159808907,1.53049248319538,0.0113234976953211,-4.33890202770687,0.420718891570318,1.98518186785166,0,267.161443506003,60.6481711487664,4.65856464038031e-10,1,0.986275783936909,0,0.00449584058573982,0.0226469953906423,0,0,0
74.67,9496.76121616995,1.98592408331018,9500,9496.87132653903,2.12850153297655,1.98592408331018,0,-0.192002894804002,11.6819508071566,12,1503.01235607484,16923.5694211539,-15421.6486080095,1.98592408331018,1.5418159808907,1.53113293959791,0.0106830412927916,-3.89862153476223,0.422742019833901,1.98592408331018,0,267.161443506003,60.6481711487664,6.11324646365826e-10,1,0.986274806606969,0,0.00454688504025169,0.0213660825855833,0,0,0
74.685,9496.75833612652,1.98666528970108,9500,9496.8427900605,2.13157269161595,1.98666528970108,0,0.237381317089115,11.6689303358961,11,1503.01235607484,16926.6447403257,-15422.2847838103,1.98666528970108,1.5418159808907,1.53178538553651,0.0100305953541837,-3.4570659511071,0.424788118102015,1.98666528970108,0,267.161443506003,60.6481711487664,8.93601477827797e-10,1,0.986274507503495,0,0.00458823209848513,0.0200611907083674,0,0,0
74.7,9496.76189684628,1.98740404436337,9500,9496.82090276784,2.13449640360602,1.98740404436337,0,0.660024610884653,11.6560457023316,11,1503.01235607484,16929.7394458421,-15422.9786370746,1.98740404436337,1.5418159808907,1.53244836042753,0.00936762046317208,-3.01512913640134,0.426852822546333,1.98740404436337,0,267.161443506003,60.6481711487664,4.8158006877073e-10,1,0.986274877297798,0,0.00461994347342465,0.0187352409263442,0,0,0
74.715,9496.77179721544,1.98813893202569,9500,9496.80561064569,2.13726905371958,1.98813893202569,0,1.07519013001246,11.6433202404969,12,1503.01235607484,16932.8472177325,-15423.7280288194,1.98813893202569,1.5418159808907,1.53312040387789,0.00869557701280699,-2.57369196207017,0.428931797109374,1.98813893202569,0,267.161443506003,60.6481711487664,6.22453215792455e-10,1,0.986275905488826,0,0.00464209864611598,0.017391154025614,0,0,0
74.73,9496.78792506739,1.98886856600021,9500,9496.79684747257,2.13988737720312,1.98886856600021,0,1.48217788703922,11.6307767124928,13,1503.01235607484,16935.9617369801,-15424.5306118705,1.98886856600021,1.5418159808907,1.53380005908601,0.00801592180469179,-2.1336204508594,0.431020741500126,1.98886856600021,0,267.161443506003,60.6481711487664,4.60576765781402e-10,1,0.98627758042765,0,0.00465479440540739,0.0160318436093836,0,0,0
74.745,9496.8101577357,1.98959159152315,9500,9496.79453511974,2.14234846134133,1.98959159152315,0,1.88030491974385,11.6184370027936,13,1503.01235607484,16939.0768324452,-15425.3840905443,1.98959159152315,1.5418159808907,1.53448587506575,0.0073301058249482,-1.6957646536426,0.433115398982559,1.98959159152315,0,267.161443506003,60.6481711487664,6.36806133603612e-10,1,0.986279889374893,0,0.00465814441992429,0.0146602116498964,0,0,0
74.76,9496.83836230949,1.99030668641527,9500,9496.79858391595,2.14464974512486,1.99030668641527,0,2.26892080212366,11.6063222737412,13,1503.01235607484,16942.1863893452,-15426.2860410462,1.99030668641527,1.5418159808907,1.53517641011417,0.00663957077652344,-1.26095680343662,0.435211563971525,1.99030668641527,0,267.161443506003,60.6481711487664,8.09075364654524e-10,1,0.986282818527257,0,0.00465227872826657,0.0132791415530469,0,0,0
74.775,9496.87239612153,1.99101256415641,9500,9496.80889298387,2.14678901936461,1.99101256415641,0,2.64740280725713,11.5944529072841,13,1503.01235607484,16945.2844051639,-15427.2339948833,1.99101256415641,1.5418159808907,1.53587023395746,0.00594574693323291,-0.830010295905723,0.437305089399245,1.99101256415641,0,267.161443506003,60.6481711487664,9.77113850963293e-10,1,0.986286353068204,0,0.00463734326082776,0.0118914938664658,0,0,0
74.79,9496.91210716363,1.99170797550694,9500,9496.82535061578,2.14876442555543,1.99170797550694,0,3.01515537504263,11.5828484626328,14,1503.01235607484,16948.3650045203,-15428.2254567787,1.99170797550694,1.5418159808907,1.53656593051588,0.00525005037481363,-0.40371831563174,0.439391893866618,1.99170797550694,0,267.161443506003,60.6481711487664,5.14650721561443e-10,1,0.986290477211108,0,0.00461349932342237,0.0105001007496273,0,0,0
74.805,9496.95733449426,1.99239171030626,9500,9496.84783465961,2.15057445419646,1.99239171030626,0,3.37161910452236,11.5715276965972,14,1503.01235607484,16951.4223946618,-15429.2578090999,1.99239171030626,1.5418159808907,1.53726210046399,0.00455388042670402,0.0171473855981512,0.441467968562158,1.99239171030626,0,267.161443506003,60.6481711487664,5.86161418375116e-10,1,0.986295174241574,0,0.00458092304453439,0.00910776085340803,0,0,0
74.82,9497.00790878083,1.9930625995761,9500,9496.87621291051,2.15221794268056,1.9930625995761,0,3.71625950293308,11.5605084724381,14,1503.01235607484,16954.4509540771,-15430.3284643984,1.9930625995761,1.5418159808907,1.53795736351409,0.00385861737660464,0.431837522423555,0.443529383932198,1.9930625995761,0,267.161443506003,60.6481711487664,6.55392577733121e-10,1,0.986300426573771,0,0.00453980485291505,0.00771723475320929,0,0,0
74.835,9497.06365267337,1.99371951617687,9500,9496.9103435415,2.15369407189764,1.99371951617687,0,4.04857474065757,11.5498077981073,14,1503.01235607484,16957.4451870539,-15431.4347759224,1.99371951617687,1.5418159808907,1.53865036130562,0.00316561958508221,0.839626657189802,0.44557229611601,1.99371951617687,0,267.161443506003,60.6481711487664,7.22177055821911e-10,1,0.98630621578923,0,0.0044903488511725,0.00633123917016443,0,0,0
74.85,9497.12438129448,1.99436137683155,9500,9496.95007551939,2.1550023628901,1.99436137683155,0,4.36809455493391,11.5394417901162,14,1503.01235607484,16960.3997460834,-15432.5740662557,1.99436137683155,1.5418159808907,1.53933975946979,0.00247622142090642,1.2398140578519,0.447592953099038,1.99436137683155,0,267.161443506003,60.6481711487664,7.86403162298301e-10,1,0.986312522687727,0,0.00443277226900496,0.00495244284181284,0,0,0
74.865,9497.18990271281,1.99498714356489,9500,9496.99524903983,2.1561426727094,1.99498714356489,0,4.67438067599758,11.5294256577293,14,1503.01235607484,16963.3094398411,-15433.7436328777,1.99498714356489,1.5418159808907,1.54002424986365,0.00179173102705033,1.6317246488887,0.44958770062009,1.99498714356489,0,267.161443506003,60.6481711487664,8.47967224244099e-10,1,0.986319327336461,0,0.00436730484000347,0.00358346205410065,0,0,0
74.88,9497.26001842295,1.99559582497489,9500,9497.04569597235,2.157115189693,1.99559582497489,0,4.96702715110299,11.5197736902371,14,1503.01235607484,16966.1692405028,-15434.940753637,1.99559582497489,1.5418159808907,1.54070255274765,0.00111342814305093,2.01470989903176,0.451552987798091,1.99559582497489,0,267.161443506003,60.6481711487664,9.06775502103699e-10,1,0.98632660911989,0,0.00429418819841798,0.00222685628610186,0,0,0
74.895,9497.33452383021,1.99618647745368,9500,9497.10124031445,2.1579204281785,1.99618647745368,0,5.24566063591972,11.510499245221,14,1503.01235607484,16968.9742908846,-15436.1626922287,1.99618647745368,1.5418159808907,1.5413734188529,0.000442562037799243,2.38814864554182,0.453485372487379,1.99618647745368,0,267.161443506003,60.6481711487664,9.62741538294121e-10,1,0.986334346790078,0,0.00421367524675542,0.000885124075598487,0,0,0
74.91,9497.41320873975,1.99675820623709,9500,9497.16169865361,2.15855922267492,1.99675820623709,0,5.50994246356702,11.5016147455381,15,1503.01235607484,16971.7198985327,-15437.406680521,1.99675820623709,1.5418159808907,1.54203563139171,-0.000219650501014801,2.75144785372531,0.455381526348419,1.99675820623709,0,267.161443506003,60.6481711487664,4.58141201962246e-10,1,0.986342518517488,0,0.0041260295191865,-0.000439301002029602,0,0,0
74.925,9497.49585787671,1.99731016637594,9500,9497.22688063631,2.15903272150936,1.99731016637594,0,5.75956133448631,11.4931316501845,15,1503.01235607484,16974.4015908335,-15438.6700151797,1.99731016637594,1.5418159808907,1.5426880079641,-0.000872027073405501,3.10404331179903,0.457238239632053,1.99731016637594,0,267.161443506003,60.6481711487664,4.80697329277852e-10,1,0.986351101945008,0,0.00403152453284239,-0.001744054146811,0,0,0
74.94,9497.58225129672,1.99784156322778,9500,9497.29658945037,2.15934237978539,1.99784156322778,0,5.99424424552243,11.4850604870438,15,1503.01235607484,16977.015046504,-15439.9499270548,1.99784156322778,1.5418159808907,1.54332940255807,-0.00151342166737423,3.44540036751726,0.459052425671832,1.99784156322778,0,267.161443506003,60.6481711487664,5.018540541564e-10,1,0.986360074230577,0,0.00393044312389135,-0.00302684333474845,0,0,0
74.955,9497.67216496041,1.99835165408954,9500,9497.37062228862,2.15948995245212,1.99835165408954,0,6.21374971447597,11.4774108136774,15,1503.01235607484,16979.5561524322,-15441.243676492,1.99835165408954,1.5418159808907,1.54395870683007,-0.00214272593937026,3.77501422747563,0.460821125077583,1.99835165408954,0,267.161443506003,60.6481711487664,5.21608332759575e-10,1,0.986369412106853,0,0.00382307679970384,-0.00428545187874052,0,0,0
74.97,9497.76537120612,1.99883974829104,9500,9497.4487708413,2.15947748629663,1.99883974829104,0,6.41786921400324,11.4701912302146,15,1503.01235607484,16982.0209944034,-15442.5485358908,1.99883974829104,1.5418159808907,1.54457485200925,-0.00275887111855289,4.09241061351754,0.46254150963745,1.99883974829104,0,267.161443506003,60.6481711487664,5.39943005738705e-10,1,0.986379091930309,0,0.00370972506240541,-0.00551774223710577,0,0,0
74.985,9497.86163924433,1.99930520774607,9500,9497.53082178335,2.15930731169596,1.99930520774607,0,6.60642706990321,11.4634093792094,15,1503.01235607484,16984.405861554,-15443.8617947107,1.99930520774607,1.5418159808907,1.54517681042078,-0.0033608295300811,4.39714619907861,0.464210885915533,1.99930520774607,0,267.161443506003,60.6481711487664,5.5684241103748e-10,1,0.986389089732571,0,0.00359069472827667,-0.0067216590601622,0,0,0
75,9497.96073565038,1.99974744737318,9500,9497.61655726358,2.15898203395744,1.99974744737318,0,271.334370257859,11.4570719476406,15,0,16986.7072502915,-15445.1807643563,1.99974744737318,1.5418159808907,1.54576359692108,-0.0039476160303864,4.68880897583581,0.465826698543257,1.99974744737318,0,267.161443506003,60.6481711487664,5.72297831773084e-10,1,0.9863993812716,0,0.00346629924993413,-0.00789523206077281,0,0,0
75.015,9502.03075120425,2.00016593543649,9500,9497.70575539475,2.15850452426836,2.00016593543649,0,268.107799251148,11.5053212437807,19,0,17007.4177273002,-15483.5695825621,2.00016593543649,1.5418159808907,1.54633427022067,-0.00451828932996778,4.96701855312222,0.467386533205727,2.00016593543649,0,267.161443506003,60.6481711487664,8.79804169970192e-10,1,0.986822067881478,0,0.00333685802929251,-0.00903657865993557,0,0,0
75.03,9506.05236819302,1.94908841591903,9500,9498.82663212123,2.13176173451938,1.94908841591903,0,235.226717622553,12.4593501984692,19,0,16812.6097981686,-15475.0824763722,1.94908841591903,1.5418159808907,1.57262382303599,-0.0308078421452895,20.3974548834225,0.468888119318909,1.94908841591903,0,267.161443506003,60.6481711487664,7.63236185935053e-10,1,0.987239728116115,0,0.00170840371562342,-0.0616156842905791,0,0,0
75.045,9509.58076895736,1.86913883244109,9500,9500.69927194594,2.08508806231874,1.86913883244109,0,185.790587209839,13.9638315798032,19,0,16490.7052671929,-15433.8855920904,1.86913883244109,1.5418159808907,1.61298300561097,-0.0711670247202729,43.5006513568155,0.46965690099094,1.86913883244109,0,267.161443506003,60.6481711487664,5.80237330986897e-10,1,0.987606165968165,0,-0.00101989746585041,-0.142334049440546,0,0,0
75.06,9512.3676277655,1.78096977573854,9500,9503.00102291516,2.02611308879323,1.78096977573854,0,131.78347352314,15.6802054590038,18,0,16125.3630826238,-15375.5286353867,1.78096977573854,1.5418159808907,1.65683805703243,-0.115022076141732,67.8213754712366,0.469197947131307,1.78096977573854,1,267.161443506003,60.6481711487664,9.9462629751089e-10,1,0.987895591865003,0,-0.00438616052315166,-0.230044152283463,0,0,0
75.075,9514.34437986835,1.7012524196445,9500,9505.42849564469,1.96221923155471,1.7012524196445,0,82.457366241555,17.2778694284879,18,0,15787.515513361,-15318.2440587499,1.7012524196445,1.5418159808907,1.69570984896174,-0.153893868071041,88.6163447851307,0.467224174895889,1.7012524196445,1,267.161443506003,60.6481711487664,8.27726066337729e-10,1,0.988100885096408,0,-0.00795095416627811,-0.307787736142083,0,0,0
75.09,9515.58124036198,1.64093237495353,9500,9507.7391584898,1.89947103263836,1.64093237495353,0,45.3353670347274,18.532311482218,18,0,15528.6266111147,-15270.5858769613,1.64093237495353,1.5418159808907,1.72408090661981,-0.182264925729113,103.088932839949,0.463646245521064,1.64093237495353,1,267.161443506003,60.6481711487664,5.29645274538067e-10,1,0.988229337767417,0,-0.0113574797943894,-0.364529851458226,0,0,0
75.105,9516.2612708675,1.60472104585801,9500,9509.771532033,1.84205669764493,1.60472104585801,0,23.1256740029413,19.3060804693257,17,0,15372.2091492206,-15240.5725761578,1.60472104585801,1.5418159808907,1.73963113821383,-0.197815157323136,110.25637070586,0.458535379613588,1.60472104585801,1,267.161443506003,60.6481711487664,6.80937510440627e-10,1,0.988299961524301,0,-0.0143637959505647,-0.395630314646271,0,0,0
75.12,9516.60815597754,1.5915532924371,9500,9511.45342897369,1.79201806332865,1.5915532924371,0,14.9720911462314,19.5928297450911,16,0,15315.6520709821,-15230.4244312684,1.5915532924371,1.5418159808907,1.74298316083541,-0.201167179944717,110.670033593437,0.452071671435834,1.5915532924371,1,267.161443506003,60.6481711487664,7.02327515652976e-10,1,0.988335986863575,0,-0.0168583564165761,-0.402334359889435,0,0,0
75.135,9516.83273734474,1.59634379842364,9500,9512.78934091083,1.74950392775997,1.59634379842364,0,17.638655353427,19.4925798759765,15,0,15337.7880508711,-15237.3788010846,1.59634379842364,1.5418159808907,1.73679477764841,-0.194978796757714,105.890087117086,0.444485411048375,1.59634379842364,1,267.161443506003,60.6481711487664,5.02989901029895e-10,1,0.988359310493543,0,-0.0188438017782502,-0.389957593515428,0,0,0
75.15,9517.09731717504,1.61212012296144,9500,9513.83723763913,1.71330169836459,1.61212012296144,0,26.828592932362,19.15869439393,13,0,15408.5319137335,-15255.8040709773,1.61212012296144,1.5418159808907,1.72466675997941,-0.182850779088708,97.9202118144693,0.436005700248162,1.61212012296144,1,267.161443506003,60.6481711487664,9.73769558094798e-10,1,0.988386788116179,0,-0.0204035616142058,-0.365701558177416,0,0,0
75.165,9517.49974606902,1.63193502456716,9500,9514.68212800186,1.68146867732204,1.63193502456716,0,38.3169646279355,18.744754405495,15,0,15497.5759921773,-15279.4387675734,1.63193502456716,1.5418159808907,1.71016850781335,-0.168352526922654,88.7196100812852,0.42682409752177,1.63193502456716,1,267.161443506003,60.6481711487664,4.54889470594521e-10,1,0.988428581888872,0,-0.0216625927503691,-0.336705053845308,0,0,0
75.18,9518.07450053844,1.65019440405502,9500,9515.41234894419,1.65191389656779,1.65019440405502,0,48.7324437553808,18.3702493733045,16,0,15580.4107590375,-15302.9617989896,1.65019440405502,1.5418159808907,1.69616473470059,-0.154348753809892,79.8631885136802,0.417075930784104,1.65019440405502,1,267.161443506003,60.6481711487664,4.5694438645908e-10,1,0.98848827232862,0,-0.0227517369062127,-0.308697507619783,0,0,0
75.195,9518.80548719477,1.66329184499552,9500,9516.10227880673,1.6228345992567,1.66329184499552,0,55.9306831958831,18.1081508888747,16,0,15641.1700008923,-15322.7147693334,1.66329184499552,1.5418159808907,1.68449687342644,-0.142680892535745,72.3716434417388,0.406837649176308,1.66329184499552,1,267.161443506003,60.6481711487664,7.50169023624044e-10,1,0.988564188075757,0,-0.0237815949068501,-0.285361785071489,0,0,0
75.21,9519.64444744271,1.66964536760713,9500,9516.8028490506,1.59296765337365,1.66964536760713,0,59.0061286449466,17.9878109622906,16,0,15672.7786195073,-15336.7829646106,1.66964536760713,1.5418159808907,1.67596925326659,-0.134153272375896,66.6941318743591,0.396135931468225,1.66964536760713,1,267.161443506003,60.6481711487664,9.94177885165232e-10,1,0.988651317291439,0,-0.0248281074114509,-0.268306544751792,0,0,0
75.225,9520.52953937238,1.66933978381986,9500,9517.53928479389,1.56166451356745,1.66933978381986,0,58.0629852232521,18.0051170264444,17,0,15675.3807119647,-15344.7248116287,1.66933978381986,1.5418159808907,1.67053572099265,-0.128719740101957,62.8013761123745,0.384963283133073,1.66933978381986,1,267.161443506003,60.6481711487664,4.92709674135345e-10,1,0.988743237457893,0,-0.0259289975000807,-0.257439480203914,0,0,0
75.24,9521.40048415073,1.66358644855855,9500,9518.31424664609,1.52883071736372,1.66358644855855,0,53.8780035326845,18.134375698745,17,0,15654.0157560336,-15347.1643353909,1.66358644855855,1.5418159808907,1.66757836418579,-0.12576238329509,60.3378245513208,0.373295234258036,1.66358644855855,0,267.161443506003,60.6481711487664,5.12347611405386e-10,1,0.988833688388824,0,-0.0270883240584603,-0.251524766590181,0,0,0
75.255,9522.20865420373,1.6541624235372,9500,9519.11408367339,1.49478402113651,1.6541624235372,0,47.5558426204008,18.339244367503,17,0,15616.2311234836,-15345.3633199421,1.6541624235372,1.5418159808907,1.66619550378331,-0.124379522892615,58.7860332832885,0.361105488431729,1.6541624235372,0,267.161443506003,60.6481711487664,4.93283321504785e-10,1,0.988917619925543,0,-0.0282857216367431,-0.248759045785229,0,0,0
75.27,9522.92199184303,1.64292995556677,9500,9519.91608030846,1.46008260619465,1.64292995556677,0,40.2373772529015,18.5817118691639,17,0,15570.0313698639,-15340.8307948307,1.64292995556677,1.5418159808907,1.66544745040026,-0.123631469509562,57.609343931801,0.348376913695195,1.64292995556677,0,267.161443506003,60.6481711487664,4.46572851313728e-10,1,0.988991702755071,0,-0.0294871744434226,-0.247262939019124,0,0,0
75.285,9523.52555250183,1.63148815987799,9500,9520.69509985654,1.42536317248059,1.63148815987799,0,32.8908604816912,18.8287518519569,16,0,15522.3682554521,-15335.0031127542,1.63148815987799,1.5418159808907,1.66453373399488,-0.122717753104181,56.3541031001305,0.335107685195654,1.63148815987799,0,267.161443506003,60.6481711487664,8.97690356288649e-10,1,0.989054384827251,0,-0.0306549417846387,-0.245435506208363,0,0,0
75.3,9524.01891540905,1.62097359190056,9500,9521.42864704022,1.39121419647131,1.62097359190056,0,26.1949451398038,19.0564394305661,16,0,15478.2486587706,-15329.0195470831,1.62097359190056,1.5418159808907,1.66289365608205,-0.121077675191353,54.7059571310883,0.321312961392567,1.62097359190056,0,267.161443506003,60.6481711487664,7.42110594695589e-10,1,0.989105622443406,0,-0.0317551613073654,-0.242155350382705,0,0,0
75.315,9524.41183958615,1.61200006592065,9500,9522.09994746636,1.35809575032645,1.61200006592065,0,20.5067759768532,19.2515021443603,16,0,15440.4365218576,-15323.6073321567,1.61200006592065,1.5418159808907,1.66023550777785,-0.11841952688715,52.5044508247098,0.307023138804253,1.61200006592065,0,267.161443506003,60.6481711487664,5.94010893038223e-10,1,0.989146429115066,0,-0.0327625048042715,-0.236839053774299,0,0,0
75.33,9524.7194412258,1.60470865508765,9500,9522.69910320785,1.32630586645321,1.60470865508765,0,15.8965526080847,19.4106045083135,16,0,15409.6384098297,-15319.0712069643,1.60470865508765,1.5418159808907,1.65650964961339,-0.114693668722691,49.7260261394757,0.29228001164233,1.60470865508765,0,267.161443506003,60.6481711487664,4.65241660145673e-10,1,0.989178374716388,0,-0.0336619520746044,-0.229387337445381,0,0,0
75.345,9524.95788951492,1.59888757258349,9500,9523.22269905943,1.29598537887338,1.59888757258349,0,12.1403688104655,19.5368627207439,15,0,15384.5881848007,-15315.4193028339,1.59888757258349,1.5418159808907,1.65184625164868,-0.110030270757981,46.4479342535098,0.277132133208758,1.59888757258349,0,267.161443506003,60.6481711487664,8.53790611590414e-10,1,0.989203138478989,0,-0.0344482295827966,-0.220060541515962,0,0,0
75.36,9525.13999504708,1.5941198230523,9500,9523.67239535585,1.26714879506769,1.5941198230523,0,8.90406866740764,19.6380236988666,15,0,15363.1386812448,-15312.4074177014,1.5941198230523,1.5418159808907,1.64647927475814,-0.104663293867448,42.8051854769678,0.2616304298965,1.5941198230523,0,267.161443506003,60.6481711487664,6.56622378098198e-10,1,0.989222050831782,0,-0.035123713245012,-0.209326587734895,0,0,0
75.375,9525.27355607709,1.58993983558414,9500,9524.05274216083,1.23973599567039,1.58993983558414,0,6.09091039599831,19.7266421316585,15,0,15344.2182415531,-15309.5145656452,1.58993983558414,1.5418159808907,1.6406664330121,-0.0988504521213986,38.9455396637974,0.245824758936245,1.58993983558414,0,267.161443506003,60.6481711487664,5.03965505577547e-10,1,0.989235921653217,0,-0.0356951493868967,-0.197700904242797,0,0,0
75.39,9525.36491973303,1.58594889789428,9500,9524.3691313474,1.21366207191467,1.58594889789428,0,3.43819887653633,19.8110379065708,14,0,15325.9975427252,-15306.4078137314,1.58594889789428,1.5418159808907,1.63463049324498,-0.0928145123542796,34.9964861416174,0.229761941712141,1.58594889789428,0,267.161443506003,60.6481711487664,8.98790034742461e-10,1,0.98924541011671,0,-0.0361705749221561,-0.185629024708559,0,0,0
75.405,9525.41649271618,1.5818303078244,9500,9524.62720235489,1.1888317844464,1.5818303078244,0,0.73978344800417,19.8978501113297,14,0,15307.0108750873,-15302.7958089304,1.5818303078244,1.5418159808907,1.62855140892243,-0.0867354280317327,31.0609644630749,0.213485182997171,1.5818303078244,0,267.161443506003,60.6481711487664,6.60525707198891e-10,1,0.989250766167348,0,-0.0365584188844004,-0.173470856063465,0,0,0
75.42,9525.4275894679,1.57738606817158,9500,9524.83175681815,1.165166939486,1.57738606817158,0,-2.12906097422102,19.9912536403521,14,0,15286.3435524431,-15298.4743230586,1.57738606817158,1.5418159808907,1.62254788449985,-0.0807319036091558,27.2067892529016,0.197033894499191,1.57738606817158,0,267.161443506003,60.6481711487664,4.35887335918897e-10,1,0.98925191860726,0,-0.0368658660727526,-0.161463807218312,0,0,0
75.435,9525.39565355328,1.57253993044979,9500,9524.98617429724,1.14262185410553,1.57253993044979,0,-5.22130603823823,20.0928833864297,13,0,15263.5922116013,-15293.3415960835,1.57253993044979,1.5418159808907,1.61667613349438,-0.0748601526036796,23.4658038053474,0.180444254766452,1.57253993044979,0,267.161443506003,60.6481711487664,4.74563994595656e-10,1,0.989248601940947,0,-0.0370979743709245,-0.149720305207359,0,0,0
75.45,9525.31733396271,1.5673162080518,9500,9525.09229596493,1.12118737641747,1.5673162080518,0,-8.51198632970445,20.2022639688525,11,0,15238.8901328167,-15287.3883955312,1.5673162080518,1.5418159808907,1.61094095045991,-0.0691249695692162,19.8401216985353,0.163750166299536,1.5673162080518,0,267.161443506003,60.6481711487664,6.81631502088025e-10,1,0.989240468153302,0,-0.037257496613627,-0.138249939138432,0,0,0
75.465,9525.18965416776,1.56180792821893,9500,9525.15061737503,1.10088714421822,1.56180792821893,0,-11.9406395318628,20.3174669416759,13,0,15212.6453541414,-15280.6779481983,1.56180792821893,1.5418159808907,1.60531215363828,-0.0634961727475856,16.311545664654,0.146984292823404,1.56180792821893,0,267.161443506003,60.6481711487664,7.81184020910941e-10,1,0.989227208120518,0,-0.0373451683051496,-0.126992345495171,0,0,0
75.48,9525.01054457478,1.55613950539118,9500,9525.16073424783,1.08176727395448,1.55613950539118,0,-15.4254213983194,20.4358844297283,14,0,15185.4286906898,-15273.3144103841,1.55613950539118,1.5418159808907,1.5997437021835,-0.0579277212928024,12.8526341594212,0.130178967086087,1.55613950539118,0,267.161443506003,60.6481711487664,6.3779559209434e-10,1,0.989208606907415,0,-0.0373603767045552,-0.115855442585605,0,0,0
75.495,9524.77916325381,1.55043664973664,9500,9525.12181071669,1.06388514497403,1.55043664973664,0,-18.8848270469883,20.5548609165115,14,0,15157.823038805,-15265.4159697156,1.55043664973664,1.5418159808907,1.59418904525225,-0.0523730643615494,9.43565124067706,0.113366797569037,1.55043664973664,0,267.161443506003,60.6481711487664,9.59746122645732e-10,1,0.989184577076359,0,-0.0373018644284329,-0.104746128723099,0,0,0
75.51,9524.49589084811,1.54480483982464,9500,9525.03300934359,1.04729880342839,1.54480483982464,0,-22.2956003588926,20.6714938635478,15,0,15130.3152105495,-15257.3366357342,1.54480483982464,1.5418159808907,1.58861203071185,-0.0467960498211519,6.03897296226019,0.096580958576242,1.54480483982464,0,267.161443506003,60.6481711487664,5.52865388113034e-10,1,0.989155158158605,0,-0.0371683760426613,-0.0935920996423039,0,0,0
75.525,9524.16145684272,1.53931810950833,9500,9524.8938083715,1.03205890716424,1.53931810950833,0,-25.6125014631747,20.7841606753176,15,0,15103.2546288537,-15249.1678203129,1.53931810950833,1.5418159808907,1.58299251126041,-0.0411765303697078,2.65041380388419,0.0798551893570444,1.53931810950833,0,267.161443506003,60.6481711487664,5.06137809443034e-10,1,0.989120425913951,0,-0.036959135350177,-0.0823530607394156,0,0,0
75.54,9523.77726932078,1.53402558202355,9500,9524.70401031843,1.01820827072644,1.53402558202355,0,-28.754666362544,20.8925449839135,15,0,15076.8865815049,-15240.693927615,1.53402558202355,1.5418159808907,1.577322969549,-0.035506988658307,-0.734734368426627,0.0632235784494647,1.53402558202355,0,267.161443506003,60.6481711487664,6.58670301193747e-10,1,0.989080526577189,0,-0.0366738587968332,-0.0710139773166141,0,0,0
75.555,9523.34594932534,1.52895236520174,9500,9524.46383380462,1.00577929029644,1.52895236520174,0,-31.7080640467036,20.9961016210049,15,0,15051.340680676,-15231.9645323279,1.52895236520174,1.5418159808907,1.57160795973062,-0.0297919788399252,-4.11400215334975,0.0467203419908898,1.52895236520174,0,267.161443506003,60.6481711487664,8.08815646108773e-10,1,0.989035732353621,0,-0.0363128940469224,-0.0595839576798505,0,0,0
75.57,9522.87032836464,1.52409449583331,9500,9524.17412006826,0.994788387370617,1.52409449583331,0,-34.4780635793003,21.0949051562514,15,0,15026.6113516572,-15223.0045975915,1.52409449583331,1.5418159808907,1.56586649325428,-0.0240505123635815,-7.47628487305582,0.0303795396697747,1.52409449583331,0,267.161443506003,60.6481711487664,9.54061741792294e-10,1,0.988986337306157,0,-0.0358775308397268,-0.0481010247271629,0,0,0
75.585,9522.35315741095,1.51943031486146,9500,9523.83622615087,0.98523825423839,1.51943031486146,0,-37.0815626707377,21.1894119087518,16,0,15002.6100906569,-15213.8218640943,1.51943031486146,1.5418159808907,1.56012613930126,-0.0183101584105663,-10.8053278423597,0.0142346507918977,1.51943031486146,0,267.161443506003,60.6481711487664,4.67785685225028e-10,1,0.988932627133738,0,-0.0353698407410858,-0.0366203168211325,0,0,0
75.6,9521.79693397089,1.51493158614848,9500,9523.45187034856,0.977121391732175,1.51493158614848,0,-39.5397057121573,21.2802236656879,16,0,14979.2155297762,-15204.4154120525,1.51493158614848,1.5418159808907,1.55441728949101,-0.0126013086003145,-14.0831446178484,-0.00168177754159095,1.51493158614848,0,267.161443506003,60.6481711487664,5.25336643536558e-10,1,0.988874861211937,0,-0.0347924450924619,-0.025202617200629,0,0,0
75.615,9521.20383838521,1.51057233049864,9500,9523.02297289958,0.970423883856042,1.51057233049864,0,-41.8717825919341,21.3678975923428,16,0,14956.3155977298,-15194.7830570273,1.51057233049864,1.5418159808907,1.54876861717013,-0.00695263627942899,-17.2927493802784,-0.0173383778331988,1.51057233049864,0,267.161443506003,60.6481711487664,5.81023380689497e-10,1,0.988813265977441,0,-0.0341482757850096,-0.013905272558858,0,0,0
75.63,9520.57576164633,1.50633446863341,9500,9522.551521451,0.965128662660239,1.50633446863341,0,-44.0915640714945,21.4528231272837,16,0,14933.834013482,-15184.9269695381,1.50633446863341,1.5418159808907,1.54320418605111,-0.00138820516041505,-20.4199195085677,-0.0327051019364531,1.50633446863341,0,267.161443506003,60.6481711487664,6.35461941534785e-10,1,0.988748037817011,0,-0.0334403733025295,-0.00277641032083009,0,0,0
75.645,9519.91438818525,1.50221017079481,9500,9522.03947860062,0.961217805558995,1.50221017079481,0,-46.2058388860758,21.5351692416556,16,0,14911.7416359122,-15174.8567000875,1.50221017079481,1.5418159808907,1.53774225097735,0.00407372991335131,-23.4539478060252,-0.0477532699225914,1.50221017079481,0,267.161443506003,60.6481711487664,6.89267548070697e-10,1,0.98867935166522,0,-0.0326717480376324,0.00814745982670262,0,0,0
75.66,9519.22130060196,1.49820150647172,9500,9521.48873485585,0.958673748677431,1.49820150647172,0,-48.2147407621182,21.6148901491092,16,0,14890.0553455033,-15164.5899351277,1.49820150647172,1.5418159808907,1.53239543983042,0.00942054106027279,-26.3875585889114,-0.062455556539526,1.49820150647172,0,267.161443506003,60.6481711487664,7.42936534447678e-10,1,0.988607371881101,0,-0.0318453098345535,0.0188410821205456,0,0,0
75.675,9518.49807949053,1.49431830036326,9500,9520.90110092602,0.957479536646976,1.49431830036326,0,-50.1132570620138,21.691770447572,16,0,14868.8284663729,-15154.1515231134,1.49431830036326,1.5418159808907,1.52717184817188,0.0146441327188178,-29.2162623002202,-0.076785945965075,1.49431830036326,0,267.161443506003,60.6481711487664,7.96778449032983e-10,1,0.988532262615365,0,-0.030963856568369,0.0292882654376356,0,0,0
75.69,9517.7463806346,1.49057514578847,9500,9520.27832788325,0.957618370491545,1.49057514578847,0,-51.8932744378376,21.7654893422986,16,0,14848.1371055877,-15143.5714728929,1.49057514578847,1.5418159808907,1.52207655773139,0.0197394231593062,-31.9374419169217,-0.0907196814208411,1.49057514578847,0,267.161443506003,60.6481711487664,8.5090072445571e-10,1,0.988454195827449,0,-0.0300301044404963,0.0394788463186124,0,0,0
75.705,9516.96798151803,1.48698838272988,9500,9519.62214210442,0.959072765039256,1.48698838272988,0,-53.5456206801708,21.8356864209939,16,0,14828.0661636194,-15132.8825965885,1.48698838272988,1.5418159808907,1.51711316576157,0.0247028151291251,-34.5494234699767,-0.104233228419064,1.48698838272988,0,267.161443506003,60.6481711487664,9.05231633969958e-10,1,0.988373356115816,0,-0.0290467402242642,0.0494056302582502,0,0,0
75.72,9516.16479720783,1.48357360014799,9500,9518.93428321145,0.961823603992566,1.48357360014799,0,-55.0617327331375,21.9020166134655,16,0,14808.6976508626,-15122.1183244837,1.48357360014799,1.5418159808907,1.51228504050206,0.0295309403886397,-37.0507079519105,-0.117304261519983,1.48357360014799,0,267.161443506003,60.6481711487664,9.59566072186085e-10,1,0.988289942367468,0,-0.0280164777304961,0.0590618807772794,0,0,0
75.735,9515.33887121683,1.48034395017628,9500,9518.21653629504,0.965849311705976,1.48034395017628,0,-56.4347675209862,21.9641877781428,17,0,14790.1027067063,-15111.3110453197,1.48034395017628,1.5418159808907,1.50759615799855,0.0342198228921433,-39.4394574238563,-0.129911676498707,1.48034395017628,0,267.161443506003,60.6481711487664,4.37570528105333e-10,1,0.98820416680899,0,-0.0269421053242971,0.0684396457842866,0,0,0
75.75,9514.49234970402,1.47730932370228,9500,9517.47075341921,0.971125272999543,1.47730932370228,0,-57.6601182495713,22.0219795513633,17,0,14772.3375375024,-15100.4909774564,1.47730932370228,1.5418159808907,1.50305149753758,0.0387644833531131,-41.7132528677766,-0.14203562389464,1.47730932370228,0,267.161443506003,60.6481711487664,4.61151961975972e-10,1,0.988116252327165,0,-0.0258265170257226,0.0775289667062262,0,0,0
75.765,9513.62744793027,1.47447626552199,9500,9516.69886286637,0.97762354816039,1.47447626552199,0,-58.7354537702383,22.0752458834353,17,0,14755.4429054983,-15089.6858742744,1.47447626552199,1.5418159808907,1.49865706029694,0.0431589205937539,-43.869086387372,-0.153657556556215,1.47447626552199,0,267.161443506003,60.6481711487664,4.84401299238889e-10,1,0.988026428985268,0,-0.0246727249000342,0.0863178411875078,0,0,0
75.78,9512.74641612372,1.47184841056084,9500,9515.90286729299,0.98531286261362,1.47184841056084,0,-59.6603930660723,22.1239059434927,17,0,14739.445969907,-15078.9210046182,1.47184841056084,1.5418159808907,1.49441962467501,0.0473963562156852,-45.9035186650571,-0.164760282761231,1.47184841056084,0,267.161443506003,60.6481711487664,5.07201070171841e-10,1,0.987934930478056,0,-0.0234838545386675,0.0947927124313703,0,0,0
75.795,9511.85151022773,1.46942720154265,9500,9515.08483351684,0.994158810484361,1.46942720154265,0,-60.4360069908435,22.1679286038981,17,0,14724.3635329905,-15068.2195560215,1.46942720154265,1.5418159808907,1.4903463619129,0.0514696189777943,-47.8129249958823,-0.175328017303631,1.46942720154265,0,267.161443506003,60.6481711487664,5.29448824701192e-10,1,0.987841991093838,0,-0.0222631278366359,0.102939237955589,0,0,0
75.81,9510.94497012287,1.4672126704801,9500,9514.24687736992,1.00412419111912,1.4672126704801,0,-61.0642822274843,22.2073153285767,17,0,14710.2056165141,-15057.6031548815,1.4672126704801,1.5418159808907,1.48644442368094,0.0553715572097606,-49.5937596622485,-0.185346424830117,1.4672126704801,0,267.161443506003,60.6481711487664,5.51059053335784e-10,1,0.987747843452737,0,-0.0210138382308109,0.110743114419521,0,0,0
75.825,9510.02900588945,1.4652041258148,9500,9513.39114683301,1.01516940060758,1.4652041258148,0,-61.547654659921,22.2420850153191,17,0,14696.9786344992,-15047.0923796715,1.4652041258148,1.5418159808907,1.48272058241165,0.0590953984790437,-51.2427871715927,-0.194802652033982,1.4652041258148,0,267.161443506003,60.6481711487664,5.71960307890257e-10,1,0.987652717080008,0,-0.0197393233325664,0.118190796958087,0,0,0
75.84,9509.10579106955,1.46340065386044,9500,9512.51980598072,1.02725281536687,1.46340065386044,0,-61.8886718426333,22.2722628791477,17,0,14684.6877251963,-15036.7071694532,1.46340065386044,1.5418159808907,1.47918097063901,0.0626350102516888,-52.7572503895319,-0.203685347533637,1.46340065386044,0,267.161443506003,60.6481711487664,5.92086780268197e-10,1,0.987556837706269,0,-0.0184429387822376,0.125270020503378,0,0,0
75.855,9508.17746099192,1.46180140568692,9500,9511.63502134131,1.04033112645158,1.46180140568692,0,-62.0898020813853,22.297874071868,17,0,14673.3380958443,-15026.4670803882,1.46180140568692,1.5418159808907,1.47583093349976,0.065985047390934,-54.1349658753531,-0.211984669985644,1.46180140568692,0,267.161443506003,60.6481711487664,6.11375403198371e-10,1,0.98746042709354,0,-0.0171280357774668,0.131970094781868,0,0,0
75.87,9507.24611396069,1.46040568788864,9500,9510.73895135726,1.05435960534873,1.46040568788864,0,-62.1533760411163,22.3189416644025,17,0,14662.9354561773,-15016.3913855083,1.46040568788864,1.5418159808907,1.47267498434897,0.0691409965417231,-55.3743524009135,-0.219692286085504,1.46040568788864,0,267.161443506003,60.6481711487664,6.29758424054111e-10,1,0.987363703158696,0,-0.0157979433098805,0.138281993083446,0,0,0
75.885,9506.31381332008,1.4592129052517,9500,9509.83373888547,1.06929230049342,1.4592129052517,0,-62.0816273441267,22.335487940056,17,0,14653.485757676,-15006.4990434571,1.4592129052517,1.5418159808907,1.46971683842272,0.0720991424679769,-56.47440833946,-0.22680136057495,1.4592129052517,0,267.161443506003,60.6481711487664,6.47162089638028e-10,1,0.987266880187886,0,-0.0144559550731758,0.144198284935954,0,0,0
75.9,9505.38258890992,1.45822241437924,9500,9508.92150617613,1.08508217646353,1.45822241437924,0,-61.8767917016037,22.3475376834386,17,0,14644.9945104387,-14996.8085776009,1.45822241437924,1.5418159808907,1.46695949396749,0.0748564869232122,-57.4346575024573,-0.233306540357879,1.45822241437924,0,267.161443506003,60.6481711487664,6.63503869218557e-10,1,0.987170168987706,0,-0.0131053201944604,0.149712973846424,0,0,0
75.915,9504.45443703439,1.45743334496221,9500,9508.00435153012,1.10168121431622,1.45743334496221,0,-61.5412261906988,22.3551221912492,17,0,14637.4659414064,-14987.3379107356,1.45743334496221,1.5418159808907,1.46440533163225,0.0774106492584496,-58.2550822049433,-0.239203934445387,1.45743334496221,0,267.161443506003,60.6481711487664,6.78693906202692e-10,1,0.987073776881945,0,-0.0117492366425642,0.154821298516899,0,0,0
75.93,9503.53131864153,1.45684443334461,9500,9507.08434681462,1.1190404926392,1.45684443334461,0,-61.0775187613833,22.358282995044,17,0,14630.9022035626,-14978.1041948601,1.45684443334461,1.5418159808907,1.46205620919647,0.0797597716942282,-58.9360584817266,-0.24449109093454,1.45684443334461,0,267.161443506003,60.6481711487664,6.92636620605059e-10,1,0.986977907522521,0,-0.0103908461020701,0.159519543388456,0,0,0
75.945,9502.61515586011,1.45645389728867,9500,9506.16353515071,1.13711026609601,1.45645389728867,0,-60.4885688822755,22.3570746384041,17,0,14625.302773413,-14969.1236648679,1.45645389728867,1.5418159808907,1.45991353685147,0.081902444039224,-59.4783030964072,-0.249166971680472,1.45645389728867,0,267.161443506003,60.6481711487664,7.05233485698706e-10,1,0.986882760529826,0,-0.00903322930541495,0.163804888078448,0,0,0
75.96,9501.70782732688,1.45625936478007,9500,9505.24392830281,1.15584005327871,1.45625936478007,0,-59.7776311544708,22.3515662140727,17,0,14620.664099353,-14960.4115324697,1.45625936478007,1.5418159808907,1.45797832651206,0.0838376543786383,-59.8828366697708,-0.253231924867909,1.45625936478007,0,267.161443506003,60.6481711487664,7.16385081974936e-10,1,0.986788531007437,0,-0.0076794011810446,0.167675308757277,0,0,0
75.975,9500.81116285956,1.45625785644436,9500,9504.32750353364,1.17517874008999,1.45625785644436,0,-58.9483226416298,22.3418416687144,17,0,14616.9795013121,-14951.9819251764,1.45625785644436,1.5418159808907,1.45625121541418,0.0855647654765219,-60.1509628453218,-0.256687655399379,1.45625785644436,0,267.161443506003,60.6481711487664,7.25994327012699e-10,1,0.986695408988891,0,-0.0063323054760569,0.171129530953044,0,0,0
75.99,9499.92693801993,1.45644581222256,9500,9503.41619989369,1.19507469984413,1.45644581222256,0,-58.0046005964868,22.3279990874374,17,0,14614.2392797408,-14943.847866547,1.45644581222256,1.5418159808907,1.45473246879297,0.087083512097732,-60.2842604024617,-0.259537192863604,1.45644581222256,0,267.161443506003,60.6481711487664,7.33970883833089e-10,1,0.986603578873039,0,-0.0049948088177767,0.174167024195464,0,0,0
76.005,9499.05686901099,1.45681914816911,9500,9502.51191406333,1.21547592751219,1.45681914816911,0,-56.9507203630055,22.3101492805907,17,0,14612.4309689137,-14936.0212883804,1.45681914816911,1.5418159808907,1.45342196883569,0.088394012055006,-60.2845837119491,-0.261784856831604,1.45681914816911,0,267.161443506003,60.6481711487664,7.40228264358622e-10,1,0.986513218894095,0,-0.00366969443285114,0.176788024110012,0,0,0
76.02,9498.20260820554,1.45737332855752,9500,9501.61649594995,1.23633018330499,1.45737332855752,0,-55.7911835645121,22.2884140118854,17,0,14611.5396656621,-14928.5130635004,1.45737332855752,1.5418159808907,1.45231919739409,0.0894967834966032,-60.1540667022146,-0.263436219326387,1.45737332855752,0,267.161443506003,60.6481711487664,7.44689854907771e-10,1,0.986424500657266,0,-0.0023596557966914,0.178993566993206,0,0,0
76.035,9497.36574045207,1.45810344038272,9500,9500.73174426739,1.25758514000846,1.45810344038272,0,-54.5306853000107,22.2629241639195,17,0,14611.5483729805,-14921.333048165,1.45810344038272,1.5418159808907,1.45142321892724,0.0903927619634617,-59.8951262098616,-0.264498064434898,1.45810344038272,0,267.161443506003,60.6481711487664,7.4728734111104e-10,1,0.986337588755101,0,-0.0010672905803264,0.180785523926923,0,0,0
76.05,9496.54778017257,1.45900426090294,9500,9499.85940230361,1.27918852885463,1.45900426090294,0,-53.1740665929814,22.2338180561385,17,0,14612.4383142354,-14914.4901252977,1.45900426090294,1.5418159808907,1.45073266828655,0.091083312604145,-59.5104618133266,-0.264978345196045,1.45900426090294,0,267.161443506003,60.6481711487664,7.47961618709591e-10,1,0.986252640466088,0,0.000204904870178435,0.18216662520829,0,0,0
76.065,9495.75016917368,1.46007031291349,9500,9499.00115403307,1.3010882798122,1.46007031291349,0,-51.7262755671312,22.2012400376616,17,0,14614.1891924526,-14907.9922427208,1.46007031291349,1.5418159808907,1.45024574587707,0.0915702350136289,-59.0030506193121,-0.264886138004465,1.46007031291349,0,267.161443506003,60.6481711487664,7.46662240244227e-10,1,0.986169805527336,0,0.00145454023900671,0.183140470027258,0,0,0
76.08,9494.97427504017,1.46129590600515,9500,9498.15862066945,1.32323265361344,1.46129590600515,0,-50.1923384078709,22.1653393958901,17,0,14616.7793857992,-14901.8464434696,1.46129590600515,1.5418159808907,1.44996022088502,0.0918557600056804,-58.376136710554,-0.264231594896912,1.46129590600515,0,267.161443506003,60.6481711487664,7.43350376607411e-10,1,0.986089225967731,0,0.00267933509099061,0.183711520011361,0,0,0
76.095,9494.22138996406,1.46267516506118,9500,9497.3333576953,1.34557036425163,1.46267516506118,0,-48.577339157477,22.1262695533211,17,0,14620.1860844964,-14896.058887969,1.46267516506118,1.5418159808907,1.44987344175247,0.0919425391382231,-57.6332158922998,-0.263025894105966,1.46267516506118,0,267.161443506003,60.6481711487664,7.37996798499014e-10,1,0.986011035986332,0,0.00387712178937916,0.183885078276446,0,0,0
76.11,9493.49272987669,1.46420204875382,9500,9496.52685235815,1.36805069186442,1.46420204875382,0,-46.8864064000781,22.0841874906344,17,0,14624.3853815881,-14890.634869411,1.46420204875382,1.5418159808907,1.44998235230876,0.0918336285819361,-56.7780169362427,-0.261281189300745,1.46420204875382,0,267.161443506003,60.6481711487664,7.30580438780711e-10,1,0.98593536186224,0,0.00504584756871784,0.183667257163872,0,0,0
76.125,9492.78943378069,1.46587036166879,9500,9495.74052159055,1.39062358672794,1.46587036166879,0,-45.1247043389366,22.0392533146527,17,0,14629.3523342036,-14885.5788247558,1.46587036166879,1.5418159808907,1.45028351155424,0.0915324693364588,-55.8144807205432,-0.259010557894822,1.46587036166879,0,267.161443506003,60.6481711487664,7.21093110978173e-10,1,0.985862321885212,0,0.00618357584403451,0.183064938672918,0,0,0
76.14,9492.11256321561,1.46767376353522,9500,9494.97571029603,1.41323976551918,1.46767376353522,0,-43.2974259017261,21.9916298935518,17,0,14635.0610113861,-14880.8943439757,1.46767376353522,1.5418159808907,1.45077311518593,0.0910428657047644,-54.7467385883189,-0.256227948765007,1.46767376353522,0,267.161443506003,60.6481711487664,7.09537337912781e-10,1,0.985792026300172,0,0.00728848687220474,0.182085731409529,0,0,0
76.155,9491.46310182708,1.46960577825984,9500,9494.2336899408,1.43585080110015,1.46960577825984,0,-41.4097860578556,21.9414824996954,17,0,14641.4845410195,-14876.5841797494,1.46960577825984,1.5418159808907,1.45144701736987,0.0903689635208296,-53.5790909846537,-0.252948129672515,1.46960577825984,0,267.161443506003,60.6481711487664,6.95926962496407e-10,1,0.985724577262464,0,0.00835887790227696,0.180737927041659,0,0,0
76.17,9490.84195503622,1.47165980468205,9500,9493.51565739878,1.45840920692532,1.47165980468205,0,-39.4670140744056,21.8889784185211,17,0,14648.5951648137,-14872.6502593252,1.47165980468205,1.5418159808907,1.45230075168678,0.0895152292039219,-52.3159870833933,-0.24918663461649,1.47165980468205,0,267.161443506003,60.6481711487664,6.80287022845292e-10,1,0.985660068803518,0,0.00939316291331549,0.179030458407844,0,0,0
76.185,9490.2499498251,1.47382912982457,9500,9492.82273401024,1.48086851689027,1.47382912982457,0,-37.4743442153236,21.834286507835,17,0,14656.3643049944,-14869.0936993803,1.47382912982457,1.5418159808907,1.45332955077101,0.0884864301196844,-50.9620057701148,-0.244959711305498,1.47382912982457,0,267.161443506003,60.6481711487664,6.62655239528587e-10,1,0.985598586808571,0,0.0103898720363365,0.176972860239369,0,0,0
76.2,9489.68783466187,1.47610694475385,9500,9492.15596482886,1.50318336110254,1.47610694475385,0,-35.4370048335954,21.7775767067877,17,0,14664.7626432689,-14865.9148241527,1.47610694475385,1.5418159808907,1.45452836451455,0.0872876163761505,-49.5218380535735,-0.240284268889147,1.47610694475385,0,267.161443506003,60.6481711487664,6.43081151968739e-10,1,0.985540209008889,0,0.0113476507102255,0.174575232752301,0,0,0
76.215,9489.15627958937,1.47848636238345,9500,9491.51631804446,1.52530953775519,1.47848636238345,0,-33.3602063255851,21.7190195111478,17,0,14673.760208982,-14863.1131864167,1.47848636238345,1.5418159808907,1.45589187710955,0.0859241037811511,-48.0002707766391,-0.235177826069545,1.47848636238345,0,267.161443506003,60.6481711487664,6.21626866237802e-10,1,0.985485004990972,0,0.0122652586362166,0.171848207562302,0,0,0
76.23,9488.65587649448,1.48096043649525,9500,9490.90468457834,1.54720408105079,1.48096043649525,0,-31.2491284492102,21.6587854325158,17,0,14683.3264730835,-14860.687590757,1.48096043649525,1.5418159808907,1.4574145232468,0.0844014576439007,-46.4021713853051,-0.229658459683248,1.48096043649525,0,267.161443506003,60.6481711487664,5.98365155595452e-10,1,0.985433036224526,0,0.0131415685364837,0.168802915287801,0,0,0
76.245,9488.18713956774,1.48352218092844,9500,9490.32187785331,1.56882532499317,1.48352218092844,0,-29.136272888441,21.5966202124563,17,0,14693.4251682102,-14858.7861526831,1.48352218092844,1.5418159808907,1.45909050395091,0.082725476939786,-44.7324734909593,-0.22374475384183,1.48352218092844,0,267.161443506003,60.6481711487664,5.66944232807715e-10,1,0.985384356110196,0,0.0139755647525983,0.165450953879572,0,0,0
76.26,9487.75009547442,1.48616458817188,9500,9489.76863374237,1.59013296281333,1.48616458817188,0,-27.0380158614606,21.5325081136634,17,0,14704.0209095288,-14857.4663070857,1.48616458817188,1.5418159808907,1.46091380239852,0.0809021784921735,-42.9961629907099,-0.217455749703161,1.48616458817188,0,267.161443506003,60.6481711487664,4.94331945673262e-10,1,0.985338967417271,0,0.0147663416850634,0.161804356984347,0,0,0
76.275,9487.34452523649,1.48888566709084,9500,9489.24550431851,1.61109080324457,1.48888566709084,0,-24.9169257811736,21.4670981539671,17,0,14715.1106221192,-14856.5124233713,1.48888566709084,1.5418159808907,1.46287568981818,0.0789402910725137,-41.1998333337096,-0.210810895944882,1.48888566709084,0,267.161443506003,60.6481711487664,4.66818269861949e-10,1,0.985296847404051,0,0.0155132538941751,0.157880582145027,0,0,0
76.29,9486.97077134978,1.49168830136896,9500,9488.75284182716,1.6316673153724,1.49168830136896,0,-22.771447960259,21.4003397103812,16,0,14726.7090024925,-14855.9302771432,1.49168830136896,1.5418159808907,1.46496485480531,0.0768511260853852,-39.3515662823722,-0.203829931692503,1.49168830136896,0,267.161443506003,60.6481711487664,9.77055535521997e-10,1,0.985258031640029,0,0.0162159367693631,0.15370225217077,0,0,0
76.305,9486.62919963037,1.49457008859014,9500,9488.29099598707,1.65183076826224,1.49457008859014,0,-20.6034706134046,21.3323005248617,16,0,14738.8060989405,-14855.7205297424,1.49457008859014,1.5418159808907,1.46717254696783,0.0746434339228661,-37.4576931805351,-0.19653276014629,1.49457008859014,0,267.161443506003,60.6481711487664,9.09596112221749e-10,1,0.9852225581166,0,0.0168740235395561,0.149286867845732,0,0,0
76.32,9486.32014757117,1.49752414616524,9500,9487.86032068877,1.67154906275104,1.49752414616524,0,-18.4177466662854,21.2631472022641,16,0,14751.3708507149,-14855.8789823343,1.49752414616524,1.5418159808907,1.46949217347668,0.0723238074140169,-35.5230833632284,-0.18893944955349,1.49752414616524,0,267.161443506003,60.6481711487664,8.39403493713629e-10,1,0.985190461883687,0,0.0174871352714232,0.144647614828034,0,0,0
76.335,9486.04388137118,1.50054044541431,9500,9487.46116557318,1.69078994217344,1.50054044541431,0,-16.2210017143398,21.1931142230175,16,0,14764.3572353205,-14856.3976593468,1.50054044541431,1.5418159808907,1.47191862928821,0.0698973516024832,-33.5515917405035,-0.181070238681349,1.50054044541431,0,267.161443506003,60.6481711487664,7.66639992709133e-10,1,0.985161770587068,0,0.018054892454642,0.139794703204966,0,0,0
76.35,9485.80056634546,1.50360729144813,9500,9487.09385865618,1.7095214367776,1.50360729144813,0,-14.0208907579419,21.1224701818856,16,0,14777.7114190162,-14857.2660391654,1.50360729144813,1.5418159808907,1.4744475570736,0.0673684238170944,-31.5465394150127,-0.17294553707676,1.50360729144813,0,267.161443506003,60.6481711487664,6.91609260384887e-10,1,0.985136501395343,0,0.0185769392681778,0.134736847634189,0,0,0
76.365,9485.59025298409,1.50671265861855,9500,9486.7586857877,1.72771240155924,1.50671265861855,0,-11.8252870701087,21.0514877443999,16,0,14791.377027057,-14858.472290788,1.50671265861855,1.5418159808907,1.47707468482373,0.0647412960669678,-29.5111346691332,-0.16458591440608,1.50671265861855,0,267.161443506003,60.6481711487664,6.14707793337173e-10,1,0.985114659552099,0,0.0190529722776362,0.129482592133936,0,0,0
76.38,9485.41287367804,1.50984518876558,9500,9486.45587182124,1.74533302606665,1.50984518876558,0,-9.64149311155099,20.9804215015271,16,0,14805.3005990228,-14860.0042541921,1.50984518876558,1.5418159808907,1.47979533851269,0.0620206423780116,-27.4487756067968,-0.156012076881144,1.50984518876558,0,267.161443506003,60.6481711487664,5.36386522077874e-10,1,0.98509623803588,0,0.0194827666348163,0.124041284756023,0,0,0
76.395,9485.26825128137,1.51299481502542,9500,9486.18556581495,1.76235525594957,1.51299481502542,0,-7.47586882123152,20.9094944585857,16,0,14819.4343967535,-14861.8501419142,1.51299481502542,1.5418159808907,1.4826041478756,0.0592118330151019,-25.3632263983733,-0.147244831895477,1.51299481502542,0,267.161443506003,60.6481711487664,4.57105871995334e-10,1,0.985081218449406,0,0.019866196557776,0.118423666030204,0,0,0
76.41,9485.15611324905,1.51615299154304,9500,9485.94783228714,1.77875307186429,1.51615299154304,0,-5.33370847788038,20.8388934083128,15,0,14833.7374683307,-14863.9989068824,1.51615299154304,1.5418159808907,1.48549495384228,0.0563210270484125,-23.2586652595627,-0.138305043444478,1.51615299154304,0,267.161443506003,60.6481711487664,8.3893832280336e-10,1,0.985069572487839,0,0.0202032472538491,0.112642054096825,0,0,0
76.425,9485.07610762188,1.51931261239678,9500,9485.74264840193,1.79450262434471,1.51931261239678,0,-3.21930025635879,20.7687712093743,15,0,14848.175283548,-14866.4402178924,1.51931261239678,1.5418159808907,1.48846087404753,0.0533551068431635,-21.1396343663223,-0.129213582180245,1.51931261239678,0,267.161443506003,60.6481711487664,6.6115595590638e-10,1,0.985061263598875,0,0.020494018543781,0.106710213686327,0,0,0
76.44,9485.02781811804,1.52246772914071,9500,9485.56990602702,1.80958224706375,1.52246772914071,0,-1.13613294478517,20.6992534246143,15,0,14862.7185223256,-14869.1644224726,1.52246772914071,1.5418159808907,1.49149446984792,0.0503215110427779,-19.010929002351,-0.119991273835544,1.52246772914071,0,267.161443506003,60.6481711487664,4.83996354700607e-10,1,0.985056248550062,0,0.0207387216876154,0.100643022085556,0,0,0
76.455,9485.01077612387,1.52561317454738,9500,9485.42941716931,1.82397238277375,1.52561317454738,0,0.912859189716609,20.6304469202601,14,0,14877.3413079618,-14872.1621705731,1.52561317454738,1.5418159808907,1.4945879595243,0.0472280213664018,-16.8774614148275,-0.110658849076117,1.52561317454738,0,267.161443506003,60.6481711487664,6.84890511243475e-10,1,0.985054478674088,0,0.0209376715647269,0.0944560427328036,0,0,0
76.47,9485.02446901171,1.52874418793459,9500,9485.32092110937,1.83765546202951,1.52874418793459,0,2.92503748075047,20.5624482767586,13,0,14892.01953538,-14875.4242126617,1.52874418793459,1.5418159808907,1.49773342893276,0.0440825519579404,-14.7441297326973,-0.10123689687199,1.52874418793459,0,267.161443506003,60.6481711487664,6.62975731106887e-10,1,0.985055900732619,0,0.0210912765884668,0.0881651039158808,0,0,0
76.485,9485.06834457392,1.53185610524714,9500,9485.24409184261,1.85061576877282,1.53185610524714,0,4.89787269116079,20.4953506870459,11,0,14906.7293397072,-14878.9409252103,1.53185610524714,1.5418159808907,1.50092300750888,0.0408929733818131,-12.6157113578301,-0.0917458224071799,1.53185610524714,0,267.161443506003,60.6481711487664,9.0709996069726e-10,1,0.98506045737679,0,0.0212000282834504,0.0817859467636262,0,0,0
76.5,9485.14181266429,1.53494415114686,9500,9485.19854474109,1.86283932012661,1.53494415114686,0,6.82878184080039,20.4292484715689,14,0,14921.4462780699,-14882.7024188293,1.53494415114686,1.5418159808907,1.5041489909228,0.0376669899678947,-10.4967914304706,-0.0822058096796273,1.53494415114686,0,267.161443506003,60.6481711487664,4.56976500035351e-10,1,0.985068087317669,0,0.0212644920815346,0.0753339799357895,0,0,0
76.515,9485.2442443919,1.53800333654588,9500,9485.18384191424,1.87431377423258,1.53800333654588,0,8.71509123418815,20.3642393386606,14,0,14936.1446924995,-14886.6981114945,1.53800333654588,1.5418159808907,1.50740390894164,0.0344120719490573,-8.3917263048884,-0.0726367882429367,1.53800333654588,0,267.161443506003,60.6481711487664,8.23601911045469e-10,1,0.98507872524254,0,0.0212853000307249,0.0688241438981145,0,0,0
76.53,9485.37497076041,1.54102845466414,9500,9485.19949597135,1.88502837465352,1.54102845466414,0,10.5540174741321,20.3004243827101,15,0,14950.7977801837,-14890.9169070803,1.54102845466414,1.5418159808907,1.51068054238942,0.0311354385012745,-6.30463867249908,-0.0630584032291105,1.54102845466414,0,267.161443506003,60.6481711487664,5.31610672634241e-10,1,0.985092301673587,0,0.0212631458440204,0.0622708770025491,0,0,0
76.545,9485.53328102252,1.54401414299474,9500,9485.24497245637,1.89497392567026,1.54401414299474,0,12.3427085682022,20.2379067253708,15,0,14965.3778778214,-14895.3472470465,1.54401414299474,1.5418159808907,1.51397190603903,0.0278440748516711,-4.23943334345022,-0.0534899875993013,1.54401414299474,0,267.161443506003,60.6481711487664,6.8823559452046e-10,1,0.985108742796997,0,0.0211987818727764,0.0556881497033421,0,0,0
76.56,9485.71842165105,1.54695498556931,9500,9485.31969122515,1.90414279260591,1.54695498556931,0,14.078321477163,20.1767893122037,15,0,14979.8568759004,-14899.9770852434,1.54695498556931,1.5418159808907,1.51727121067311,0.0245447702175847,-2.19982513145433,-0.0439505357565519,1.54695498556931,0,267.161443506003,60.6481711487664,8.39965051412993e-10,1,0.985127970356102,0,0.0210930176205586,0.0490895404351694,0,0,0
76.575,9485.9295964732,1.54984562699518,9500,9485.42302719915,1.9125289169526,1.54984562699518,0,15.758088719406,20.1171724823568,15,0,14994.2067877462,-14904.7940794943,1.54984562699518,1.5418159808907,1.52057181892481,0.0212441619658914,-0.189369766353873,-0.0344586778273006,1.54984562699518,0,267.161443506003,60.6481711487664,9.8637330591684e-10,1,0.985149901665329,0,0.0209467192091883,0.0424883239317828,0,0,0
76.59,9486.165967804,1.55268087391195,9500,9485.55431095864,1.92012783500924,1.55268087391195,0,17.3793825268589,20.0591518567969,16,0,15008.4002278487,-14909.7857062328,1.55268087391195,1.5418159808907,1.52386720728849,0.0179487736022093,1.78850966393658,-0.0250326541831658,1.55268087391195,0,267.161443506003,60.6481711487664,5.06706457601526e-10,1,0.985174449727901,0,0.0207608090768518,0.0358975472044185,0,0,0
76.605,9486.4266585419,1.5554557720674,9500,9485.71282947582,1.92693669251959,1.5554557720674,0,18.9397715164002,20.0028167959378,16,0,15022.4107302809,-14914.9392575596,1.5554557720674,1.5418159808907,1.52715094025305,0.0146650406376445,3.73050418479524,-0.0156902900985825,1.5554557720674,0,267.161443506003,60.6481711487664,5.67038310573549e-10,1,0.985201523453485,0,0.0205362655590995,0.029330081275289,0,0,0
76.62,9486.71075511465,1.55816565355824,9500,9485.89782720116,1.93295424979309,1.55816565355824,0,20.4390449032973,19.9482494971654,16,0,15036.2244430717,-14920.2420491766,1.55816565355824,1.5418159808907,1.53041665925843,0.0113993216322672,5.63340971224216,-0.00644897059698771,1.55816565355824,0,267.161443506003,60.6481711487664,6.24420991481157e-10,1,0.985231027964125,0,0.0202741219629214,0.0227986432645344,0,0,0
76.635,9487.0173407882,1.5608061536805,9500,9486.10850763154,1.93818087377359,1.5608061536805,0,21.7616038532453,19.8939904698095,16,0,15049.2439857786,-14925.7526734537,1.5608061536805,1.5418159808907,1.53365808663896,0.00815789425173863,7.49412697671632,0.00267438428632694,1.5608061536805,0,267.161443506003,60.6481711487664,6.69839870438792e-10,1,0.985262868053499,0,0.0199754650287662,0.0163157885034773,0,0,0
76.65,9487.34376484599,1.56337281905214,9500,9486.3440431045,1.94261832004079,1.56337281905214,0,23.020752437609,19.8416372788893,16,0,15062.0124750239,-14931.371334598,1.56337281905214,1.5418159808907,1.53686923358461,0.00494674730608646,9.30978276978412,0.0116633435492717,1.56337281905214,0,267.161443506003,60.6481711487664,7.16479440400824e-10,1,0.985296768434603,0,0.0196414217231746,0.00989349461217293,0,0,0
76.665,9487.68907613256,1.56588320666576,9500,9486.60313349033,1.9462809627251,1.56588320666576,0,24.2302256501451,19.790848569365,16,0,15074.6143397846,-14937.104519728,1.56588320666576,1.5418159808907,1.54003335966552,0.00178262122518147,11.0711721419668,0.0205019833247003,1.56588320666576,0,267.161443506003,60.6481711487664,7.59539237032642e-10,1,0.985332630326317,0,0.0192737862953514,0.00356524245036294,0,0,0
76.68,9488.05252951731,1.56834488746124,9500,9486.88456910035,1.94918185440029,1.56834488746124,0,25.3951622170871,19.7414430838168,16,0,15087.0798522932,-14942.9533380958,1.56834488746124,1.5418159808907,1.54313912118423,-0.00132314029353364,12.7724599704552,0.0291751871576084,1.56834488746124,0,267.161443506003,60.6481711487664,7.99737892228674e-10,1,0.985370376343996,0,0.0188742233739063,-0.00264628058706728,0,0,0
76.695,9488.43345695057,1.57075616903421,9500,9487.18726064191,1.95133189757718,1.57075616903421,0,26.5150936297164,19.6934443049972,16,0,15099.3987311289,-14948.9101690576,1.57075616903421,1.5418159808907,1.54618018065687,-0.00436419976617719,14.4108772910221,0.0376685876758663,1.57075616903421,0,267.161443506003,60.6481711487664,8.37534185393973e-10,1,0.985409937108136,0,0.0184442258823156,-0.00872839953235438,0,0,0
76.71,9488.83118335501,1.57310865729589,9500,9487.51022799275,1.95274003947028,1.57310865729589,0,27.5855472037448,19.6470218786657,16,0,15111.5311014346,-14954.9605306897,1.57310865729589,1.5418159808907,1.54915388734956,-0.0073379064588599,15.9858775256603,0.0459684893229083,1.57310865729589,0,267.161443506003,60.6481711487664,8.73106306911863e-10,1,0.985451242509388,0,0.0179851311943069,-0.0146758129177198,0,0,0
76.725,9489.24496656307,1.57539020564069,9500,9487.85257008682,1.95341395483739,1.57539020564069,0,28.5998618279268,19.6024254869294,16,0,15123.4202580931,-14961.0855425277,1.57539020564069,1.5418159808907,1.55205976769587,-0.0102437868051743,17.498200810438,0.0540617983603464,1.57539020564069,0,267.161443506003,60.6481711487664,9.06407644476495e-10,1,0.985494215470823,0,0.0174981641222804,-0.0204875736103487,0,0,0
76.74,9489.67396449049,1.57758764189025,9500,9488.2134270386,1.95336094850016,1.57758764189025,0,29.5508484114439,19.5599245476352,16,0,15135.0045559506,-14967.2643943668,1.57758764189025,1.5418159808907,1.55489813649861,-0.0130821556079079,18.9490308372289,0.0619359722153726,1.57758764189025,0,267.161443506003,60.6481711487664,9.37246513386579e-10,1,0.985538768538787,0,0.0169844910150825,-0.0261643112158159,0,0,0
76.755,9490.11722721666,1.57968888267041,9500,9488.59194357598,1.95258885304134,1.57968888267041,0,30.4320629549358,19.5197621083414,16,0,15146.2266975803,-14973.4764087932,1.57968888267041,1.5418159808907,1.55766902658692,-0.0158530456962243,20.3393574986121,0.0695789931721598,1.57968888267041,0,267.161443506003,60.6481711487664,9.65367883106737e-10,1,0.985584803060408,0,0.016445272160396,-0.0317060913924485,0,0,0
76.77,9490.57370816098,1.58168426427688,9500,9488.9872398975,1.95110676539445,1.58168426427688,0,31.2385944779782,19.4821263923927,16,0,15157.0396430909,-14979.7024773701,1.58168426427688,1.5418159808907,1.56037152201977,-0.018555541129077,21.6695899988834,0.076979365644338,1.58168426427688,0,267.161443506003,60.6481711487664,9.90522824074762e-10,1,0.985632210344305,0,0.0158817038071495,-0.037111082258154,0,0,0
76.785,9491.04228707815,1.58356710167977,9500,9489.39839297884,1.94892553994371,1.58356710167977,0,31.9673825386141,19.4471394481879,17,0,15167.4091539024,-14985.9257995478,1.58356710167977,1.5418159808907,1.56300348667494,-0.021187505784239,22.9394096352151,0.0841261323575552,1.58356710167977,0,267.161443506003,60.6481711487664,4.52330014067763e-10,1,0.98568087404874,0,0.0152950454600824,-0.042375011568478,0,0,0
76.8,9491.52179781623,1.58533361345443,9500,9489.82442868335,1.94605802128355,1.58533361345443,0,32.6171416371781,19.414859616328,17,0,15177.3136202564,-14992.132136202,1.58533361345443,1.5418159808907,1.56556161601613,-0.0237456351254313,24.147814468564,0.0910089028145923,1.58533361345443,0,267.161443506003,60.6481711487664,4.60427578443468e-10,1,0.985730673064394,0,0.0146866318773975,-0.0474912702508625,0,0,0
76.815,9492.01105494079,1.58698241550517,9500,9490.26432311125,1.94251904829362,1.58698241550517,0,33.1880465037704,19.3852932875676,17,0,15186.7418692473,-14998.3094011471,1.58698241550517,1.5418159808907,1.56804170716317,-0.0262257262724737,25.2932903497638,0.0976178871594212,1.58698241550517,0,267.161443506003,60.6481711487664,4.67034429326136e-10,1,0.985781484279388,0,0.0140578719142503,-0.0524514525449473,0,0,0
76.83,9492.50887563835,1.58851379998845,9500,9490.71701049902,1.93832529086314,1.58851379998845,0,33.6812743340842,19.3584110701795,17,0,15195.6901234767,-15004.4472159201,1.58851379998845,1.5418159808907,1.57043903610224,-0.0286230552115398,26.374040710105,0.103943929520834,1.58851379998845,0,267.161443506003,60.6481711487664,4.72182509993974e-10,1,0.98583318485404,0,0.0134102380017485,-0.0572461104230797,0,0,0
76.845,9493.01409475336,1.58992898364831,9500,9491.18139474819,1.93349498852806,1.58992898364831,0,34.0985435301646,19.3341644117233,17,0,15204.1587402122,-15010.5362657254,1.58992898364831,1.5418159808907,1.5727487478227,-0.0309327669320061,27.3882190424728,0.109978536621621,1.58992898364831,0,267.161443506003,60.6481711487664,4.75923469605167e-10,1,0.985885653782511,0,0.0127452503489591,-0.0618655338640122,0,0,0
76.86,9493.52557290631,1.5912294633245,9500,9491.65636186328,1.92804765737353,1.5912294633245,0,34.441720654083,19.3124996939919,17,0,15212.1494060518,-15016.5677244477,1.5912294633245,1.5418159808907,1.57496618931312,-0.0331502084224251,28.334123365516,0.115713899278652,1.5912294633245,0,267.161443506003,60.6481711487664,4.78328043278949e-10,1,0.985938772735899,0,0.0120644597274391,-0.0663004168448502,0,0,0
76.875,9494.04219871612,1.59241655508473,9500,9492.14079127022,1.92200381603767,1.59241655508473,0,34.7125423609564,19.2933682067498,17,0,15219.6631162349,-15022.532812198,1.59241655508473,1.5418159808907,1.57708714687168,-0.0352711659809815,29.2103311628442,0.121142906156,1.59241655508473,0,267.161443506003,60.6481711487664,4.79472811493543e-10,1,0.98599242629305,0,0.0113694317444069,-0.0705423319619629,0,0,0
76.89,9494.56288685154,1.59349113983616,9500,9492.63356477742,1.91538476308863,1.59349113983616,0,34.9124645499808,19.2767315697789,17,0,15226.6990460914,-15028.4225231359,1.59349113983616,1.5418159808907,1.57910797663846,-0.0372919957477607,30.0157697110863,0.126259150440983,1.59349113983616,0,267.161443506003,60.6481711487664,4.79435195119988e-10,1,0.98604650173818,0,0.010661734357051,-0.0745839914955213,0,0,0
76.905,9495.08657381979,1.59445359623692,9500,9493.13357270945,1.90821241947925,1.59445359623692,0,35.0426256242215,19.2625630748293,17,0,15233.2542379214,-15034.2275210115,1.59445359623692,1.5418159808907,1.58102563866841,-0.0392096577777172,30.7497291570638,0.131056930901656,1.59445359623692,0,267.161443506003,60.6481711487664,4.78288018557842e-10,1,0.986100888623517,0,0.00994292934458785,-0.0784193155554345,0,0,0
76.92,9495.61221320415,1.59530387562923,9500,9493.63971735971,1.90050923448363,1.59530387562923,0,35.1038952754137,19.2508459678113,17,0,15239.3239109915,-15039.9381721801,1.59530387562923,1.5418159808907,1.58283765807479,-0.0410216771840961,31.4118331660488,0.13553124910672,1.59530387562923,0,267.161443506003,60.6481711487664,4.76097161751959e-10,1,0.9861554782747,0,0.0092145675267683,-0.0820433543681922,0,0,0
76.935,9496.13877163328,1.59604166309897,9500,9494.15091431399,1.8922981431091,1.59604166309897,0,35.0969742162368,19.2415699029456,17,0,15244.902153916,-15045.5446715353,1.59604166309897,1.5418159808907,1.58454204203345,-0.0427260611427485,32.0019846663683,0.139677804493766,1.59604166309897,0,267.161443506003,60.6481711487664,4.72921416208697e-10,1,0.986210163372181,0,0.00847818699023462,-0.0854521222854969,0,0,0
76.95,9496.66522624652,1.59666657075406,9500,9494.6660923865,1.88360255775267,1.59666657075406,0,35.0225119161787,19.23472674133,17,0,15249.9827653243,-15051.0372142639,1.59666657075406,1.5418159808907,1.5861371802787,-0.0443211993880046,32.5203031325401,0.143492988639372,1.59666657075406,0,267.161443506003,60.6481711487664,4.68813954753181e-10,1,0.986264837687987,0,0.00773531324373056,-0.0886423987760092,0,0,0
76.965,9497.19056392527,1.59717831994509,9500,9495.1841929155,1.87444637616532,1.59717831994509,0,34.8812161930823,19.2303066246324,17,0,15254.5600534789,-15056.4061725739,1.59717831994509,1.5418159808907,1.58762175116302,-0.0458057702723269,32.9670662989823,0.14697387959905,1.59717831994509,0,267.161443506003,60.6481711487664,4.63825265626132e-10,1,0.986319396005892,0,0.00698746024214381,-0.0916115405446538,0,0,0
76.98,9497.71378216816,1.59757688403001,9500,9495.70416904232,1.86485399036798,1.59757688403001,0,34.673937760689,19.2282949263029,17,0,15258.6294693417,-15061.6422479228,1.59757688403001,1.5418159808907,1.58899464767505,-0.0471786667843515,33.3426645207904,0.150118236708015,1.59757688403001,0,267.161443506003,60.6481711487664,4.58001686011767e-10,1,0.986373734212316,0,0.00623613142316026,-0.0943573335687029,0,0,0
76.995,9498.23389123457,1.59786257847451,9500,9496.22498540405,1.85485028560301,1.59786257847451,0,34.4017221509505,19.2286703523969,17,0,15262.1880133623,-15066.7365821588,1.59786257847451,1.5418159808907,1.59025493002301,-0.0484389491323141,33.6475713303084,0.152924495848437,1.59786257847451,0,267.161443506003,60.6481711487664,4.51390384761672e-10,1,0.986427749518926,0,0.00548282007683931,-0.0968778982646281,0,0,0
77.01,9498.74991706684,1.59803609805906,9500,9496.74561846135,1.84446062338775,1.59803609805906,0,34.0658293009976,19.2314041850795,17,0,15265.2344128942,-15071.680822921,1.59803609805906,1.5418159808907,1.59140180474802,-0.0495858238573268,33.8823298726766,0.155391764883015,1.59803609805906,0,267.161443506003,60.6481711487664,4.44038478836444e-10,1,0.986481340766124,0,0.00472900877627325,-0.0991716477146536,0,0,0
77.025,9499.26090450635,1.59809851000765,9500,9497.26505749869,1.83371080724735,1.59809851000765,0,33.6677247029253,19.2364604654701,16,0,15267.7691183488,-15076.4671693488,1.59809851000765,1.5418159808907,1.59243462574839,-0.0506186448576929,34.04755225732,0.157519818832338,1.59809851000765,0,267.161443506003,60.6481711487664,9.86343289121218e-10,1,0.986534408757055,0,0.00397616777571552,-0.101237289715386,0,0,0
77.04,9499.7659203769,1.59805121681472,9500,9497.78230619882,1.82262703311484,1.59805121681472,0,33.209061584507,19.2437968396568,16,0,15269.7941082016,-15081.0882776648,1.59805121681472,1.5418159808907,1.59335291009439,-0.0515369292036927,34.1439275212846,0.15930909433141,1.59805121681472,0,267.161443506003,60.6481711487664,9.67337169113182e-10,1,0.986586856577813,0,0.00322575253837543,-0.103073858407385,0,0,0
77.055,9500.26405630066,1.59789590381877,9500,9498.29638460824,1.81123582862005,1.59789590381877,0,32.6916360432195,19.2533656772654,16,0,15271.3127407002,-15085.5373672372,1.59789590381877,1.5418159808907,1.5941563609135,-0.0523403800228039,34.1722335977254,0.160760682973679,1.59789590381877,0,267.161443506003,60.6481711487664,9.46959227260342e-10,1,0.986638589889907,0,0.00247920063645335,-0.104680760045608,0,0,0
77.07,9500.75443084131,1.59763448290209,9500,9498.80633132323,1.79956398530736,1.59763448290209,0,32.1173586769829,19.2651153030283,16,0,15272.3294702741,-15089.808097733,1.59763448290209,1.5418159808907,1.59484489151504,-0.0530289106243473,34.1333498872314,0.161876323260083,1.59763448290209,0,267.161443506003,60.6481711487664,9.25309948733744e-10,1,0.986689517152816,0,0.00173792829294217,-0.106057821248695,0,0,0
77.085,9501.23619122147,1.59726904446425,9500,9499.31120566459,1.78763848949587,1.59726904446425,0,31.4882224046768,19.2789910186195,16,0,15272.8496564288,-15093.8945605135,1.59726904446425,1.5418159808907,1.59541864459988,-0.0536026637091784,34.0282668847029,0.162658390991907,1.59726904446425,0,267.161443506003,60.6481711487664,9.02495679366231e-10,1,0.986739549802364,0,0.00100332688601901,-0.107205327418357,0,0,0
77.1,9501.70851455754,1.59680182107435,9500,9499.81008973397,1.77548645451859,1.59680182107435,0,30.8062795356465,19.2949358690802,16,0,15272.8794103595,-15097.7912552925,1.59680182107435,1.5418159808907,1.59587800484418,-0.0540620239534835,33.8580919287901,0.163109888090615,1.59680182107435,0,267.161443506003,60.6481711487664,8.78618375484923e-10,1,0.986788602378957,0,0.000276759585761566,-0.108124047906967,0,0,0
77.115,9502.17060875057,1.59623516495487,9500,9500.30209025731,1.76313505682533,1.59623516495487,0,30.0736274218746,19.3128911058058,16,0,15272.4255009918,-15101.4930775274,1.59623516495487,1.5418159808907,1.59622360381072,-0.0544076229200199,33.6240505401668,0.163234429904208,1.59623516495487,0,267.161443506003,60.6481711487664,8.53777948472117e-10,1,0.986836592620103,0,-0.0004404417342041,-0.10881524584004,0,0,0
77.13,9502.6217131619,1.59557153799331,9500,9500.78634018132,1.75061147697214,1.59557153799331,0,29.2924017980335,19.3327963761477,16,0,15271.4953152684,-15104.9953164272,1.59557153799331,1.5418159808907,1.5964563179013,-0.0546403370106014,33.3274838233156,0.163036231123816,1.59557153799331,0,267.161443506003,60.6481711487664,8.28067440630538e-10,1,0.986883441530581,0,-0.00114697925107032,-0.109280674021203,0,0,0
77.145,9503.06109918887,1.59481351122778,9500,9501.2620000314,1.73794284547394,1.59481351122778,0,28.46477588048,19.3545897067292,16,0,15270.0968597417,-15108.2936615819,1.59481351122778,1.5418159808907,1.59657726095257,-0.0547612800618753,32.9698429235203,0.162520090460835,1.59481351122778,0,267.161443506003,60.6481711487664,8.01576542913012e-10,1,0.98692907344223,0,-0.00184159162751873,-0.109522560123751,0,0,0
77.16,9503.48807082708,1.59396376990523,9500,9501.7282590668,1.72515619278583,1.59396376990523,0,27.5929628161334,19.3782073652409,16,0,15268.2387866712,-15111.3842150951,1.59396376990523,1.5418159808907,1.59658777349766,-0.0547717926069595,32.5526817209772,0.161691374228451,1.59396376990523,0,267.161443506003,60.6481711487664,7.74388968417725e-10,1,0.986973416072345,0,-0.002523056153235,-0.109543585213919,0,0,0
77.175,9503.90196526932,1.59302512053522,9500,9502.18433628212,1.71227840232074,1.59302512053522,0,26.6792192964077,19.4035836780713,16,0,15265.9304290807,-15114.2635060858,1.59302512053522,1.5418159808907,1.59648941054818,-0.0546734296574862,32.0776488746083,0.160555998959495,1.59302512053522,0,267.161443506003,60.6481711487664,7.46583483849259e-10,1,0.987016400585874,0,-0.00319019067827786,-0.109346859314972,0,0,0
77.19,9504.30215355877,1.59200049694132,9500,9502.62948130452,1.69933616536486,1.59200049694132,0,25.7258485287891,19.4306508684157,16,0,15263.1818316369,-15116.9285046959,1.59200049694132,1.5418159808907,1.59628392944252,-0.0544679485518242,31.5464800875314,0.15912041315427,1.59200049694132,0,267.161443506003,60.6481711487664,7.18234793998363e-10,1,0.987057961663256,0,-0.00384185539842297,-0.108935897103648,0,0,0
77.205,9504.6880412867,1.59089296345366,9500,9503.06297522761,1.68635593692621,1.59089296345366,0,24.7352014644466,19.4593389548283,16,0,15260.0037691084,-15119.3766336248,1.59089296345366,1.5418159808907,1.59597327872171,-0.0541572978310105,30.9609911507344,0.15739157822498,1.59089296345366,0,267.161443506003,60.6481711487664,6.89412671950485e-10,1,0.987098037572882,0,-0.00447695453414876,-0.108314595662021,0,0,0
77.22,9505.05906930867,1.58970571439899,9500,9503.48413141015,1.67336389185405,1.58970571439899,0,23.7096758010959,19.4895757283884,16,0,15256.4077485564,-15121.6057760815,1.58970571439899,1.5418159808907,1.59555958847886,-0.0537436075881614,30.323072005018,0.155376948684613,1.58970571439899,0,267.161443506003,60.6481711487664,6.60182405374839e-10,1,0.987136570245472,0,-0.00509443796260922,-0.107487215176323,0,0,0
77.235,9505.41471444568,1.58844206987582,9500,9503.89229625327,1.66038588090222,1.58844206987582,0,22.6517127830088,19.5212868088221,16,0,15252.4059950302,-15123.6142798028,1.58844206987582,1.5418159808907,1.59504516219885,-0.0532291813081571,29.6346818011168,0.153084451601439,1.58844206987582,0,267.161443506003,60.6481711487664,6.30606849459025e-10,1,0.987173505346898,0,-0.00569330280046065,-0.106458362616314,0,0,0
77.25,9505.75449013743,1.58710546849478,9500,9504.28684995806,1.6474473867102,1.58710546849478,0,21.5637922344727,19.5543957650778,16,0,15248.0114236032,-15125.400957498,1.58710546849478,1.5418159808907,1.59443246975927,-0.0526164888685752,28.8978447618272,0.150522465341232,1.58710546849478,0,267.161443506003,60.6481711487664,6.00744388249757e-10,1,0.987208792346017,0,-0.00627259494804822,-0.10523297773715,0,0,0
77.265,9506.07794702095,1.58569945800387,9500,9504.66720725605,1.63457347990246,1.58569945800387,0,20.4484264000411,19.588824280765,16,0,15243.2376016695,-15126.9650843792,1.58569945800387,1.5418159808907,1.59372414114141,-0.0519081602507163,28.1146465607445,0.14769979761461,1.58569945800387,0,267.161443506003,60.6481711487664,5.70649234706432e-10,1,0.987242384574775,0,-0.0068314105721603,-0.103816320501433,0,0,0
77.28,9506.38467341695,1.58422768481078,9500,9505.03281810037,1.62178877563952,1.58422768481078,0,19.3081532119247,19.624492342917,16,0,15238.098705871,-15128.3063936194,1.58422768481078,1.5418159808907,1.59292296035922,-0.0511069794685262,27.2872309215783,0.144625662857138,1.58422768481078,0,267.161443506003,60.6481711487664,5.40373774822624e-10,1,0.987274239278711,0,-0.00736889752058834,-0.102213958937052,0,0,0
77.295,9506.67429571513,1.58269388327901,9500,9505.38316830385,1.60911739099847,1.58269388327901,0,18.1455295166572,19.6613184354702,16,0,15232.6094774774,-15129.4250705312,1.58269388327901,1.5418159808907,1.59203185918298,-0.0502158782922799,26.4177961869729,0.141309658972873,1.58269388327901,0,267.161443506003,60.6481711487664,5.09966383729907e-10,1,0.987304317656973,0,-0.00788425661930159,-0.10043175658456,0,0,0
77.31,9506.94647865788,1.58110186540858,9500,9505.71778011158,1.59658290353833,1.58110186540858,0,16.9631246254946,19.6992197245915,16,0,15226.7851789004,-15130.3217460731,1.58110186540858,1.5418159808907,1.59105391037885,-0.0492379294881544,25.5085916803469,0.137761743494187,1.58110186540858,0,267.161443506003,60.6481711487664,4.794726012587e-10,1,0.987332584891782,0,-0.00837674287397938,-0.0984758589763088,0,0,0
77.325,9507.20092552726,1.5794555112525,9500,9506.03621269858,1.58420831133729,1.5794555112525,0,15.6957860452288,19.7371555531648,16,0,15220.301301483,-15131.0423966941,1.5794555112525,1.5418159808907,1.58999232031024,-0.0481763394195467,24.5619137683893,0.133992209200897,1.5794555112525,0,267.161443506003,60.6481711487664,4.53381646965144e-10,1,0.987359010167851,0,-0.00884566651120444,-0.0963526788390934,0,0,0
77.34,9507.43636231794,1.57775876018342,9500,9506.33806258704,1.57201599470147,1.57775876018342,0,14.3876410865167,19.7756014290021,15,0,15213.3739594191,-15131.5521962534,1.57775876018342,1.5418159808907,1.58885042087976,-0.0470344399890674,23.5801016070609,0.130011659270855,1.57775876018342,0,267.161443506003,60.6481711487664,9.61513090277404e-10,1,0.987383461174874,0,-0.00929039389616726,-0.0940688799781348,0,0,0
77.355,9507.65217693424,1.57602894829331,9500,9506.62270069105,1.56003436562285,1.57602894829331,0,13.0760392095934,19.8145499390426,15,0,15206.2100085918,-15131.8455687728,1.57602894829331,1.5418159808907,1.58762498819818,-0.0458090073074811,22.5616499774441,0.125830982017579,1.57602894829331,0,267.161443506003,60.6481711487664,8.85443612146872e-10,1,0.987405874344386,0,-0.00970996009729252,-0.0916180146149621,0,0,0
77.37,9507.84831752238,1.57428250652715,9500,9506.88950232793,1.54829219609248,1.57428250652715,0,11.771631209905,19.8536563889378,15,0,15198.8857632716,-15131.9382109012,1.57428250652715,1.5418159808907,1.58631346805937,-0.0444974871686741,21.5054515466212,0.121461499973798,1.57428250652715,0,267.161443506003,60.6481711487664,8.09413378263071e-10,1,0.987426244291175,0,-0.0101034075733466,-0.0889949743373482,0,0,0
77.385,9508.02489199053,1.5725279560863,9500,9507.13799127076,1.53681495673697,1.5725279560863,0,10.4798133608855,19.892743577322,15,0,15191.4413888839,-15131.8395485795,1.5725279560863,1.5418159808907,1.58491747657579,-0.0431014956850948,20.4128331428089,0.116914966565792,1.5725279560863,0,267.161443506003,60.6481711487664,7.34315758448215e-10,1,0.987444582221914,0,-0.0104699989659427,-0.0862029913701896,0,0,0
77.4,9508.18208919094,1.57076743587638,9500,9507.36784267855,1.52562463106883,1.57076743587638,0,9.2017887508529,19.9317694218222,15,0,15183.8876583541,-15131.5534619106,1.57076743587638,1.5418159808907,1.58344198691341,-0.0416260060227176,19.2870605305071,0.112203467031118,1.57076743587638,0,267.161443506003,60.6481711487664,6.60655821557491e-10,1,0.987460907749629,0,-0.0108092220385312,-0.0832520120454352,0,0,0
77.415,9508.32011602221,1.56899894017315,9500,9507.57886484032,1.51474006553581,1.56899894017315,0,7.93797378890098,19.9707795734085,15,0,15176.2269319031,-15131.0798934859,1.56899894017315,1.5418159808907,1.58189415980636,-0.0400781789156648,18.1326403068375,0.107339317113779,1.56899894017315,0,267.161443506003,60.6481711487664,5.8859291759876e-10,1,0.987475242361526,0,-0.0111207632410666,-0.0801563578313296,0,0,0
77.43,9508.43918562904,1.56721864389327,9500,9507.77096934974,1.50417762705707,1.56721864389327,0,6.67999559222303,20.0098584411464,15,0,15168.4098252853,-15130.4170323809,1.56721864389327,1.5418159808907,1.58028213621706,-0.0384661553263612,16.9546056070148,0.102334973655299,1.56721864389327,0,267.161443506003,60.6481711487664,5.18157486938491e-10,1,0.987487608193495,0,-0.0114044640198798,-0.0769323106527224,0,0,0
77.445,9508.53938556292,1.56542249041153,9500,9507.94414595123,1.49395176430191,1.56542249041153,0,5.43083980906416,20.0490942738384,15,0,15160.4501435067,-15129.5616580805,1.56542249041153,1.5418159808907,1.57861420855346,-0.0367982276627581,15.7580286993125,0.0972029648463527,1.56542249041153,0,267.161443506003,60.6481711487664,4.48800706672743e-10,1,0.987498014338091,0,-0.011660283882039,-0.0735964553255162,0,0,0
77.46,9508.62084816006,1.56360883078759,9500,9508.09840973709,1.4840762899477,1.56360883078759,0,4.18742074181503,20.0885250637204,14,0,15152.329979806,-15128.5133699949,1.56360883078759,1.5418159808907,1.57689747449197,-0.0350814936012691,14.5472336663075,0.0919558370994352,1.56360883078759,0,267.161443506003,60.6481711487664,8.71822380078494e-10,1,0.987506474538933,0,-0.0118882224769554,-0.0701629872025382,0,0,0
77.475,9508.68365947119,1.56177761230665,9500,9508.23380618488,1.47456423375236,1.56177761230665,0,2.94962087515066,20.1281545132893,14,0,15144.0494037429,-15127.2728632763,1.56177761230665,1.5418159808907,1.57513823367512,-0.0333222527844239,13.3260361859316,0.0866061369848052,1.56177761230665,0,267.161443506003,60.6481711487664,7.17079808586524e-10,1,0.987512997732717,0,-0.0120883270210774,-0.0666445055688478,0,0,0
77.49,9508.72790378431,1.55993098867242,9500,9508.35039128719,1.46542832434698,1.55993098867242,0,1.71874126316558,20.1679393639235,14,0,15135.6188016743,-15125.8430821015,1.55993098867242,1.5418159808907,1.57334167191249,-0.0315256910217969,12.0975629726182,0.0811663898253204,1.55993098867242,0,267.161443506003,60.6481711487664,5.63579527266138e-10,1,0.987517592673074,0,-0.0122606629020519,-0.0630513820435938,0,0,0
77.505,9508.75368490326,1.55807297308169,9500,9508.44822836973,1.45668106215173,1.55807297308169,0,0.497267743220993,20.2077967786277,13,0,15127.0573011691,-15124.228973663,1.55807297308169,1.5418159808907,1.5715120305549,-0.0296960496642027,10.8643572525398,0.075649091519397,1.55807297308169,0,267.161443506003,60.6481711487664,9.4211581975979e-10,1,0.987520270140426,0,-0.0124053089183696,-0.0593920993284054,0,0,0
77.52,9508.76114391941,1.55620885186921,9500,9508.5273912486,1.44833463369966,1.55620885186921,0,-0.711533544806727,20.2476168122384,13,0,15118.390169675,-15122.4371876092,1.55620885186921,1.5418159808907,1.56965289665451,-0.0278369157638081,9.62855439026567,0.0700667025061307,1.55620885186921,0,267.161443506003,60.6481711487664,5.95138156245671e-10,1,0.98752104478765,0,-0.0125223618872763,-0.0556738315276162,0,0,0
77.535,9508.75047091623,1.55434453406434,9500,9508.58797117515,1.44040072741276,1.55434453406434,0,-1.90403421151675,20.2872762811897,12,0,15109.6457664208,-15120.4754061594,1.55434453406434,1.5418159808907,1.56776752413231,-0.0259515432416089,8.3920745199273,0.0644316396568564,1.55434453406434,0,267.161443506003,60.6481711487664,5.75465393064235e-10,1,0.987519936355638,0,-0.0126119468588877,-0.0519030864832177,0,0,0
77.55,9508.72191040306,1.55248597477246,9500,9508.6300850143,1.43289031284474,1.55248597477246,0,-3.07662451297834,20.3266510639472,11,0,15100.8528991799,-15118.3518678479,1.55248597477246,1.5418159808907,1.56585911573499,-0.0240431348442949,7.15679075714578,0.058756263570357,1.55248597477246,0,267.161443506003,60.6481711487664,4.74036788736931e-10,1,0.987516970237614,0,-0.0126742291640722,-0.0480862696885898,0,0,0
77.565,9508.67576103537,1.55063875099624,9500,9508.65388271161,1.42581343185282,1.55063875099624,0,-4.2259904394683,20.3656251791818,12,0,15092.0388657819,-15116.0749855848,1.55063875099624,1.5418159808907,1.56393102606119,-0.022115045170493,5.92464971335377,0.0530528604465245,1.55063875099624,0,267.161443506003,60.6481711487664,9.77148773870522e-10,1,0.987512177450088,0,-0.0127094253978433,-0.044230090340986,0,0,0
77.58,9508.61237117878,1.54880782022636,9500,9508.6595527527,1.41917903515198,1.54880782022636,0,-5.34926892925128,20.4040959048789,13,0,15083.2283266876,-15113.6531024957,1.54880782022636,1.5418159808907,1.56198687073162,-0.0201708898409183,4.6977357459813,0.047333619017495,1.54880782022636,0,267.161443506003,60.6481711487664,7.57838080556066e-10,1,0.987505594172155,0,-0.0127178114389739,-0.0403417796818366,0,0,0
77.595,9508.53213214484,1.54699744979458,9500,9508.64732505804,1.41299487989755,1.54699744979458,0,-6.4440658398579,20.4419753599625,14,0,15074.4428309443,-15111.0941204204,1.54699744979458,1.5418159808907,1.56003054837374,-0.0182145674830378,3.47828317885211,0.0416106038699568,1.54699744979458,0,267.161443506003,60.6481711487664,4.72721839069225e-10,1,0.987497261043009,0,-0.012699726658012,-0.0364291349660757,0,0,0
77.61,9508.43547115724,1.54521127758539,9500,9508.61747137468,1.40726748866472,1.54521127758539,0,-7.50843887693638,20.4791891606613,14,0,15065.7012231108,-15108.405809949,1.54521127758539,1.5418159808907,1.55806619598027,-0.0162502150895771,2.26864890452578,0.0358957268738514,1.54521127758539,0,267.161443506003,60.6481711487664,6.12035914179847e-10,1,0.987487222431457,0,-0.0126555743953318,-0.0325004301791543,0,0,0
77.625,9508.32284457409,1.54345244810279,9500,9508.57030374332,1.40200215700221,1.54345244810279,0,-8.54078260662062,20.5156735233442,14,0,15057.0201344454,-15105.5956477136,1.54345244810279,1.5418159808907,1.55609810648263,-0.0142821255919294,1.07126266873185,0.030200718395952,1.54345244810279,0,267.161443506003,60.6481711487664,7.48438522429992e-10,1,0.987475525732026,0,-0.0125858196019046,-0.0285642511838589,0,0,0
77.64,9508.19473283499,1.54172378081243,9500,9508.50617160638,1.39720299665297,1.54172378081243,0,-9.53972374117271,20.5513716423816,14,0,15048.4147926611,-15102.6710306268,1.54172378081243,1.5418159808907,1.55413063071738,-0.0123146498266817,-0.111431692900787,0.0245370995750949,1.54172378081243,0,267.161443506003,60.6481711487664,8.81773342754435e-10,1,0.987462220840197,0,-0.0124909844249415,-0.0246292996533635,0,0,0
77.655,9508.05163697887,1.54002792542208,9500,9508.42545835578,1.39287299516502,1.54002792542208,0,-10.5040182942332,20.5862303520294,15,0,15039.8997342692,-15099.6394033262,1.54002792542208,1.5418159808907,1.55216808691694,-0.0103521060262439,-1.27703027811742,0.0189161565838713,1.54002792542208,0,267.161443506003,60.6481711487664,4.41731463171789e-10,1,0.987447359790771,0,-0.0123716429703598,-0.0207042120524878,0,0,0
77.67,9507.89407670446,1.53836748065166,9500,9508.32857787319,1.38901407828926,1.53836748065166,0,-11.4324655111476,20.6201975795294,15,0,15031.4893089209,-15096.5082730277,1.53836748065166,1.5418159808907,1.55021468963382,-0.00839870874312187,-2.42321130631895,0.0133489172472094,1.53836748065166,0,267.161443506003,60.6481711487664,4.97227916936614e-10,1,0.987430996556439,0,-0.0122284160428017,-0.0167974174862437,0,0,0
77.685,9507.72258972179,1.53674506518601,9500,9508.21597146405,1.38562716496662,1.53674506518601,0,-12.3238726326231,20.6532208123744,15,0,15023.1980681982,-15093.2853979498,1.53674506518601,1.5418159808907,1.54827450375702,-0.00645852286631898,-3.54776216446905,0.00784613002794866,1.53674506518601,0,267.161443506003,60.6481711487664,5.5128624401071e-10,1,0.987413186980436,0,-0.0120619664535377,-0.012917045732638,0,0,0
77.7,9507.5377316323,1.5351633401746,9500,9508.08810541827,1.38271220870531,1.5351633401746,0,-13.1770330585015,20.6852466272393,15,0,15015.0408309473,-15089.9787284942,1.5351633401746,1.5418159808907,1.54635142381068,-0.00453544291997909,-4.64859123171435,0.00241824512385667,1.5351633401746,0,267.161443506003,60.6481711487664,6.03881686023441e-10,1,0.987393988764085,0,-0.011872995248448,-0.00907088583995819,0,0,0
77.715,9507.34007613642,1.53362499509884,9500,9507.94546917196,1.38026822552298,1.53362499509884,0,-13.9907373256902,20.7162210051198,15,0,15007.0326270622,-15086.5964134894,1.53362499509884,1.5418159808907,1.54444917241765,-0.00263319152695463,-5.7237282240092,-0.00292460273794492,1.53362499509884,0,267.161443506003,60.6481711487664,6.54969392963123e-10,1,0.987373461488361,0,-0.0116622388312062,-0.00526638305390925,0,0,0
77.73,9507.13021507654,1.53213270847232,9500,9507.78857399939,1.37829330980356,1.53213270847232,0,-14.7637984376926,20.7460901942026,15,0,14999.1885134565,-15083.1467602143,1.53213270847232,1.5418159808907,1.54257131199389,-0.000755331103196921,-6.77131664381542,-0.00817261021198771,1.53213270847232,0,267.161443506003,60.6481711487664,7.04497692845979e-10,1,0.987351666618347,0,-0.01143046684642,-0.00151066220639384,0,0,0
77.745,9506.90875809997,1.53068909762407,9500,9507.61795205504,1.3767846422439,1.53068909762407,0,-15.4950838962572,20.7748018109989,15,0,14991.5233372472,-15079.6381797097,1.53068909762407,1.5418159808907,1.54072126237757,0.00109471851312715,-7.78960273661,-0.0133163202928767,1.53068909762407,0,267.161443506003,60.6481711487664,7.52406482692787e-10,1,0.987328667468241,0,-0.0111784805896471,0.00218943702625429,0,0,0
77.76,9506.67633184153,1.52929666914109,9500,9507.43415557666,1.37573849443253,1.52929666914109,0,-16.1835468847034,20.8023059285402,15,0,14984.0514998521,-15076.0791281286,1.52929666914109,1.5418159808907,1.53890231848639,0.00291366240430579,-8.77692451725201,-0.0183466365582179,1.52929666914109,0,267.161443506003,60.6481711487664,7.986320394394e-10,1,0.987304529116452,0,-0.010907111649759,0.00582732480861159,0,0,0
77.775,9506.43357863825,1.5279577780109,9500,9507.2377560829,1.37515023416094,1.5279577780109,0,-16.8282514341327,20.8285559764555,15,0,14976.7867596813,-15072.4780524112,1.5279577780109,1.5418159808907,1.53711766393029,0.00469831696040401,-9.73170330195406,-0.0232548368006095,1.5279577780109,0,267.161443506003,60.6481711487664,8.43106579507164e-10,1,0.987279318272127,0,-0.0106172205288788,0.00939663392080803,0,0,0
77.79,9506.18115486674,1.52667459954629,9500,9507.02934344591,1.37501433451473,1.52667459954629,0,-17.4283890235985,20.8535093634143,15,0,14969.7420929483,-15068.8433453189,1.52667459954629,1.5418159808907,1.5353703785436,0.00644560234709735,-10.6524389589958,-0.0280325860386049,1.52667459954629,0,267.161443506003,60.6481711487664,8.85761321518135e-10,1,0.987253103102475,0,-0.0103096950799897,0.0128912046941947,0,0,0
77.805,9505.91972903139,1.52544911475601,9500,9506.80952477326,1.37532438849923,1.52544911475601,0,-17.9832863017586,20.8771278066805,15,0,14962.9296163051,-15065.183311765,1.52544911475601,1.5418159808907,1.53366343954574,0.0081525413449568,-11.5377090199441,-0.0326719488246003,1.52544911475601,0,267.161443506003,60.6481711487664,9.26526486014384e-10,1,0.987225953034221,0,-0.00998544866444506,0.0163050826899136,0,0,0
77.82,9505.64997973686,1.52428310726513,9500,9506.57892308431,1.37607312972712,1.52428310726513,0,-18.4924052715803,20.8993774093975,15,0,14956.3605630418,-15061.5061458193,1.52428310726513,1.5418159808907,1.53199971734168,0.00981626354901799,-12.3861710208286,-0.0371654007236006,1.52428310726513,0,267.161443506003,60.6481711487664,9.65336405297901e-10,1,0.987197938543045,0,-0.00964541800231777,0.019632527098036,0,0,0
77.835,9505.37259365779,1.52317816850307,9500,9506.33817580402,1.37725245873083,1.52317816850307,0,-18.955336190919,20.9202285583311,16,0,14950.0452873968,-15057.8198943848,1.52317816850307,1.5418159808907,1.53038196767219,0.0114340132185096,-13.1965670153555,-0.0415058388246436,1.52317816850307,0,267.161443506003,60.6481711487664,4.38816569190076e-10,1,0.987169130942721,0,-0.00929056074373436,0.0228680264370191,0,0,0
77.85,9505.08826361493,1.52213570749834,9500,9506.08793312105,1.37885347385437,1.52213570749834,0,-19.3717973535896,20.9396557119516,16,0,14943.9933436627,-15054.1325347762,1.52213570749834,1.5418159808907,1.52881282200721,0.0130031588834825,-13.9677290931199,-0.045686591159324,1.52213570749834,0,267.161443506003,60.6481711487664,4.541684904407e-10,1,0.987139602185321,0,-0.00892185286977609,0.0260063177669649,0,0,0
77.865,9504.79768665462,1.52115696160571,9500,9505.82885627267,1.38086650523173,1.52115696160571,0,-19.7416149285487,20.9576371821443,16,0,14938.2134650871,-15050.4518386991,1.52115696160571,1.5418159808907,1.52729477805783,0.014521202832869,-14.6985847545251,-0.0497014249507233,1.52115696160571,0,267.161443506003,60.6481711487664,4.68603862242331e-10,1,0.987109424661762,0,-0.00854028595750833,0.0290424056657379,0,0,0
77.88,9504.50156243069,1.52024300739797,9500,9505.56161577653,1.38328115140386,1.52024300739797,0,-20.0647221775561,20.9741548965856,16,0,14932.7136488001,-15046.7854524368,1.52024300739797,1.5418159808907,1.52583019082126,0.0159857900694376,-15.3881618820164,-0.053544553631602,1.52024300739797,0,267.161443506003,60.6481711487664,4.82090406724098e-10,1,0.987078671033758,0,-0.00814686439967605,0.0319715801388751,0,0,0
77.895,9504.20059159803,1.51939476751139,9500,9505.28688970129,1.38608631627375,1.51939476751139,0,-20.3411517674345,20.989194255043,16,0,14927.501170397,-15043.1408674259,1.51939476751139,1.5418159808907,1.52442126627462,0.0173947146160733,-16.0355920379457,-0.0572106426114562,1.51939476751139,0,267.161443506003,60.6481711487664,4.94603248094875e-10,1,0.987047414066986,0,-0.00774260267666183,0.0347894292321467,0,0,0
77.91,9503.89547432152,1.51861301509103,9500,9505.00536196911,1.38927024654941,1.51861301509103,0,-20.5710316272662,21.0027440354264,16,0,14922.5825980888,-15039.5254105536,1.51861301509103,1.5418159808907,1.52307005688255,0.018745924008144,-16.6401125630486,-0.0606948138159541,1.51861301509103,0,267.161443506003,60.6481711487664,5.0611790721397e-10,1,0.987015726476234,0,-0.00732852268384687,0.037491848016288,0,0,0
77.925,9503.58690884711,1.51789837543914,9500,9504.71772071164,1.3928205691013,1.51789837543914,0,-20.7545826683539,21.0147963594676,16,0,14917.9637941018,-15035.9462322934,1.51789837543914,1.5418159808907,1.52177845910463,0.0200375217860629,-17.2010674217147,-0.0639926490236851,1.51789837543914,0,267.161443506003,60.6481711487664,5.16611034642861e-10,1,0.986983680777004,0,-0.00690565116336339,0.0400750435721258,0,0,0
77.94,9503.27559010709,1.5172513258231,9500,9504.4246566818,1.39672432813737,1.5172513258231,0,-20.8921177236964,21.0253466969791,16,0,14913.6499076886,-15032.4102933855,1.5172513258231,1.5418159808907,1.5205482124009,0.0212677684898015,-17.7179070383989,-0.0671001920471987,1.5172513258231,0,267.161443506003,60.6481711487664,5.26059829400081e-10,1,0.986951349140657,0,-0.00647501721379751,0.042535536979603,0,0,0
77.955,9502.96220834123,1.516672194204,9500,9504.12686171563,1.40096802229585,1.516672194204,0,-20.9840411995999,21.0343938919065,16,0,14909.6453632341,-15028.9243506613,1.516672194204,1.5418159808907,1.51938089933734,0.0224350815533547,-18.1901874306824,-0.0700139497934076,1.516672194204,0,267.161443506003,60.6481711487664,5.34442626524848e-10,1,0.986918803251224,0,-0.00603764989609656,0.0448701631067094,0,0,0
77.97,9502.64744772324,1.51616115788639,9500,9503.82502723549,1.40553764184313,1.51616115788639,0,-21.0308487840536,21.041940188156,16,0,14905.9538480955,-15025.4949429258,1.51616115788639,1.5418159808907,1.51827794626952,0.0235380346211733,-18.6175689251971,-0.072730892246651,1.51616115788639,0,267.161443506003,60.6481711487664,5.41740654428621e-10,1,0.986886114162747,0,-0.00559457591483215,0.0470760692423466,0,0,0
77.985,9502.33198499148,1.51571824277592,9500,9503.51984278514,1.4104187061834,1.51571824277592,0,-21.0331267675225,21.0479912400886,16,0,14902.5783033878,-15022.128377588,1.51571824277592,1.5418159808907,1.51724062424393,0.0245753566467719,-18.9998146867989,-0.0752484514083255,1.51571824277592,0,267.161443506003,60.6481711487664,5.47933800885427e-10,1,0.986853352157083,0,-0.00514681736642175,0.0491507132935438,0,0,0
78,9502.01648808996,1.51534332366461,9500,9503.21199458969,1.41559630183744,1.51534332366461,0,-20.9915507098244,21.0525560984715,16,0,14899.5209197052,-15018.830718517,1.51534332366461,1.5418159808907,1.51627004989213,0.0255459309985646,-19.3367892073969,-0.0775645192232153,1.51534332366461,0,267.161443506003,60.6481711487664,5.53006608943379e-10,1,0.986820586602759,0,-0.00469538952677406,0.0510918619971292,0,0,0
78.015,9501.70161482932,1.51503612578972,9500,9502.90216413646,1.42105512096777,1.51503612578972,0,-20.9068833029972,21.0556471665402,16,0,14896.7831389668,-15015.6077754619,1.51503612578972,1.5418159808907,1.51536718618605,0.0264487947046439,-19.6284568192352,-0.0796774445102636,1.51503612578972,0,267.161443506003,60.6481711487664,5.56943165988962e-10,1,0.986787885815914,0,-0.00424129870336332,0.0528975894092878,0,0,0
78.03,9501.38801157977,1.5147962275468,9500,9502.59102677665,1.42677950044154,1.5147962275468,0,-20.7799715161279,21.0572801288815,16,0,14894.3656618817,-15012.4650950237,1.5147962275468,1.5418159808907,1.51453284309926,0.02728313779144,-19.8748802311356,-0.0815860289267771,1.5147962275468,0,267.161443506003,60.6481711487664,5.59732224568382e-10,1,0.986755316924556,0,-0.00378554013651167,0.05456627558288,0,0,0
78.045,9501.07631200703,1.51462306428792,9500,9502.27925035069,1.43275346134082,1.51462306428792,0,-20.6117430768744,21.0574738547794,16,0,14892.2684607435,-15009.4079532013,1.51462306428792,1.5418159808907,1.51376767819798,0.0280483026927152,-20.0762190394092,-0.0832895219882073,1.51462306428792,0,267.161443506003,60.6481711487664,5.61363406466729e-10,1,0.986722945737282,0,-0.00332909593329322,0.0560966053854304,0,0,0
78.06,9500.76713586088,1.51451593283452,9500,9501.9674938422,1.43896074877654,1.51451593283452,0,-20.403202536281,21.056250284307,16,0,14890.49079586,-15006.4413492231,1.51451593283452,1.5418159808907,1.51307219733969,0.0287437835510054,-20.2327281456755,-0.0847876151581893,1.51451593283452,0,267.161443506003,60.6481711487664,5.61829546784308e-10,1,0.986690836617466,0,-0.00287293309217329,0.0574875671020108,0,0,0
78.075,9500.46108782283,1.5144739965121,9500,9501.65640606686,1.44538487182588,1.5144739965121,0,-20.1554270466405,21.0536343015501,16,0,14889.031234734,-15003.5700005171,1.5144739965121,1.5418159808907,1.51244675555516,0.0293692253355355,-20.3447560101762,-0.0860804350496673,1.5144739965121,0,267.161443506003,60.6481711487664,5.61126114207524e-10,1,0.986659052363586,0,-0.00241800158220684,0.0587384506710711,0,0,0
78.09,9500.15875641713,1.51449629043906,9500,9501.34662440245,1.45200914340817,1.51449629043906,0,-19.8695620279199,21.0496536010013,16,0,14887.8876727551,-15000.7983385815,1.51449629043906,1.5418159808907,1.51189155823568,0.0299244226550124,-20.4127426846699,-0.0871685357616604,1.51449629043906,0,267.161443506003,60.6481711487664,5.59251362241096e-10,1,0.986627654096124,0,-0.00196523249911817,0.0598488453100248,0,0,0
78.105,9499.86071298671,1.5145817268916,9500,9501.0387735657,1.45881671992205,1.5145817268916,0,-19.5468168402676,21.0443385511867,16,0,14887.0573545621,-14998.1305055807,1.5145817268916,1.5418159808907,1.51140666269711,0.0304093181935849,-20.437217588687,-0.0880528903862635,1.5145817268916,0,267.161443506003,60.6481711487664,5.56206919374897e-10,1,0.98659670115122,0,-0.00151553631940438,0.0608186363871699,0,0,0
78.12,9499.56751073411,1.51472910070255,9500,9500.7334644409,1.46579064049006,1.51472910070255,0,-19.1884604877202,21.0377220566079,16,0,14886.5368958789,-14995.5703516155,1.51472910070255,1.5418159808907,1.51099198011977,0.0308240007709233,-20.4187970170285,-0.0887348817299955,1.51472910070255,0,267.161443506003,60.6481711487664,5.5199779420546e-10,1,0.986566250981061,0,-0.00106980123934841,0.0616480015418466,0,0,0
78.135,9499.2796838268,1.51493709454674,9500,9500.43129296336,1.47291386568406,1.51493709454674,0,-18.7958174494263,21.0298394213813,16,0,14886.3223051161,-14993.1214325068,1.51493709454674,1.5418159808907,1.51064727791882,0.0311687029718732,-20.3581813868581,-0.0892162922877023,1.51493709454674,0,267.161443506003,60.6481711487664,5.46631063226465e-10,1,0.986536359060975,0,-0.00062889161953561,0.0623374059437465,0,0,0
78.15,9498.99774656505,1.51520428421856,9500,9500.13283906051,1.48016931562824,1.51520428421856,0,-18.3702635669601,21.0207282124118,16,0,14886.4090052246,-14990.7870081724,1.51520428421856,1.5418159808907,1.51037218246852,0.0314437984221756,-20.2561522460728,-0.0894992935164933,1.51520428421856,0,267.161443506003,60.6481711487664,5.40118509315756e-10,1,0.986507078803004,0,-0.000193646527192559,0.0628875968443512,0,0,0
78.165,9498.72219261155,1.51552914389119,9500,9499.83866565165,1.48753990740363,1.51552914389119,0,-17.9132219949855,21.0104281224867,16,0,14886.7918557343,-14988.5700415724,1.51552914389119,1.5418159808907,1.51016618216359,0.0316497987271116,-20.11356907655,-0.0895864344537299,1.51552914389119,0,267.161443506003,60.6481711487664,5.324742848282e-10,1,0.986478461475895,0,0.00023512162264927,0.0632995974542232,0,0,0
78.18,9498.45349428162,1.51591005140191,9500,9499.5493177074,1.49500859169072,1.51591005140191,0,-17.4261591850107,20.998980832483,16,0,14887.4651751788,-14986.4731982513,1.51591005140191,1.5418159808907,1.51002863077332,0.0317873501173753,-19.9313659264589,-0.0894806297235378,1.51591005140191,0,267.161443506003,60.6481711487664,5.23715500729919e-10,1,0.986450556131394,0,0.000656628322153185,0.0635747002347506,0,0,0
78.195,9498.19210189385,1.51634529360479,9500,9499.26532136882,1.50255838859758,1.51634529360479,0,-16.9105808756773,20.9864298719487,16,0,14888.4227640872,-14984.4988465074,1.51634529360479,1.5418159808907,1.50995875104437,0.0318572298463311,-19.710547904861,-0.0891851469785688,1.51634529360479,0,267.161443506003,60.6481711487664,5.13864279983602e-10,1,0.986423409536799,0,0.00107011812518687,0.0637144596926622,0,0,0
78.21,9497.93844318072,1.51683307184803,9500,9498.98718312664,1.51017242262628,1.51683307184803,0,-16.3680280523169,20.9728204769828,16,0,14889.6579288051,-14982.649058238,1.51683307184803,1.5418159808907,1.50995563850091,0.0318603423897852,-19.4521875676387,-0.0887035938222347,1.51683307184803,0,267.161443506003,60.6481711487664,5.02944979706842e-10,1,0.986397066113758,0,0.00147486570261091,0.0637206847795704,0,0,0
78.225,9497.69292275993,1.51737150751646,9500,9498.7153890604,1.51783395673104,1.51737150751646,0,-15.8000729147977,20.9581994468962,16,0,14891.1635058608,-14980.9256103996,1.51737150751646,1.5418159808907,1.51001826544979,0.0317977154409104,-19.1574212179315,-0.0880399042560598,1.51737150751646,0,267.161443506003,60.6481711487664,4.90984925840482e-10,1,0.986371567883359,0,0.00187017680131429,0.0635954308818207,0,0,0
78.24,9497.45592166621,1.51795864772377,9500,9498.4504041378,1.52552642541951,1.51795864772377,0,-15.2083147995322,20.9426149979778,16,0,14892.9318872635,-14979.3299871595,1.51795864772377,1.5418159808907,1.51014548512642,0.0316704957642728,-18.8274451379001,-0.0871983246954684,1.51795864772377,0,267.161443506003,60.6481711487664,4.78016026690622e-10,1,0.98634695441751,0,0.0022553891145467,0.0633409915285457,0,0,0
78.255,9497.22779694422,1.51859247104894,9500,9498.19267157426,1.53323346684961,1.51859247104894,0,-14.5943761235682,20.9261166168572,16,0,14894.9550462402,-14977.8633826315,1.51859247104894,1.5418159808907,1.51033603601462,0.0314799448760805,-18.4635117655042,-0.0861833995939224,1.51859247104894,0,267.161443506003,60.6481711487664,4.64073164560006e-10,1,0.986323262796657,0,0.00262987303832696,0.062959889752161,0,0,0
78.27,9497.00888130236,1.51927089334948,9500,9497.94261225295,1.54093895387088,1.51927089334948,0,-13.9598983306613,20.9087549129109,16,0,14897.2245635524,-14976.526704223,1.51927089334948,1.5418159808907,1.51058854629797,0.0312274345927315,-18.0669258251588,-0.0849999567266753,1.51927089334948,0,267.161443506003,60.6481711487664,4.49193025432051e-10,1,0.986300527573835,0,0.00299303235842041,0.0624548691854629,0,0,0
78.285,9496.7994828274,1.51999177357879,9500,9497.70062420547,1.54862702396247,1.51999177357879,0,-13.3065397987136,20.8905814697401,15,0,14899.7316644096,-14975.3205977355,1.51999177357879,1.5418159808907,1.51090153846396,0.0309144424267396,-17.639040420943,-0.0836530921653861,1.51999177357879,0,267.161443506003,60.6481711487664,9.78618745820351e-10,1,0.986278780745028,0,0.00334430483254611,0.0618288848534791,0,0,0
78.3,9496.59988473042,1.52075291960487,9500,9497.46708215308,1.55628210802074,1.52075291960487,0,-12.6359641318314,20.8716487060095,15,0,14902.4672032906,-14974.2453657709,1.52075291960487,1.5418159808907,1.51127343403824,0.0305425468524569,-17.1812530997301,-0.0821481549907403,1.52075291960487,0,267.161443506003,60.6481711487664,9.40820511818137e-10,1,0.986258051722783,0,0.00368316268422886,0.0610850937049139,0,0,0
78.315,9496.41034526845,1.52155209435847,9500,9497.24233710103,1.563888958144,1.52155209435847,0,-11.9498478181277,20.8520097141128,15,0,14905.421756144,-14973.3011035407,1.52155209435847,1.5418159808907,1.51170255826539,0.0301134226253057,-16.6950020029921,-0.0804907317828373,1.52155209435847,0,267.161443506003,60.6481711487664,9.0122052358917e-10,1,0.986238367328078,0,0.00400911302594853,0.0602268452506114,0,0,0
78.33,9496.23109755118,1.52238702062922,9500,9497.02671601772,1.57143267356716,1.52238702062922,0,-11.2498690896026,20.8317181452203,15,0,14908.5855998358,-14972.4876151498,1.52238702062922,1.5418159808907,1.51218714556085,0.0296288353298435,-16.1817616187535,-0.0786866309211605,1.52238702062922,0,267.161443506003,60.6481711487664,8.59945565930376e-10,1,0.98621975177024,0,0.0043216981517129,0.059257670659687,0,0,0
78.345,9496.06234951483,1.52325538729746,9500,9496.82052154688,1.57889872599756,1.52325538729746,0,-10.537705853786,20.8108280567919,15,0,14911.9487522751,-14971.8044421062,1.52325538729746,1.5418159808907,1.51272534431087,0.0290906365798267,-15.6430389857378,-0.0767418667528897,1.52325538729746,0,267.161443506003,60.6481711487664,8.17114032117859e-10,1,0.98620222664424,0,0.00462049579339507,0.0581812731596534,0,0,0
78.36,9495.90428392703,1.52415485489214,9500,9496.62403178763,1.58627298344472,1.52415485489214,0,-9.8150321017744,20.7893937777803,15,0,14915.5009987351,-14971.2508693803,1.52415485489214,1.5418159808907,1.51331522206704,0.0285007588236523,-15.0803697371852,-0.0746626436458619,1.52415485489214,0,267.161443506003,60.6481711487664,7.72845442252121e-10,1,0.986185810931188,0,0.0049051192777303,0.0570015176473047,0,0,0
78.375,9495.7570584455,1.52508306106581,9500,9496.4375001327,1.59354173273522,1.52508306106581,0,-9.08351441659108,20.7674697771937,15,0,14919.231917954,-14970.8259318223,1.52508306106581,1.5418159808907,1.5139547708177,0.0278612100729967,-14.4953141604151,-0.0724553399708833,1.52508306106581,0,267.161443506003,60.6481711487664,7.27265128627233e-10,1,0.986170521004442,0,0.0051752176140043,0.0557224201459934,0,0,0
78.39,9495.62080572925,1.52603762595307,9500,9496.26115516394,1.60069170069821,1.52603762595307,0,-8.3448086009942,20.7451105368166,15,0,14923.1309078612,-14970.5284208918,1.52603762595307,1.5418159808907,1.51464191233722,0.0271740685534776,-13.8894532856058,-0.0701264920445813,1.52603762595307,0,267.161443506003,60.6481711487664,6.80502619302113e-10,1,0.986156370641143,0,0.00543047548888964,0.0543481371069552,0,0,0
78.405,9495.49563360023,1.52701615741636,9500,9496.09520060357,1.60771007400957,1.52701615741636,0,-7.60055642209363,20.7223704280484,15,0,14927.1872109306,-14970.3568916827,1.52701615741636,1.5418159808907,1.51537450359058,0.0264414773001223,-13.264385015218,-0.067682778074581,1.52701615741636,0,267.161443506003,60.6481711487664,6.32690313473126e-10,1,0.986143371039013,0,0.0056706132049571,0.0528829546002445,0,0,0
78.42,9495.3816252539,1.52801625617651,9500,9495.93981532007,1.6145845176882,1.52801625617651,0,-6.85238247207456,20.6993035929529,15,0,14931.3899391498,-14970.3096702269,1.52801625617651,1.5418159808907,1.51615034218162,0.0256656387090792,-12.6217203056742,-0.0651310021323503,1.52801625617651,0,267.161443506003,60.6481711487664,5.83962595550741e-10,1,0.986131530838215,0,0.00589538654372146,0.0513312774181585,0,0,0
78.435,9495.27883951682,1.52903552083998,9500,9495.79515338705,1.6213031922408,1.52903552083998,0,-6.10189113615234,20.6759638292851,15,0,14935.7280986514,-14970.3848610738,1.52903552083998,1.5418159808907,1.51696717182222,0.0248488090684806,-11.9630794113804,-0.0624780781876756,1.52903552083998,0,267.161443506003,60.6481711487664,5.34455974703288e-10,1,0.986120856148113,0,0.00610458656332202,0.0496976181369613,0,0,0
78.45,9495.18731114978,1.53007155282122,9500,9495.66134419366,1.62785476945451,1.53007155282122,0,-5.35066366794666,20.652404479542,15,0,14940.1906139932,-14970.5803551265,1.53007155282122,1.5418159808907,1.51782268780834,0.0239932930823523,-11.2900881999412,-0.0597310142341807,1.53007155282122,0,267.161443506003,60.6481711487664,4.84309224034094e-10,1,0.986111350578745,0,0.00629803932203266,0.0479865861647046,0,0,0
78.465,9495.10705119476,1.53112196111508,9500,9495.53849260492,1.63422844683865,1.53112196111508,0,-4.60025349040767,20.628678326926,14,0,14944.7663415131,-14970.893816478,1.53112196111508,1.5418159808907,1.51871454250887,0.0231014383818253,-10.6043745461285,-0.056896896539266,1.53112196111508,0,267.161443506003,60.6481711487664,9.76680677904004e-10,1,0.986103015276866,0,0.00647560556304283,0.0462028767636506,0,0,0
78.48,9495.03804739241,1.53218436699191,9500,9495.42667917046,1.64041396071796,1.53218436699191,0,-3.85219137851488,20.6048374853123,14,0,14949.4441355912,-14971.322778273,1.53218436699191,1.5418159808907,1.51964035082214,0.0221756300685563,-9.90756481017283,-0.0539828740358968,1.53218436699191,0,267.161443506003,60.6481711487664,8.6165986414824e-10,1,0.986095848969293,0,0.00663718031553939,0.0443512601371125,0,0,0
78.495,9494.98026452173,1.53325640815703,9500,9495.32596038728,1.64640159779521,1.53325640815703,0,-3.10797092867629,20.580933321079,14,0,14954.2128035764,-14971.8645152708,1.53325640815703,1.5418159808907,1.52059769581058,0.0212182850801172,-9.20128029712297,-0.050996142893904,1.53325640815703,0,267.161443506003,60.6481711487664,7.46218810031917e-10,1,0.986089847998193,0,0.00678269245018059,0.0424365701602345,0,0,0
78.51,9494.9336449578,1.53433574412324,9500,9495.23636898253,1.65218220601092,1.53433574412324,0,-2.36905387516233,20.5570163321069,14,0,14959.0611781354,-14972.5161465474,1.53433574412324,1.5418159808907,1.52158413362877,0.0202318472619316,-8.48713420569609,-0.0479439312913228,1.53433574412324,0,267.161443506003,60.6481711487664,6.3062327407538e-10,1,0.986085006378997,0,0.00691210420351251,0.0404636945238632,0,0,0
78.525,9494.89810914967,1.53542005984808,9500,9495.15791426747,1.65774720338138,1.53542005984808,0,-1.63686601406106,20.5331360750646,14,0,14963.9781244771,-14973.2746197226,1.53542005984808,1.5418159808907,1.52259719921214,0.0192187816785601,-7.7667282011056,-0.0448334843997421,1.53542005984808,0,267.161443506003,60.6481711487664,5.1517674459187e-10,1,0.986081315850038,0,0.00702541062474937,0.0384375633571201,0,0,0
78.54,9494.87355615946,1.53650706984648,9500,9495.09058252363,1.66308858575555,1.53650706984648,0,-0.912796766858034,20.5093410804034,13,0,14968.9525711583,-14974.1367394327,1.53650706984648,1.5418159808907,1.5236344116035,0.0181815692871925,-7.04164927240004,-0.0416720496186049,1.53650706984648,0,267.161443506003,60.6481711487664,9.00832395639116e-10,1,0.986078765928531,0,0.00712263896968679,0.036363138574385,0,0,0
78.555,9494.85986420796,1.53759452215529,9500,9495.03433742852,1.6681989332758,1.53759452215529,0,-0.198189541736822,20.485678781075,13,0,14973.9734896326,-14975.0990922752,1.53759452215529,1.5418159808907,1.52469327921728,0.0171227016734206,-6.3134667003284,-0.0384668620822459,1.53759452215529,0,267.161443506003,60.6481711487664,6.43672208167538e-10,1,0.986077343967242,0,0.00720384807871577,0.0342454033468411,0,0,0
78.57,9494.85689136483,1.53868020250059,9500,9494.9891205125,1.6730714157304,1.53868020250059,0,0.505650002541635,20.4621954221623,12,0,14979.0299726239,-14976.1581722457,1.53868020250059,1.5418159808907,1.52577130486234,0.0160446760283603,-5.58372923789265,-0.0352251304468238,1.53868020250059,0,267.161443506003,60.6481711487664,8.75194723394854e-10,1,0.986077035226166,0,0.00726912768217147,0.0320893520567207,0,0,0
78.585,9494.86447611487,1.53976193703767,9500,9494.95485167602,1.67769979602761,1.53976193703767,0,1.19745449881215,20.4389360100551,11,0,14984.1112530788,-14977.3103967309,1.53976193703767,1.5418159808907,1.52686599132229,0.014949989568408,-4.85396202258345,-0.0319540229898466,1.53976193703767,0,267.161443506003,60.6481711487664,6.92413138368003e-10,1,0.986077822931332,0,0.00731859767355592,0.029899979136816,0,0,0
78.6,9494.88243793235,1.54083759621375,9500,9494.93142971965,1.68207843295971,1.54083759621375,0,1.87601605832714,20.4159442553775,11,0,14989.2066198628,-14978.5519019862,1.54083759621375,1.5418159808907,1.5279748462108,0.0138411346799003,-4.12566398466415,-0.0286606540367465,1.54083759621375,0,267.161443506003,60.6481711487664,5.65539104685552e-10,1,0.986079688334459,0,0.00735240734052311,0.0276822693598007,0,0,0
78.615,9494.91057817323,1.54190509941094,9500,9494.91873288557,1.68620228327714,1.54190509941094,0,2.54015927989923,20.3932624633359,12,0,14994.3056018691,-14979.8788806366,1.54190509941094,1.5418159808907,1.52909538626382,0.0127205946268782,-3.40030565894474,-0.0253520707335111,1.54190509941094,0,267.161443506003,60.6481711487664,8.00931019958157e-10,1,0.986082610805604,0,0.00737073460618443,0.0254411892537565,0,0,0
78.63,9494.94868056242,1.5429624162334,9500,9494.91661948993,1.69006690104912,1.5429624162334,0,3.18877170720671,20.3709315484213,13,0,14999.3978123722,-14981.2872531381,1.5429624162334,1.5418159808907,1.53022514313898,0.0115908377517135,-2.67932614057321,-0.0220352401607281,1.5429624162334,0,267.161443506003,60.6481711487664,5.95345972607925e-10,1,0.986086567883778,0,0.00737378514471421,0.0231816755034271,0,0,0
78.645,9494.99651213803,1.54400757127183,9500,9494.92492851763,1.69366843750404,1.54400757127183,0,3.82077877762624,20.3489909139019,13,0,15004.4731232016,-14982.7729843052,1.54400757127183,1.5418159808907,1.53136166727733,0.0104543136133706,-1.96413126833238,-0.0187170368456067,1.54400757127183,0,267.161443506003,60.6481711487664,8.29763405780918e-10,1,0.986091535375001,0,0.00736179156850536,0.0209086272267411,0,0,0
78.66,9495.0538238197,1.54503864525254,9500,9494.94348030765,1.69700363812505,1.54503864525254,0,4.43516151418296,20.3274784629869,14,0,15009.5215774206,-14984.3318955749,1.54503864525254,1.5418159808907,1.53250253338989,0.00931344750081142,-1.25609087481635,-0.0154042306397793,1.54503864525254,0,267.161443506003,60.6481711487664,4.70143783839274e-10,1,0.986097487411328,0,0.00733501247487611,0.0186268950016228,0,0,0
78.675,9495.12035124241,1.54605377908464,9500,9494.97207720809,1.70006984000038,1.54605377908464,0,5.03095781393707,20.3064305281432,14,0,15014.5334145853,-14985.9596830013,1.54605377908464,1.5418159808907,1.53364534428068,0.00817063661001272,-0.556537091323396,-0.012103475026085,1.54605377908464,0,267.161443506003,60.6481711487664,5.68874331755688e-10,1,0.986104396537448,0,0.00729373156506341,0.0163412732200254,0,0,0
78.69,9495.19581560962,1.54705117634597,9500,9495.01050427751,1.70286496750668,1.54705117634597,0,5.60725377881215,20.2858818245986,14,0,15019.4991374307,-14987.6520332198,1.54705117634597,1.5418159808907,1.53478773525216,0.00702824563853977,0.133237655071226,-0.00882129582180647,1.54705117634597,0,267.161443506003,60.6481711487664,6.64664936346569e-10,1,0.986112233799276,0,0.00723825669406497,0.0140564912770795,0,0,0
78.705,9495.2799244163,1.54802910475272,9500,9495.05853002562,1.70538752646706,1.54802910475272,0,6.1631909849217,20.265865443222,14,0,15024.4094836015,-14989.4045539221,1.54802910475272,1.5418159808907,1.53592737880495,0.00588860208574782,0.811982781678767,-0.00556408030947724,1.54802910475272,0,267.161443506003,60.6481711487664,7.57295241871467e-10,1,0.986120968819054,0,0.00716891886140281,0.0117772041714956,0,0,0
78.72,9495.37237228108,1.54898589882124,9500,9495.11590714939,1.70763659786988,1.54898589882124,0,6.69796585459478,20.2464128099403,14,0,15029.255450033,-14991.2128018213,1.54898589882124,1.5418159808907,1.5370619885145,0.00475399237619456,1.47849114946894,-0.00233806682184597,1.54898589882124,0,267.161443506003,60.6481711487664,8.4659136333915e-10,1,0.986130569881761,0,0.00708607123446381,0.00950798475238912,0,0,0
78.735,9495.47284176889,1.54991996195885,9500,9495.18237329408,1.70961183040355,1.54991996195885,0,7.21083028900668,20.2275536594554,14,0,15034.0283058082,-14993.0722919237,1.54991996195885,1.5418159808907,1.53818932297345,0.00362665791724304,2.13160067548196,0.000850665233662739,1.54991996195885,0,267.161443506003,60.6481711487664,9.32392601701019e-10,1,0.98614100402056,0,0.00699008811678037,0.00725331583448607,0,0,0
78.75,9495.58100422323,1.55082976834878,9500,9495.25765183019,1.71131343201454,1.55082976834878,0,7.70109414069018,20.2093160159354,15,0,15038.7195932968,-14994.9784846193,1.55082976834878,1.5418159808907,1.53930718960476,0.00250879128593273,2.7701958244392,0.0039962048862139,1.55082976834878,0,267.161443506003,60.6481711487664,4.50434857723337e-10,1,0.986152237103218,0,0.00688136391856897,0.00501758257186546,0,0,0
78.765,9495.69652063534,1.55171386471796,9500,9495.34145264475,1.71274216051947,1.55171386471796,0,8.16811781559293,20.191726165983,15,0,15043.3211821185,-14996.9268816492,1.55171386471796,1.5418159808907,1.54041344830185,0.00140253258884471,3.39320898127365,0.00709281864956994,1.55171386471796,0,267.161443506003,60.6481711487664,4.85190331285297e-10,1,0.986164233922389,0,0.00676031209302885,0.00280506517768941,0,0,0
78.78,9495.81904240257,1.55257087150767,9500,9495.43347295286,1.71389931311046,1.55257087150767,0,8.61132379314304,20.1748086644912,15,0,15047.8252151776,-14998.9129066843,1.55257087150767,1.5418159808907,1.54150601512793,0.000309965762770981,3.9996218181253,0.0101349590914329,1.55257087150767,0,267.161443506003,60.6481711487664,5.18189342154101e-10,1,0.986176958274358,0,0.00662736405006092,0.000619931525541961,0,0,0
78.795,9495.94821225947,1.55339948521353,9500,9495.53339809537,1.71478671560203,1.55339948521353,0,9.03018986048783,20.1585862965655,15,0,15052.2241638232,-15000.9319988772,1.55339948521353,1.5418159808907,1.54258286518626,-0.000766884295563708,4.58846615560597,0.0131172729139603,1.55339948521353,0,267.161443506003,60.6481711487664,5.49402112274435e-10,1,0.986190373055748,0,0.0064829680990286,-0.00153376859112742,0,0,0
78.81,9496.08366510738,1.55419847909368,9500,9495.64090237118,1.71540671020184,1.55419847909368,0,9.42425065984103,20.1430800834358,15,0,15056.5108244214,-15002.9796006025,1.55419847909368,1.5418159808907,1.54364203606847,-0.00182605517777046,5.15882514336878,0.0160346085585232,1.55419847909368,0,267.161443506003,60.6481711487664,5.78788805338436e-10,1,0.986204440349675,0,0.00632758832914049,-0.00365211035554092,0,0,0
78.825,9496.22502886728,1.55496670422237,9500,9495.7556498688,1.71576214267484,1.55496670422237,0,9.79309761369769,20.1283092790868,15,0,15060.6783265813,-15005.0511660541,1.55496670422237,1.5418159808907,1.54468163087818,-0.00286564998748107,5.70983416926291,0.0188820233066364,1.55496670422237,0,267.161443506003,60.6481711487664,6.06317705215716e-10,1,0.986219121514314,0,0.00616170349831258,-0.00573129997496213,0,0,0
78.84,9496.37192533148,1.55570309041575,9500,9495.87729530349,1.71585634874377,1.55570309041575,0,10.1363787668632,20.114291369417,15,0,15064.7201407993,-15007.142169727,1.55570309041575,1.5418159808907,1.54569982106861,-0.00388384017791088,6.24068164871433,0.0216547898808771,1.55570309041575,0,267.161443506003,60.6481711487664,6.31962280991238e-10,1,0.986234377271359,0,0.00598580591080067,-0.00776768035582176,0,0,0
78.855,9496.52397101299,1.55640664700795,9500,9496.00548485812,1.71569313976601,1.55640664700795,0,10.4537985315088,20.1010420743204,15,0,15068.6300854133,-15009.2481147511,1.55640664700795,1.5418159808907,1.54669484910244,-0.00487886821174155,6.75060969507525,0.0243484025407374,1.55640664700795,0,267.161443506003,60.6481711487664,6.5570279619583e-10,1,0.986250167794223,0,0.00580040028385009,-0.0097577364234831,0,0,0
78.87,9496.68077799096,1.55707646346318,9500,9496.13985702623,1.7152767877238,1.55707646346318,0,10.7451173276597,20.0885753529221,15,0,15072.4023327948,-15011.3645410521,1.55707646346318,1.5418159808907,1.54766503093869,-0.00584905004799463,7.23891467425707,0.0269585826684699,1.55707646346318,0,267.161443506003,60.6481711487664,6.77524692638516e-10,1,0.986266452795852,0,0.00560600261535527,-0.0116981000959893,0,0,0
78.885,9496.84195475087,1.55771170986437,9500,9496.28004345575,1.71461200956633,1.55771170986437,0,11.0101511461682,20.0769034110278,15,0,15076.0314149605,-15013.4870333644,1.55771170986437,1.5418159808907,1.54860875832655,-0.00679277743585449,7.70494764585278,0.0294812838453798,1.55771170986437,0,267.161443506003,60.6481711487664,6.97420345191799e-10,1,0.986283191615971,0,0.00540313903626011,-0.013585554871709,0,0,0
78.9,9497.00710701807,1.55831163724503,9500,9496.42566979178,1.71370395094265,1.55831163724503,0,11.2487710145125,20.0660367114399,15,0,15079.5122284457,-15015.6112290562,1.55831163724503,1.5418159808907,1.54952450091938,-0.00770852002868172,8.1481146929495,0.0319126964116968,1.55831163724503,0,267.161443506003,60.6481711487664,7.15387445014436e-10,1,0.986300343307656,0,0.00519234467648344,-0.0154170400573634,0,0,0
78.915,9497.17583858329,1.55887557776403,9500,9496.57635651693,1.71255816936302,1.55887557776403,0,11.4609023655187,20.0559839870822,15,0,15082.8400384298,-15017.7328257506,1.55887557776403,1.5418159808907,1.55041080821209,-0.0085948273213905,8.5678771438743,0.0342492515161144,1.55887557776403,0,267.161443506003,60.6481711487664,7.3142958112814e-10,1,0.986317866723068,0,0.00497416251021421,-0.017189654642781,0,0,0
78.93,9497.34775211877,1.55940294475491,9500,9496.73171978795,1.7111806168276,1.55940294475491,0,11.6465243316447,20.046752256203,15,0,15086.0104822562,-15019.8475887634,1.55940294475491,1.5418159808907,1.55126631128145,-0.00945033039074916,8.96375168818413,0.0364876246457108,1.55940294475491,0,267.161443506003,60.6481711487664,7.45554037488636e-10,1,0.986335720598205,0,0.00474914221462863,-0.0189006607814983,0,0,0
78.945,9497.52244998374,1.55989323260308,9500,9496.89137226689,1.70957762196249,1.55989323260308,0,11.805668935167,20.038346840605,15,0,15089.0195721239,-15021.9513583008,1.55989323260308,1.5418159808907,1.55208972435565,-0.0102737434649549,9.33531038875353,0.0386247386422937,1.55989323260308,0,267.161443506003,60.6481711487664,7.5777501191646e-10,1,0.98635386363656,0,0.0045178390293581,-0.0205474869299098,0,0,0
78.96,9497.69953501777,1.56034601648854,9500,9497.05492394568,1.70775587170183,1.56034601648854,0,11.9384202000628,20.0307713860497,15,0,15091.8636971184,-15024.0400564389,1.56034601648854,1.5418159808907,1.55287984619453,-0.0110638653038302,9.68218059274467,0.0406577662055048,1.56034601648854,0,267.161443506003,60.6481711487664,7.68110680234606e-10,1,0.986372254591509,0,0.00428081261200841,-0.0221277306076604,0,0,0
78.975,9497.87861132077,1.56076095199561,9500,9497.22198296265,1.70572239255666,1.56076095199561,0,12.0449131884247,20.0240278847682,15,0,15094.5396245877,-15026.1096938777,1.56076095199561,1.5418159808907,1.55363556127869,-0.0118195803879955,10.0040447431188,0.0425841318809086,1.56076095199561,0,267.161443506003,60.6481711487664,7.76582312465051e-10,1,0.986390852347322,0,0.00403862590281179,-0.0236391607759909,0,0,0
78.99,9498.0592850186,1.5611377745534,9500,9497.39215640951,1.70348453151171,1.5611377745534,0,12.1253329376633,20.0181167008165,15,0,15097.0445006803,-15028.1563764196,1.5611377745534,1.5418159808907,1.55435584082793,-0.0125398599372339,10.3006400923299,0.0444015135371739,1.5611377745534,0,267.161443506003,60.6481711487664,7.83217491022454e-10,1,0.986409615998668,0,0.00379184401221999,-0.0250797198744679,0,0,0
79.005,9498.24116501266,1.56147629880148,9500,9497.56505112767,1.70104993658933,1.56147629880148,0,12.1799133625596,20.0130365962334,15,0,15099.37585049,-15030.176311256,1.56147629880148,1.5418159808907,1.55503974360664,-0.0132237627159444,10.5717583211418,0.0461078433426729,1.56147629880148,0,267.161443506003,60.6481711487664,7.88047175476261e-10,1,0.986428504928472,0,0.00354103307952069,-0.0264475254318888,0,0,0
79.02,9498.4238637131,1.5617764177406,9500,9497.74027449239,1.69842653712362,1.5617764177406,0,12.2089360311195,20.0087847609701,15,0,15101.5315771417,-15032.1658129127,1.5617764177406,1.5418159808907,1.55568641657998,-0.0138704356892783,10.817245063195,0.0477013082284572,1.5617764177406,0,267.161443506003,60.6481711487664,7.91104526184888e-10,1,0.986447478884049,0,0.00328675918177779,-0.0277408713785565,0,0,0
79.035,9498.60699775357,1.56203810182897,9500,9497.9174351838,1.69562252378199,1.56203810182897,0,12.2127289203113,20.0053568431451,15,0,15103.5099605634,-15034.121308999,1.56203810182897,1.5418159808907,1.55629509535169,-0.0144791144609915,11.0369993399715,0.0491803498602572,1.56203810182897,0,267.161443506003,60.6481711487664,7.92427243470315e-10,1,0.986466498051345,0,0.00302958723655999,-0.028958228921983,0,0,0
79.05,9498.79018868737,1.5622613979212,9500,9498.09614394329,1.69264632837834,1.5622613979212,0,12.1916650853557,20.0027469818157,15,0,15105.3096554603,-15036.039345652,1.5622613979212,1.5418159808907,1.5568651044338,-0.0150491235431014,11.230972905857,0.0505436641167092,1.5622613979212,0,267.161443506003,60.6481711487664,7.92055951840594e-10,1,0.986485523127231,0,0.00277007991262912,-0.0300982470862028,0,0,0
79.065,9498.97306366365,1.56244642808657,9500,9498.27601431428,1.68950660351558,1.56244642808657,0,12.1461612679235,20.0009478414708,15,0,15106.9296886566,-15037.9165926996,1.56244642808657,1.5418159808907,1.55739585733146,-0.0155798764407615,11.3991695078195,0.0517902000773923,1.56244642808657,0,267.161443506003,60.6481711487664,7.90034781570264e-10,1,0.986504515389726,0,0.0025087965711057,-0.0311597528815231,0,0,0
79.08,9499.15525608267,1.56259338832881,9500,9498.45666336629,1.68621220209765,1.56259338832881,0,12.0766764582213,19.9999506477743,15,0,15108.3694559033,-15039.7498485555,1.56259338832881,1.5418159808907,1.55788685643884,-0.0160708755481387,11.5416440619309,0.0529191585343899,1.56259338832881,0,267.161443506003,60.6481711487664,7.86408289573161e-10,1,0.98652343676605,0,0.00224629221420392,-0.0321417510962774,0,0,0
79.095,9499.33640622955,1.56270254715532,9500,9498.63771240115,1.68277215675125,1.56270254715532,0,11.9837103785307,19.9997452256736,15,0,15109.6287179063,-15041.5360447861,1.56270254715532,1.5418159808907,1.55833769277378,-0.0165217118830798,11.6585017491681,0.0539299900307816,1.56270254715532,0,267.161443506003,60.6481711487664,7.81225409665305e-10,1,0.986542249898444,0,0.00198311645381821,-0.0330434237661597,0,0,0
79.11,9499.51616188522,1.56277424407004,9500,9498.81878764045,1.67919565919478,1.56277424407004,0,11.8678019370459,20.000320038293,15,0,15110.7075959133,-15043.2722504088,1.56277424407004,1.5418159808907,1.55874804551853,-0.0169320646278299,11.7498970342907,0.0548223924349998,1.56277424407004,0,267.161443506003,60.6481711487664,7.74535202727633e-10,1,0.986560918207619,0,0.00171981251273534,-0.0338641292556598,0,0,0
79.125,9499.69417891428,1.56280888794815,9500,9498.99952089316,1.67549203959485,1.56280888794815,0,11.7295276259468,20.0016622275225,15,0,15111.6065666644,-15044.9556758773,1.56280888794815,1.5418159808907,1.55911768139484,-0.0173017005041414,11.8160326094958,0.0555963080657307,1.56280888794815,0,267.161443506003,60.6481711487664,7.66390221349081e-10,1,0.9865794059538,0,0.00145691622770672,-0.0346034010082827,0,0,0
79.14,9499.87012182867,1.56280695530156,9500,9499.17955020256,1.67167074594768,1.56280695530156,0,11.5694998699741,20.0037576561242,15,0,15112.3264567398,-15046.5836767508,1.56280695530156,1.5418159808907,1.55944645386937,-0.0176304729786694,11.8571582666137,0.0562519203681988,1.56280695530156,0,267.161443506003,60.6481711487664,7.56844164342877e-10,1,0.986597678295276,0,0.00119495509312517,-0.0352609459573388,0,0,0
79.155,9500.04366432672,1.56276898844009,9500,9499.35852047161,1.66774132352252,1.56276898844009,0,11.3883653305721,20.0065909512703,15,0,15112.86843633,-15048.1537570448,1.56276898844009,1.5418159808907,1.55973430219605,-0.0179183213053544,11.8735697008821,0.0567896501601051,1.56276898844009,0,267.161443506003,60.6481711487664,7.45951142608888e-10,1,0.986615701344377,0,0.000934447325958931,-0.0358366426107088,0,0,0
79.17,9500.21448980667,1.562695593541,9500,9499.53608406596,1.66371339440464,1.562695593541,0,11.1868031729621,20.0101455492679,15,0,15113.2340124744,-15049.6635722665,1.562695593541,1.5418159808907,1.55998125029394,-0.018165269403241,11.8656072492292,0.0572101514567866,1.562695593541,0,267.161443506003,60.6481711487664,7.33766701886454e-10,1,0.986633442220806,0,0.000675900961115916,-0.0363305388064821,0,0,0
79.185,9500.38229185427,1.56258743863421,9500,9499.71190139374,1.65959663717464,1.56258743863421,0,10.9655233033382,20.0144037413403,15,0,15113.4250218088,-15051.1109321366,1.56258743863421,1.5418159808907,1.56018740546359,-0.0183714245728899,11.8336545657767,0.0575143068892888,1.56258743863421,0,267.161443506003,60.6481711487664,7.20347820865657e-10,1,0.986650869102274,0,0.000419812962346944,-0.0367428491457797,0,0,0
79.2,9500.54677470382,1.56244525148519,9500,9499.88564146146,1.65540076676009,1.56244525148519,0,10.7252645640183,20.019346720878,15,0,15113.4436227293,-15052.4938029724,1.56244525148519,1.5418159808907,1.56035295695462,-0.0185369760639249,11.7781372377732,0.0577032227223449,1.56244525148519,0,267.161443506003,60.6481711487664,7.05751153468977e-10,1,0.986667951272388,0,0.000166668384413704,-0.0370739521278498,0,0,0
79.215,9500.70765367228,1.56226981739778,9500,9500.05698240539,1.65113551449399,1.56226981739778,0,10.4667929020388,20.0249546317199,15,0,15113.2922870734,-15053.8103097466,1.56226981739778,1.5418159808907,1.56047817438482,-0.0186621934941262,11.6995213454523,0.0577782234953311,1.56226981739778,0,267.161443506003,60.6481711487664,6.90034784049607e-10,1,0.986684659165731,0,-8.30604458810225e-05,-0.0373243869882525,0,0,0
79.23,9500.86465556581,1.56206197693487,9500,9500.22561199759,1.64681060841514,1.56206197693487,0,10.1908995104398,20.0312066175368,15,0,15112.9737913085,-15055.0587378146,1.56206197693487,1.5418159808907,1.56056340601595,-0.0187474251252542,11.5983119685343,0.0577408462946846,1.56206197693487,0,267.161443506003,60.6481711487664,6.73256031451938e-10,1,0.986700964410083,0,-0.00032891471399199,-0.0374948502505084,0,0,0
79.245,9501.01751905847,1.56182262356731,9500,9500.39122812634,1.64243575384394,1.56182262356731,0,9.89839894970057,20.0380808721412,15,0,15112.4912072719,-15056.2375343143,1.56182262356731,1.5418159808907,1.56060907688909,-0.0187930959983893,11.4750516427256,0.0575928346733882,1.56182262356731,0,267.161443506003,60.6481711487664,6.55474228786866e-10,1,0.986716839865748,0,-0.00057044986708954,-0.0375861919967786,0,0,0
79.26,9501.16599504271,1.56155270124261,9500,9500.55353925004,1.63802061426692,1.56155270124261,0,9.59012724333858,20.0455546909324,15,0,15111.8478924177,-15057.3453092256,1.56155270124261,1.5418159808907,1.56061568683134,-0.0187997059406437,11.3303187691747,0.0573361322331979,1.56155270124261,0,267.161443506003,60.6481711487664,6.36747357662306e-10,1,0.986732259661963,0,-0.000807236321769489,-0.0375994118812875,0,0,0
79.275,9501.30984695136,1.56125320189736,9500,9500.71226482441,1.63357479256159,1.56125320189736,0,9.26693996541125,20.0536045230149,15,0,15111.0474796891,-15058.3808361083,1.56125320189736,1.5418159808907,1.56058380833157,-0.0187678274408691,11.1647259803443,0.0569728758884016,1.56125320189736,0,267.161443506003,60.6481711487664,6.17132780146554e-10,1,0.986747199230322,0,-0.00103886013758414,-0.0375356548817383,0,0,0
79.29,9501.44885105084,1.56092516290529,9500,9500.86713570238,1.62910781259357,1.56092516290529,0,8.92971031284754,20.0622060241974,15,0,15110.0938669643,-15059.3430525059,1.56092516290529,1.5418159808907,1.56051408429665,-0.0186981034059484,10.9789184651791,0.0565053888264888,1.56092516290529,0,267.161443506003,60.6481711487664,5.96689579782267e-10,1,0.986761635335244,0,-0.00126492366281528,-0.0373962068118967,0,0,0
79.305,9501.58279670553,1.56056966445026,9500,9501.01789450638,1.62462910121556,1.56056966445026,0,8.57932715750702,20.0713341111434,15,0,15108.9912060335,-15060.2310600031,1.56056966445026,1.5418159808907,1.56040722570003,-0.0185912448093291,10.7735722572095,0.0559361731782219,1.56056966445026,0,267.161443506003,60.6481711487664,5.75473880723362e-10,1,0.986775546101417,0,-0.00148504611327782,-0.0371824896186581,0,0,0
79.32,9501.7114866129,1.56018782687896,9500,9501.16429597257,1.62014797069716,1.56018782687896,0,8.21669311355526,20.0809630155485,15,0,15107.74389136,-15061.0441239851,1.56018782687896,1.5418159808907,1.56026400911019,-0.018448028219491,10.5493924889347,0.0552679024272469,1.56018782687896,0,267.161443506003,60.6481711487664,5.5354382237604e-10,1,0.986788911038221,0,-0.00169886414838571,-0.036896056438982,0,0,0
79.335,9501.8347370096,1.55978080796467,9500,9501.30610726689,1.61567360161518,1.55978080796467,0,7.84272257451111,20.0910663398482,15,0,15106.356548297,-15061.7816730317,1.55978080796467,1.5418159808907,1.56008527413395,-0.0182692932432524,10.3071116150606,0.0545034135604733,1.55978080796467,0,267.161443506003,60.6481711487664,5.30955464409774e-10,1,0.986801711061134,0,-0.00190603237046205,-0.0365385864865049,0,0,0
79.35,9501.95237784822,1.55934980016253,9500,9501.44310827259,1.61121502622986,1.55934980016253,0,7.45833977425422,20.1016171127837,15,0,15104.8340211453,-15062.4432980212,1.55934980016253,1.5418159808907,1.55987192075166,-0.0180559398609668,10.0474876088823,0.0536456989937654,1.55934980016253,0,267.161443506003,60.6481711487664,5.07765859648668e-10,1,0.986813928510085,0,-0.00210622380654835,-0.0361118797219335,0,0,0
79.365,9502.06425294483,1.55889602781303,9500,9501.57509184898,1.6067811123748,1.55889602781303,0,7.06447684166067,20.1125878457893,15,0,15103.1813608365,-15063.0287509009,1.55889602781303,1.5418159808907,1.55962490656994,-0.017808925679242,9.77130213410156,0.0526978982808186,1.55889602781303,0,267.161443506003,60.6481711487664,4.84029545121509e-10,1,0.986825547164779,0,-0.00229913033409757,-0.0356178513584839,0,0,0
79.38,9502.17022009746,1.55842074430635,9500,9501.70186406148,1.60238054788486,1.55842074430635,0,6.66207185945485,20.1239505899746,15,0,15101.4038123153,-15063.5379431377,1.55842074430635,1.5418159808907,1.55934524399811,-0.017529263107412,9.47935869593101,0.0516632896304747,1.55842074430635,0,267.161443506003,60.6481711487664,4.59801322534212e-10,1,0.986836552256998,0,-0.00248446306593442,-0.035058526214824,0,0,0
79.395,9502.27015117535,1.55792522922101,9500,9501.82324438266,1.59802182558539,1.55792522922101,0,6.25206499861927,20.1356769913049,14,0,15099.5068122178,-15063.970965407,1.55792522922101,1.5418159808907,1.55903399735094,-0.0172180164602445,9.17248077499435,0.0505452812508042,1.55792522922101,0,267.161443506003,60.6481711487664,9.88700122396265e-10,1,0.986846930479875,0,-0.00266195269933278,-0.0344360329204889,0,0,0
79.41,9502.36393215033,1.55741078545002,9500,9501.93906586432,1.59371322886652,1.55741078545002,0,5.83540448483501,20.1477383563964,14,0,15097.4959328848,-15064.3279977369,1.55741078545002,1.5418159808907,1.55869227987909,-0.0168762989883902,8.85150994672763,0.0493474025361045,1.55741078545002,0,267.161443506003,60.6481711487664,9.31876385672371e-10,1,0.986856669991153,0,-0.00283134980667898,-0.0337525979767803,0,0,0
79.425,9502.4514632176,1.55687873667891,9500,9502.04917527317,1.58946281805469,1.55687873667891,0,5.41303292216055,20.1601056900983,14,0,15095.3769363151,-15064.6094412412,1.55687873667891,1.5418159808907,1.55832125055814,-0.0165052696674408,8.51730387878679,0.0480732951230989,1.55687873667891,0,267.161443506003,60.6481711487664,8.74308833534573e-10,1,0.986865760425721,0,-0.00299242508498176,-0.0330105393348816,0,0,0
79.44,9502.53265871143,1.55633042352194,9500,9502.15343322257,1.58527841677998,1.55633042352194,0,4.98589294686138,20.1727497817544,14,0,15093.155711864,-15064.8158237325,1.55633042352194,1.5418159808907,1.55792211149251,-0.0161061306018087,8.17073471485529,0.0467267038348572,1.55633042352194,0,267.161443506003,60.6481711487664,8.16079502913235e-10,1,0.986874192886868,0,-0.00314496958556587,-0.0322122612036173,0,0,0
79.455,9502.60744710564,1.55576720120828,9500,9502.25171424832,1.58116759966682,1.55576720120828,0,4.55492369415666,20.1856412484375,14,0,15090.8382766794,-15064.9478202918,1.55576720120828,1.5418159808907,1.55749610449258,-0.0156801236018871,7.81268698998972,0.0453114675213525,1.55576720120828,0,267.161443506003,60.6481711487664,7.57305482529287e-10,1,0.986881959946326,0,-0.00328879486828004,-0.0313602472037742,0,0,0
79.47,9502.67577096105,1.55519043668673,9500,9502.34390686496,1.57713768046337,1.55519043668673,0,4.12105898260639,20.1987505925287,14,0,15088.4307620428,-15065.0062499829,1.55519043668673,1.5418159808907,1.55704450790799,-0.0152285270172945,7.44405571940249,0.0438315098306265,1.55519043668673,0,267.161443506003,60.6481711487664,6.98100459020656e-10,1,0.986889055638821,0,-0.0034237331174396,-0.030457054034589,0,0,0
79.485,9502.73758684579,1.55460150570981,9500,9502.42991359376,1.57319570084452,1.55460150570981,0,3.68522551176171,20.2120482597356,14,0,15085.9393994942,-15064.992072276,1.55460150570981,1.5418159808907,1.55656863344503,-0.0147526525543353,7.06574449428707,0.0422908299277787,1.55460150570981,0,267.161443506003,60.6481711487664,6.38574868068074e-10,1,0.986895475453785,0,-0.00354963721728652,-0.0295053051086707,0,0,0
79.5,9502.79286522846,1.55400178995039,9500,9502.50965096294,1.56934841990366,1.55400178995039,0,3.24834110638153,20.2255046964391,14,0,15083.3705069855,-15064.9063832368,1.55400178995039,1.5418159808907,1.55606982295085,-0.0142538420601546,6.67866358661489,0.0406934931799997,1.55400178995039,0,267.161443506003,60.6481711487664,5.7884013892267e-10,1,0.986901216324271,0,-0.00366638078294579,-0.0285076841203091,0,0,0
79.515,9502.84159034506,1.55339267407813,9500,9502.58304948003,1.56560230434779,1.55339267407813,0,2.81131295962197,20.2390904079536,14,0,15080.7304747261,-15064.7504114136,1.55339267407813,1.5418159808907,1.55554944521082,-0.0137334643201206,6.28372806472843,0.0390436218276741,1.55339267407813,0,267.161443506003,60.6481711487664,5.19002851097264e-10,1,0.986906276613127,0,-0.0037738581513016,-0.0274669286402411,0,0,0
79.53,9502.88376003945,1.55277554289265,9500,9502.65005357696,1.56196351940797,1.55277554289265,0,2.37503593812467,20.2527760156374,14,0,15078.0257511756,-15064.5255135191,1.55277554289265,1.5418159808907,1.55500889271952,-0.0131929118288192,5.88185592227802,0.0373453856595884,1.55277554289265,0,267.161443506003,60.6481711487664,4.59168540320975e-10,1,0.986910656096431,0,-0.00387198431159042,-0.0263858236576384,0,0,0
79.545,9502.91938557853,1.55215177846251,9500,9502.71062152805,1.55843792047893,1.55215177846251,0,1.94039269223561,20.2665323157942,13,0,15075.2628192623,-15064.2331500782,1.55215177846251,1.5418159808907,1.55444957846448,-0.0126335975737801,5.47396622160117,0.0356029927193727,1.55215177846251,0,267.161443506003,60.6481711487664,9.08494526735054e-10,1,0.98691435594429,0,-0.00396069482023598,-0.0252671951475603,0,0,0
79.56,9502.94849146891,1.55152275732118,9500,9502.76472534128,1.55503104549731,1.55152275732118,0,1.50824464855482,20.2803303283596,13,0,15072.4482227207,-15063.8749630189,1.55152275732118,1.5418159808907,1.55387293270059,-0.0120569518098903,5.060977254546,0.0338206800502665,1.55152275732118,0,267.161443506003,60.6481711487664,7.73230662220933e-10,1,0.986917378701813,0,-0.00403994564757615,-0.0241139036197806,0,0,0
79.575,9502.97111513864,1.55088984734001,9500,9502.81235063033,1.55174810789197,1.55088984734001,0,1.07944175549305,20.2941413707228,13,0,15069.5884877478,-15063.4526419861,1.55088984734001,1.5418159808907,1.55328039992047,-0.0114644190297739,4.64380482522206,0.0320027045088573,1.55088984734001,0,267.161443506003,60.6481711487664,6.38566399010493e-10,1,0.986919728256043,0,-0.00410971301403662,-0.0229288380595478,0,0,0
79.59,9502.98730676497,1.55025440590521,9500,9502.85349643722,1.54859399088308,1.55025440590521,0,0.65481356854111,20.3079370857621,13,0,15066.6901568388,-15062.9680089002,1.55025440590521,1.5418159808907,1.55267343520971,-0.0108574543190132,4.22336018516706,0.0301533336525408,1.55025440590521,0,267.161443506003,60.6481711487664,5.04804114640104e-10,1,0.98692140981808,0,-0.00416999313155175,-0.0217149086380264,0,0,0
79.605,9502.9971289685,1.5496177766609,9500,9502.88817505629,1.54557324188033,1.5496177766609,0,0.235167822824818,20.3216895076755,12,0,15063.7597701906,-15062.4230075245,1.5496177766609,1.5418159808907,1.55205350137727,-0.0102375204865719,3.80054844486136,0.0282768367433425,1.5496177766609,0,267.161443506003,60.6481711487664,8.46743620334941e-10,1,0.986922429891309,0,-0.00422080195379593,-0.0204750409731438,0,0,0
79.62,9503.00065648584,1.54898128686557,9500,9502.91641182456,1.54269006786775,1.54898128686557,0,-0.178703740376256,20.3353711233914,12,0,15060.8038127079,-15061.8196173968,1.54898128686557,1.5418159808907,1.55142206583533,-0.00960608494462845,3.37626684037146,0.0263774758641343,1.54898128686557,0,267.161443506003,60.6481711487664,5.47904439774759e-10,1,0.986922796237415,0,-0.00426217488024427,-0.0192121698892569,0,0,0
79.635,9502.99797592974,1.54834624516897,9500,9502.93824488159,1.5399483317202,1.54834624516897,0,-0.586037179481246,20.348954903621,11,0,15057.8287601982,-15061.1599671758,1.54834624516897,1.5418159808907,1.55078059733558,-0.008964616444878,2.95140293368042,0.0244594971680244,1.54834624516897,0,267.161443506003,60.6481711487664,5.74442565116569e-10,1,0.986922517851458,0,-0.00429416639632874,-0.017929232889756,0,0,0
79.65,9502.98918537205,1.54771393822926,9500,9502.95372492936,1.53735154869814,1.54771393822926,0,-0.986096266704891,20.3624143425462,9,0,15054.8410506055,-15060.4463054266,1.54771393822926,1.5418159808907,1.55013056336625,-0.00831458247555594,2.52683321217678,0.0225271222896765,1.54771393822926,0,267.161443506003,60.6481711487664,4.61255569609119e-10,1,0.986921604918576,0,-0.0043168497233208,-0.0166291649511119,0,0,0
79.665,9502.97439392805,1.54708562874767,9500,9502.96291494634,1.53490288428708,1.54708562874767,0,-1.37816117108509,20.3757236858606,11,0,15051.8470122838,-15059.6808646017,1.54708562874767,1.5418159808907,1.5494734269193,-0.00765744602860474,2.10342132162355,0.0205845399141821,1.54708562874767,0,267.161443506003,60.6481711487664,7.40421418093438e-10,1,0.986920068770805,0,-0.00433031639106818,-0.0153148920572095,0,0,0
79.68,9502.95372151048,1.546462554108,9500,9502.96588986793,1.5326051531051,1.546462554108,0,-1.76154246391768,20.3888575803712,12,0,15048.8529178201,-15058.8659945082,1.546462554108,1.5418159808907,1.54881064305115,-0.00699466216044842,1.68201619425991,0.0186358975382014,1.546462554108,0,267.161443506003,60.6481711487664,6.07179576622623e-10,1,0.986917921861541,0,-0.00433467576155389,-0.0139893243208968,0,0,0
79.695,9502.92729837352,1.545845922896,9500,9502.962736286,1.53046081756585,1.545845922896,0,-2.13558244359068,20.4017915101171,12,0,15045.8649745624,-15058.0041603962,1.545845922896,1.5418159808907,1.5481436566108,-0.00632767572009962,1.26345087221436,0.0166852934455022,1.545845922896,0,267.161443506003,60.6481711487664,8.83629450311579e-10,1,0.986915177718174,0,-0.00433005458728286,-0.0126553514401992,0,0,0
79.71,9502.89526463687,1.54523691280355,9500,9502.953552108,1.52847198779053,1.54523691280355,0,-2.49964958866119,20.4145016666142,13,0,15042.889272084,-15057.0978589173,1.54523691280355,1.5418159808907,1.54747389937489,-0.00565791848418806,0.848540996652137,0.0147367688812249,1.54523691280355,0,267.161443506003,60.6481711487664,5.07548556120349e-10,1,0.98691185089267,0,-0.00431659648052141,-0.0113158369683761,0,0,0
79.725,9502.85776989304,1.54463666937911,9500,9502.93844618127,1.52664042266447,1.54463666937911,0,-2.8531368232686,20.4269650066886,13,0,15039.9317638088,-15056.1495899125,1.54463666937911,1.5418159808907,1.54680278687898,-0.00498680598828694,0.438083114976024,0.0127943004649903,1.54463666937911,0,267.161443506003,60.6481711487664,6.2402697649119e-10,1,0.98690795692078,0,-0.00429446136292877,-0.00997361197657387,0,0,0
79.74,9502.81497284069,1.54404630405376,9500,9502.91753791272,1.52496753128704,1.54404630405376,0,-3.19547297233637,20.4391592849617,13,0,15036.998313482,-15055.1619680146,1.54404630405376,1.5418159808907,1.546131715735,-0.00431573484430636,0.0328532976394557,0.0108617928516723,1.54404630405376,0,267.161443506003,60.6481711487664,7.37584820842282e-10,1,0.986903512283965,0,-0.00426382488467669,-0.00863146968861273,0,0,0
79.755,9502.7670407461,1.54346689122454,9500,9502.89095689224,1.52345437461732,1.54346689122454,0,-3.52611669386516,20.4510631195867,13,0,15034.0946386775,-15054.1376316773,1.54346689122454,1.5418159808907,1.54546206155056,-0.00364608065986083,-0.366393887095691,0.00894307165356781,1.54346689122454,0,267.161443506003,60.6481711487664,8.48123452015175e-10,1,0.986898534353464,0,-0.00422487785069592,-0.00729216131972166,0,0,0
79.77,9502.7141489957,1.54289946696756,9500,9502.85884247402,1.52210166846773,1.54289946696756,0,-3.84455862413937,20.4626560160486,13,0,15031.2263122358,-15053.0792568176,1.54289946696756,1.5418159808907,1.54479517616264,-0.00297919527194512,-0.758926790366254,0.00704187662075465,1.54289946696756,0,267.161443506003,60.6481711487664,9.55484661938487e-10,1,0.986893041343825,0,-0.00417782559013213,-0.00595839054389025,0,0,0
79.785,9502.65648061633,1.54234502736293,9500,9502.82134335044,1.5209097870014,1.54234502736293,0,-4.15031994240405,20.4739184027379,14,0,15028.3987410934,-15051.9895274907,1.54234502736293,1.5418159808907,1.54413238520718,-0.00231640431648206,-1.14403789664938,0.00516185510519519,1.54234502736293,0,267.161443506003,60.6481711487664,4.65864050412599e-10,1,0.986887052263084,0,-0.00412288730777965,-0.00463280863296411,0,0,0
79.8,9502.5942258172,1.5418045269213,9500,9502.77861711211,1.51987876690151,1.5418045269213,0,-4.4429610661717,20.484831654366,14,0,15025.6172009371,-15050.871219971,1.5418045269213,1.5418159808907,1.54347498578374,-0.00165900489304338,-1.52104497379419,0.00330655581669435,1.5418045269213,0,267.161443506003,60.6481711487664,5.10078968278487e-10,1,0.986880586865188,0,-0.00406029541575581,-0.00331800978608676,0,0,0
79.815,9502.52758140121,1.5412788767534,9500,9502.73082980315,1.51900831199038,1.5412788767534,0,-4.72207044630875,20.4953781398877,14,0,15022.886760753,-15049.7270636076,1.5412788767534,1.5418159808907,1.54282424439915,-0.00100826350845207,-1.88929203819493,0.00147942287960423,1.5412788767534,0,267.161443506003,60.6481711487664,5.52745646598423e-10,1,0.986873665588871,0,-0.00399029485648672,-0.00201652701690413,0,0,0
79.83,9502.45675034451,1.54076894414002,9500,9502.67815543918,1.51829779912874,1.54076894414002,0,-4.98727215287833,20.5055412223358,14,0,15020.2123207684,-15048.559821879,1.54076894414002,1.5418159808907,1.54218139436313,-0.000365413472432463,-2.24815065625202,-0.000316209805814792,1.54076894414002,0,267.161443506003,60.6481711487664,5.9377442295052e-10,1,0.986866309513979,0,-0.00391314237081364,-0.000730826944864926,0,0,0
79.845,9502.38194126222,1.54027555078597,9500,9502.62077554133,1.51774628407189,1.54027555078597,0,-5.23822464478814,20.51530529551,14,0,15017.5985918213,-15047.3722647583,1.54027555078597,1.5418159808907,1.54154763400672,0.000268346883974591,-2.59702072294639,-0.00207712387268093,1.54027555078597,0,267.161443506003,60.6481711487664,6.33109950943643e-10,1,0.986858540305983,0,-0.00382910579001994,0.000536693767949181,0,0,0
79.86,9502.30336789255,1.53979947166907,9500,9502.55887865247,1.5173525081246,1.53979947166907,0,-5.47462104399786,20.5246558061875,14,0,15015.050087751,-15046.1671626493,1.53979947166907,1.5418159808907,1.54092412476242,0.000891856128281576,-2.93533132911025,-0.0038002214781899,1.53979947166907,0,267.161443506003,60.6481711487664,6.70699916691229e-10,1,0.986850380162413,0,-0.00373846329966332,0.00178371225656315,0,0,0
79.875,9502.22124857689,1.53934143400882,9500,9502.49265984515,1.5171149053699,1.53934143400882,0,-5.69618933004828,20.5335792737117,14,0,15012.5711183326,-15044.9472804089,1.53934143400882,1.5418159808907,1.54031198935012,0.00150399154058101,-3.2625415593631,-0.00548252996303839,1.53934143400882,0,267.161443506003,60.6481711487664,7.06495185505664e-10,1,0.986841851758852,0,-0.00364150269273344,0.00300798308116201,0,0,0
79.89,9502.13580573693,1.53890211640417,9500,9502.42232022234,1.51703161045052,1.53890211640417,0,-5.90269242342896,20.5420633058729,14,0,15010.1657829955,-15043.7153715199,1.53890211640417,1.5418159808907,1.53971231004657,0.00210367084412288,-3.57814122025056,-0.00712120617476844,1.53890211640417,0,267.161443506003,60.6481711487664,7.40448779194461e-10,1,0.986832978194641,0,-0.00353852061162319,0.00420734168824577,0,0,0
79.905,9502.04726535058,1.53848214807497,9500,9502.34806641201,1.51710046688011,1.53848214807497,0,-6.09392820292049,20.5500966124873,14,0,15007.8379650194,-15042.4741723629,1.53848214807497,1.5418159808907,1.53912612707356,0.00268985381713449,-3.88165149744795,-0.00871354044999888,1.53848214807497,0,267.161443506003,60.6481711487664,7.72518801266056e-10,1,0.986823782938444,0,-0.00342982178108731,0.00537970763426898,0,0,0
79.92,9501.95585642754,1.53808210823507,9500,9502.27011005693,1.51731903585653,1.53808210823507,0,-6.26972943780432,20.5576690160495,14,0,15005.5913263558,-15041.2263966267,1.53808210823507,1.5418159808907,1.53855443709276,0.00326154379793264,-4.17262553907659,-0.0102569602514882,1.53808210823507,0,267.161443506003,60.6481711487664,8.02665075426979e-10,1,0.986814289773791,0,-0.00331571823707177,0.00652308759586528,0,0,0
79.935,9501.86181048597,1.53770252558507,9500,9502.1886673007,1.51768460555098,1.53770252558507,0,-6.429963645357,20.5647714597138,14,0,15003.4293030132,-15039.9747298567,1.53770252558507,1.5418159808907,1.53799819181443,0.00381778907627073,-4.45064896409503,-0.0117490334581705,1.53770252558507,0,267.161443506003,60.6481711487664,8.30851340255285e-10,1,0.986804522744725,0,-0.00319652854689556,0.00763557815254146,0,0,0
79.95,9501.76536103129,1.53734387794848,9500,9502.10395827146,1.51819420084459,1.53734387794848,0,-6.57453285845426,20.5713960120725,14,0,15001.3551011305,-15038.7218241773,1.53734387794848,1.5418159808907,1.53745829670967,0.00435768418102622,-4.71534029417852,-0.0131874713042735,1.53734387794848,0,267.161443506003,60.6481711487664,8.57044812363364e-10,1,0.986794506101672,0,-0.00307257702930142,0.00871536836205244,0,0,0
79.965,9501.66674303841,1.53700659198203,9500,9502.0162065642,1.51884459348436,1.53700659198203,0,-6.70337334931048,20.5775358702275,14,0,14999.3716934158,-15037.4702931297,1.53700659198203,1.5418159808907,1.5369356098613,0.00488037102939742,-4.96635130881702,-0.0145701309674591,1.53700659198203,0,267.161443506003,60.6481711487664,8.81215895912055e-10,1,0.986784264247671,0,-0.00294419297542237,0.00976074205879485,0,0,0
79.98,9501.56619243817,1.53669104306302,9500,9501.9256387232,1.51963231262809,1.53669104306302,0,-6.81645524345499,20.5831853589172,14,0,14997.4818164384,-15036.2227067379,1.53669104306302,1.5418159808907,1.53643094090134,0.00538503998936091,-5.20336732221454,-0.0158950178063992,1.53669104306302,0,267.161443506003,60.6481711487664,9.03339647156544e-10,1,0.986773821685039,0,-0.00281170986810442,0.0107700799787218,0,0,0
79.995,9501.46394560952,1.53639755523217,9500,9501.83248372536,1.52055365575093,1.53639755523217,0,-6.91378210417569,20.5883399283248,14,0,14995.6879682089,-15034.9815866927,1.53639755523217,1.5418159808907,1.53594505009644,0.00587093079426104,-5.42610738354161,-0.0171602872470462,1.53639755523217,0,267.161443506003,60.6481711487664,9.23392705794552e-10,1,0.986763202962628,0,-0.00267546460391488,0.0117418615885221,0,0,0
80.01,9501.36023887796,1.53612640130056,9500,9501.73697246591,1.52160469988132,1.53612640130056,0,-6.99539041680637,20.5929961482152,14,0,14993.992406563,-15033.7494017705,1.53612640130056,1.5418159808907,1.53547864752636,0.00633733336433284,-5.63432439914754,-0.0183642463188078,1.53612640130056,0,267.161443506003,60.6481711487664,9.41358415980134e-10,1,0.986752432623742,0,-0.00253579672739979,0.0126746667286657,0,0,0
80.025,9501.25530802171,1.53587780302889,9500,9501.63933724742,1.52278131313883,1.53587780302889,0,-7.0613490343279,20.5971517003818,14,0,14992.3971479195,-15032.5285634064,1.53587780302889,1.5418159808907,1.53503239239853,0.0067835884921672,-5.82780517908087,-0.0195053548461378,1.53587780302889,0,267.161443506003,60.6481711487664,9.57221417953381e-10,1,0.986741535154847,0,-0.00239304765693626,0.0135671769843344,0,0,0
80.04,9501.14938778619,1.53565193144832,9500,9501.53981127321,1.52407916654228,1.53565193144832,0,-7.11175853962852,20.6008053679098,14,0,14990.9039667439,-15031.3214214975,1.53565193144832,1.5418159808907,1.53460689246601,0.00720908842468981,-6.00637040768125,-0.0205822262917591,1.53565193144832,0,267.161443506003,60.6481711487664,9.70971453241119e-10,1,0.986730534935149,0,-0.00224755993482528,0.0144181768493796,0,0,0
80.055,9501.0427114081,1.53544890727136,9500,9501.43862814626,1.52549374605913,1.53544890727136,0,-7.14675055813769,20.6039570223669,14,0,14989.5143954814,-15030.1302603958,1.53544890727136,1.5418159808907,1.53420270356915,0.00761327732154671,-6.16987454017783,-0.0215936282624304,1.53544890727136,0,267.161443506003,60.6481711487664,9.82601758797029e-10,1,0.986719456187165,0,-0.00209967648160037,0.0152265546430934,0,0,0
80.07,9500.93551014972,1.53526880141662,9500,9501.3360213746,1.52702036486527,1.53526880141662,0,-7.16648700723188,20.6066076084169,14,0,14988.2297250707,-15028.957295121,1.53526880141662,1.5418159808907,1.53382032928816,0.00799565160253657,-6.31820562610347,-0.0225384826791506,1.53526880141662,0,267.161443506003,60.6481711487664,9.9211024009932e-10,1,0.986708322928367,0,-0.00194973985511782,0.0159913032050731,0,0,0
80.085,9500.82801284461,1.5351116356523,9500,9501.23222388429,1.52865417578512,1.5351116356523,0,-7.17115927947534,20.6087591257508,14,0,14987.0510060659,-15027.8046678078,1.5351116356523,1.5418159808907,1.53346022070292,0.00835576018778061,-6.45128506104039,-0.0234158656139536,1.5351116356523,0,267.161443506003,60.6481711487664,9.99498889170825e-10,1,0.986697158923987,0,-0.00179809153291255,0.0167115203755612,0,0,0
80.1,9500.72044545542,1.53497738330385,9500,9501.12746754072,1.53039018388197,1.53497738330385,0,-7.16098936097353,20.610414607624,15,0,14985.9790607896,-15026.6744661821,1.53497738330385,1.5418159808907,1.53312277628224,0.00869320460845713,-6.56906726841403,-0.0242250068037643,1.53497738330385,0,267.161443506003,60.6481711487664,4.4285676032059e-10,1,0.986685987641109,0,-0.00164507120673107,0.0173864092169143,0,0,0
80.115,9500.61303061501,1.5348659700979,9500,9501.02198267954,1.53222325916696,1.5348659700979,0,-7.13622102346023,20.6115781055373,15,0,14985.0144427471,-15025.5686328874,1.5348659700979,1.5418159808907,1.5328083418637,0.00900763902699819,-6.67153931208214,-0.0249652888467933,1.5348659700979,0,267.161443506003,60.6481711487664,4.44330367347378e-10,1,0.986674832201002,0,-0.00149101608264424,0.0180152780539964,0,0,0
80.13,9500.50598729966,1.53477727546348,9500,9500.91599764011,1.53414814959273,1.53477727546348,0,-7.09713047198272,20.6122546462759,15,0,14984.1575052604,-15024.4890946013,1.53477727546348,1.5418159808907,1.53251721056231,0.009298770328384,-6.75872055564369,-0.0256362460839832,1.53477727546348,0,267.161443506003,60.6481711487664,4.44867498628159e-10,1,0.986663715345187,0,-0.0013362602079412,0.018597540656768,0,0,0
80.145,9500.39953034258,1.53471113259701,9500,9500.80973833525,1.53615949347732,1.53471113259701,0,-7.04401803488346,20.6124502326215,15,0,14983.4083572577,-15023.4376705697,1.53471113259701,1.5418159808907,1.53224962344876,0.00956635744193579,-6.83066186304375,-0.0262375631775567,1.53471113259701,0,267.161443506003,60.6481711487664,4.4449081822783e-10,1,0.986652659384911,0,-0.00118113383069285,0.0191327148838716,0,0,0
80.16,9500.29387007205,1.53466733014425,9500,9500.70342780635,1.53825183262071,1.53466733014425,0,-6.97720871629623,20.6121718008123,15,0,14982.7668802771,-15022.4160927241,1.53466733014425,1.5418159808907,1.53200576956324,0.00981021132746052,-6.88744519081016,-0.0267690734013685,1.53466733014425,0,267.161443506003,60.6481711487664,4.43209533715832e-10,1,0.986641686163568,0,-0.00102596275684053,0.019620422654921,0,0,0
80.175,9500.18921194131,1.53464561338585,9500,9500.59728580004,1.54041962520874,1.53464561338585,0,-6.89704914864912,20.6114271922221,14,0,14982.2327218967,-15021.4259817696,1.53464561338585,1.5418159808907,1.53178578632215,0.0100301945685504,-6.92918295329392,-0.0272307566419467,1.53464561338585,0,267.161443506003,60.6481711487664,9.99937288678711e-10,1,0.986630817018255,0,-0.000871067729063313,0.0200603891371007,0,0,0
80.19,9500.08575620408,1.53464568551042,9500,9500.49152835863,1.54265725868451,1.53464568551042,0,-6.80391432622459,20.610225113934,14,0,14981.8053429219,-15020.4689326139,1.53464568551042,1.5418159808907,1.53158976002082,0.0102262208698753,-6.95601732504628,-0.0276227371200252,1.53464568551042,0,267.161443506003,60.6481711487664,9.92836750951973e-10,1,0.986620072746086,0,-0.000716763840374668,0.0204524417397507,0,0,0
80.205,9499.98369748919,1.5346672085439,9500,9500.38636743262,1.54495906236652,1.5346672085439,0,-6.69819485276444,20.6085751244676,14,0,14981.4839561128,-15019.5463806062,1.5346672085439,1.5418159808907,1.53141772664,0.0103982542506966,-6.96811937202774,-0.0279452808481938,1.5346672085439,0,267.161443506003,60.6481711487664,9.83811544195452e-10,1,0.986609473560005,0,-0.000563359965194188,0.0207965085013933,0,0,0
80.22,9499.88322456639,1.53470980567777,9500,9500.28201048341,1.54731932060699,1.53470980567777,0,-6.5803030950253,20.6064875721763,14,0,14981.2675787921,-15018.6596890972,1.53470980567777,1.5418159808907,1.5312696720809,0.0105463088098008,-6.96568851997635,-0.0281987928325312,1.53470980567777,0,267.161443506003,60.6481711487664,9.72864137460665e-10,1,0.986599039064471,0,-0.000411158200822825,0.0210926176196016,0,0,0
80.235,9499.78452001997,1.53477306211699,9500,9500.17866012819,1.54973228517458,1.53477306211699,0,-6.45067038133502,20.6039735739879,14,0,14981.1550248401,-15017.8101254983,1.53477306211699,1.5418159808907,1.5311455332661,0.0106704476245987,-6.94895151687697,-0.0283838140229015,1.53477306211699,0,267.161443506003,60.6481711487664,9.6003828032434e-10,1,0.986588788221555,0,-0.000260453341811129,0.0213408952491974,0,0,0
80.25,9499.68775996425,1.53485652657012,9500,9500.07651379239,1.55219218771505,1.53485652657012,0,-6.30974579022949,20.6010449786718,14,0,14981.1449105361,-15016.9988602265,1.53485652657012,1.5418159808907,1.53104519903763,0.0107707818530671,-6.91816151557032,-0.0285010180267165,1.53485652657012,0,267.161443506003,60.6481711487664,9.45379351213642e-10,1,0.986578739321402,0,-0.000111532399079239,0.0215415637061342,0,0,0
80.265,9499.5931137774,1.53495971277408,9500,9499.9757633784,1.55469325205657,1.53495971277408,0,-6.15799493216349,20.59771432943,14,0,14981.2356606408,-15016.2269658531,1.53495971277408,1.5418159808907,1.53096851114585,0.0108474697448446,-6.87359711768501,-0.0285512076063021,1.53495971277408,0,267.161443506003,60.6481711487664,9.28936993326418e-10,1,0.986568909954578,0,3.53258751260022e-05,0.0216949394896893,0,0,0
80.28,9499.50074385341,1.53508210112402,9500,9499.87659495118,1.557229706336,1.53508210112402,0,-5.99589868020559,20.5939948243103,14,0,14981.4255150421,-15015.4954165289,1.53508210112402,1.5418159808907,1.53091526529279,0.0109007155979106,-6.81556138079553,-0.0285353109624954,1.53508210112402,0,267.161443506003,60.6481711487664,9.10764970085758e-10,1,0.986559316986318,0,0.000179851439215506,0.0218014311958212,0,0,0
80.295,9499.41080537321,1.53522314030125,9500,9499.77918844106,1.55979579492376,1.53522314030125,0,-5.82395191759594,20.5899002767733,14,0,14981.712535478,-15014.8050875845,1.53522314030125,1.5418159808907,1.530885212278,0.0109307686127,-6.74438079133439,-0.0284543778148485,1.53522314030125,0,267.161443506003,60.6481711487664,8.90920581249086e-10,1,0.986549976532752,0,0.000321783367757789,0.0218615372254001,0,0,0
80.31,9499.32344609444,1.53538224900627,9500,9499.68371736424,1.56238579012235,1.53538224900627,0,-5.64266223479075,20.5854450741237,14,0,14982.0946128223,-15014.1567554092,1.53538224900627,1.5418159808907,1.53087805918323,0.0109379217074661,-6.66040420377891,-0.0283095752993574,1.53538224900627,0,267.161443506003,60.6481711487664,8.69463493176519e-10,1,0.986540903939074,0,0.000460870252828816,0.0218758434149322,0,0,0
80.325,9499.23880616092,1.53555881769115,9500,9499.59034856128,1.56499400361808,1.53555881769115,0,-5.45254864380271,20.5806441361149,14,0,14982.5694744503,-15013.5510975102,1.53555881769115,1.5418159808907,1.53089347064768,0.0109225102430208,-6.56400174946847,-0.0281021836855845,1.53555881769115,0,267.161443506003,60.6481711487664,8.46457789003108e-10,1,0.986532113759753,0,0.000596870561452745,0.0218450204860416,0,0,0
80.34,9499.15701793126,1.53575221031552,9500,9499.49924195394,1.56761479766238,1.53575221031552,0,-5.25414029382388,20.5755128732171,14,0,14983.1346917939,-15012.9886927709,1.53575221031552,1.5418159808907,1.53093107021182,0.0108849106788753,-6.45556371584209,-0.0278335919329307,1.53575221031552,0,267.161443506003,60.6481711487664,8.21969627482062e-10,1,0.986523619740734,0,0.000729552977735581,0.0217698213577506,0,0,0
80.355,9499.07820582686,1.53596176616196,9500,9499.41055032067,1.5702425959627,1.53596176616196,0,-5.04797516579788,20.5700671437941,14,0,14983.7876882503,-15012.4700219463,1.53596176616196,1.5418159808907,1.53099044170859,0.0108255391821059,-6.3354993990179,-0.0275052930929497,1.53596176616196,0,267.161443506003,60.6481711487664,7.96069146444202e-10,1,0.986515434803652,0,0.000858696708265549,0.0216510783642119,0,0,0
80.37,9499.00248619937,1.53618680161919,9500,9499.32441909079,1.57287189426478,1.53618680161919,0,-4.83459880465314,20.5643232121921,14,0,14984.5257470213,-15011.9954683039,1.53618680161919,1.5418159808907,1.53107113073933,0.010744850151363,-6.20423593322402,-0.0271188795742302,1.53618680161919,0,267.161443506003,60.6481711487664,7.68827535390819e-10,1,0.986507571032072,0,0.000984091766639494,0.0214897003027259,0,0,0
80.385,9498.9299672173,1.53642661201632,9500,9499.24098615782,1.57549727060712,1.53642661201632,0,-4.61456303531613,20.5582977059475,14,0,14985.3460192648,-15011.5653184876,1.53642661201632,1.5418159808907,1.53117264618826,0.0106433347024339,-6.0622170991165,-0.0266760382792425,1.53642661201632,0,267.161443506003,60.6481711487664,7.40320109705764e-10,1,0.986500039659703,0,0.00110553922195789,0.0212866694048679,0,0,0
80.4,9498.86074877177,1.53668047344235,9500,9499.16038171165,1.578113395233,1.53668047344235,0,-4.38842470491971,20.5520075735584,14,0,14986.2455322561,-15011.1797635419,1.53668047344235,1.5418159808907,1.53129446180019,0.0105215190905066,-5.90990211554726,-0.0261785456293614,1.53668047344235,0,267.161443506003,60.6481711487664,7.10624261099605e-10,1,0.986492851060619,0,0.00122285142526146,0.0210430381810132,0,0,0
80.415,9498.7949224012,1.53694764456851,9500,9499.08272808987,1.58071504014422,1.53694764456851,0,-4.15674443985251,20.5454700424491,14,0,14987.2211976355,-15010.8389001086,1.53694764456851,1.5418159808907,1.53143601780779,0.0103799630829049,-5.74776441742351,-0.0256282624879938,1.53694764456851,0,267.161443506003,60.6481711487664,6.79818871555974e-10,1,0.986486014741433,0,0.00133585221485699,0.0207599261658098,0,0,0
80.43,9498.7325712346,1.53722736849931,9500,9499.00813964808,1.5832970882836,1.53722736849931,0,-3.92008540035625,20.5387025765834,14,0,14988.2698198654,-15010.54273182,1.53722736849931,1.5418159808907,1.53159672259074,0.0102192582999607,-5.57629042359357,-0.0250271289913081,1.53722736849931,0,267.161443506003,60.6481711487664,6.47983873409779e-10,1,0.98647953933541,0,0.0014443770735344,0.0204385165999215,0,0,0
80.445,9498.67376995359,1.53751887458071,9500,9498.93672264912,1.58585454233418,1.53751887458071,0,-3.6790120794763,20.5317228352837,14,0,14989.3881045566,-15010.2911708164,1.53751887458071,1.5418159808907,1.53177595439158,0.0100400264991132,-5.39597829817231,-0.0243771593082176,1.53751887458071,0,267.161443506003,60.6481711487664,6.15203469618233e-10,1,0.986473432598521,0,0.0015482732814196,0.0200800529982263,0,0,0
80.46,9498.6185847724,1.53782138024456,9500,9498.86857517117,1.58838253312295,1.53782138024456,0,-3.43408909398852,20.5245486315558,14,0,14990.5726670387,-15010.0840394614,1.53782138024456,1.5418159808907,1.53197306304798,0.00984291784272129,-5.20733670799138,-0.0236804363315788,1.53782138024456,0,267.161443506003,60.6481711487664,5.81560569127613e-10,1,0.986467701407363,0,0.00164740003112618,0.0196858356854426,0,0,0
80.475,9498.56707343599,1.5381340928108,9500,9498.80378703445,1.59087632761986,1.5381340928108,0,-3.1858800187495,20.5171978916262,14,0,14991.8200408001,-15009.9210721764,1.5381340928108,1.5418159808907,1.53218737177186,0.00962860911883912,-5.01088357982089,-0.022939106317572,1.5381340928108,0,267.161443506003,60.6481711487664,5.47141324511344e-10,1,0.986462351758973,0,0.00174162851351545,0.0192572182376782,0,0,0
80.49,9498.51928523571,1.5384562113075,9500,9498.74243974649,1.59333133652195,1.5384562113075,0,-2.93494622485774,20.5096886143969,14,0,14993.1266860804,-15009.8019174487,1.5384562113075,1.5418159808907,1.53241817893905,0.00939780195164741,-4.80714485966655,-0.0221553734864901,1.5384562113075,0,267.161443506003,60.6481711487664,5.12031177339333e-10,1,0.986457388772443,0,0.0018308419845332,0.0187956039032948,0,0,0
80.505,9498.47526104234,1.53878692824787,9500,9498.68460646559,1.59574312141538,1.53878692824787,0,-2.6818457605945,20.5020388321423,14,0,14994.4889983302,-15009.7261399517,1.53878692824787,1.5418159808907,1.53266475991539,0.00915122097531129,-4.59665327751879,-0.0213314945934501,1.53878692824787,0,267.161443506003,60.6481711487664,4.76317199403078e-10,1,0.986452816692361,0,0.00191493580057966,0.0183024419506226,0,0,0
80.52,9498.43503335593,1.53912543142162,9500,9498.63035198233,1.59810740150683,1.53912543142162,0,-2.42713418473086,20.4942665692588,13,0,14995.9033273765,-15009.6932444637,1.53912543142162,1.5418159808907,1.53292636888364,0.00888961200705696,-4.37994711940599,-0.0204697734831893,1.53912543142162,0,267.161443506003,60.6481711487664,9.95327449195408e-10,1,0.986448638893979,0,0.00199381743479909,0.0177792240141139,0,0,0
80.535,9498.39862634316,1.53947090562533,9500,9498.57973271882,1.60042005991901,1.53947090562533,0,-2.17135553270325,20.4863898122298,13,0,14997.365942486,-15009.7025896241,1.53947090562533,1.5418159808907,1.53320224070462,0.00861374018607886,-4.15756900983022,-0.0195725556375297,1.53947090562533,0,267.161443506003,60.6481711487664,9.12444354917567e-10,1,0.986444857887101,0,0.0020674064563917,0.0172274803721577,0,0,0
80.55,9498.36605601017,1.53982253476227,9500,9498.53279673774,1.60267714973597,1.53982253476227,0,-1.91505327802983,20.4784264531719,13,0,14998.8731089866,-15009.7535268517,1.53982253476227,1.5418159808907,1.53349159258884,0.008324388301862,-3.93006481792693,-0.0186422227321534,1.53982253476227,0,267.161443506003,60.6481711487664,8.28715677623306e-10,1,0.986441475334024,0,0.00213563452083854,0.016648776603724,0,0,0
80.565,9498.337330211,1.54017950260228,9500,9498.48958379393,1.60487489896403,1.54017950260228,0,-1.65876157792525,20.4703942809821,13,0,15000.4210469274,-15009.8453092866,1.54017950260228,1.5418159808907,1.53379362643602,0.00802235445467914,-3.69798217983249,-0.0176811871977761,1.54017950260228,0,267.161443506003,60.6481711487664,7.44425255809246e-10,1,0.986438492050421,0,0.00219844526399049,0.0160447089093583,0,0,0
80.58,9498.31244878733,1.54054099503233,9500,9498.45012537474,1.6070097157375,1.54054099503233,0,-1.40300604954937,20.4623109315957,13,0,15002.0059536123,-15009.9771187526,1.54054099503233,1.5418159808907,1.53410753040539,0.00770845048530711,-3.46186951246776,-0.0166918868289804,1.54054099503233,0,267.161443506003,60.6481711487664,6.59768212756313e-10,1,0.986435908019849,0,0.0022557942532464,0.0154169009706142,0,0,0
80.595,9498.29140369658,1.5409062017191,9500,9498.41444476615,1.60907819284018,1.5409062017191,0,-1.14830280899605,20.4541938530503,13,0,15003.6240118889,-15010.1480686054,1.5409062017191,1.5418159808907,1.53443248076899,0.00738350012170885,-3.22227486577906,-0.0156767794150195,1.5409062017191,0,267.161443506003,60.6481711487664,5.74938373038446e-10,1,0.986433722407056,0,0.00230764886994161,0.0147670002434177,0,0,0
80.61,9498.27417915445,1.54127431769912,9500,9498.38255713496,1.61107711176957,1.54127431769912,0,-0.895157569447757,20.4460602724195,13,0,15005.2713981559,-15010.3572066351,1.54127431769912,1.5418159808907,1.53476764377471,0.00704833711598396,-2.97974479203411,-0.0146383374235458,1.54127431769912,0,267.161443506003,60.6481711487664,4.90126354268679e-10,1,0.986431933572782,0,0.00235398818397359,0.0140966742319679,0,0,0
80.625,9498.26075179091,1.54164454492035,9500,9498.35446962659,1.61300344634218,1.54164454492035,0,-0.644062989035313,20.4379271660768,12,0,15006.9442804429,-15010.6034980958,1.54164454492035,1.5418159808907,1.53511217750549,0.00670380338520649,-2.73482323459659,-0.0135790427407576,1.54164454492035,0,267.161443506003,60.6481711487664,9.16939386743383e-10,1,0.986430539089959,0,0.00239480281334514,0.013407606770413,0,0,0
80.64,9498.25109084607,1.54201609374571,9500,9498.330181478,1.61485436584228,1.54201609374571,0,-0.395505421521294,20.4298112210891,12,0,15008.638867252,-15010.8859129181,1.54201609374571,1.5418159808907,1.53546523372582,0.00635074716488093,-2.48805043991785,-0.0125013814747523,1.54201609374571,0,267.161443506003,60.6481711487664,7.26346542547247e-10,1,0.986429535764059,0,0.00243009474609512,0.0127014943297619,0,0,0
80.655,9498.24515826475,1.54238818404644,9500,9498.3096841521,1.61662723754041,1.54238818404644,0,-0.149952406701548,20.4217288257506,12,0,15010.3513484423,-15011.2032955379,1.54238818404644,1.5418159808907,1.53582595989332,0.00599002099737844,-2.2399617934314,-0.0114078388390095,1.54238818404644,0,267.161443506003,60.6481711487664,5.37265291999397e-10,1,0.986428919642903,0,0.00245987715312301,0.0119800419947569,0,0,0
80.67,9498.24290897865,1.54276004753848,9500,9498.29296146182,1.61831962937318,1.54276004753848,0,0.0921387461420592,20.4136960125545,11,0,15012.0779607952,-15011.5544792432,1.54276004753848,1.5418159808907,1.53619350050675,0.00562248038394464,-1.99108706511879,-0.0103008941201042,1.54276004753848,0,267.161443506003,60.6481711487664,7.90806029012826e-10,1,0.986428686045979,0,0.00248417419460756,0.0112449607678893,0,0,0
80.685,9498.24429105984,1.54313092849565,9500,9498.27998973515,1.61992931148927,1.54313092849565,0,0.330332110672643,20.4057284567765,10,0,15013.8149331029,-15011.9381679162,1.54313092849565,1.5418159808907,1.53656699922196,0.00524898166874066,-1.74194921758562,-0.00918301573253077,1.54313092849565,0,267.161443506003,60.6481711487664,8.42865220729488e-10,1,0.986428829580372,0,0.00250302078477471,0.0104979633374813,0,0,0
80.7,9498.2492460415,1.54350008536209,9500,9498.27073797721,1.62145425774803,1.54350008536209,0,0.564194197185529,20.3978414317472,9,0,15015.558602344,-15012.3531598636,1.54350008536209,1.5418159808907,1.53694560046531,0.00487038042538668,-1.49306352215701,-0.00805665637938215,1.54350008536209,0,267.161443506003,60.6481711487664,2.1600899048174e-10,1,0.986429344174081,0,0.00251646235779401,0.00974076085077336,0,0,0
80.715,9498.25770895446,1.54386679080625,9500,9498.26516807342,1.62289264605212,1.54386679080625,0,0.793317477822408,20.390049771465,11,0,15017.3052842237,-15012.7980847128,1.54386679080625,1.5418159808907,1.53732845177373,0.00448752911696415,-1.24493626397608,-0.00692424831837484,1.54386679080625,0,267.161443506003,60.6481711487664,4.48334621921914e-10,1,0.98643022307981,0,0.00252455457297596,0.0089750582339283,0,0,0
80.73,9498.26960871662,1.54423033466329,9500,9498.2632349495,1.62424285962444,1.54423033466329,0,1.01730650819341,20.3823679452929,11,0,15019.0513770827,-15013.2715861807,1.54423033466329,1.5418159808907,1.53771470462413,0.00410127626656465,-0.998064370387438,-0.00578819876053566,1.54423033466329,0,267.161443506003,60.6481711487664,8.48128785645756e-10,1,0.986431458915414,0,0.00252736308426638,0.00820255253312929,0,0,0
80.745,9498.28486831425,1.54459002410247,9500,9498.26488679092,1.62550348665499,1.54459002410247,0,1.23578016574968,20.3748098953981,12,0,15020.7933458019,-15013.7722932712,1.54459002410247,1.5418159808907,1.5381035165985,0.00371246429219596,-0.752934244620769,-0.0046508853726158,1.54459002410247,0,267.161443506003,60.6481711487664,5.4835073937931e-10,1,0.98643304368272,0,0.00252496323013141,0.00742492858439192,0,0,0
80.76,9498.30340501673,1.54494518493677,9500,9498.27006525246,1.62667332003468,1.54494518493677,0,1.44838141459941,20.3673891098749,12,0,15022.5276819904,-15014.2987249928,1.54494518493677,1.5418159808907,1.53849405290813,0.00332192798256448,-0.510021003492116,-0.00351465191905666,1.54494518493677,0,267.161443506003,60.6481711487664,7.17588992755326e-10,1,0.986434968789843,0,0.00251743972804341,0.00664385596512895,0,0,0
80.775,9498.32513073795,1.54529516326797,9500,9498.27870566912,1.62775135689733,1.54529516326797,0,1.65476537695031,20.360118557881,12,0,15024.2509813834,-15014.8494355356,1.54529516326797,1.5418159808907,1.53888548768134,0.00293049320935324,-0.269787863660794,-0.00238180404143713,1.54529516326797,0,267.161443506003,60.6481711487664,8.82816633634315e-10,1,0.986437225088702,0,0.00250488637574597,0.00586098641870647,0,0,0
80.79,9498.34995221861,1.54563932545001,9500,9498.29073730602,1.62873679701359,1.54563932545001,0,1.8546086210866,20.3530107055245,13,0,15025.9598929157,-15015.4229105804,1.54563932545001,1.5418159808907,1.53927700602487,0.00253897486583066,-0.032685088755192,-0.00125460517235144,1.54563932545001,0,267.161443506003,60.6481711487664,4.61569280250395e-10,1,0.986439802893963,0,0.00248740569742889,0.00507794973166131,0,0,0
80.805,9498.37777134792,1.5459770595334,9500,9498.30608359081,1.62962904144201,1.5459770595334,0,2.04760028926507,20.346077479272,13,0,15027.6511785509,-15016.0176775396,1.5459770595334,1.5418159808907,1.53966780526509,0.00214817562560765,0.200850572399275,-0.000135272608508438,1.5459770595334,0,267.161443506003,60.6481711487664,5.3064392717423e-10,1,0.986442692016451,0,0.00246510861337401,0.0042963512512153,0,0,0
80.82,9498.40848535226,1.54630777576117,9500,9498.32466236916,1.63042769041811,1.54630777576117,0,2.23345356663218,20.3393302698378,13,0,15029.321654749,-15016.6321818667,1.54630777576117,1.5418159808907,1.54005709658921,0.0017588843014833,0.430396664623256,0.000974026267509867,1.54630777576117,0,267.161443506003,60.6481711487664,5.97426002526749e-10,1,0.98644588178273,0,0.00243811407045391,0.0035177686029666,0,0,0
80.835,9498.44198715576,1.54663090831926,9500,9498.34638614302,1.63113254149211,1.54663090831926,0,2.41189926352893,20.3327798925796,13,0,15030.9682414193,-15017.2648724727,1.54663090831926,1.5418159808907,1.54044410597602,0.00137187491467627,0.655545377180844,0.00207117759921413,1.54663090831926,0,267.161443506003,60.6481711487664,6.6187712226202e-10,1,0.986449361072565,0,0.00240654871212542,0.00274374982935255,0,0,0
80.85,9498.47816564472,1.54694591558714,9500,9498.37116234048,1.6317435866823,1.54694591558714,0,2.58268746754883,20.3264365879952,13,0,15032.5879547598,-15017.9141851795,1.54694591558714,1.5418159808907,1.54082807580231,0.000987905088385865,0.875904284951231,0.00315412451967057,1.54694591558714,0,267.161443506003,60.6481711487664,7.23894936939824e-10,1,0.986453118346375,0,0.00237054649227941,0.00197581017677173,0,0,0
80.865,9498.51690595673,1.54725228083118,9500,9498.39889358432,1.6322610094625,1.54725228083118,0,2.7455877332081,20.3203100112981,13,0,15034.1779116543,-15018.5785460383,1.54725228083118,1.5418159808907,1.54120826614106,0.000607714749640831,1.09109690438239,0.0042208704411963,1.54725228083118,0,267.161443506003,60.6481711487664,7.83384159566805e-10,1,0.986457141675263,0,0.00233024829911899,0.00121542949928166,0,0,0
80.88,9498.55808977273,1.54754951279651,9500,9498.42947796578,1.63268518141202,1.54754951279651,0,2.90038920270584,20.3144092242261,13,0,15035.7353336069,-15019.2563745756,1.54754951279651,1.5418159808907,1.54158395602569,0.000232024865004732,1.30076320554521,0.00526948217579985,1.54754951279651,0,267.161443506003,60.6481711487664,8.40257297894088e-10,1,0.986461418771342,0,0.00228580155333047,0.000464049730009464,0,0,0
80.895,9498.60159561077,1.54783714628227,9500,9498.4628093232,1.63301665854058,1.54783714628227,0,3.04690071538385,20.3087426872377,13,0,15037.2575506149,-15019.9460870403,1.54783714628227,1.5418159808907,1.54195444463231,-0.000138463741614192,1.50456008039563,0.00629809287479856,1.54783714628227,0,267.161443506003,60.6481711487664,8.94435679217443e-10,1,0.986465937018249,0,0.00223735983181683,-0.000276927483228384,0,0,0
80.91,9498.6472991215,1.54811474267124,9500,9498.49877752445,1.63325617730435,1.54811474267124,0,3.18495088446816,20.3033182527082,13,0,15038.7420048281,-15020.6460996225,1.54811474267124,1.5418159808907,1.54231905239999,-0.000503071509288855,1.70216176553138,0.00730490479911613,1.54811474267124,0,267.161443506003,60.6481711487664,9.45847399660646e-10,1,0.986470683501833,0,0.00218508245184923,-0.00100614301857771,0,0,0
80.925,9498.69507338476,1.54838189036201,9500,9498.53726875285,1.63340465032433,1.54838189036201,0,3.31438811062061,20.2981431602236,13,0,15040.1862537668,-15021.3548315883,1.54838189036201,1.5418159808907,1.54267712210627,-0.000861141215567907,1.89326022122053,0.00828819190244829,1.54838189036201,0,267.161443506003,60.6481711487664,9.9442805556194e-10,1,0.98647564504095,0,0.00212913407772919,-0.00172228243113581,0,0,0
80.94,9498.74478920642,1.54863820519828,9500,9498.57816579577,1.63346316182006,1.54863820519828,0,3.43507855832111,20.2932240297276,14,0,15041.5879846001,-15022.0707310496,1.54863820519828,1.5418159808907,1.54302801985562,-0.00121203896492128,2.07756546741516,0.00924630223742642,1.54863820519828,0,267.161443506003,60.6481711487664,4.59812624738824e-10,1,0.986480808218298,0,0.00206968429773635,-0.00242407792984256,0,0,0
80.955,9498.7963153848,1.54888333081157,9500,9498.62134833543,1.6334329627728,1.54888333081157,0,3.54691419132366,20.2885668670391,14,0,15042.9449729737,-15022.7921881285,1.54888333081157,1.5418159808907,1.54337113601596,-0.00155515512526572,2.25480587682318,0.0101776601714078,1.54888333081157,0,267.161443506003,60.6481711487664,4.78648788615513e-10,1,0.986486159408083,0,0.0020069072262463,-0.00311031025053143,0,0,0
80.97,9498.84951909767,1.54911693929495,9500,9498.66669323336,1.63331546603074,1.54911693929495,0,3.64980091052951,20.2841770420522,14,0,15044.2551527907,-15023.5176721268,1.54911693929495,1.5418159808907,1.54370588590018,-0.0018899050094825,2.42472831015422,0.0110807684232186,1.54911693929495,0,267.161443506003,60.6481711487664,4.96201181409238e-10,1,0.986491684816212,0,0.00194098108666063,-0.00377981001896499,0,0,0
80.985,9498.90426611133,1.54933873049303,9500,9498.71407484142,1.6331122405262,1.54933873049303,0,3.74366578237587,20.2800593158991,14,0,15045.5165708671,-15024.2456451029,1.54933873049303,1.5418159808907,1.54403171104564,-0.00221573015494103,2.58709861329334,0.0119542099122159,1.54933873049303,0,267.161443506003,60.6481711487664,5.12420811872098e-10,1,0.986497370502003,0,0.00187208777704218,-0.00443146030988206,0,0,0
81,9498.96042109806,1.54954843272981,9500,9498.76336528641,1.63282500593048,1.54954843272981,0,3.82845527739976,20.2762178278913,14,0,15046.7274022122,-15024.9745871502,1.54954843272981,1.5418159808907,1.54434807967709,-0.00253209878638838,2.74170161480214,0.0127966494118849,1.54954843272981,0,267.161443506003,60.6481711487664,5.27295746113716e-10,1,0.986503202411159,0,0.00180041245806906,-0.00506419757277676,0,0,0
81.015,9499.01784792722,1.54974580294047,9500,9498.8144347632,1.63245562687918,1.54974580294047,0,3.90413509278649,20.2726560969881,14,0,15047.8859518302,-15025.7029991968,1.54974580294047,1.5418159808907,1.54465448737482,-0.0028385064841232,2.88834124953548,0.013606835018016,1.54974580294047,0,267.161443506003,60.6481711487664,5.40818599293225e-10,1,0.986509166405992,0,0.0017261431460649,-0.00567701296824641,0,0,0
81.03,9499.07640995361,1.54993062674153,9500,9498.86715182732,1.63200610699103,1.54993062674153,0,3.97068993727091,20.2693770245009,14,0,15048.9906562272,-15026.4294057233,1.54993062674153,1.5418159808907,1.54495045768216,-0.00313447679145806,3.02684064708168,0.0143835994337452,1.54993062674153,0,267.161443506003,60.6481711487664,5.5298521675578e-10,1,0.986515248295379,0,0.00164947027929307,-0.00626895358291613,0,0,0
81.045,9499.13597030267,1.55010271841542,9500,9498.92138368647,1.63147858269481,1.55010271841542,0,4.02812326349127,20.2663828985308,14,0,15050.0400845071,-15027.1523573692,1.55010271841542,1.5418159808907,1.54523554265805,-0.00341956176735358,3.15704218470641,0.015125861059427,1.55010271841542,0,267.161443506003,60.6481711487664,5.63793501687231e-10,1,0.986521433864376,0,0.00157058631667484,-0.00683912353470717,0,0,0
81.06,9499.19639215162,1.55026192083108,9500,9498.97699649039,1.63087531687959,1.55026192083108,0,4.07645696204731,20.2636753996677,14,0,15051.0329391535,-15027.8704334409,1.55026192083108,1.5418159808907,1.54550932337147,-0.00369334248077346,3.27880750420248,0.0158326249019307,1.55026192083108,0,267.161443506003,60.6481711487664,5.73245317372502e-10,1,0.986527708903416,0,0.00148968531261162,-0.00738668496154693,0,0,0
81.075,9499.25753900605,1.55040810532731,9500,9499.03385561845,1.63019869238467,1.55040810532731,0,4.11573103576974,20.261255607363,14,0,15051.9680566232,-15028.5822443445,1.55040810532731,1.5418159808907,1.54577141031869,-0.00395542942799643,3.39201749185805,0.0165029832926059,1.55040810532731,0,267.161443506003,60.6481711487664,5.81344875536838e-10,1,0.986534059237036,0,0.00140696250890504,-0.00791085885599285,0,0,0
81.09,9499.31927497159,1.55054117150941,9500,9499.09182596439,1.62945120534646,1.55054117150941,0,4.14600322210537,20.2591240080327,14,0,15052.8444075152,-15029.2864338899,1.55054117150941,1.5418159808907,1.54602144379215,-0.0042054629014483,3.49657222066183,0.0171361164216132,1.55054117150941,0,267.161443506003,60.6481711487664,5.88100638418754e-10,1,0.986540470752087,0,0.00132261392720023,-0.0084109258028966,0,0,0
81.105,9499.38146501992,1.55066104702073,9500,9499.15077221772,1.62863545841785,1.55066104702073,0,4.16734860416596,20.2572805035577,14,0,15053.6610966035,-15029.9816815207,1.55066104702073,1.5418159808907,1.54625909417011,-0.00444311327941138,3.59239085534632,0.0177312926888533,1.55066104702073,0,267.161443506003,60.6481711487664,5.93522975134891e-10,1,0.986546929425364,0,0.00123683595943946,-0.00888622655882276,0,0,0
81.12,9499.44397524899,1.5507676872577,9500,9499.21055914107,1.62775415387749,1.5507676872577,0,4.17985919027523,20.255724420851,14,0,15054.4173625816,-15030.6667044373,1.5507676872577,1.5418159808907,1.5464840621425,-0.0046680812518014,3.67941151977137,0.0182878688706011,1.5507676872577,0,267.161443506003,60.6481711487664,5.97623575056698e-10,1,0.98655342135063,0,0.00114982497023841,-0.00933616250360281,0,0,0
81.135,9499.50667313684,1.55086107503652,9500,9499.27105184314,1.62681008664421,1.55086107503652,0,4.1836434680248,20.2544545223116,14,0,15055.11257756,-15031.3402596173,1.55086107503652,1.5418159808907,1.54669607887139,-0.00488009798069511,3.75759112800429,0.0188052901072084,1.55086107503652,0,267.161443506003,60.6481711487664,6.00419838417942e-10,1,0.986559932764975,0,0.00106177690339071,-0.00976019596139022,0,0,0
81.15,9499.56942778886,1.55094122022988,9500,9499.33211604667,1.62580613721216,1.55094122022988,0,4.17882594496437,20.2534690167656,14,0,15055.7462463979,-15032.0011457452,1.55094122022988,1.5418159808907,1.54689490607797,-0.00507892518727471,3.82690517983065,0.0192830897137342,1.55094122022988,0,267.161443506003,60.6481711487664,6.01928726716598e-10,1,0.986566450074496,0,0.000972886894474945,-0.0101578503745494,0,0,0
81.165,9499.63211017803,1.55100815933508,9500,9499.39361835105,1.62474526452181,1.55100815933508,0,4.16554665060934,20.25276557172,14,0,15056.3180056856,-15032.6482050154,1.55100815933508,1.5418159808907,1.54708033607663,-0.00526435518593127,3.88734752209898,0.0197208888162479,1.55100815933508,0,267.161443506003,60.6481711487664,6.02170860590622e-10,1,0.986572959879244,0,0.00088334888908026,-0.0105287103718625,0,0,0
81.18,9499.69459337779,1.55106195501984,9500,9499.45542648916,1.62363049878084,1.55106195501984,0,4.1439606311548,20.2523413259319,14,0,15056.8276225971,-15033.2803248447,1.55106195501984,1.5418159808907,1.54725219173429,-0.00543621084359658,3.93893007758265,0.020118395816334,1.55106195501984,0,267.161443506003,60.6481711487664,6.01169640340524e-10,1,0.986579448997413,0,0.000793355271565765,-0.0108724216871932,0,0,0
81.195,9499.75675278726,1.55110269560843,9500,9499.51740957794,1.62246493425009,1.55110269560843,0,4.11423741224301,20.2521929030949,14,0,15057.2749934324,-15033.8964394587,1.55110269560843,1.5418159808907,1.5474103263761,-0.0055943454854035,3.98168254218666,0.0204754056885386,1.55110269560843,0,267.161443506003,60.6481711487664,5.98948902896744e-10,1,0.986585904488729,0,0.000703096494974798,-0.011188690970807,0,0,0
81.21,9499.81846634844,1.55113049453752,9500,9499.57943836242,1.62125172200869,1.55113049453752,0,4.07656044941782,20.2523164260076,14,0,15057.6601419877,-15034.4955313755,1.55113049453752,1.5418159808907,1.54755462362292,-0.00573864273222768,4.01565205216359,0.0207917991112773,1.55113049453752,0,267.161443506003,60.6481711487664,5.95537019376029e-10,1,0.986592313677002,0,0.00061276073476435,-0.0114772854644554,0,0,0
81.225,9499.87961475519,1.55114548976688,9500,9499.64138545285,1.61999406271274,1.55114548976688,0,4.03112655692153,20.252707531545,14,0,15057.9832176825,-15035.0766327703,1.55114548976688,1.5418159808907,1.54768499717357,-0.00586901628286984,4.04090282233946,0.0210675414419212,1.55114548976688,0,267.161443506003,60.6481711487664,5.90961917468483e-10,1,0.986598664171835,0,0.000522533529821789,-0.0117380325657397,0,0,0
81.24,9499.94008165354,1.55114784313545,9500,9499.70312555442,1.61869519936111,1.55114784313545,0,3.97814530863652,20.2533613866322,14,0,15058.2444933961,-15035.6388267083,1.55114784313545,1.5418159808907,1.54780139053349,-0.00598540964279426,4.05751575698766,0.021302681530341,1.55114784313545,0,267.161443506003,60.6481711487664,5.85255032631304e-10,1,0.986604943889427,0,0.000432597460146233,-0.0119708192855885,0,0,0
81.255,9499.99975383317,1.55113773970226,9500,9499.76453568946,1.61735841008259,1.55113773970226,0,3.91783843778725,20.2542727043773,14,0,15058.4443631995,-15036.181248281,1.55113773970226,1.5418159808907,1.54790377667862,-0.00608779578792351,4.06558803433124,0.0214973503874069,1.55113773970226,0,267.161443506003,60.6481711487664,5.78447501812333e-10,1,0.986611141072455,0,0.000343131808356878,-0.012175591575847,0,0,0
81.27,9500.05852140974,1.55111538702889,9500,9499.82549541163,1.61598700095889,1.55111538702889,0,3.85043920679001,20.2554357612907,14,0,15058.583339777,-15036.7030856023,1.55111538702889,1.5418159808907,1.54799215767218,-0.00617617678148541,4.06523266533003,0.0216517597011674,1.55111538702889,0,267.161443506003,60.6481711487664,5.70574407246775e-10,1,0.98661724430901,0,0.00025431225152972,-0.0123523535629708,0,0,0
81.285,9500.11627799784,1.55108101444099,9500,9499.88588701186,1.61458429889626,1.55108101444099,0,3.77619177233812,20.2568444147906,14,0,15058.6620517123,-15037.2035806977,1.55108101444099,1.5418159808907,1.54806656422273,-0.00625058333203188,4.0565780285513,0.0217662002143558,1.55108101444099,0,267.161443506003,60.6481711487664,5.61670970433048e-10,1,0.986623242550565,0,0.000166310552487614,-0.0125011666640638,0,0,0
81.3,9500.17292087442,1.55103487224058,9500,9499.94559571577,1.61315364456004,1.55103487224058,0,3.69535052701375,20.2584921215983,14,0,15058.6812405054,-15037.682030257,1.55103487224058,1.5418159808907,1.54812705519724,-0.00631107430654665,4.03976738172,0.0218410399629752,1.55103487224058,0,267.161443506003,60.6481711487664,5.51772990778899e-10,1,0.986629125128938,0,7.92942770662108e-05,-0.0126221486130933,0,0,0
81.315,9500.22835113233,1.55097723091319,9500,9500.0045098722,1.61169838538454,1.55097723091319,0,3.60817944699785,20.2603719560874,14,0,15058.641757526,-15038.1377862916,1.55097723091319,1.5418159808907,1.54817371707328,-0.00635773618258129,4.01495835153956,0.021876722387655,1.55097723091319,0,267.161443506003,60.6481711487664,5.40919625738632e-10,1,0.986634881772246,0,-6.57349914034988e-06,-0.0127154723651626,0,0,0
81.33,9500.28247382403,1.55090838029354,9500,9500.06252113278,1.61022186867227,1.55090838029354,0,3.51495142193979,20.2624766293641,14,0,15058.5445607343,-15038.5702566596,1.55090838029354,1.5418159808907,1.5482066633458,-0.00639068245510011,3.98232240237836,0.0218737643130419,1.55090838029354,0,267.161443506003,60.6481711487664,5.29149731669126e-10,1,0.986640502619825,0,-9.11344422604987e-05,-0.0127813649102002,0,0,0
81.345,9500.33519809536,1.55082862867902,9500,9500.11952462212,1.60872743479392,1.55082862867902,0,3.41594755993863,20.2647985093149,14,0,15058.3907111146,-15038.9789054476,1.55082862867902,1.5418159808907,1.54822603390355,-0.00641005301285169,3.94204428581432,0.0218327538140247,1.55082862867902,0,267.161443506003,60.6481711487664,5.16503034370239e-10,1,0.986645978236125,0,-0.000174235222994978,-0.0128201060257034,0,0,0
81.36,9500.38643730876,1.55073830197958,9500,9500.17541909863,1.60721841050094,1.55073830197958,0,3.31145652585812,20.2673296397231,14,0,15058.1813692372,-15039.3632532905,1.55073830197958,1.5418159808907,1.54823199432809,-0.0064160134373954,3.89432147232134,0.0217543479636769,1.55073830197958,0,267.161443506003,60.6481711487664,5.03021153195121e-10,1,0.986651299623504,0,-0.000255727755319679,-0.0128320268747908,0,0,0
81.375,9500.43610915665,1.55063774277736,9500,9500.23010710552,1.6056981023645,1.55063774277736,0,3.20177383043231,20.2700617611791,14,0,15057.9177913572,-15039.7228775107,1.55063774277736,1.5418159808907,1.54822473518426,-0.0064087542935598,3.83936356537265,0.0216392704737831,1.55063774277736,0,267.161443506003,60.6481711487664,4.8874452784138e-10,1,0.986656458234009,0,-0.000335469423121237,-0.0128175085871196,0,0,0
81.39,9500.48413576411,1.55052730941013,9500,9500.28349511209,1.60416979034901,1.55052730941013,0,3.08720114458783,20.2729863313369,14,0,15057.6013255817,-15040.0574121809,1.55052730941013,1.5418159808907,1.54820447124767,-0.00638849035697353,3.7773917010996,0.0214883092333785,1.55052730941013,0,267.161443506003,60.6481711487664,4.73717832587074e-10,1,0.986661445980031,0,-0.00041332328519017,-0.0127769807139471,0,0,0
81.405,9500.53044378128,1.55040737502781,9500,9500.33549364507,1.60263672153394,1.55040737502781,0,2.9680456058148,20.2760945456154,14,0,15057.2334078675,-15040.3665480652,1.55040737502781,1.5418159808907,1.54817144069966,-0.00635545980896346,3.70863793318697,0.0213023137550429,1.55040737502781,0,267.161443506003,60.6481711487664,4.57983098663822e-10,1,0.98666625524391,0,-0.000489158284039171,-0.0127109196179269,0,0,0
81.42,9500.57496446536,1.55027832661643,9500,9500.38601740974,1.60110210399282,1.55027832661643,0,2.84461911274161,20.2793773584682,14,0,15056.8155578211,-15040.6500324292,1.55027832661643,1.5418159808907,1.54812590429144,-0.00630992340074443,3.6333446053048,0.0210821925272253,1.55027832661643,0,267.161443506003,60.6481711487664,4.41583519004958e-10,1,0.986670878886443,0,-0.000562849419314837,-0.0126198468014889,0,0,0
81.435,9500.61763375205,1.55014056402294,9500,9500.43498540105,1.59956910083953,1.55014056402294,0,2.71723951417472,20.2828255065027,13,0,15056.3493642077,-15040.9076477946,1.55014056402294,1.5418159808907,1.54806814446884,-0.00625216357814584,3.55176371246567,0.0208289102885336,1.55014056402294,0,267.161443506003,60.6481711487664,9.62740848797526e-10,1,0.986675310254309,0,-0.000634277919103754,-0.0125043271562917,0,0,0
81.45,9500.65839234477,1.54999449896521,9500,9500.48232100431,1.59804082445194,1.54999449896521,0,2.58622227681936,20.2864295220723,13,0,15055.836522162,-15041.1392965035,1.54999449896521,1.5418159808907,1.54799846446591,-0.00618248357521023,3.4641562522818,0.0205434852249369,1.54999449896521,0,267.161443506003,60.6481711487664,9.22970319799472e-10,1,0.98667954318933,0,-0.000703331397474471,-0.0123649671504205,0,0,0
81.465,9500.69718567892,1.54984055365607,9500,9500.52795209309,1.59652033069601,1.54984055365607,0,2.45189116076381,20.2901797739727,13,0,15055.2787638427,-15041.3448707099,1.54984055365607,1.5418159808907,1.54791718755605,-0.00610120666534963,3.3707916755445,0.0202269860960734,1.54984055365607,0,267.161443506003,60.6481711487664,8.81909485449814e-10,1,0.986683572024769,0,-0.000769903994822574,-0.0122024133306993,0,0,0
81.48,9500.73396404633,1.54967916072415,9500,9500.57181109227,1.59501061395509,1.54967916072415,0,2.31457029339512,20.2940664617797,13,0,15054.6779008576,-15041.5243398512,1.54967916072415,1.5418159808907,1.54782465562317,-0.00600867473247479,3.27194694819749,0.0198805292984033,1.54967916072415,0,267.161443506003,60.6481711487664,8.39738453261887e-10,1,0.98668739159824,0,-0.000833896485731511,-0.0120173494649496,0,0,0
81.495,9500.76868260073,1.5495107615961,9500,9500.61383505723,1.59351460170884,1.5495107615961,0,2.17458507879986,20.2980796520934,13,0,15054.035806088,-15041.6777273097,1.5495107615961,1.5418159808907,1.54772122847791,-0.00590524758721056,3.16790605478609,0.0195052758798241,1.5495107615961,0,267.161443506003,60.6481711487664,7.96559325244165e-10,1,0.986690997252289,0,-0.000895216392232001,-0.0118104951744211,0,0,0
81.51,9500.80130137691,1.54933580547317,9500,9500.65396573372,1.59203514953721,1.54933580547317,0,2.03226151972001,20.3022093001516,13,0,15053.3544090032,-15041.8051095853,1.54933580547317,1.5418159808907,1.54760728285112,-0.00579130196042588,3.05895933049416,0.0191024285033197,1.54933580547317,0,267.161443506003,60.6481711487664,7.52473747853171e-10,1,0.986694384836376,0,-0.000953778081313139,-0.0115826039208518,0,0,0
81.525,9500.83178529971,1.54915474828645,9500,9500.69214960735,1.59057503634788,1.54915474828645,0,1.88792553530811,20.3064452718094,13,0,15052.635690834,-15041.9066153509,1.54915474828645,1.5418159808907,1.54748321137619,-0.0056672304854879,2.9454027850332,0.0186732283667288,1.54915474828645,0,267.161443506003,60.6481711487664,7.07582913032598e-10,1,0.986697550707811,0,-0.00100950284119383,-0.0113344609709758,0,0,0
81.54,9500.86010418274,1.54896805169175,9500,9500.72833794247,1.58913695983287,1.54896805169175,0,1.74190231387974,20.3107773645799,13,0,15051.8816798863,-15041.9824244518,1.54896805169175,1.5418159808907,1.54734942153427,-0.00553344064356986,2.82753742150033,0.0182189520881915,1.54896805169175,0,267.161443506003,60.6481711487664,6.61989461254332e-10,1,0.986700491731624,0,-0.00106231894163322,-0.0110668812871397,0,0,0
81.555,9500.88623271745,1.54877618203855,9500,9500.76248681071,1.58772353216036,1.54877618203855,0,1.59451565775096,20.3151953291495,13,0,15051.0944466942,-15042.032766786,1.54877618203855,1.5418159808907,1.547206334599,-0.00539035370830421,2.70566855231048,0.0177409085644566,1.54877618203855,0,267.161443506003,60.6481711487664,6.15793532442495e-10,1,0.986703205279425,0,-0.00111216168548967,-0.0107807074166084,0,0,0
81.57,9500.91015045231,1.54857960938171,9500,9500.79455710927,1.58633727590481,1.54857960938171,0,1.44608736474804,20.3196888898998,13,0,15050.2760993286,-15042.0579211356,1.54857960938171,1.5418159808907,1.54705438454818,-0.00523840365748729,2.58010511572018,0.0172404358059862,1.54857960938171,0,267.161443506003,60.6481711487664,5.69095254410429e-10,1,0.986705689227246,0,-0.00115897343785432,-0.0104768073149746,0,0,0
81.585,9500.93184176278,1.5483788064761,9500,9500.82451456903,1.58498062022083,1.5483788064761,0,1.29693660718985,20.3242477657271,13,0,15049.4287785872,-15042.0582138918,1.5483788064761,1.5418159808907,1.54689401697747,-0.00507803608677415,2.45115899396542,0.0167188977589518,1.5483788064761,0,267.161443506003,60.6481711487664,5.21993134821431e-10,1,0.986707941952417,0,-0.00120270363621788,-0.0101560721735483,0,0,0
81.6,9500.95129581189,1.54817424777994,9500,9500.85232975288,1.58365589726212,1.54817424777994,0,1.14737932500718,20.3288616906062,13,0,15048.5546531853,-15042.0340177014,1.54817424777994,1.5418159808907,1.5467256880074,-0.00490970711670435,2.31914433635843,0.0161776811226538,1.54817424777994,0,267.161443506003,60.6481711487664,4.74587573646772e-10,1,0.986709962329479,0,-0.00124330879961443,-0.00981941423340871,0,0,0
81.615,9500.96850650177,1.54796640847473,9500,9500.87797804415,1.58236533884966,1.54796640847473,0,0.997725741971623,20.333520431654,12,0,15047.6559253018,-15041.9857711343,1.54796640847473,1.5418159808907,1.5465498631801,-0.00473388228939808,2.18437688815077,0.0156181921628273,1.54796640847473,0,267.161443506003,60.6481711487664,9.68763722387618e-10,1,0.986711749725144,0,-0.00128075251563664,-0.00946776457879617,0,0,0
81.63,9500.9834723879,1.5477557634844,9500,9500.90143962555,1.5811110733919,1.5477557634844,0,0.848287607487631,20.3382138174622,12,0,15046.7347832302,-15041.913890186,1.5477557634844,1.5418159808907,1.54636701635924,-0.00455103546854407,2.04717332654289,0.0150418535307908,1.5477557634844,0,267.161443506003,60.6481711487664,8.60337222836502e-10,1,0.986713303989394,0,-0.00131500540360419,-0.00910207093708815,0,0,0
81.645,9500.99619670201,1.54754278686081,9500,9500.92269944132,1.5798951232461,1.54754278686081,0,0.699365767555252,20.3429317381442,12,0,15045.7934639656,-15041.8189015062,1.54754278686081,1.5418159808907,1.54617762845523,-0.00436164756452828,1.9078504965195,0.0144501010991689,1.54754278686081,0,267.161443506003,60.6481711487664,7.52055954159159e-10,1,0.986714625457856,0,-0.00134604507403147,-0.00872329512905656,0,0,0
81.66,9501.00668718852,1.54732794989659,9500,9500.94174717515,1.57871940170856,1.54732794989659,0,0.551257316341469,20.3476641927535,12,0,15044.8341989924,-15041.7013475492,1.54732794989659,1.5418159808907,1.54598218679568,-0.0041662059049814,1.76672504774447,0.0138443808158547,1.54732794989659,0,267.161443506003,60.6481711487664,6.43942591386571e-10,1,0.986715714934818,0,-0.00137385608954999,-0.0083324118099628,0,0,0
81.675,9501.01495604827,1.5471117207904,9500,9500.95857719136,1.57758571095229,1.5471117207904,0,0.40425332402633,20.3524012933729,12,0,15043.8592239605,-15041.5618091702,1.5471117207904,1.5418159808907,1.54578118372862,-0.00396520283792734,1.62411261119164,0.0132261455755572,1.5471117207904,0,267.161443506003,60.6481711487664,5.36205304819589e-10,1,0.986716573687382,0,-0.00139842988564798,-0.00793040567585468,0,0,0
81.69,9501.02101984813,1.54689456374778,9500,9500.97318847686,1.5764957399923,1.54689456374778,0,0.258640241046253,20.3571332848235,11,0,15042.8707637494,-15041.4008827142,1.54689456374778,1.5418159808907,1.54557511552566,-0.00375913463496502,1.48032716748029,0.0125968521270157,1.54689456374778,0,267.161443506003,60.6481711487664,9.73340249204433e-10,1,0.986717203436083,0,-0.00141976468492611,-0.00751826926993004,0,0,0
81.705,9501.02489945174,1.54667693808618,9500,9500.98558457462,1.57545106290668,1.54667693808618,0,0.114691306459974,20.3618505563185,11,0,15041.8710720053,-15041.2192683865,1.54667693808618,1.5418159808907,1.54536448130235,-0.00354850041165755,1.33568043167844,0.0119579580187989,1.54667693808618,0,267.161443506003,60.6481711487664,7.3237136778198e-10,1,0.986717606347688,0,-0.00143786540200463,-0.0070970008233151,0,0,0
81.72,9501.02661982134,1.54645929698071,9500,9500.99577351646,1.57445313712643,1.54645929698071,0,-0.0273212531131576,20.3665436768748,11,0,15040.8623545855,-15041.0176243738,1.54645929698071,1.5418159808907,1.54514978213964,-0.00333380124894034,1.19048136324292,0.0113109185878968,1.54645929698071,0,267.161443506003,60.6481711487664,4.93124491151482e-10,1,0.98671778501462,0,-0.0014527435475129,-0.00666760249788068,0,0,0
81.735,9501.02621000254,1.54624208759921,9500,9501.00376772195,1.57350330263692,1.54624208759921,0,-0.167136302563897,20.3712033813678,10,0,15039.8468255057,-15040.7966800783,1.54624208759921,1.5418159808907,1.5449315195322,-0.0031155386414996,1.04503528420122,0.010657183991516,1.54624208759921,0,267.161443506003,60.6481711487664,5.82942049160448e-10,1,0.986717742453378,0,-0.00146441707687384,-0.00623107728299921,0,0,0
81.75,9501.02370295801,1.54602574956346,9500,9501.0095839195,1.57260278069025,1.54602574956346,0,-0.304497332387873,20.375820558608,8,0,15038.8266577139,-15040.5571501489,1.54602574956346,1.5418159808907,1.54471019470778,-0.00289421381708244,0.899643520501284,0.00999819630692279,1.54602574956346,0,267.161443506003,60.6481711487664,2.85377296439908e-10,1,0.986717482087258,0,-0.0014729102814488,-0.00578842763416487,0,0,0
81.765,9501.01913549802,1.54581071433749,9500,9501.01324304481,1.57175267315211,1.54581071433749,0,-0.439159233505921,20.3803865368522,10,0,15037.804023783,-15040.2998136806,1.54581071433749,1.5418159808907,1.54448630750744,-0.0026703266167396,0.754602788575405,0.00933538668027083,1.54581071433749,0,267.161443506003,60.6481711487664,4.69190044058429e-10,1,0.98671700773915,0,-0.00147825362703857,-0.00534065323347921,0,0,0
81.78,9501.01254810952,1.54559740384442,9500,9501.01477014772,1.57095396171325,1.54559740384442,0,-0.570888493996333,20.3848925364364,10,0,15036.781067712,-15040.0254871375,1.54559740384442,1.5418159808907,1.54426035568789,-0.00244437479718851,0.610204840422576,0.00867017254810347,1.54559740384442,0,267.161443506003,60.6481711487664,9.81787568437453e-10,1,0.986716323613776,0,-0.0014804836342408,-0.00488874959437702,0,0,0
81.795,9501.00398478211,1.54538622988418,9500,9501.01419427874,1.57020750768304,1.54538622988418,0,-0.699461294982071,20.389330266458,11,0,15035.7599082681,-15039.7350168774,1.54538622988418,1.5418159808907,1.54403283385031,-0.00221685295960783,0.466735889801345,0.00800395491269511,1.54538622988418,0,267.161443506003,60.6481711487664,6.54724199656755e-10,1,0.986715434279623,0,-0.00147964270040779,-0.00443370591921566,0,0,0
81.81,9500.99349286268,1.54517759399771,9500,9501.01154836007,1.56951405226658,1.54517759399771,0,-0.824656469950514,20.393691634108,11,0,15034.7425902999,-15039.4291904549,1.54517759399771,1.5418159808907,1.54380423218595,-0.00198825129524804,0.324475933911456,0.0073381156975116,1.54517759399771,0,267.161443506003,60.6481711487664,8.7237123162397e-10,1,0.986714344653848,0,-0.00147577890811834,-0.00397650259049609,0,0,0
81.825,9500.98112301563,1.54497188714593,9500,9501.00686905223,1.56887421704601,1.54497188714593,0,-0.946267268353818,20.3979688091826,12,0,15033.7311483071,-15039.1088670473,1.54497188714593,1.5418159808907,1.54357503535751,-0.00175905446681401,0.183698162726502,0.00667401518885835,1.54497188714593,0,267.161443506003,60.6481711487664,4.77947588690371e-10,1,0.98671305999814,0,-0.00146894583771795,-0.00351810893362803,0,0,0
81.84,9500.96692900661,1.5447694878751,9500,9501.00019664502,1.5682885039465,1.5447694878751,0,-1.06410180448624,20.4021542530391,12,0,15032.7275937569,-15038.7749673243,1.5447694878751,1.5418159808907,1.54334572217944,-0.00152974128874339,0.0446688563302005,0.00601298956188527,1.5447694878751,0,267.161443506003,60.6481711487664,5.68952746220848e-10,1,0.986711585896266,0,-0.00145920239472841,-0.00305948257748678,0,0,0
81.855,9500.95096747954,1.54457076183957,9500,9500.99157492068,1.56775729598921,1.54457076183957,0,-1.1779735458137,20.4062407404649,12,0,15031.7338597477,-15038.4283640577,1.54457076183957,1.5418159808907,1.54311676465839,-0.00130078376769371,-0.0923531045592126,0.00535634848425749,1.54457076183957,0,267.161443506003,60.6481711487664,6.57615080729251e-10,1,0.986709928230914,0,-0.00144661262026569,-0.00260156753538743,0,0,0
81.87,9500.93329787635,1.54437606217497,9500,9500.98105099471,1.56728085871376,1.54437606217497,0,-1.28770826345122,20.4102213421467,12,0,15030.751841868,-15038.0699624812,1.54437606217497,1.5418159808907,1.54288862665113,-0.00107264576043109,-0.227116948976311,0.00470537280513793,1.54437606217497,0,267.161443506003,60.6481711487664,7.4364318722569e-10,1,0.986708093175355,0,-0.00143124544531448,-0.00214529152086218,0,0,0
81.885,9500.9139822524,1.54418572847971,9500,9500.96867517718,1.56685934120109,1.54418572847971,0,-1.39314281156298,20.414089446887,12,0,15029.7833833782,-15037.7006785364,1.54418572847971,1.5418159808907,1.54266176327356,-0.000845782382867588,-0.359380267591768,0.00406131235474641,1.54418572847971,0,267.161443506003,60.6481711487664,8.26905240178206e-10,1,0.986706087174273,0,-0.00141317449025324,-0.00169156476573518,0,0,0
81.9,9500.89308511023,1.54400008628407,9500,9500.95450082206,1.56649277750194,1.54400008628407,0,-1.49412531980299,20.4178387714498,12,0,15028.8302720315,-15037.3214367875,1.54400008628407,1.5418159808907,1.54243662011108,-0.000620639220381136,-0.488909383985908,0.00342538383413245,1.54400008628407,0,267.161443506003,60.6481711487664,9.07276851653622e-10,1,0.986703916926502,0,-0.00139247784014995,-0.00124127844076227,0,0,0
81.915,9500.87067323043,1.54381944658043,9500,9500.93858417264,1.56618108828117,1.54381944658043,0,-1.59051534307983,20.4214633690735,12,0,15027.8942371708,-15036.9331683689,1.54381944658043,1.5418159808907,1.54221363244886,-0.000397651558165624,-0.615479703587395,0.00279876880606498,1.54381944658043,0,267.161443506003,60.6481711487664,9.84641948677966e-10,1,0.986701589367463,0,-0.00136923781989684,-0.000795303116331247,0,0,0
81.93,9500.84681550028,1.54364410535533,9500,9500.92098420308,1.56592408267345,1.54364410535533,0,-1.68218608024483,20.4249576358538,13,0,15026.9769580855,-15036.5368319503,1.54364410535533,1.5418159808907,1.54199322455194,-0.000177243661239057,-0.738876040764733,0.0021826117871114,1.54364410535533,0,267.161443506003,60.6481711487664,4.66746722918599e-10,1,0.986699111651361,0,-0.00134354075332777,-0.000354487322478114,0,0,0
81.945,9500.82158270908,1.54347434320479,9500,9500.90176245664,1.56572146034312,1.54347434320479,0,-1.76901628981466,20.4283163251776,13,0,15026.0800170592,-15036.1333208401,1.54347434320479,1.5418159808907,1.54177580895771,4.01719329869987e-05,-0.858892923162841,0.0015780184481139,1.54347434320479,0,267.161443506003,60.6481711487664,4.98150349627268e-10,1,0.986696491129932,0,-0.00131547673457799,8.03438659739975e-05,0,0,0
81.96,9500.79504746473,1.54331042537931,9500,9500.88098287282,1.56557281394741,1.54331042537931,0,-1.85090219121202,20.4315345341755,13,0,15025.2049645023,-15035.7235957518,1.54331042537931,1.5418159808907,1.54156178560517,0.0002541952855315,-0.975334992507563,0.000986053917553807,1.54331042537931,0,267.161443506003,60.6481711487664,5.28018553047438e-10,1,0.986693735343787,0,-0.00128513935198904,0.000508390571063,0,0,0
81.975,9500.76728393187,1.54315260050227,9500,9500.85871163762,1.56547763114079,1.54315260050227,0,-1.92775019947949,20.434607736489,13,0,15024.353269158,-15035.3085937186,1.54315260050227,1.5418159808907,1.54135154168949,0.000464439201208311,-1.08801697496195,0.00040774120915874,1.54315260050227,0,267.161443506003,60.6481711487664,5.56388341838047e-10,1,0.986690851995202,0,-0.00125262549393002,0.000928878402416622,0,0,0
81.99,9500.73836767887,1.54300110087297,9500,9500.83501700483,1.5654352974297,1.54300110087297,0,-1.99947851767417,20.4375317724395,13,0,15023.5263293457,-15034.8892483845,1.54300110087297,1.5418159808907,1.54114545076801,0.000670530122689916,-1.19676408668621,-0.000155940263109767,1.54300110087297,0,267.161443506003,60.6481711487664,5.83225029675125e-10,1,0.986687848932245,0,-0.00121803506094187,0.00134106024537983,0,0,0
82.005,9500.70837550111,1.54285614224161,9500,9500.80996912389,1.56544509899164,1.54285614224161,0,-2.06601712250213,20.4403028521954,13,0,15022.7254711701,-15034.4664881296,1.54285614224161,1.5418159808907,1.54094387219497,0.000872108695724405,-1.30141225113694,-0.000704056040533608,1.54285614224161,0,267.161443506003,60.6481711487664,6.08495968604453e-10,1,0.986684734130403,0,-0.00118147072369279,0.00174421739144881,0,0,0
82.02,9500.67738524427,1.54271792364728,9500,9500.78363986663,1.56550622565424,1.54271792364728,0,-2.12730771000101,20.442917557576,13,0,15021.9519470245,-15034.0412342612,1.54271792364728,1.5418159808907,1.54074715057931,0.00106883031138993,-1.40180828621837,-0.00123571786619536,1.54271792364728,0,267.161443506003,60.6481711487664,6.32173768087356e-10,1,0.98668151567425,0,-0.0011430376611774,0.00213766062277987,0,0,0
82.035,9500.64547562862,1.54258662723745,9500,9500.75610265306,1.56561777402626,1.54258662723745,0,-2.18330365351777,20.4453728442494,13,0,15021.206934013,-15033.6143991942,1.54258662723745,1.5418159808907,1.54055561531046,0.0012603655802379,-1.49781006283089,-0.0017500848137252,1.54258662723745,0,267.161443506003,60.6481711487664,6.54232491629832e-10,1,0.986678201739184,0,-0.00110284330965094,0.0025207311604758,0,0,0
82.05,9500.61272607382,1.54246241815023,9500,9500.72743227684,1.56577875076977,1.54246241815023,0,-2.23396992238086,20.4476660425729,13,0,15020.4915326666,-15033.1868847021,1.54246241815023,1.5418159808907,1.5403695801094,0.00144640078130087,-1.58928663443782,-0.00224636430306812,1.54246241815023,0,267.161443506003,60.6481711487664,6.7464985184067e-10,1,0.98667480057324,0,-0.00106099709932561,0.00289280156260174,0,0,0
82.065,9500.57921652498,1.54234544441792,9500,9500.6977047305,1.56598807600706,1.54234544441792,0,-2.27928298744819,20.4497948579735,13,0,15019.8067657679,-15032.7595802008,1.54234544441792,1.5418159808907,1.5401893426282,0.00162663826249543,-1.67611834019846,-0.00272381299776464,1.54234544441792,0,267.161443506003,60.6481711487664,6.9340794260134e-10,1,0.986671320479022,0,-0.00101761019720747,0.00325327652499086,0,0,0
82.08,9500.54502728017,1.54223583689864,9500,9500.66699703094,1.56624458685349,1.54223583689864,0,-2.31923071028084,20.4517573707196,13,0,15019.1535773115,-15032.3333610756,1.54223583689864,1.5418159808907,1.54001518409347,0.00180079679722778,-1.75819688233759,-0.00318173758650801,1.54223583689864,0,267.161443506003,60.6481711487664,7.10492215604286e-10,1,0.986667769795789,0,-0.000972795251115377,0.00360159359445555,0,0,0
82.095,9500.51023881952,1.54213370925965,9500,9500.6353870454,1.56654704106787,1.54213370925965,0,-2.35381220042187,20.4535520345795,13,0,15018.5328317133,-15031.9090870761,1.54213370925965,1.5418159808907,1.53984736898147,0.00196861190923081,-1.83542537856833,-0.00361949544950992,1.54213370925965,0,267.161443506003,60.6481711487664,7.25889871605841e-10,1,0.98666415688171,0,-0.000926666133579612,0.00393722381846162,0,0,0
82.11,9500.47493163651,1.54203915798352,9500,9500.60295331831,1.56689412081281,1.54203915798352,0,-2.38303765990301,20.4551776749894,13,0,15017.9453131379,-15031.4876007553,1.54203915798352,1.5418159808907,1.53968614473947,0.00212983615122364,-1.90771839108967,-0.00403649520962075,1.54203915798352,0,267.161443506003,60.6481711487664,7.39593811585197e-10,1,0.98666049009634,0,-0.000879337684876358,0.00425967230244728,0,0,0
82.125,9500.43918607161,1.54195226242879,9500,9500.5697748992,1.56728443651539,1.54195226242879,0,-2.40692819503523,20.456633486053,13,0,15017.3917250878,-15031.0697259855,1.54195226242879,1.5418159808907,1.53953174153774,0.00228423935295341,-1.97500193192208,-0.00443219716781511,1.54195226242879,0,267.161443506003,60.6481711487664,7.51598833416359e-10,1,0.986656777783341,0,-0.000830925464197385,0.00456847870590682,0,0,0
82.14,9500.40308214868,1.5418730849228,9500,9500.53593117217,1.56771653081984,1.5418730849228,0,-2.42551560951451,20.4579190268533,13,0,15016.8726901593,-15030.6562665349,1.5418730849228,1.5418159808907,1.53938437206129,0.0024316088294043,-2.03721344560364,-0.00480611362670393,1.5418730849228,0,267.161443506003,60.6481711487664,7.6190412000697e-10,1,0.986653028253498,0,-0.000781545490345925,0.00486321765880859,0,0,0
82.155,9500.36669941454,1.54180167089213,9500,9500.50150168712,1.56818888262194,1.54180167089213,0,-2.43884217669321,20.4590342169671,13,0,15016.3887499844,-15030.2480047107,1.54180167089213,1.5418159808907,1.5392442313413,0.00257174954939798,-2.0943017688631,-0.0051578090973596,1.54180167089213,0,267.161443506003,60.6481711487664,7.70511338008458e-10,1,0.986649249768047,0,-0.00073131400600257,0.00514349909879597,0,0,0
82.17,9500.33011678189,1.5417380490247,9500,9500.46656599315,1.56869991117531,1.5417380490247,0,-2.44696039404377,20.4599793313081,13,0,15015.9403653377,-15029.8457000669,1.5417380490247,1.5418159808907,1.53911149662367,0.00270448426703185,-2.14622706748044,-0.00548690040006076,1.5417380490247,0,267.161443506003,60.6481711487664,7.7742580918247e-10,1,0.986645450522376,0,-0.0006803472206518,0.0054089685340637,0,0,0
82.185,9500.29341237598,1.54168223148197,9500,9500.43120347444,1.56924798025996,1.54168223148197,0,-2.44993270905264,20.4607549939076,13,0,15015.5279164918,-15029.4500881986,1.54168223148197,1.5418159808907,1.53898632727038,0.00282965362031429,-2.19296075068696,-0.00579305664935407,1.54168223148197,0,267.161443506003,60.6481711487664,7.82656950244403e-10,1,0.986641638630088,0,-0.000628761079523477,0.00565930724062857,0,0,0
82.2,9500.25666338534,1.54163421411152,9500,9500.39549318889,1.56983140240295,1.54163421411152,0,-2.44783124835776,20.4613621717082,13,0,15015.1517035932,-15029.061879574,1.54163421411152,1.5418159808907,1.53886886471272,0.00294711617798105,-2.23448536327164,-0.00607599913513963,1.54163421411152,0,267.161443506003,60.6481711487664,7.86216664152185e-10,1,0.986637822107506,0,-0.000576671021425446,0.00589423235596209,0,0,0
82.215,9500.21994591662,1.54159397673564,9500,9500.35951370993,1.57044844314054,1.54159397673564,0,-2.44073750152878,20.4618021667377,13,0,15014.8119474106,-15028.6817584831,1.54159397673564,1.5418159808907,1.53875923242084,0.00305674846985982,-2.27079445544306,-0.00633550109478108,1.54159397673564,0,267.161443506003,60.6481711487664,7.8811904822356e-10,1,0.986634008858595,0,-0.00052419175269236,0.00611349693971963,0,0,0
82.23,9500.18333485409,1.54156148342411,9500,9500.32334297169,1.57109732531331,1.54156148342411,0,-2.42874201961822,20.4620766086536,13,0,15014.5087900288,-15028.3103820141,1.54156148342411,1.5418159808907,1.53865753593224,0.0031584449584523,-2.30189243161214,-0.00657138738349264,1.54156148342411,0,267.161443506003,60.6481711487664,7.88383906860834e-10,1,0.986630206660373,0,-0.000471437014110121,0.0063168899169046,0,0,0
82.245,9500.1469037238,1.54153668281272,9500,9500.28705811792,1.57177623338272,1.54153668281272,0,-2.41194408773909,20.4621874463275,13,0,15014.2422957777,-15027.948379119,1.54153668281272,1.5418159808907,1.53856386290976,0.00325211798093328,-2.32779437774223,-0.0067835340398422,1.54153668281272,0,267.161443506003,60.6481711487664,7.87032069828529e-10,1,0.986626423148798,0,-0.000418519365848136,0.00650423596186656,0,0,0
82.26,9500.11072456248,1.54151950846434,9500,9500.25073535475,1.57248331776106,1.54151950846434,0,-2.39045137520335,20.4621369385445,13,0,15014.0124523781,-15027.5963497682,1.54151950846434,1.5418159808907,1.53847828322664,0.00333769766405645,-2.34852586878856,-0.00697186775447386,1.54151950846434,0,267.161443506003,60.6481711487664,7.84087880600607e-10,1,0.986622665805161,0,-0.000365549970387846,0.0066753953281129,0,0,0
82.275,9500.07486779186,1.54150987923418,9500,9500.2144498078,1.57321669914558,1.54150987923418,0,-2.36437958723813,20.4619276446462,13,0,15013.819172132,-15027.2548641585,1.54150987923418,1.5418159808907,1.53840084909838,0.00341513179231723,-2.36412275709056,-0.00713636524114839,1.54150987923418,0,267.161443506003,60.6481711487664,7.79579343476756e-10,1,0.986618941943024,0,-0.000312638386055886,0.00683026358463446,0,0,0
82.29,9500.03940209805,1.54150769964833,9500,9500.17827538359,1.57397447284635,1.54150769964833,0,-2.33385211319606,20.4615624149294,13,0,15013.6622931947,-15026.9244619834,1.54150769964833,1.5418159808907,1.53833159525444,0.00348438563625253,-2.37463094166519,-0.00727705251487354,1.54150769964833,0,267.161443506003,60.6481711487664,7.73535929223174e-10,1,0.986615258695704,0,-0.000259892363711156,0.00696877127250506,0,0,0
82.305,9500.00439431635,1.54151286034838,9500,9500.14228463573,1.57475471309978,1.54151286034838,0,-2.29899963622784,20.461044379653,13,0,15013.5415811812,-15026.6056518194,1.54151286034838,1.5418159808907,1.53827053912258,0.00354544176811245,-2.38010611983632,-0.00739400407854356,1.54151286034838,0,267.161443506003,60.6481711487664,7.65992087870524e-10,1,0.986611623004299,0,-0.000207417651479691,0.00709088353622489,0,0,0
82.32,9499.96990932181,1.54152523852808,9500,9500.10654863583,1.57555547736018,1.54152523852808,0,-2.25995975432406,20.4603769382701,13,0,15013.4567307548,-15026.2989105585,1.54152523852808,1.5418159808907,1.53821768106115,0.00359829982954829,-2.38061352280057,-0.00748734202170942,1.54152523852808,0,267.161443506003,60.6481711487664,7.56982712787211e-10,1,0.986608041606331,0,-0.000155317811681321,0.00719659965909658,0,0,0
82.335,9499.93600992549,1.54154469838755,9500,9500.07113684961,1.57637481055879,1.54154469838755,0,-2.21687659409111,20.4595637483241,13,0,15013.4073673272,-15026.004682912,1.54154469838755,1.5418159808907,1.53817300462379,0.00364297626690924,-2.37622763455187,-0.00755723503696601,1.54154469838755,0,267.161443506003,60.6481711487664,7.46546360728248e-10,1,0.986604521024968,0,-0.000103694037248303,0.00728595253381847,0,0,0
82.35,9499.90275677658,1.54157109162628,9500,9500.03611701814,1.57721074932278,1.54157109162628,0,-2.169900405262,20.4586087135591,13,0,15013.3930489604,-15025.7233810066,1.54157109162628,1.5418159808907,1.53813647684604,0.00367950404465534,-2.36703189578048,-0.00760389735372775,1.54157109162628,0,267.161443506003,60.6481711487664,7.34723788934182e-10,1,0.986601067558859,0,-5.26449815096974e-05,0.00735900808931067,0,0,0
82.365,9499.8702082705,1.54160425794661,9500,9500.00155504454,1.57806132614643,1.54160425794661,0,-2.11918715391653,20.4575159718612,13,0,15013.4132683432,-15025.4553840482,1.54160425794661,1.5418159808907,1.53810804856504,0.00370793232566036,-2.35311839376309,-0.00762758759540711,1.54160425794661,0,267.161443506003,60.6481711487664,7.21558980031172e-10,1,0.98659768727259,0,-2.26659536362028e-06,0.00741586465132071,0,0,0
82.38,9499.83842046319,1.5416440255604,9500,9499.96751488621,1.57892457350587,1.5416440255604,0,-2.06489811875627,20.4562898831853,13,0,15013.4674548095,-15025.2010380446,1.5416440255604,1.5418159808907,1.53808765477419,0.00372832611651042,-2.33458753876783,-0.00762860756332074,1.5416440255604,0,267.161443506003,60.6481711487664,7.07096947191942e-10,1,0.986594385987784,0,4.73480328322395e-05,0.00745665223302083,0,0,0
82.395,9499.80744699141,1.54169021174787,9500,9499.93405845281,1.57979852791012,1.54169021174787,0,-2.00719945927257,20.4549350164167,13,0,15013.554976625,-15024.9606556377,1.54169021174787,1.5418159808907,1.53807521498784,0.00374076590285854,-2.3115477280524,-0.00760730094854624,1.54169021174787,0,267.161443506003,60.6481711487664,6.91384905238557e-10,1,0.986591169274823,0,9.610881722244e-05,0.00748153180571709,0,0,0
82.41,9499.77733899952,1.54174262338594,9500,9499.90124550994,1.58068123388099,1.54174262338594,0,-1.94626180955373,20.4534561369558,13,0,15013.6751431561,-15024.7345159642,1.54174262338594,1.5418159808907,1.53807063365268,0.00374534723801756,-2.28411499848316,-0.00756405198079614,1.54174262338594,0,267.161443506003,60.6481711487664,6.74474319929816e-10,1,0.986588042445244,0,0.000143928817185834,0.00749069447603512,0,0,0
82.425,9499.74814507238,1.54180105752317,9500,9499.86913358893,1.58157074785402,1.54180105752317,0,-1.88225984700713,20.4518581933592,13,0,15013.8272072857,-15024.52286462,1.54180105752317,1.5418159808907,1.53807380056793,0.00374218032276619,-2.25241266817301,-0.00749928401306251,1.54180105752317,0,267.161443506003,60.6481711487664,6.56415346685954e-10,1,0.986585010544768,0,0.000190724367089334,0.00748436064553237,0,0,0
82.44,9499.71991117467,1.54186530195038,9500,9499.83777790251,1.58246514199423,1.54186530195038,0,-1.81537187033771,20.4501463041444,13,0,15014.0103678301,-15024.3259136794,1.54186530195038,1.5418159808907,1.53808459133692,0.00373138955377783,-2.21657096862828,-0.00741345804787231,1.54186530195038,0,267.161443506003,60.6481711487664,6.37262099533725e-10,1,0.986582078347005,0,0.000236415196517736,0.00746277910755566,0,0,0
82.455,9499.69268059662,1.54193513578914,9500,9499.80723126666,1.58336250791992,1.54193513578914,0,-1.74577937071339,20.4483257442784,13,0,15014.2237720718,-15024.1438417911,1.54193513578914,1.5418159808907,1.53810286783676,0.00371311305393918,-2.17672666813599,-0.00730707120943933,1.54193513578914,0,267.161443506003,60.6481711487664,6.17069285005568e-10,1,0.986579250347807,0,0.00028092453676587,0.00742622610787835,0,0,0
82.47,9499.66649390606,1.54201033007607,9500,9499.77754402864,1.584260960328,1.54201033007607,0,-1.67366661221886,20.4464019318275,13,0,15014.4665182931,-15023.9767943287,1.54201033007607,1.5418159808907,1.53812847871406,0.00368750217663294,-2.13302268725628,-0.00718065516789469,1.54201033007607,0,267.161443506003,60.6481711487664,5.95893665758882e-10,1,0.986576530760299,0,0.000324179237202848,0.00737500435326588,0,0,0
82.485,9499.64138890688,1.54209064836284,9500,9499.74876400124,1.58515864051479,1.54209064836284,0,-1.59922020731196,20.4443804143442,13,0,15014.7376584124,-15023.8248836155,1.54209064836284,1.5418159808907,1.53816125989905,0.0036547209916471,-2.08560770730771,-0.00703477451115341,1.54209064836284,0,267.161443506003,60.6481711487664,5.73793036030099e-10,1,0.986573923510558,0,0.000366109843224827,0.0073094419832942,0,0,0
82.5,9499.61740060377,1.54217584733729,9500,9499.72093640335,1.58605371978726,1.54217584733729,0,-1.52262868439868,20.4422668548717,13,0,15015.0362007443,-15023.6881892278,1.54217584733729,1.5418159808907,1.53820103512655,0.00361494576414545,-2.0346357731811,-0.00687002508170223,1.54217584733729,0,267.161443506003,60.6481711487664,5.50827246112839e-10,1,0.986571432233957,0,0.000406650690468968,0.0072298915282909,0,0,0
82.515,9499.5945611735,1.54226567740937,9500,9499.69410380669,1.58694440275926,1.54226567740937,0,-1.4440820840011,20.4400670187866,13,0,15015.3611126214,-15023.566758324,1.54226567740937,1.5418159808907,1.53824761649586,0.00356836439483432,-1.98026589136073,-0.0066870322709912,1.54226567740937,0,267.161443506003,60.6481711487664,5.27055421265063e-10,1,0.986569060272173,0,0.00044573997651387,0.00713672878966864,0,0,0
82.53,9499.57289994224,1.54235988334075,9500,9499.66830608902,1.58782893052679,1.54235988334075,0,-1.36377153195912,20.4377867597771,13,0,15015.7113232457,-15023.4606060721,1.54235988334075,1.5418159808907,1.53830080502489,0.00351517586580474,-1.92266162340826,-0.00648644928155996,1.54235988334075,0,267.161443506003,60.6481711487664,5.02540206173541e-10,1,0.986566810670843,0,0.000483319830816287,0.00703035173160949,0,0,0
82.545,9499.55244336926,1.54245820486539,9500,9499.6435803935,1.58870558371916,1.54245820486539,0,-1.2818888244184,20.4354320060929,13,0,15016.0857265221,-15023.369716126,1.54245820486539,1.5418159808907,1.5383603912245,0.00345558966619319,-1.86199067693254,-0.00626895535769263,1.54245820486539,0,267.161443506003,60.6481711487664,4.77341909986512e-10,1,0.98656468617786,0,0.00051933636399637,0.00691117933238639,0,0,0
82.56,9499.53321503689,1.54256037727266,9500,9499.61996109446,1.58957268542073,1.54256037727266,0,-1.19862604222698,20.4330087476881,13,0,15016.4831837451,-15023.2940411237,1.54256037727266,1.5418159808907,1.53842615570277,0.00338982518792719,-1.7984244941452,-0.00603525399389426,1.54256037727266,0,267.161443506003,60.6481711487664,4.51524507181703e-10,1,0.986562689242341,0,0.000553739723836433,0.00677965037585437,0,0,0
82.575,9499.51523564626,1.54266613205599,9500,9499.59747976931,1.59042860395881,1.54266613205599,0,-1.11417324445817,20.4305230240109,12,0,15016.9025163721,-15023.2334823559,1.54266613205599,1.5418159808907,1.53849786974897,0.00331811114173042,-1.73213783883122,-0.00578607111816787,1.54266613205599,0,267.161443506003,60.6481711487664,9.62871950604842e-10,1,0.986560822014176,0,0.000586484129310616,0.00663622228346084,0,0,0
82.59,9499.49852304759,1.54277519750839,9500,9499.57616517677,1.59127175555629,1.54277519750839,0,-1.02872576634615,20.4279809032991,12,0,15017.3425505416,-15023.187975755,1.54277519750839,1.5418159808907,1.53857529595186,0.00324068493883622,-1.66330838388228,-0.00552215325997809,1.54277519750839,0,267.161443506003,60.6481711487664,9.01827323657539e-10,1,0.986559086347179,0,0.000617527907180282,0.00648136987767245,0,0,0
82.605,9499.4830921611,1.54288729897888,9500,9499.55604324847,1.5921006066574,1.54288729897888,0,-0.942472322493052,20.4253884882618,12,0,15017.8020545682,-15023.157361792,1.54288729897888,1.5418159808907,1.53865818899573,0.00315779189496324,-1.59211619076553,-0.00524426570174696,1.54288729897888,0,267.161443506003,60.6481711487664,8.39999371366305e-10,1,0.986557483790871,0,0.000646833487477849,0.00631558378992647,0,0,0
82.62,9499.46895507626,1.54300216036889,9500,9499.53713706229,1.59291367672563,1.54300216036889,0,-0.855602020201825,20.4227518765704,12,0,15018.2797892317,-15023.1414756189,1.54300216036889,1.5418159808907,1.53874629583541,0.00306968505528893,-1.51874357465292,-0.00495319063238193,1.54300216036889,0,267.161443506003,60.6481711487664,7.77347615568342e-10,1,0.986556015600791,0,0.000674367461061642,0.00613937011057786,0,0,0
82.635,9499.45612104596,1.5431195041872,9500,9499.51946684833,1.59370954023241,1.5431195041872,0,-0.768302317156715,20.4200771615839,12,0,15018.7744971273,-15023.1401248163,1.5431195041872,1.5418159808907,1.538839356605,0.002976624285701,-1.44337451786725,-0.00464972527490419,1.5431195041872,0,267.161443506003,60.6481711487664,7.14014994188582e-10,1,0.986554682737884,0,0.000700100551264793,0.005953248571402,0,0,0
82.65,9499.4445965112,1.54323905208003,9500,9499.50304999182,1.59448682871941,1.54323905208003,0,-0.680758701037562,20.4173704211065,12,0,15019.2849052479,-15023.1530901576,1.54323905208003,1.5418159808907,1.53893710528261,0.00287887560808242,-1.36619425840604,-0.00433468002683503,1.54323905208003,0,267.161443506003,60.6481711487664,6.501454780844e-10,1,0.986553485871076,0,0.000724007621357492,0.00575775121616484,0,0,0
82.665,9499.43438513068,1.54336052542871,9500,9499.48790104165,1.59524423271491,1.54336052542871,0,-0.593154330273183,20.4146377047641,12,0,15019.8097278961,-15023.1801264816,1.54336052542871,1.5418159808907,1.53903927032308,0.00277671056761775,-1.28738888598065,-0.00400887659722416,1.54336052542871,0,267.161443506003,60.6481711487664,5.8587967861093e-10,1,0.986552425380334,0,0.000746067651687721,0.00555342113523549,0,0,0
82.68,9499.42548781573,1.54348364594496,9500,9499.47403172438,1.5959805035056,1.54348364594496,0,-0.505669680796696,20.4118850215106,12,0,15020.3476696085,-15023.2209636126,1.54348364594496,1.5418159808907,1.53914557528658,0.00267040560411602,-1.20714494723448,-0.00367314615396469,1.54348364594496,0,267.161443506003,60.6481711487664,5.21359969772715e-10,1,0.986551501360304,0,0.000766263723237293,0.00534081120823204,0,0,0
82.695,9499.41790277052,1.54360813620603,9500,9499.46145096365,1.59669445476008,1.54360813620603,0,-0.418482236593682,20.4091183285057,12,0,15020.8974278203,-15023.2753072676,1.54360813620603,1.5418159808907,1.53925573949378,0.00256024139691857,-1.12564905821712,-0.00332832747850791,1.54360813620603,0,267.161443506003,60.6481711487664,4.5672521744629e-10,1,0.986550713624483,0,0.000784582986079085,0.00512048279383714,0,0,0
82.71,9499.41162553697,1.54373372026269,9500,9499.45016490505,1.59738496400077,1.54373372026269,0,-0.331767871974081,20.4063435169301,11,0,15021.4577053315,-15023.3428593805,1.54373372026269,1.5418159808907,1.53936947863732,0.00244650225338172,-1.04308752301923,-0.00297526513477232,1.54373372026269,0,267.161443506003,60.6481711487664,8.87782777355134e-10,1,0.986550061709881,0,0.000801016624947914,0.00489300450676344,0,0,0
82.725,9499.40664901889,1.54386012417061,9500,9499.44017694607,1.59805097392509,1.54386012417061,0,-0.245693305044847,20.4035664073394,11,0,15022.0271735672,-15023.4232384827,1.54386012417061,1.5418159808907,1.53948650542397,0.00232947546672824,-0.959645960075298,-0.00261480765354576,1.54386012417061,0,267.161443506003,60.6481711487664,7.42193951583031e-10,1,0.986549544879533,0,0.000815559810454225,0.00465895093345647,0,0,0
82.74,9499.40296361931,1.54398707687237,9500,9499.43148776464,1.59869149374305,1.54398707687237,0,-0.160426917535371,20.400792721999,11,0,15022.604538567,-15023.5161071755,1.54398707687237,1.5418159808907,1.53960653003044,0.00220945086025792,-0.875509033687013,-0.00224780573884136,1.54398707687237,0,267.161443506003,60.6481711487664,5.96846706327146e-10,1,0.986549162136757,0,0.000828211660621747,0.00441890172051584,0,0,0
82.755,9499.40055721555,1.54411430984568,9500,9499.42409537583,1.59930559977688,1.54411430984568,0,-0.07613116306742,20.3980280992799,11,0,15023.1884968219,-15023.6210848306,1.54411430984568,1.5418159808907,1.53972926116743,0.00208671972327079,-0.790859828813643,-0.00187511049156157,1.54411430984568,0,267.161443506003,60.6481711487664,4.52458257159877e-10,1,0.986548912222565,0,0.000838975160982969,0.00417343944654158,0,0,0
82.77,9499.3994152481,1.54424155818026,9500,9499.41799516737,1.59989243655562,1.54424155818026,0,0.00703740727669791,20.3952780722261,10,0,15023.7777441866,-15023.7377566505,1.54424155818026,1.5418159808907,1.53985440641136,0.00196157447933909,-0.705879676308481,-0.00149757166911923,1.54424155818026,0,267.161443506003,60.6481711487664,7.00861166122807e-10,1,0.986548793624898,0,0.000847857102810767,0.00392314895867818,0,0,0
82.785,9499.39952080921,1.54436856109126,9500,9499.41317994904,1.60045121753188,1.54436856109126,0,0.0889206153157018,20.3925480514592,9,0,15024.3710210002,-15023.8657615747,1.54436856109126,1.5418159808907,1.53998167280399,0.00183430808670959,-0.620747812870457,-0.00111603597285439,1.54436856109126,0,267.161443506003,60.6481711487664,8.57080594844393e-10,1,0.986548804587821,0,0.000854868019005472,0.00366861617341918,0,0,0
82.8,9499.40085461844,1.54449506211522,9500,9499.40964001221,1.60098122550356,1.54449506211522,0,0.169377761873421,20.3898433520411,8,0,15024.9670101555,-15024.0045817876,1.54449506211522,1.5418159808907,1.54011076759628,0.00170521329441442,-0.535640966348858,-0.000731345364301926,1.54449506211522,0,267.161443506003,60.6481711487664,3.34804215580673e-10,1,0.986548943108987,0,0.000860022097552759,0.00341042658882884,0,0,0
82.815,9499.40339528487,1.54462081063787,9500,9499.4073631676,1.60148181354351,1.54462081063787,0,0.248260729237688,20.3871690312114,9,0,15025.5644814858,-15024.1538285777,1.54462081063787,1.5418159808907,1.54024139830691,0.00157458258378607,-0.450733353726709,-0.000344335420403184,1.54462081063787,0,267.161443506003,60.6481711487664,5.64851304628864e-10,1,0.986549206966868,0,0.000863337119392904,0.00314916516757213,0,0,0
82.83,9499.40711919581,1.54474556052654,9500,9499.40633484119,1.60195240442402,1.54474556052654,0,0.325431862992406,20.3845301788224,10,0,15026.1621910319,-15024.313039999,1.54474556052654,1.5418159808907,1.54037327421444,0.00144270667626101,-0.366195821908541,4.41662833236229e-05,1.54474556052654,0,267.161443506003,60.6481711487664,5.55151613422897e-10,1,0.986549593709196,0,0.000864834329500352,0.00288541335252201,0,0,0
82.845,9499.41200067376,1.5448690719492,9500,9499.4065381165,1.60239249133283,1.5448690719492,0,0.40076225844169,20.3819316343834,10,0,15026.7588974916,-15024.4817070587,1.5448690719492,1.5418159808907,1.54050610622724,0.00130987466345389,-0.282195970327334,0.000433341731598781,1.5448690719492,0,267.161443506003,60.6481711487664,8.55126809618267e-10,1,0.986550100669265,0,0.000864538366343481,0.00261974932690778,0,0,0
82.86,9499.41801210763,1.54499111159729,9500,9499.40795380649,1.6028016378026,1.54499111159729,0,0.474127235235504,20.3793780815795,11,0,15027.3533917709,-15024.6593289829,1.54499111159729,1.5418159808907,1.54063960753563,0.00117637335507048,-0.198897808100969,0.000822383996453348,1.54499111159729,0,267.161443506003,60.6481711487664,5.07738978799392e-10,1,0.986550724979558,0,0.000862477166673425,0.00235274671014096,0,0,0
82.875,9499.42512401616,1.54511145236843,9500,9499.41056054096,1.60317947719631,1.54511145236843,0,0.545402785607369,20.3768740503469,11,0,15027.9445135938,-15024.8454500091,1.54511145236843,1.5418159808907,1.54077349451256,0.00104248637813753,-0.116461260470452,0.00121049872145639,1.54511145236843,0,267.161443506003,60.6481711487664,6.35063251264461e-10,1,0.986551463578334,0,0.000858681829035257,0.00208497275627506,0,0,0
82.89,9499.43330505794,1.54522987361267,9500,9499.4143348476,1.60352571228478,1.54522987361267,0,0.614476326810874,20.3744239117286,11,0,15028.5310946699,-15025.0395414575,1.54522987361267,1.5418159808907,1.54090748730197,0.000908493588726023,-0.0350418759636983,0.00159690554452226,1.54522987361267,0,267.161443506003,60.6481711487664,7.58775181246861e-10,1,0.986552313210669,0,0.000853186501865055,0.00181698717745205,0,0,0
82.905,9499.44252220284,1.54534616245305,9500,9499.41925121474,1.60384011523073,1.54534616245305,0,0.681240151905275,20.3720318479727,11,0,15029.112005111,-15025.2410853621,1.54534616245305,1.5418159808907,1.5410413098447,0.00077467104599771,0.0452091302877776,0.00198083947036153,1.54534616245305,0,267.161443506003,60.6481711487664,8.79016477419195e-10,1,0.986553270446256,0,0.000846028298949086,0.00154934209199542,0,0,0
82.92,9499.45274080512,1.54546011365543,9500,9499.42528218219,1.60412252681089,1.54546011365543,0,0.745592943990707,20.3697018570395,11,0,15029.6861440401,-15025.4495564754,1.54546011365543,1.5418159808907,1.54117469061077,0.000641290279922657,0.124145257941021,0.00236155220488862,1.54546011365543,0,267.161443506003,60.6481711487664,9.95588231998743e-10,1,0.986554331687005,0,0.000837247151816101,0.00128258055984531,0,0,0
82.935,9499.46392469928,1.54557152989109,9500,9499.43239842756,1.60437285568635,1.54557152989109,0,0.807437691266025,20.3674377457588,12,0,15030.252453002,-15025.6644475266,1.54557152989109,1.5418159808907,1.5413073631021,0.000508617788594012,0.201624950900651,0.00273831342320586,1.54557152989109,0,267.161443506003,60.6481711487664,4.89417097807087e-10,1,0.986555493176991,0,0.000826885702832403,0.00101723557718802,0,0,0
82.95,9499.47603626465,1.54568022203875,9500,9499.44056885495,1.60459107754548,1.54568022203875,0,0.86669028795816,20.365243133733,12,0,15030.809871611,-15025.8851759975,1.54568022203875,1.5418159808907,1.54143906631141,0.000376914579288457,0.277511812448631,0.00311041198948045,1.54568022203875,0,267.161443506003,60.6481711487664,5.37208532388891e-10,1,0.986556751009163,0,0.000814989167303271,0.000753829158576913,0,0,0
82.965,9499.48903661897,1.54578600982619,9500,9499.44976067752,1.60477723433929,1.54578600982619,0,0.923267405037801,20.3631214279891,12,0,15031.3574086038,-15026.1112240955,1.54578600982619,1.5418159808907,1.54156954498033,0.000246435910363552,0.351674680405861,0.00347715711476692,1.54578600982619,0,267.161443506003,60.6481711487664,5.83326386417897e-10,1,0.986558101145452,0,0.00080160521417505,0.000492871820727103,0,0,0
82.98,9499.50288563005,1.54588872108639,9500,9499.4599395287,1.60493143272359,1.54588872108639,0,0.977094023828049,20.3610758482955,12,0,15031.8940947817,-15026.3420488889,1.54588872108639,1.5418159808907,1.54169855052342,0.000117430367273963,0.423988110451932,0.00383787946114569,1.54588872108639,0,267.161443506003,60.6481711487664,6.27523401329141e-10,1,0.986559539417976,0,0.000786783808051084,0.000234860734547926,0,0,0
82.995,9499.5175420404,1.54598819256227,9500,9499.47106954769,1.60505384307376,1.54598819256227,0,1.02810189337956,20.3591094092427,12,0,15032.4189978772,-15026.5771059384,1.54598819256227,1.5418159808907,1.54182584114229,-9.86025159654957e-06,0.494332371447276,0.00419193217476868,1.54598819256227,0,267.161443506003,60.6481711487664,6.69737792264919e-10,1,0.986561061541988,0,0.00077057708583772,-1.97205031930991e-05,0,0,0
83.01,9499.5329635688,1.54608427010276,9500,9499.48311347508,1.60514469817709,1.54608427010276,0,1.07622956669932,20.3572249173452,12,0,15032.9312238876,-15026.815850424,1.54608427010276,1.5418159808907,1.54195118221636,-0.000135201325665246,0.562593591869971,0.00453869186339565,1.54608427010276,0,267.161443506003,60.6481711487664,7.09912174218107e-10,1,0.986562663126423,0,0.000753039217731288,-0.000270402651330492,0,0,0
83.025,9499.5491070123,1.54617680887354,9500,9499.49603274999,1.60520429181493,1.54617680887354,0,1.12142244454865,20.3554249678342,12,0,15033.4299184749,-15027.0577382957,1.54617680887354,1.5418159808907,1.54207434665497,-0.000258365764268076,0.628663896178357,0.00487755951137473,1.54617680887354,0,267.161443506003,60.6481711487664,7.47995611165644e-10,1,0.986564339684489,0,0.000734226266847937,-0.000516731528536152,0,0,0
83.04,9499.56592834897,1.54626567349518,9500,9499.5097876085,1.60523297723931,1.54626567349518,0,1.16363277225295,20.3537119430155,12,0,15033.9142680322,-15027.3022273574,1.54626567349518,1.5418159808907,1.54219511525419,-0.000379134363488243,0.692441530001691,0.0052079613314563,1.54626567349518,0,267.161443506003,60.6481711487664,7.83941273774309e-10,1,0.986566086644341,0,0.000714196046908588,-0.000758268726976485,0,0,0
83.055,9499.58338284056,1.54635073820618,9500,9499.52433718315,1.60523116554789,1.54635073820618,0,1.20281965274892,20.3520880100908,12,0,15034.3835008678,-15027.5487783753,1.54635073820618,1.5418159808907,1.54231327700924,-0.000497296118539214,0.753830973786735,0.00552934955256517,1.54635073820618,0,267.161443506003,60.6481711487664,8.17708488385306e-10,1,0.986567899359741,0,0.000693007980476779,-0.000994592237078429,0,0,0
83.07,9499.60142513535,1.54643188691047,9500,9499.53963960334,1.60519932396324,1.54643188691047,0,1.23894898430821,20.3505551214598,12,0,15034.8368878468,-15027.7968560735,1.54643188691047,1.5418159808907,1.5424286294527,-0.000612648562005269,0.812743043537528,0.00584120314377972,1.54643188691047,0,267.161443506003,60.6481711487664,8.49261419250034e-10,1,0.986569773120743,0,0.000670722947605507,-0.00122529712401054,0,0,0
83.085,9499.62000937011,1.54650901331202,9500,9499.55565209628,1.6051379740206,1.54650901331202,0,1.27199345608494,20.3491150131337,12,0,15035.2737434423,-15028.0459302085,1.54650901331202,1.5418159808907,1.54254097891514,-0.000724998024439261,0.869094978686798,0.00614302847020219,1.54650901331202,0,267.161443506003,60.6481711487664,8.7856979998812e-10,1,0.986571703164273,0,0.000647403151448511,-0.00144999604887852,0,0,0
83.1,9499.63908927196,1.5465820209276,9500,9499.57233108826,1.60504768967346,1.5465820209276,0,1.30193246415046,20.3477692057642,12,0,15035.6934262103,-15028.2954765203,1.5465820209276,1.5418159808907,1.54265014081642,-0.000834159925725997,0.922810514312455,0.00643435988835402,1.5465820209276,0,267.161443506003,60.6481711487664,9.0560864035676e-10,1,0.986573684684717,0,0.000623111957249955,-0.00166831985145199,0,0,0
83.115,9499.65861825892,1.54665082313958,9500,9499.58963230604,1.6049290953194,1.54665082313958,0,1.328752055065,20.3465190047871,12,0,15036.0953394517,-15028.5449777143,1.54665082313958,1.5418159808907,1.54275593990081,-0.00093995901011712,0.97381993952578,0.0067147602691165,1.54665082313958,0,267.161443506003,60.6481711487664,9.30357932985631e-10,1,0.98657571284436,0,0.000597913762073077,-0.00187991802023424,0,0,0
83.13,9499.67854953974,1.5467153432146,9500,9499.60751087806,1.60478286375492,1.5467153432146,0,1.35244484808924,20.3453655012869,12,0,15036.478931711,-15028.7939244,1.5467153432146,1.5418159808907,1.54285821045977,-0.00104222956907196,1.02206014007402,0.00698382146204939,1.5467153432146,0,267.161443506003,60.6481711487664,9.528035310446e-10,1,0.986577782783753,0,0.000571873829857017,-0.00208445913814392,0,0,0
83.145,9499.69883621246,1.5467755143072,9500,9499.62592143522,1.604609714064,1.5467755143072,0,1.37300994835949,20.3443095731612,12,0,15036.8436971979,-15029.0418160053,1.5467755143072,1.5418159808907,1.54295679652519,-0.0011408156344892,1.06747462591312,0.00724116468548505,1.5467755143072,0,267.161443506003,60.6481711487664,9.72934952085331e-10,1,0.986579889631947,0,0.000545058162350731,-0.0022816312689784,0,0,0
83.16,9499.71943136169,1.54683127944367,9500,9499.64481821117,1.60441040944558,1.54683127944367,0,1.39045284892914,20.3433518866876,12,0,15037.1891761144,-15029.2881616587,1.54683127944367,1.5418159808907,1.54305155204348,-0.00123557115278383,1.11001354420504,0.00748644085854288,1.54683127944367,0,267.161443506003,60.6481711487664,9.90748890301923e-10,1,0.9865820285166,0,0.000517533343905807,-0.00247114230556766,0,0,0
83.175,9499.74028815443,1.54688259148665,9500,9499.6641551418,1.60418575498532,1.54688259148665,0,1.40478728959538,20.3424929005489,13,0,15037.5149441727,-15029.5324591432,1.54688259148665,1.5418159808907,1.54314234102437,-0.0013263601336726,1.14963367820083,0.00771933086330049,1.54688259148665,0,267.161443506003,60.6481711487664,4.44228252158123e-10,1,0.986584194573927,0,0.000489366397306901,-0.0026527202673452,0,0,0
83.19,9499.76135996377,1.54692941308686,9500,9499.68388596368,1.60393659537709,1.54692941308686,0,1.41602726679123,20.3417328601299,13,0,15037.8206555864,-15029.7742832887,1.54692941308686,1.5418159808907,1.54322903766366,-0.00141305677296177,1.1862984321809,0.00793954574208859,1.54692941308686,0,267.161443506003,60.6481711487664,4.50115982998062e-10,1,0.986586382961548,0,0.000460624649789354,-0.00282611354592355,0,0,0
83.205,9499.78260037277,1.54697171624522,9500,9499.70396431923,1.60366381240443,1.54697171624522,0,1.42419847481535,20.3410718193544,13,0,15038.1059772209,-15030.0131551084,1.54697171624522,1.5418159808907,1.54331152663068,-0.00149554573998545,1.21997791623904,0.0081468268344938,1.54697171624522,0,267.161443506003,60.6481711487664,4.54907882690073e-10,1,0.986588588858886,0,0.000431375570193682,-0.0029910914799709,0,0,0
83.22,9499.80396334989,1.54700948313796,9500,9499.72434383545,1.60336832300979,1.54700948313796,0,1.42933089396441,20.3405096168834,13,0,15038.3706355425,-15030.2486308629,1.54700948313796,1.5418159808907,1.54338970268761,-0.0015737217969114,1.25064862518921,0.00834094584108096,1.54700948313796,0,267.161443506003,60.6481711487664,4.58689315063517e-10,1,0.986590807485389,0,0.000401686659653677,-0.0031474435938228,0,0,0
83.235,9499.8254033133,1.54704270545732,9500,9499.74497822787,1.60305107666812,1.54704270545732,0,1.43146024444092,20.3400458930994,13,0,15038.6144032634,-15030.4802804424,1.54704270545732,1.5418159808907,1.54346347102635,-0.00164749013565002,1.2782935581854,0.00852170483792511,1.54704270545732,0,267.161443506003,60.6481711487664,4.61468655629957e-10,1,0.986593034107211,0,0.000371625299069755,-0.00329498027130004,0,0,0
83.25,9499.84687521697,1.54707138425546,9500,9499.76582139407,1.60271305294353,1.54707138425546,0,1.43062780767191,20.3396800944968,13,0,15038.8370989681,-15030.7076880074,1.54707138425546,1.5418159808907,1.54353274731957,-0.00171676642887109,1.30290216029962,0.0086889362225065,1.54707138425546,0,267.161443506003,60.6481711487664,4.63256182950626e-10,1,0.986595264046151,0,0.000341258615749407,-0.00343353285774217,0,0,0
83.265,9499.86833463409,1.54709552978652,9500,9499.78682750545,1.6023552590248,1.54709552978652,0,1.42688024905898,20.3394114780687,13,0,15039.038586723,-15030.9304526039,1.54709552978652,1.5418159808907,1.54359745774258,-0.00178147685188423,1.32447024853571,0.00884250259959374,1.54709552978652,0,267.161443506003,60.6481711487664,4.64064956503045e-10,1,0.986597492688315,0,0.00031065334358682,-0.00356295370376847,0,0,0
83.28,9499.88973783782,1.54711516136944,9500,9499.80795109667,1.60197872724669,1.54711516136944,0,1.42026945654728,20.3392391152105,13,0,15039.2187757714,-15031.1481887747,1.54711516136944,1.5418159808907,1.54365753895343,-0.00184155806273445,1.34299992255669,0.00898229660420781,1.54711516136944,0,267.161443506003,60.6481711487664,4.63909060061787e-10,1,0.986599715492505,0,0.000279875704697563,-0.0036831161254689,0,0,0
83.295,9499.91104187967,1.54713030719439,9500,9499.82914715298,1.60158451260151,1.54713030719439,0,1.41085234428633,20.3391618967956,13,0,15039.3776199528,-15031.3605270933,1.54713030719439,1.5418159808907,1.54371293807451,-0.00189695718381455,1.35849946176327,0.00910824067132171,1.54713030719439,0,267.161443506003,60.6481711487664,4.62803747814963e-10,1,0.986601927998356,0,0.000248991269454102,-0.0037939143676291,0,0,0
83.31,9499.93220466483,1.54714100415955,9500,9499.85037119508,1.60117369024432,1.54714100415955,0,1.39869067974695,20.339178537558,13,0,15039.5151172577,-15031.5671146998,1.54714100415955,1.5418159808907,1.54376361262756,-0.00194763173686097,1.3709832109112,0.00922028674257606,1.54714100415955,0,267.161443506003,60.6481711487664,4.6076734674915e-10,1,0.986604125834162,0,0.000218064841420285,-0.00389526347372193,0,0,0
83.325,9499.95318502503,1.5471472976775,9500,9499.87157936169,1.60074735299708,1.5471472976775,0,1.38385089235456,20.3392875810879,13,0,15039.6313092239,-15031.7676157838,1.5471472976775,1.5418159808907,1.5438095304579,-0.00199354956720765,1.38047145460309,0.00931841592121518,1.5471472976775,0,267.161443506003,60.6481711487664,4.57819353733924e-10,1,0.986606304724441,0,0.000187160327519198,-0.00398709913441531,0,0,0
83.34,9499.97394278841,1.54714924145439,9500,9499.89272848941,1.60030660885448,1.54714924145439,0,1.36640386791392,20.3394874053695,13,0,15039.7262801981,-15031.9617120137,1.54714924145439,1.5418159808907,1.54385066964315,-0.00203468875245383,1.38699028263278,0.00940263806859882,1.54714924145439,0,267.161443506003,60.6481711487664,4.53979410834201e-10,1,0.986608460497194,0,0.000156340637014196,-0.00406937750490766,0,0,0
83.355,9499.99443884643,1.54714689727724,9500,9499.91377619018,1.59985257849598,1.54714689727724,0,1.3464247506076,20.3397762281032,13,0,15039.8001566206,-15032.1491029446,1.54714689727724,1.5418159808907,1.54388701837505,-0.00207103748435622,1.39057144670355,0.00947299135525521,1.54714689727724,0,267.161443506003,60.6481711487664,4.49270963947032e-10,1,0.986610589090848,0,0.000125667551947428,-0.00414207496871244,0,0,0
83.37,9500.01463521769,1.54714033475707,9500,9499.93468092583,1.599386392809,1.54714033475707,0,1.32399271948092,20.3401521129316,13,0,15039.853106093,-15032.3295063565,1.54714033475707,1.5418159808907,1.54391857483433,-0.00210259394362899,1.39125220868473,0.00952954175363155,1.54714033475707,0,267.161443506003,60.6481711487664,4.43717018332909e-10,1,0.986612686560891,0,9.52016269997191e-05,-0.00420518788725799,0,0,0
83.385,9500.03449510848,1.54712963108955,9500,9499.95540208,1.59890919042701,1.54712963108955,0,1.29918884016848,20.3406129731868,12,0,15039.8853470637,-15032.5026801459,1.54712963108955,1.5418159808907,1.54394534703416,-0.0021293661434667,1.3890751812591,0.00957238248578143,1.54712963108955,0,267.161443506003,60.6481711487664,9.91041107944212e-10,1,0.986614749086157,0,6.50020842045684e-05,-0.00425873228693341,0,0,0
83.4,9500.05398294109,1.54711487077265,9500,9499.97590002699,1.59842211528822,1.54711487077265,0,1.27210364460527,20.3411565865062,12,0,15039.8971052548,-15032.6683356812,1.54711487077265,1.5418159808907,1.54396735266156,-0.00215137177085856,1.3840881605251,0.00960163342367348,1.54711487077265,0,267.161443506003,60.6481711487664,9.7464556550442e-10,1,0.986616772971763,0,3.51267097147279e-05,-0.00430274354171711,0,0,0
83.415,9500.07306449575,1.54709614569271,9500,9499.99613619022,1.59792631440988,1.54709614569271,0,1.2428253320001,20.3417805821401,12,0,15039.8886784585,-15032.8262696456,1.54709614569271,1.5418159808907,1.54398461871121,-0.00216863782051702,1.3763438405045,0.00961744044304511,1.54709614569271,0,267.161443506003,60.6481711487664,9.56692107672389e-10,1,0.986618754663859,0,5.63176962709022e-06,-0.00433727564103403,0,0,0
83.43,9500.09170687574,1.54707355390356,9500,9500.0160731222,1.59742293506844,1.54707355390356,0,1.21144685759968,20.342482475026,12,0,15039.8603880085,-15032.9762752274,1.54707355390356,1.5418159808907,1.54399718175395,-0.00218120086325757,1.36589991027383,0.0096199747393773,1.54707355390356,0,267.161443506003,60.6481711487664,9.37065165198522e-10,1,0.986620690745991,0,-2.34281124962266e-05,-0.00436240172651514,0,0,0
83.445,9500.1098785786,1.54704719990874,9500,9500.03567455485,1.59691312267701,1.54704719990874,0,1.17806408201074,20.3432596584154,12,0,15039.8125911021,-15033.1181649573,1.54704719990874,1.5418159808907,1.54400508742605,-0.00218910653535698,1.35281868991244,0.009609432088754,1.54704719990874,0,267.161443506003,60.6481711487664,9.15830783427022e-10,1,0.986622577946514,0,-5.20000164270229e-05,-0.00437821307071395,0,0,0
83.46,9500.12754953983,1.54701719435499,9500,9500.05490545515,1.59639801848619,1.54701719435499,0,1.14277553448774,20.344109410899,12,0,15039.745679553,-15033.2517708068,1.54701719435499,1.5418159808907,1.54400839019923,-0.00219240930853526,1.33716692761132,0.00958603208136184,1.54701719435499,0,267.161443506003,60.6481711487664,8.93058222100023e-10,1,0.986624413143111,0,-8.00328232841707e-05,-0.00438481861707052,0,0,0
83.475,9500.14469117285,1.54698365373707,9500,9500.07373207775,1.59587875732296,1.54698365373707,0,1.10568218577055,20.345028903145,12,0,15039.660078579,-15033.3769442664,1.54698365373707,1.5418159808907,1.54400715312295,-0.00219117223225607,1.31901559533638,0.00955001731088396,1.54698365373707,0,267.161443506003,60.6481711487664,8.68818052720818e-10,1,0.986626193366959,0,-0.000107477281609647,-0.00438234446451213,0,0,0
83.49,9500.16127640563,1.54694670006276,9500,9500.09212201423,1.59535646537243,1.54694670006276,0,1.06688719897678,20.3460152054493,12,0,15039.5562453947,-15033.4935563539,1.54694670006276,1.5418159808907,1.54400144757175,-0.00218546668104791,1.29843968183691,0.00950165253415962,1.54694670006276,0,267.161443506003,60.6481711487664,8.43182743848412e-10,1,0.986627915806524,0,-0.000134286083602664,-0.00437093336209582,0,0,0
83.505,9500.17727971362,1.5469064605243,9500,9500.11004423919,1.59483225800659,1.5469064605243,0,1.02649568747467,20.3470652951041,12,0,15039.4346678138,-15033.6014975928,1.5469064605243,1.5418159808907,1.54399135297217,-0.00217537208146967,1.27551798278182,0.00944122379653842,1.5469064605243,0,267.161443506003,60.6481711487664,8.16227246405471e-10,1,0.986629577810983,0,-0.000160413932934755,-0.00435074416293935,0,0,0
83.52,9500.19267714893,1.54686306712759,9500,9500.12746915283,1.59430723766444,1.54686306712759,0,0.98461444936298,20.3481760646269,12,0,15039.2958626441,-15033.7006779162,1.54686306712759,1.5418159808907,1.54397695653561,-0.00216097564491036,1.25033288731774,0.00936903752671778,1.54686306712759,0,267.161443506003,60.6481711487664,7.88025920511719e-10,1,0.986631176893258,0,-0.000185817607737393,-0.00432195128982071,0,0,0
83.535,9500.20744636567,1.5468166563555,9500,9500.14436862012,1.59378249178877,1.5468166563555,0,0.941351726876456,20.3493443292151,12,0,15039.1403742204,-15033.7910265671,1.5468166563555,1.5418159808907,1.54395835295991,-0.00214237206921686,1.22297016044568,0.00928541960323596,1.5468166563555,0,267.161443506003,60.6481711487664,7.58656633070945e-10,1,0.986632710732643,0,-0.000210456017593952,-0.00428474413843372,0,0,0
83.55,9500.22156664157,1.54676736881469,9500,9500.16071600635,1.59325909082429,1.54676736881469,0,0.896816959290226,20.3505668345076,12,0,15038.9687728501,-15033.8724919489,1.54676736881469,1.5418159808907,1.54393564412636,-0.00211966323566326,1.19351872085352,0.00919071439531868,1.54676736881469,0,267.161443506003,60.6481711487664,7.28197245671577e-10,1,0.986634177177052,0,-0.000234290258027903,-0.00423932647132652,0,0,0
83.565,9500.23501889596,1.54671534886164,9500,9500.1764862091,1.59273808628124,1.54671534886164,0,0.85112052492389,20.351840264755,12,0,15038.7816531422,-15033.9450414202,1.54671534886164,1.5418159808907,1.54390893879483,-0.00209295790413311,1.16207041435132,0.00908528377920612,1.54671534886164,0,267.161443506003,60.6481711487664,6.96726053750673e-10,1,0.986635574244883,0,-0.000257283654836682,-0.00418591580826622,0,0,0
83.58,9500.24778570384,1.54666074427524,9500,9500.19165568656,1.59222050886647,1.54666074427524,0,0.804373516962829,20.3531612499439,12,0,15038.5796325384,-15034.0086611011,1.54666074427524,1.5418159808907,1.54387835226569,-0.00206237137499143,1.12871978433783,0.00896950613452961,1.54666074427524,0,267.161443506003,60.6481711487664,6.64323835467195e-10,1,0.986636900126484,0,-0.000279401808161994,-0.00412474274998287,0,0,0
83.595,9500.25985130659,1.54660370588426,9500,9500.20620248216,1.59170736668758,1.54660370588426,0,0.756687493900683,20.3545263738547,12,0,15038.363349624,-15034.0633556021,1.54660370588426,1.5418159808907,1.54384400605434,-0.00202802516364575,1.09356383829218,0.00884377532085672,1.54660370588426,0,267.161443506003,60.6481711487664,6.31069900792669e-10,1,0.986638153185264,0,-0.000300612628312047,-0.0040560503272915,0,0,0
83.61,9500.271201619,1.54654438721487,9500,9500.22010624562,1.59119964352979,1.54654438721487,0,0.708174245141843,20.3559321816458,12,0,15038.1334625095,-15034.1091477385,1.54654438721487,1.5418159808907,1.54380602754767,-0.00199004665697067,1.05670181291311,0.0087084996381163,1.54654438721487,0,267.161443506003,60.6481711487664,5.97045164812688e-10,1,0.986639331958419,0,-0.000320886371962592,-0.00398009331394134,0,0,0
83.625,9500.28182423268,1.54648294415177,9500,9500.23334825033,1.59069829720972,1.54648294415177,0,0.658945569406851,20.3573751871095,12,0,15037.890647266,-15034.1460782259,1.54648294415177,1.5418159808907,1.54376454964553,-0.00194856875482907,1.01823493742742,0.00856410077073313,1.54648294415177,0,267.161443506003,60.6481711487664,5.62331123610319e-10,1,0.986640435157289,0,-0.000340195652858588,-0.00389713750965814,0,0,0
83.64,9500.29170841622,1.54641953459544,9500,9500.2459114071,1.59020425800777,1.54641953459544,0,0.609113053487505,20.3588518799754,12,0,15037.635596328,-15034.1742053408,1.54641953459544,1.5418159808907,1.5437197104018,-0.00190372951110396,0.97826619600877,0.00841101272694677,1.54641953459544,0,267.161443506003,60.6481711487664,5.2700765954127e-10,1,0.986641461667379,0,-0.000358515485689104,-0.00380745902220792,0,0,0
83.655,9500.30084511202,1.54635431808754,9500,9500.25778027448,1.58971842717966,1.54635431808754,0,0.558787833297818,20.3603587338622,12,0,15037.3690167323,-15034.1936045177,1.54635431808754,1.5418159808907,1.54367165267147,-0.0018556717807714,0.93690009079134,0.00824968075838667,1.54635431808754,0,267.161443506003,60.6481711487664,4.91155675555768e-10,1,0.986642410548022,0,-0.000375823282506849,-0.00371134356154279,0,0,0
83.67,9500.30922692952,1.54628745548057,9500,9500.26894106544,1.58924167554903,1.54628745548057,0,0.508080386628831,20.3618922132439,12,0,15037.0916285478,-15034.2043679581,1.54628745548057,1.5418159808907,1.54362052373639,-0.00180454284569209,0.894242405749076,0.00808056028125859,1.54628745548057,0,267.161443506003,60.6481711487664,4.54856656498103e-10,1,0.986643281031679,0,-0.000392098869335777,-0.00360908569138418,0,0,0
83.685,9500.31684813532,1.54621910857939,9500,9500.27938165069,1.5887748421838,1.54621910857939,0,0.457102164728479,20.3634487827736,11,0,15036.8041530763,-15034.2065835594,1.54621910857939,1.5418159808907,1.54356647494138,-0.00175049405068362,0.850399971275874,0.00790411579005749,1.54621910857939,0,267.161443506003,60.6481711487664,9.47949577218826e-10,1,0.986644072522915,0,-0.00040732449713099,-0.00350098810136723,0,0,0
83.7,9500.32370466779,1.54614943980836,9500,9500.28909155851,1.58831873315629,1.54614943980836,0,0.405957786384682,20.3650249072371,11,0,15036.507352601,-15034.2004190236,1.54614943980836,1.5418159808907,1.54350966131504,-0.00169368042434437,0.80548043067969,0.00772081976634854,1.54614943980836,0,267.161443506003,60.6481711487664,8.64570395750885e-10,1,0.986644784599915,0,-0.000421484832388686,-0.00338736084868874,0,0,0
83.715,9500.32979403458,1.54607861150156,9500,9500.29806197844,1.58787412020692,1.54607861150156,0,0.354756282482551,20.3666170768111,11,0,15036.201963461,-15034.1859910326,1.54607861150156,1.5418159808907,1.54345024138115,-0.00163426049045712,0.759592114497286,0.00753115159177363,1.54607861150156,0,267.161443506003,60.6481711487664,7.8029795526412e-10,1,0.986645417003839,0,-0.000434566966454941,-0.00326852098091424,0,0,0
83.73,9500.33511537882,1.54600678648666,9500,9500.30628573744,1.5874417401035,1.54600678648666,0,0.30360351291651,20.3682217875955,11,0,15035.8887420503,-15034.1634543409,1.54600678648666,1.5418159808907,1.54338837632115,-0.00157239543045384,0.712843536978908,0.00733559645686891,1.54600678648666,0,267.161443506003,60.6481711487664,6.95726873542266e-10,1,0.986645969645697,0,-0.000446560388425166,-0.00314479086090769,0,0,0
83.745,9500.33966943151,1.54593412715165,9500,9500.31375729938,1.58702229342587,1.54593412715165,0,0.252603620821766,20.3698355630355,11,0,15035.5684493024,-15034.1329779962,1.54593412715165,1.5418159808907,1.54332422990126,-0.00150824901056379,0.665343348074423,0.00713464428207758,1.54593412715165,0,267.161443506003,60.6481711487664,6.1103252569595e-10,1,0.986646442601406,0,-0.000457456973288917,-0.00301649802112758,0,0,0
83.76,9500.34345848583,1.54586079510663,9500,9500.32047275232,1.58661644366094,1.54586079510663,0,0.201858838791496,20.3714549608656,11,0,15035.241849005,-15034.0947447567,1.54586079510663,1.5418159808907,1.54325796810478,-0.00144198721408251,0.617200116024659,0.00692878864409757,1.54586079510663,0,267.161443506003,60.6481711487664,5.26388235306169e-10,1,0.986646836109121,0,-0.000467250971968536,-0.00288397442816501,0,0,0
83.775,9500.34648636841,1.54578695086527,9500,9500.32642979248,1.58622481639299,1.54578695086527,0,0.151469308732439,20.3730765796027,11,0,15034.9097061914,-15034.0489505071,1.54578695086527,1.5418159808907,1.54318975875676,-0.00137377786606763,0.568522108231315,0.00671852570671173,1.54578695086527,0,267.161443506003,60.6481711487664,4.41964104627789e-10,1,0.986647150566255,0,-0.000475938981297608,-0.00274755573213525,0,0,0
83.79,9500.34875840804,1.5457127535196,9500,9500.33162770484,1.58584799858863,1.5457127535196,0,0.101531307567323,20.3746970627892,10,0,15034.5727941364,-15033.9958213374,1.5457127535196,1.5418159808907,1.54311977115881,-0.00130379026811478,0.519417072637088,0.00650435316512781,1.5457127535196,0,267.161443506003,60.6481711487664,8.11749584764192e-10,1,0.98664738652622,0,-0.000483519921478326,-0.00260758053622956,0,0,0
83.805,9500.35028137765,1.54563836045238,9500,9500.33606734071,1.58548653797557,1.54563836045238,0,0.0521438573823117,20.3763131143605,10,0,15034.2318561829,-15033.935537807,1.54563836045238,1.5418159808907,1.54304817571009,-0.0012321948193883,0.46999202140764,0.00628676920046256,1.54563836045238,0,267.161443506003,60.6481711487664,6.21734939380245e-10,1,0.986647544692413,0,-0.000489995005612753,-0.0024643896387766,0,0,0
83.82,9500.35106353551,1.54556392737826,9500,9500.33975108606,1.58514094267196,1.54556392737826,0,0.003399938745604,20.3779214813961,9,0,15033.8876536018,-15033.8683327372,1.54556392737826,1.5418159808907,1.54297514337088,-0.00115916248018566,0.420352926760655,0.00606627144793682,1.54556392737826,0,267.161443506003,60.6481711487664,9.83017501455566e-10,1,0.986647625922484,0,-0.000495367684612891,-0.00231832496037132,0,0,0
83.835,9500.35111453459,1.54548960721381,9500,9500.34268284874,1.58481168035999,1.54548960721381,0,-0.0446150816578723,20.3795189929861,9,0,15033.5409654878,-15033.7945000432,1.54548960721381,1.5418159808907,1.54290084572407,-0.00108486483337389,0.370604762482905,0.00584335598986102,1.54548960721381,0,267.161443506003,60.6481711487664,5.64503721505948e-10,1,0.986647631218933,0,-0.00049964363576982,-0.00216972966674778,0,0,0
83.85,9500.35044530837,1.54541555003139,9500,9500.34486802552,1.58449917798138,1.54541555003139,0,-0.0918122643526936,20.3811025337351,8,0,15033.1925264431,-15033.7142688476,1.54541555003139,1.5418159808907,1.54282545449723,-0.00100947360653536,0.320851238813144,0.0056185163537646,1.54541555003139,0,267.161443506003,60.6481711487664,3.43220337360032e-10,1,0.986647561717241,0,-0.000502830713622338,-0.00201894721307072,0,0,0
83.865,9500.3490681244,1.54534190386996,9500,9500.34631344809,1.58420382199238,1.54534190386996,0,-0.138103733882085,20.3826691012069,8,0,15032.8430608827,-15033.6278641359,1.54534190386996,1.5418159808907,1.54274914066738,-0.000933159776687731,0.271194285347529,0.00539224253263455,1.54534190386996,0,267.161443506003,60.6481711487664,5.88495462664527e-10,1,0.986647418691444,0,-0.00050493886736569,-0.00186631955337546,0,0,0
83.88,9500.34699656839,1.5452688138215,9500,9500.34702735689,1.58392595795109,1.5452688138215,0,-0.183413569346905,20.3842157276201,9,0,15032.4933320779,-15033.535617688,1.5452688138215,1.5418159808907,1.54267207444645,-0.000856093555757553,0.221734059617359,0.00516502004231999,1.5452688138215,0,267.161443506003,60.6481711487664,6.6410630999023e-10,1,0.986647203552466,0,-0.000505980107090354,-0.00171218711151511,0,0,0
83.895,9500.34424536485,1.54519642105899,9500,9500.34701937767,1.5836658900573,1.54519642105899,0,-0.227657932133276,20.3857395266652,10,0,15032.144026474,-15033.4377394682,1.54519642105899,1.5418159808907,1.54259442530361,-0.000778444412917523,0.172568992744606,0.00493732899412933,1.54519642105899,0,267.161443506003,60.6481711487664,4.67571700000459e-10,1,0.986646917829504,0,-0.000505968469807216,-0.00155688882583505,0,0,0
83.91,9500.34083049587,1.54512486385695,9500,9500.34630045757,1.5834238817358,1.54512486385695,0,-0.270766462908795,20.3872377157894,10,0,15031.7958803794,-15033.3345659075,1.54512486385695,1.5418159808907,1.54251636099893,-0.000700380108229925,0.123795229212043,0.00470964318271608,1.54512486385695,0,267.161443506003,60.6481711487664,6.37690707531525e-10,1,0.98664656318236,0,-0.000504919920842894,-0.00140076021645985,0,0,0
83.925,9500.33676899893,1.54505427593845,9500,9500.34488284862,1.58320015506527,1.54505427593845,0,-0.312666893710894,20.3887076213584,10,0,15031.4495815001,-15033.2263739936,1.54505427593845,1.5418159808907,1.54243804797599,-0.000622067085290778,0.0755068888096494,0.00448242921833678,1.54505427593845,0,267.161443506003,60.6481711487664,8.04539148599357e-10,1,0.98664614138044,0,-0.000502852332576964,-0.00124413417058156,0,0,0
83.94,9500.33207899552,1.54498478742426,9500,9500.34278004305,1.58299489144142,1.54498478742426,0,-0.353291581894692,20.3901466547757,10,0,15031.1058123263,-15033.113461788,1.54498478742426,1.5418159808907,1.54235965045825,-0.000543669567556471,0.0277955610919309,0.00425614566867715,1.54498478742426,0,267.161443506003,60.6481711487664,9.67230101479949e-10,1,0.986645654305732,0,-0.000499785394651786,-0.00108733913511294,0,0,0
83.955,9500.3267796218,1.54491652422629,9500,9500.34000673282,1.58280823167497,1.54491652422629,0,-0.392578712431871,20.3915523274949,11,0,15030.7652518769,-15032.996157003,1.54491652422629,1.5418159808907,1.54228133034344,-0.000465349452745345,-0.0192497320099514,0.00403124224108384,1.54491652422629,0,267.161443506003,60.6481711487664,4.96558258874298e-10,1,0.986645103945595,0,-0.000495740542679313,-0.00093069890549069,0,0,0
83.97,9500.32089094111,1.54484960785046,9500,9500.33657876166,1.58264027630971,1.54484960785046,0,-0.430463854429417,20.3929222609446,11,0,15030.4285281678,-15032.8747214885,1.54484960785046,1.5418159808907,1.54220324690926,-0.000387266018558652,-0.065542675444967,0.00380815899687815,1.54484960785046,0,267.161443506003,60.6481711487664,5.64760735175175e-10,1,0.986644492383688,0,-0.000490740903672737,-0.000774532037117304,0,0,0
83.985,9500.31443398329,1.54478415562143,9500,9500.33251306687,1.58249108623677,1.54478415562143,0,-0.466892128128417,20.3942541727025,11,0,15030.0962862902,-15032.7494884518,1.54478415562143,1.5418159808907,1.54212555632044,-0.000309575429746634,-0.110999920621561,0.00358732559022542,1.54478415562143,0,267.161443506003,60.6481711487664,6.30401527076646e-10,1,0.986643821804036,0,-0.000484811193655954,-0.000619150859493267,0,0,0
84,9500.30743060137,1.54472027951307,9500,9500.32782764637,1.5823606827105,1.54472027951307,0,-0.501810960991098,20.3955459059937,11,0,15029.7691394894,-15032.6207723714,1.54472027951307,1.5418159808907,1.54204841185605,-0.00023243096535408,-0.155540914769196,0.00336916055308024,1.54472027951307,0,267.161443506003,60.6481711487664,6.93769663426924e-10,1,0.986643094476162,0,-0.000477977686202946,-0.00046486193070816,0,0,0
84.015,9500.29990343695,1.54465808655339,9500,9500.32254149719,1.58224904811591,1.54465808655339,0,-0.535171681408744,20.3967954192206,11,0,15029.4476811877,-15032.4888900766,1.54465808655339,1.5418159808907,1.54197196335649,-0.000155982465795734,-0.19908819009279,0.00315407059428891,1.54465808655339,0,267.161443506003,60.6481711487664,7.54771078057456e-10,1,0.986642312751482,0,-0.00047026810871742,-0.000311964931591469,0,0,0
84.03,9500.29187586173,1.54459767869573,9500,9500.31667456091,1.58215612660463,1.54459767869573,0,-0.566929549823065,20.3980007880976,11,0,15029.1324841417,-15032.354160081,1.54459767869573,1.5418159808907,1.54189635696086,-8.03760701653111e-05,-0.241567485828381,0.00294244994536608,1.54459767869573,0,267.161443506003,60.6481711487664,8.13317405194803e-10,1,0.986641479057234,0,-0.00046171157263819,-0.000160752140330622,0,0,0
84.045,9500.28337191849,1.54453915270825,9500,9500.31024766803,1.58208182479801,1.54453915270825,0,-0.597043776430934,20.399160207385,11,0,15028.8240996825,-15032.2169019242,1.54453915270825,1.5418159808907,1.54182173485076,-5.75396006241569e-06,-0.28290785853618,0.00273467973767889,1.54453915270825,0,267.161443506003,60.6481711487664,8.69327442758726e-10,1,0.986640595890353,0,-0.000452338481582881,-1.15079201248314e-05,0,0,0
84.06,9500.27441626184,1.54448260006598,9500,9500.30328248159,1.58202601255407,1.54448260006598,0,-0.625477537861388,20.4002719925669,11,0,15028.5230569638,-15032.0774355133,1.54448260006598,1.5418159808907,1.54174823501354,6.77458771585204e-05,-0.323041780872365,0.00253112742096659,1.54448260006598,0,267.161443506003,60.6481711487664,9.22724372135378e-10,1,0.986639665811316,0,-0.000442180458780639,0.000135491754317041,0,0,0
84.075,9500.26503409877,1.54442810683606,9500,9500.29580143992,1.58198852379539,1.54442810683606,0,-0.652197997314487,20.4013345816724,11,0,15028.2298621795,-15031.9360804561,1.54442810683606,1.5418159808907,1.54167599102527,0.000139989865424628,-0.361905229269036,0.00233214621451531,1.54442810683606,0,267.161443506003,60.6481711487664,9.73439123884914e-10,1,0.986638691437963,0,-0.00043127025873857,0.000279979730849256,0,0,0
84.09,9500.25525112881,1.54437575359531,9500,9500.28782769887,1.5819691573949,1.54437575359531,0,-0.677174305227544,20.4023465385263,12,0,15027.9449870633,-15031.7931331974,1.54437575359531,1.5418159808907,1.54160513183743,0.00021084905326707,-0.399437761017684,0.00213807459808295,1.54437575359531,0,267.161443506003,60.6481711487664,4.50570024339036e-10,1,0.986637675439289,0,-0.000419641680932781,0.000421698106534141,0,0,0
84.105,9500.24509351424,1.54432561530714,9500,9500.27938507353,1.58196767811836,1.54432561530714,0,-0.70038555875677,20.4033065466626,12,0,15027.668911179,-15031.6489545412,1.54432561530714,1.5418159808907,1.54153578160331,0.000280199287390426,-0.435582581946674,0.0019492358416632,1.54432561530714,0,267.161443506003,60.6481711487664,4.70319138422123e-10,1,0.986636620532345,0,-0.000407329489096719,0.000560398574780852,0,0,0
84.12,9500.23458773085,1.54427776088604,9500,9500.27049798729,1.581983817423,1.54427776088604,0,-0.72180922552238,20.4042134295105,12,0,15027.402055532,-15031.5038374777,1.54427776088604,1.5418159808907,1.54146805967881,0.00034792121188465,-0.470286490330644,0.00176593757156967,1.54427776088604,0,267.161443506003,60.6481711487664,4.8898561130462e-10,1,0.986635529466745,0,-0.00039436932854664,0.0006958424237693,0,0,0
84.135,9500.22376059247,1.54423225404826,9500,9500.26119139546,1.58201727494116,1.54423225404826,0,-0.741428336860586,20.4050661241786,12,0,15027.144828617,-15031.3580941069,1.54423225404826,1.5418159808907,1.54140207999878,0.000413900891920171,-0.503500208688545,0.00158847137372369,1.54423225404826,0,267.161443506003,60.6481711487664,5.06375249423537e-10,1,0.986634405027205,0,-0.000380797625066043,0.000827801783840343,0,0,0
84.15,9500.21263916742,1.54418915271298,9500,9500.25149073498,1.58206771935759,1.54418915271298,0,-0.759229893650162,20.4058636954404,12,0,15026.8976129115,-15031.2120330734,1.54418915271298,1.5418159808907,1.54133795120078,0.000478029689918724,-0.535178256916036,0.00141711244244397,1.54418915271298,0,267.161443506003,60.6481711487664,5.22472382302616e-10,1,0.986633250024874,0,-0.000366651503182158,0.000956059379837448,0,0,0
84.165,9500.20125071901,1.54414850892838,9500,9500.2414218656,1.58213478954304,1.54414850892838,0,-0.775204860109017,20.4066053366685,12,0,15026.6607642882,-15031.0659589423,1.54414850892838,1.5418159808907,1.54127577650486,0.000540204385833798,-0.565278980358103,0.001252119266012,1.54414850892838,0,267.161443506003,60.6481711487664,5.37263239673323e-10,1,0.986632067291151,0,-0.00035196870376053,0.0010804087716676,0,0,0
84.18,9500.18962264611,1.54411036886741,9500,9500.23101101082,1.58221809573629,1.54411036886741,0,-0.789348113473106,20.4072903692715,12,0,15026.434611746,-15030.9201716445,1.54411036886741,1.5418159808907,1.541215653577,0.000600327313695193,-0.593764574193485,0.00109373334931976,1.54411036886741,0,267.161443506003,60.6481711487664,5.50736244307076e-10,1,0.986630859671512,0,-0.000336787493722346,0.00120065462739039,0,0,0
84.195,9500.17778242441,1.54407477279369,9500,9500.22028469875,1.58231722077328,1.54407477279369,0,-0.801658412831624,20.4079182427783,12,0,15026.2194570088,-15030.7749658976,1.54407477279369,1.5418159808907,1.54115767442777,0.000658306462924863,-0.620601104034732,0.000942178977144702,1.54407477279369,0,267.161443506003,60.6481711487664,5.62883475557704e-10,1,0.986629630019412,0,-0.000321146584333132,0.00131661292584973,0,0,0
84.21,9500.16575754822,1.54404175510199,9500,9500.20926970308,1.58243172135765,1.54404175510199,0,-0.812138320913065,20.4084885333216,12,0,15026.0155744719,-15030.6306307074,1.54404175510199,1.5418159808907,1.54110192529215,0.000714055598548091,-0.645758520308442,0.000797663014194793,1.54404175510199,0,267.161443506003,60.6481711487664,5.7369979156058e-10,1,0.986628381190241,0,-0.000305085045360309,0.00142811119709618,0,0,0
84.225,9500.1535754734,1.54401134432752,9500,9500.19799298424,1.58256112937027,1.54401134432752,0,-0.820794146454803,20.4090009428032,12,0,15025.8232110102,-15030.4874488485,1.54401134432752,1.5418159808907,1.54104848654418,0.000767494346517905,-0.669210666343048,0.000660374743782654,1.54401134432752,0,267.161443506003,60.6481711487664,5.83182536768487e-10,1,0.986627116035394,0,-0.000288642211562662,0.00153498869303581,0,0,0
84.24,9500.14126356121,1.54398356321358,9500,9500.18648163109,1.58270495321118,1.54398356321358,0,-0.827635850351449,20.4094552968105,12,0,15025.6425860593,-15030.3456964109,1.54398356321358,1.5418159808907,1.54099743260354,0.00081854828715322,-0.690935277881118,0.000530485748579456,1.54398356321358,0,267.161443506003,60.6481711487664,5.91331688502285e-10,1,0.986625837396441,0,-0.0002718576048657,0.00163709657430644,0,0,0
84.255,9500.12884902345,1.54395842874685,9500,9500.17476280305,1.5828626791711,1.54395842874685,0,-0.832676973161448,20.4098515432442,12,0,15025.4738915561,-15030.2056423289,1.54395842874685,1.5418159808907,1.54094883187581,0.000867149014882829,-0.710913974464592,0.000408149826389891,1.54395842874685,0,267.161443506003,60.6481711487664,5.98150296189198e-10,1,0.986624548099432,0,-0.0002547708476901,0.00173429802976566,0,0,0
84.27,9500.11635886885,1.54393595223118,9500,9500.16286367315,1.58303377282639,1.54393595223118,0,-0.835934539716445,20.410189750125,12,0,15025.3172920576,-15030.0675479569,1.54393595223118,1.5418159808907,1.54090274669292,0.000913234197778667,-0.729132241164491,0.000293502944929346,1.54393595223118,0,267.161443506003,60.6481711487664,6.03644335258163e-10,1,0.986623250949327,0,-0.000237421576329666,0.00182646839555733,0,0,0
84.285,9500.10381985076,1.5439161393524,9500,9500.1508113718,1.58321768045497,1.5439161393524,0,-0.83742896992135,20.4104701036084,12,0,15025.1729248298,-15029.9316666512,1.5439161393524,1.5418159808907,1.54085923327764,0.000956747613060749,-0.74557940166426,0.000186663235580996,1.5439161393524,0,267.161443506003,60.6481711487664,6.07821682989106e-10,1,0.986621948724562,0,-0.000219849365244329,0.0019134952261215,0,0,0
84.3,9500.09125841621,1.54389899025344,9500,9500.13863293173,1.58341383046853,1.54389899025344,0,-0.837183984473655,20.41069290579,12,0,15025.0408999874,-15029.7982433735,1.54389899025344,1.5418159808907,1.54081834171994,0.000997639170761122,-0.76024858235614,8.77310212210484e-05,1.54389899025344,0,267.161443506003,60.6481711487664,6.10692996770124e-10,1,0.986620644171762,0,-0.000202093641907597,0.00199527834152224,0,0,0
84.315,9500.07870065644,1.54388449961264,9500,9500.12635523385,1.58362163485864,1.54388449961264,0,-0.83522651028572,20.4108585724553,12,0,15024.9213006526,-15029.6675143116,1.54388449961264,1.5418159808907,1.54078011597091,0.00103586491978991,-0.773136668365493,-3.21111763737023e-06,1.54388449961264,0,267.161443506003,60.6481711487664,6.12271860668732e-10,1,0.986619340000603,0,-0.000184193608270267,0.00207172983957982,0,0,0
84.33,9500.06617225879,1.54387265674258,9500,9500.11400495444,1.58384049065321,1.54387265674258,0,-0.831586572795556,20.4109676304009,12,0,15024.8141832208,-15029.5397065331,1.54387265674258,1.5418159808907,1.54074459384407,0.00107138704662302,-0.784244251813315,-8.60982413589902e-05,1.54387265674258,0,267.161443506003,60.6481711487664,6.12573761261999e-10,1,0.986618038878811,0,-0.000166188163756464,0.00214277409324604,0,0,0
84.345,9500.0536984602,1.54386344568104,9500,9500.10160851345,1.58406978138128,1.54386344568104,0,-0.826297196190834,20.4110207149424,12,0,15024.7195775901,-15029.4150376472,1.54386344568104,1.5418159808907,1.540711807038,0.00110417385269623,-0.793575573336404,-0.000160882915049399,1.54386344568104,0,267.161443506003,60.6481711487664,6.1161667321082e-10,1,0.986616743427339,0,-0.000148115833377371,0.00220834770539247,0,0,0
84.36,9500.04130400225,1.54385684531322,9500,9500.08919202427,1.58430887854261,1.54385684531322,0,-0.819394283509658,20.4110185667616,12,0,15024.6374875489,-15029.2937155107,1.54385684531322,1.5418159808907,1.5406817811594,0.00113419973129614,-0.80113845680081,-0.000227535040069216,1.54385684531322,0,267.161443506003,60.6481711487664,6.09421644846133e-10,1,0.986615456215696,0,-0.000130014690614022,0.00226839946259227,0,0,0
84.375,9500.029013088,1.54385282947234,9500,9500.07678124477,1.58455714307983,1.54385282947234,0,-0.810916513339035,20.4109620292396,12,0,15024.5678910654,-15029.17593793,1.54385282947234,1.5418159808907,1.54065453577445,0.00116144511624361,-0.806944238070426,-0.000286041650845526,1.54385282947234,0,267.161443506003,60.6481711487664,6.0601016417425e-10,1,0.986614179757459,0,-0.000111922285559007,0.00232289023248722,0,0,0
84.39,9500.0168493403,1.54385136708398,9500,9500.06440152984,1.58481392684971,1.54385136708398,0,-0.800905209059353,20.4108520448623,12,0,15024.5107407903,-15029.0618924209,1.54385136708398,1.5418159808907,1.54063008445438,0.00118589643631539,-0.811007687697229,-0.000336406679347079,1.54385136708398,0,267.161443506003,60.6481711487664,6.01407671317896e-10,1,0.986612916505953,0,-9.38755807828873e-05,0.00237179287263078,0,0,0
84.405,9500.00483576217,1.54385242230195,9500,9500.05207778552,1.58507857409169,1.54385242230195,0,-0.789404215562639,20.4106896518293,12,0,15024.4659645276,-15028.9517559783,1.54385242230195,1.5418159808907,1.54060843483972,0.00120754605097684,-0.813346928475334,-0.000378650690699379,1.54385242230195,0,267.161443506003,60.6481711487664,5.95641509885469e-10,1,0.986611668850128,0,-7.59108780674644e-05,0.00241509210195368,0,0,0
84.42,9499.99299469893,1.54385595465518,9500,9500.03983442464,1.58535042288982,1.54385595465518,0,-0.776459770472017,20.4104759804438,12,0,15024.4334657644,-15028.8456948736,1.54385595465518,1.5418159808907,1.54058958871554,0.00122639217515763,-0.813983347385548,-0.000412810585829738,1.54385595465518,0,267.161443506003,60.6481711487664,5.8873990269929e-10,1,0.986610439110632,0,-5.80637587690447e-05,0.00245278435031526,0,0,0
84.435,9499.98134780238,1.5438619191971,9500,9500.02769532423,1.58562880662494,1.5438619191971,0,-0.762120375515769,20.41021224947,12,0,15024.4131242202,-15028.7438644735,1.5438619191971,1.5418159808907,1.54057354209886,0.00124243879184127,-0.812941502071467,-0.000438939277275808,1.5438619191971,0,267.161443506003,60.6481711487664,5.80733854441158e-10,1,0.986609229536084,0,-4.03690166823623e-05,0.00248487758368254,0,0,0
84.45,9499.96991599674,1.54387026667509,9500,9500.0156837846,1.58591305541486,1.54387026667509,0,-0.746436656598687,20.409899762079,12,0,15024.4047964985,-15028.6464090956,1.54387026667509,1.5418159808907,1.54056028533111,0.00125569555958771,-0.810249022439762,-0.000457105334782871,1.54387026667509,0,267.161443506003,60.6481711487664,5.71655541974482e-10,1,0.986608042299548,0,-2.28606077470328e-05,0.00251139111917542,0,0,0
84.465,9499.95871944689,1.54388094369375,9500,9500.00382249028,1.58620249753947,1.54388094369375,0,-0.729461229891578,20.409539901949,12,0,15024.4083167173,-15028.5534618784,1.54388094369375,1.5418159808907,1.54054980318504,0.00126617770565884,-0.805936507497551,-0.000467392608269036,1.54388094369375,0,267.161443506003,60.6481711487664,5.61540070641359e-10,1,0.986606879495221,0,-5.5715829445635e-06,0.00253235541131769,0,0,0
84.48,9499.94777752844,1.54389389289565,9500,9499.9921334728,1.58649646084763,1.54389389289565,0,-0.711248558375334,20.4091341290124,12,0,15024.4234972304,-15028.4651446868,1.54389389289565,1.5418159808907,1.54054207497792,0.00127390591277354,-0.800037417380593,-0.000469899820594089,1.54389389289565,0,267.161443506003,60.6481711487664,5.50423279146454e-10,1,0.986605743135334,0,1.14659618397628e-05,0.00254781182554709,0,0,0
84.495,9499.93710880007,1.54390905312813,9500,9499.98063807537,1.58679427414343,1.54390905312813,0,-0.691854819134184,20.4086839755265,12,0,15024.4501292926,-15028.3815680234,1.54390905312813,1.5418159808907,1.5405370747031,0.00127890618759907,-0.792587961099639,-0.000464740137766196,1.54390905312813,0,267.161443506003,60.6481711487664,5.38342764080088e-10,1,0.986604635147276,0,2.82209322921556e-05,0.00255781237519814,0,0,0
84.51,9499.92673097778,1.54392635964579,9500,9499.96935691956,1.58709526854911,1.54392635964579,0,-0.671337749847127,20.4081910413971,12,0,15024.4879838982,-15028.3028309948,1.54392635964579,1.5418159808907,1.54053477115404,0.0012812097366619,-0.783626980174173,-0.000452040718234726,1.54392635964579,0,267.161443506003,60.6481711487664,5.2533744094319e-10,1,0.986603557370924,0,4.46632887440845e-05,0.00256241947332381,0,0,0
84.525,9499.91666091153,1.54394574428251,9500,9499.95830987392,1.58739877884255,1.54394574428251,0,-0.649756516434947,20.4076569901845,12,0,15024.5368124896,-15028.2290212672,1.54394574428251,1.5418159808907,1.54053512807564,0.00128085281505474,-0.773195828714542,-0.000431942238299888,1.54394574428251,0,267.161443506003,60.6481711487664,5.11448129609758e-10,1,0.986602511556207,0,6.07640973975254e-05,0.00256170563010949,0,0,0
84.54,9499.90691456379,1.54396713565169,9500,9499.94751602471,1.58770414476623,1.54396713565169,0,-0.627171564826946,20.407083544524,12,0,15024.5963478027,-15028.1602150706,1.54396713565169,1.5418159808907,1.54053810431297,0.00127787657772949,-0.761338249799245,-0.000404598394471002,1.54396713565169,0,267.161443506003,60.6481711487664,4.96715359092421e-10,1,0.986601499360889,0,7.64955599010797e-05,0.00255575315545897,0,0,0
84.555,9499.89750699032,1.54399045933519,9500,9499.93699364859,1.58801071230597,1.54399045933519,0,-0.603644481699301,20.4064724818154,12,0,15024.6663046707,-15028.0964772104,1.54399045933519,1.5418159808907,1.54054365397219,0.0012723269185031,-0.748100248913254,-0.000370175392515516,1.54399045933519,0,267.161443506003,60.6481711487664,4.81182880011213e-10,1,0.986600522348569,0,9.18310621826901e-05,0.00254465383700619,0,0,0
84.57,9499.88845232309,1.54401563809974,9500,9499.92676018752,1.58831783493741,1.54401563809974,0,-0.579237839242228,20.4058256293448,12,0,15024.7463809651,-15028.037861127,1.54401563809974,1.5418159808907,1.54055172657891,0.00126425431178978,-0.733529964748737,-0.000328851414533305,1.54401563809974,0,267.161443506003,60.6481711487664,4.64894591218351e-10,1,0.986599581986906,0,0.000106745207903991,0.00252850862357956,0,0,0
84.585,9499.8797637555,1.54404259207523,9500,9499.9168322256,1.58862487483819,1.54404259207523,0,-0.554015067219008,20.4051448602541,12,0,15024.8362583653,-15027.984408938,1.54404259207523,1.5418159808907,1.54056226726294,0.00125371362775595,-0.717677537710214,-0.000280816070976509,1.54404259207523,0,267.161443506003,60.6481711487664,4.47894539774584e-10,1,0.986598679646085,0,0.000121213851811852,0.0025074272555119,0,0,0
84.6,9499.87145352949,1.54407123897338,9500,9499.90722546822,1.58893120406268,1.54407123897338,0,-0.52804220622666,20.4044320867665,11,0,15024.9356136987,-15027.9361727415,1.54407123897338,1.5418159808907,1.54057521693052,0.00124076396017281,-0.700594975719906,-0.000226269837661176,1.54407123897338,0,267.161443506003,60.6481711487664,9.74748160405606e-10,1,0.986597816597477,0,0.000135214130303485,0.00248152792034562,0,0,0
84.615,9499.8635328964,1.54410149429452,9500,9499.89795472315,1.58923620567962,1.54410149429452,0,-0.501380033064196,20.403689262932,11,0,15025.0440778285,-15027.8931287567,1.54410149429452,1.5418159808907,1.54059051244928,0.00122546844142213,-0.682336019020255,-0.000165423479024608,1.54410149429452,0,267.161443506003,60.6481711487664,9.33705822830406e-10,1,0.986596994009576,0,0.000148724491360941,0.00245093688284426,0,0,0
84.63,9499.8560121959,1.54413327189664,9500,9499.88903387647,1.58953927505754,1.54413327189664,0,-0.474095441482749,20.4029183616514,11,0,15025.1613021493,-15027.8553084902,1.54413327189664,1.5418159808907,1.54060808665877,0.00120789423192802,-0.662956112537309,-9.84974579121842e-05,1.54413327189664,0,267.161443506003,60.6481711487664,8.90953625910786e-10,1,0.986596212956198,0,0.00016172472135989,0.00241578846385604,0,0,0
84.645,9499.84890076428,1.54416648328583,9500,9499.88047589518,1.58983982048967,1.54416648328583,0,-0.4462539572467,20.4021213966817,11,0,15025.2869121434,-15027.8227097599,1.54416648328583,1.5418159808907,1.54062786902648,0.00118811186421652,-0.642511990260049,-2.57213333002335e-05,1.54416648328583,0,267.161443506003,60.6481711487664,8.47012010319691e-10,1,0.986595474406951,0,0.000174195948726252,0.00237622372843305,0,0,0
84.66,9499.84220695492,1.54420103839188,9500,9499.87229280532,1.59013726443834,1.54420103839188,0,-0.417921238641315,20.4013004041932,11,0,15025.4205218695,-15027.7953197103,1.54420103839188,1.5418159808907,1.54064978556192,0.00116619532877826,-0.621061712443911,5.26668436265801e-05,1.54420103839188,0,267.161443506003,60.6481711487664,8.01989431616589e-10,1,0.986594779229365,0,0.000186120678577817,0.00233239065755653,0,0,0
84.675,9499.83593813634,1.54423684582838,9500,9499.86449568112,1.59043104451675,1.54423684582838,0,-0.389162906988937,20.4004574371318,11,0,15025.5617351736,-15027.7731150603,1.54423684582838,1.5418159808907,1.54067375899635,0.00114222189434621,-0.598664532541521,0.000136421148986598,1.54423684582838,0,267.161443506003,60.6481711487664,7.5599537331546e-10,1,0.98659412818869,0,0.000197482792878123,0.00228444378869241,0,0,0
84.69,9499.83010069274,1.54427381306413,9500,9499.85709463642,1.59072061442017,1.54427381306413,0,-0.360044437066421,20.3995945615181,11,0,15025.7101464891,-15027.7560622814,1.54427381306413,1.5418159808907,1.54069970900687,0.00111627188382446,-0.575380759501853,0.000225288405781753,1.54427381306413,0,267.161443506003,60.6481711487664,7.09139468533979e-10,1,0.986593521947949,0,0.000208267582285648,0.00223254376764892,0,0,0
84.705,9499.82470002618,1.54431184667807,9500,9499.85009881849,1.591005444804,1.54431184667807,0,-0.330630993864122,20.3987138509727,11,0,15025.8653420397,-15027.7441178729,1.54431184667807,1.5418159808907,1.54072755240592,0.00108842848478119,-0.551271615899003,0.000319008817810295,1.54431184667807,0,267.161443506003,60.6481711487664,6.61531353402131e-10,1,0.986592961068167,0,0.000218461738560105,0.00217685696956238,0,0,0
84.72,9499.81974056128,1.54435085250924,9500,9499.84351640398,1.59128502411087,1.54435085250924,0,-0.300987340682016,20.3978173835278,11,0,15026.0269005551,-15027.7372285553,1.54435085250924,1.5418159808907,1.54075720338151,0.00105877750919059,-0.526399095173568,0.000417316600162342,1.54435085250924,0,267.161443506003,60.6481711487664,6.13280081379337e-10,1,0.986592446008855,0,0.000228053372448578,0.00211755501838118,0,0,0
84.735,9499.81522575116,1.54439073586766,9500,9499.83735459714,1.59155885934372,1.54439073586766,0,-0.271177707743072,20.3969072371457,11,0,15026.1943942839,-15027.7353315377,1.54439073586766,1.5418159808907,1.5407885737111,0.00102740717959837,-0.500825817324574,0.000519940617764202,1.54439073586766,0,267.161443506003,60.6481711487664,5.64496025649711e-10,1,0.986591977128637,0,0.000237032008181925,0.00205481435919674,0,0,0
84.75,9499.81115808555,1.54443140173005,9500,9499.8316196301,1.59182647678888,1.54443140173005,0,-0.241265673437568,20.3959854855896,11,0,15026.3673899388,-15027.7383547875,1.54443140173005,1.5418159808907,1.54082157298174,0.000994407908952333,-0.474614886693999,0.000626605021446069,1.54443140173005,0,267.161443506003,60.6481711487664,5.15287805328897e-10,1,0.986591554686077,0,0.000245388585048634,0.00198881581790467,0,0,0
84.765,9499.80753910045,1.54447275490786,9500,9499.82631676506,1.59208742268812,1.54447275490786,0,-0.211314064375127,20.3950541949104,11,0,15026.5454495225,-15027.7462172894,1.54447275490786,1.5418159808907,1.54085610882447,0.000959872066222722,-0.447829751702943,0.000737029884717954,1.54447275490786,0,267.161443506003,60.6481711487664,4.65762285168105e-10,1,0.986591178840697,0,0.000253115453643815,0.00191974413244544,0,0,0
84.78,9499.80436938948,1.54451470025045,9500,9499.82145029855,1.59234126385914,1.54451470025045,0,-0.181382987732798,20.3941154215369,10,0,15026.7281212889,-15027.7588088255,1.54451470025045,1.5418159808907,1.54089208713025,0.000923893760447214,-0.420534066644174,0.000850931838857671,1.54451470025045,0,267.161443506003,60.6481711487664,9.42687245318543e-10,1,0.986590849654146,0,0.000260206374764538,0.00184778752089443,0,0,0
84.795,9499.80164864466,1.54455714283792,9500,9499.81702356746,1.5925875882667,1.54455714283792,0,-0.151537353070595,20.3931711990082,10,0,15026.9149821503,-15027.7760751247,1.54455714283792,1.5418159808907,1.54092941227083,0.000886568619862915,-0.39279155722214,0.000968024707501713,1.54455714283792,0,267.161443506003,60.6481711487664,8.28902229443217e-10,1,0.986590567094439,0,0.000266656501643592,0.00177313723972583,0,0,0
84.81,9499.79937558437,1.54459998781414,9500,9499.81303896403,1.59282600536035,1.54459998781414,0,-0.121835166037889,20.3922235554469,10,0,15027.1055727755,-15027.7978864413,1.54459998781414,1.5418159808907,1.5409679874956,0.0008479933951,-0.364665782895983,0.00108802013324133,1.54459998781414,0,267.161443506003,60.6481711487664,7.16095298896011e-10,1,0.986590331028474,0,0.000272462365078052,0.0016959867902,0,0,0
84.825,9499.79754805688,1.5446431414826,9500,9499.8094979284,1.59305614697376,1.5446431414826,0,-0.0923349718209875,20.3912744811416,10,0,15027.2994469049,-15027.824129167,1.5446431414826,1.5418159808907,1.54100771469351,0.00080826619718799,-0.336220284516202,0.00121062819752645,1.5446431414826,0,267.161443506003,60.6481711487664,6.03524911900404e-10,1,0.986590141232786,0,0.00027762188256375,0.00161653239437598,0,0,0
84.84,9499.7961630323,1.54468651091704,9500,9499.80640096982,1.59327766749912,1.54468651091704,0,-0.0630940263735979,20.3903259393964,10,0,15027.4961582409,-15027.8546823299,1.54468651091704,1.5418159808907,1.54104849489987,0.00076748599083154,-0.307518275030006,0.00133555804468014,1.54468651091704,0,267.161443506003,60.6481711487664,4.91419744655822e-10,1,0.986589997392711,0,0.000282134323284167,0.00153497198166308,0,0,0
84.855,9499.79521662191,1.5447300041041,9500,9499.80374768034,1.59349024423826,1.5447300041041,0,-0.0341698924100628,20.3893798639368,9,0,15027.6952703389,-15027.8894365545,1.5447300041041,1.5418159808907,1.54109022852908,0.000725752361620424,-0.278622510458212,0.00146251849015801,1.5447300041041,0,267.161443506003,60.6481711487664,8.60034321023462e-10,1,0.986589899104389,0,0.000286000291832345,0.00145150472324085,0,0,0
84.87,9499.79470407352,1.54477353012609,9500,9499.80153674991,1.5936935777065,1.54477353012609,0,-0.00561315384245293,20.3884381543903,9,0,15027.8963182344,-15027.9282142897,1.54477353012609,1.5418159808907,1.54113281558374,0.000683165306955225,-0.249595167979633,0.00159121862148257,1.54477353012609,0,267.161443506003,60.6481711487664,6.1150098275112e-10,1,0.986589845874287,0,0.000289221708302811,0.00136633061391045,0,0,0
84.885,9499.79461987621,1.54481699965545,9500,9499.79976597641,1.593887392055,1.54481699965545,0,0.0225230144570939,20.3875026783038,8,0,15028.0988651288,-15027.9708808743,1.54481699965545,1.5418159808907,1.54117615570343,0.000639825187266574,-0.220497826304711,0.00172136839021883,1.54481699965545,0,267.161443506003,60.6481711487664,8.26880961506035e-10,1,0.986589837130077,0,0.000291801788494528,0.00127965037453315,0,0,0
84.9,9499.79495772143,1.54486032425252,9500,9499.79843230022,1.59407143486219,1.54486032425252,0,0.0501819142947432,20.3865752855575,7,0,15028.3025017631,-15028.017349208,1.54486032425252,1.5418159808907,1.54122014880731,0.000595832083389203,-0.1913910884283,0.00185267919504137,1.54486032425252,0,267.161443506003,60.6481711487664,8.89031188951188e-10,1,0.986589872216589,0,0.000293744996971324,0.00119166416677841,0,0,0
84.915,9499.79571045014,1.5449034168394,9500,9499.79753181969,1.59424547738293,1.5449034168394,0,0.0773206357988779,20.3856576866575,7,0,15028.5067521368,-15028.0673871005,1.5449034168394,1.5418159808907,1.54126469513818,0.000551285752513619,-0.162334568675848,0.00198486444367847,1.5449034168394,0,267.161443506003,60.6481711487664,6.43082752667642e-10,1,0.986589950390331,0,0.000295057022303924,0.00110257150502724,0,0,0
84.93,9499.79687025968,1.54494619304614,9500,9499.79705978901,1.59440931523576,1.54494619304614,0,0.103884532356286,20.3847515998667,8,0,15028.7112294987,-15028.1209183038,1.54494619304614,1.5418159808907,1.54130969486483,0.000506286025864,-0.133387143745959,0.00211764010371523,1.54494619304614,0,267.161443506003,60.6481711487664,8.17483294626291e-10,1,0.986590070840967,0,0.000295744783937568,0.001012572051728,0,0,0
84.945,9499.79842852767,1.54498856971981,9500,9499.79701067011,1.59456276771609,1.54498856971981,0,0.129835814941741,20.3838588022376,9,0,15028.9154684622,-15028.1776921456,1.54498856971981,1.5418159808907,1.54135504910439,0.000460931786312013,-0.104606349378918,0.00225072525648714,1.54498856971981,0,267.161443506003,60.6481711487664,5.93599115540549e-10,1,0.98659023267303,0,0.000295816351804978,0.000921863572624027,0,0,0
84.96,9499.80037606489,1.54503046671066,9500,9499.79737812562,1.59470567857141,1.54503046671066,0,0.155125322531506,20.38298087501,9,0,15029.1190870343,-15028.2376059686,1.54503046671066,1.5418159808907,1.54140065928812,0.000415321602579954,-0.0760487820986259,0.00238384261479938,1.54503046671066,0,267.161443506003,60.6481711487664,8.24051750884871e-10,1,0.986590434932185,0,0.000295280958380495,0.000830643205159909,0,0,0
84.975,9499.80270294473,1.54507180508451,9500,9499.79815507906,1.59483791507041,1.54507180508451,0,0.179710510498465,20.3821193874997,10,0,15029.3216782962,-15028.3004945942,1.54507180508451,1.5418159808907,1.54144642831683,0.000369552573871168,-0.0477694182627223,0.0025167190460706,1.54507180508451,0,267.161443506003,60.6481711487664,4.62125095926123e-10,1,0.986590676587514,0,0.00029414891520485,0.000739105147742336,0,0,0
84.99,9499.80539860239,1.54511250872483,9500,9499.7993337153,1.59495936854652,1.54511250872483,0,0.20355545645078,20.3812758591912,10,0,15029.5228232802,-15028.3661431674,1.54511250872483,1.5418159808907,1.54149226000259,0.000323720888111056,-0.0198219661652918,0.00264908605791278,1.54511250872483,0,267.161443506003,60.6481711487664,5.57398130310282e-10,1,0.986590956541825,0,0.000292431607005206,0.000647441776222113,0,0,0
85.005,9499.80845193423,1.54515250439076,9500,9499.8009055066,1.59506995429049,1.54515250439076,0,0.226621255882851,20.3804517307605,10,0,15029.722143014,-15028.4343937754,1.54515250439076,1.5418159808907,1.5415380592812,0.000277921609498355,0.00774123753357709,0.00278068028106513,1.54515250439076,0,267.161443506003,60.6481711487664,6.50822694860562e-10,1,0.986591273641961,0,0.000290141453276549,0.00055584321899671,0,0,0
85.02,9499.81185125307,1.54519172093447,9500,9499.80286125765,1.59516961094117,1.54519172093447,0,0.248872508056708,20.3796483943488,10,0,15029.9192570868,-15028.5050671592,1.54519172093447,1.5418159808907,1.54158373283633,0.00023224805436417,0.0348695885908923,0.00291124393503957,1.54519172093447,0,267.161443506003,60.6481711487664,7.41486053463161e-10,1,0.986591626674163,0,0.000287291847900661,0.000464496108728341,0,0,0
85.035,9499.81558434069,1.54523008984708,9500,9499.80519112734,1.59525830043337,1.54523008984708,0,0.270275993169332,20.3788671790644,10,0,15030.1137952165,-15028.5779817979,1.54523008984708,1.5418159808907,1.54162918904581,0.000186791844891676,0.0615141529466643,0.00304052526659487,1.54523008984708,0,267.161443506003,60.6481711487664,8.2924386663675e-10,1,0.986592014369525,0,0.000283897122578924,0.000373583689783352,0,0,0
85.05,9499.81963848059,1.54526754539501,9500,9499.80788465849,1.59533600772683,1.54526754539501,0,0.290800731936622,20.3781093484489,10,0,15030.3053980152,-15028.6529543349,1.54526754539501,1.5418159808907,1.54167433812442,0.000141642766279926,0.0876277359861979,0.00316827897175539,1.54526754539501,0,267.161443506003,60.6481711487664,9.13958825066979e-10,1,0.986592435407387,0,0.000279972509247051,0.000283285532559852,0,0,0
85.065,9499.82400049157,1.54530402472427,9500,9499.81093080841,1.59540274049321,1.54530402472427,0,0.310418022619434,20.3773760986418,10,0,15030.4937176142,-15028.7297999931,1.54530402472427,1.5418159808907,1.54171909227437,9.6888616326396e-05,0.113164947854969,0.00329426660091656,1.54530402472427,0,267.161443506003,60.6481711487664,9.9550460141972e-10,1,0.986592888418834,0,0.000275534088399976,0.000193777232652792,0,0,0
85.08,9499.82865676191,1.54533946794604,9500,9499.81431798017,1.59545852875993,1.54533946794604,0,0.329103564413231,20.3766685589037,11,0,15030.6784067792,-15028.8083096243,1.54533946794604,1.5418159808907,1.54176336583337,5.26150573239015e-05,0.138082266074782,0.00341825694069655,1.54533946794604,0,267.161443506003,60.6481711487664,4.74002844142275e-10,1,0.986593371990235,0,0.000270598749495532,0.000105230114647803,0,0,0
85.095,9499.83359331537,1.54537381821383,9500,9499.81803405469,1.59550342451176,1.54537381821383,0,0.346829199377261,20.3759877831061,11,0,15030.8591644439,-15028.8883421673,1.54537381821383,1.5418159808907,1.54180707541811,8.90547258292074e-06,0.16233809522663,0.00354002637796954,1.54537381821383,0,267.161443506003,60.6481711487664,5.0747594835212e-10,1,0.986593884670106,0,0.000265184140531893,1.78109451658415e-05,0,0,0
85.11,9499.83879575337,1.54540702141162,9500,9499.82206643159,1.59553750104509,1.54540702141162,0,0.363574908081088,20.3753347669705,11,0,15031.0356679051,-15028.9696886803,1.54540702141162,1.5418159808907,1.54185014025084,-3.41593601413948e-05,0.185892943125476,0.00365935924120889,1.54540702141162,0,267.161443506003,60.6481711487664,5.38995132818911e-10,1,0.986594424963097,0,0.00025930861136203,-6.83187202827895e-05,0,0,0
85.125,9499.84424937699,1.54543902715404,9500,9499.82640204444,1.59556085294082,1.54543902715404,0,0.379321405811732,20.3747104207254,11,0,15031.2076212114,-15029.0521628,1.54543902715404,1.5418159808907,1.54189248181719,-7.65009264882544e-05,0.208709180907602,0.00377604811632181,1.54543902715404,0,267.161443506003,60.6481711487664,5.68924685958661e-10,1,0.986594991342672,0,0.000252991192886576,-0.000153001852976509,0,0,0
85.14,9499.84993919807,1.54546978827436,9500,9499.83102740376,1.59557359532336,1.54546978827436,0,0.394051746045293,20.3741155820274,11,0,15031.374742241,-15029.1355787078,1.54546978827436,1.5418159808907,1.54193402427542,-0.000118043384726763,0.230751264178509,0.00388989415312076,1.54546978827436,0,267.161443506003,60.6481711487664,5.9722684961774e-10,1,0.986595582252253,0,0.000246251528468022,-0.000236086769453525,0,0,0
85.155,9499.85584997426,1.54549926085462,9500,9499.83592863166,1.59557586329723,1.54549926085462,0,0.407751308492871,20.373551015738,11,0,15031.5367629818,-15029.219751478,1.54549926085462,1.5418159808907,1.5419746945792,-0.000158713688502177,0.251985783355114,0.00400070734093137,1.54549926085462,0,267.161443506003,60.6481711487664,6.2386942934564e-10,1,0.986596196108863,0,0.000239109829229811,-0.000317427377004353,0,0,0
85.17,9499.86196624389,1.54552740423746,9500,9499.84109149661,1.5955678113551,1.54552740423746,0,0.420407775627234,20.3730174140897,11,0,15031.6934297329,-15029.3044974124,1.54552740423746,1.5418159808907,1.54201442259936,-0.000198441708659791,0.272381504374424,0.00410830676408479,1.54552740423746,0,267.161443506003,60.6481711487664,6.48822574423122e-10,1,0.986596831306749,0,0.00023158682325275,-0.000396883417319582,0,0,0
85.185,9499.86827236053,1.54555418104301,9500,9499.8465014483,1.59554961275909,1.54555418104301,0,0.432011112387048,20.3725153967395,11,0,15031.8445033249,-15029.3896343759,1.54555418104301,1.5418159808907,1.54205314123182,-0.000237160341118203,0.291909400773032,0.00421252083454853,1.54555418104301,0,267.161443506003,60.6481711487664,6.72061119488895e-10,1,0.986597486220969,0,0.000223703699599787,-0.000474320682236407,0,0,0
85.2,9499.87475252721,1.54557955722473,9500,9499.85214365234,1.5955214588978,1.54557955722473,0,0.442553571185249,20.3720455099803,11,0,15031.989759521,-15029.4749821691,1.54557955722473,1.5418159808907,1.54209078647337,-0.000274805582668014,0.310542677597682,0.00431318749936843,1.54557955722473,0,267.161443506003,60.6481711487664,6.9356502348298e-10,1,0.986598159210949,0,0.000215482065310191,-0.000549611165336028,0,0,0
85.215,9499.88139083078,1.54560350208548,9500,9499.85800302488,1.59548355862038,1.54560350208548,0,0.452029671573903,20.371608226808,11,0,15032.1289892352,-15029.5603628613,1.54560350208548,1.5418159808907,1.54212729750768,-0.000311316616985469,0.328256788229641,0.00441015442875802,1.54560350208548,0,267.161443506003,60.6481711487664,7.13315564233597e-10,1,0.986598848624047,0,0.000206943887398836,-0.000622633233970937,0,0,0
85.23,9499.88817127585,1.54562598830047,9500,9499.86406426712,1.59543613754673,1.54562598830047,0,0.460436184440335,20.3712039468369,11,0,15032.2619987797,-15029.6456011285,1.54562598830047,1.5418159808907,1.54216261677486,-0.000346635884158841,0.34502944630728,0.00450327917808749,1.54562598830047,0,267.161443506003,60.6481711487664,7.31299582672241e-10,1,0.986599552799081,0,0.000198111452444083,-0.000693271768317683,0,0,0
85.245,9499.89507781862,1.54564699193486,9500,9499.87031189977,1.59537943735523,1.54564699193486,0,0.467772112702615,20.3708329963241,11,0,15032.3886100854,-15029.7305245828,1.54564699193486,1.5418159808907,1.54219669003446,-0.000380709143760205,0.360840632945939,0.00459242933168733,1.54564699193486,0,267.161443506003,60.6481711487664,7.47507287325765e-10,1,0.986600270069841,0,0.000189007305938516,-0.00076141828752041,0,0,0
85.26,9499.90209440031,1.54566649246321,9500,9499.87673029722,1.5953137150488,1.54566649246321,0,0.474038673939492,20.3704956281542,11,0,15032.5086609321,-15029.8149641013,1.54566649246321,1.5418159808907,1.54222946641412,-0.000413485523424795,0.375672600053915,0.00467748261935966,1.54566649246321,0,267.161443506003,60.6481711487664,7.61933571359972e-10,1,0.986600998768561,0,0.000179654208573465,-0.000826971046849589,0,0,0
85.275,9499.90920498042,1.54568447274623,9500,9499.88330372158,1.59523924220027,1.54568447274623,0,0.479239255403066,20.3701920227325,11,0,15032.6220049778,-15029.8987541109,1.54568447274623,1.5418159808907,1.54226089846954,-0.000444917578844128,0.389509869964312,0.00475832701321772,1.54568447274623,0,267.161443506003,60.6481711487664,7.74574499883934e-10,1,0.986601737229376,0,0.000170075084135579,-0.000889835157688257,0,0,0
85.29,9499.91639356925,1.54570091903486,9500,9499.89001635658,1.59515630417761,1.54570091903486,0,0.483379387069708,20.3699222882865,11,0,15032.7285119101,-15029.9817328929,1.54570091903486,1.5418159808907,1.54229094221916,-0.000474961328457812,0.40233923200994,0.00483486080107873,1.54570091903486,0,267.161443506003,60.6481711487664,7.85434042119044e-10,1,0.986602483791693,0,0.000160292976330467,-0.000949922656915625,0,0,0
85.305,9499.92364426006,1.54571582093585,9500,9499.89685234096,1.59506519935214,1.54571582093585,0,0.486466690761391,20.3696864619862,11,0,15032.8280674207,-15030.0637428459,1.54571582093585,1.5418159808907,1.54231955718833,-0.000503576297635755,0.414149735054341,0.00490699264042744,1.54571582093585,0,267.161443506003,60.6481711487664,7.94515143568078e-10,1,0.986603236803537,0,0.000150330989055147,-0.00100715259527151,0,0,0
85.32,9499.93094126042,1.54572917138134,9500,9499.90379580169,1.59496623829058,1.54572917138134,0,0.488510832115709,20.3694845109702,11,0,15032.9205731926,-15030.1446307465,1.54572917138134,1.5418159808907,1.54234670643813,-0.000530725547428279,0.424932676444295,0.00497464158550226,1.54572917138134,0,267.161443506003,60.6481711487664,8.01827336292145e-10,1,0.986603994624804,0,0.000140212249183813,-0.00106145109485656,0,0,0
85.335,9499.9382689229,1.54574096658929,9500,9499.91083088664,1.59485974293395,1.54574096658929,0,0.489523467209393,20.3693163335572,11,0,15033.0059468411,-15030.2242479927,1.54574096658929,1.5418159808907,1.54237235659022,-0.000556375699523048,0.434681586592732,0.00503773709763497,1.54574096658929,0,267.161443506003,60.6481711487664,8.0738381162573e-10,1,0.986604755630449,0,0.000129959852065653,-0.0011127513990461,0,0,0
85.35,9499.94561177491,1.54575120602166,9500,9499.91794179671,1.59474604576512,1.54575120602166,0,0.489518189013334,20.3691817604965,11,0,15033.0841218443,-15030.3024508389,1.54575120602166,1.5418159808907,1.54239647784075,-0.000580496950050691,0.443392209353904,0.00509621903106452,1.54575120602166,0,267.161443506003,60.6481711487664,8.11200249174721e-10,1,0.986605518213585,0,0.000119596817550027,-0.00116099390010138,0,0,0
85.365,9499.95295454775,1.54575989232644,9500,9499.92511281744,1.59462548896763,1.54575989232644,0,0.488510463255339,20.3690805565561,11,0,15033.1550473896,-15030.3791006071,1.54575989232644,1.5418159808907,1.54241904397231,-0.000603063081611621,0.451062477780347,0.00515003759896203,1.54575989232644,0,267.161443506003,60.6481711487664,8.13294816654865e-10,1,0.986606280788498,0,0.000109146043504538,-0.00120612616322324,0,0,0
85.38,9499.96028220469,1.54576703129873,9500,9499.93232834987,1.59449842357713,1.54576703129873,0,0.48651757866936,20.3690124216865,11,0,15033.2186883128,-15030.4540639077,1.54576703129873,1.5418159808907,1.54244003234595,-0.000624051455250907,0.457692485800373,0.00519915331853907,1.54576703129873,0,267.161443506003,60.6481711487664,8.13690072308073e-10,1,0.986607041793568,0,9.86302586432064e-05,-0.00124810291050181,0,0,0
85.395,9499.96757996837,1.54577263179261,9500,9499.93957294077,1.59436520862835,1.54577263179261,0,0.483558564596514,20.3689769932355,11,0,15033.275024795,-15030.5272128051,1.54577263179261,1.5418159808907,1.5424594239072,-0.000643443016507428,0.46328445529677,0.00524353693492851,1.54577263179261,0,267.161443506003,60.6481711487664,8.12412525664455e-10,1,0.986607799694109,0,8.80719833209476e-05,-0.00128688603301486,0,0,0
85.41,9499.97483334684,1.5457767056789,9500,9499.94683131206,1.594226210298,1.5457767056789,0,0.47965414093902,20.3689738471577,11,0,15033.3240522779,-15030.5984250172,1.5457767056789,1.5418159808907,1.54247720316031,-0.000661222269612516,0.467842699630812,0.00528316932742294,1.5457767056789,0,267.161443506003,60.6481711487664,8.09489563997919e-10,1,0.986608552985077,0,7.74934816045736e-05,-0.00132244453922503,0,0,0
85.425,9499.98202815896,1.5457792677693,9500,9499.9540883894,1.59408180104774,1.5457792677693,0,0.47482664585381,20.3690024999401,11,0,15033.3657812123,-15030.6675840746,1.5457792677693,1.5418159808907,1.54249335814847,-0.000677377257771061,0.471373582466525,0.005318041394145,1.5457792677693,0,267.161443506003,60.6481711487664,8.04952964619948e-10,1,0.986609300193706,0,6.69167247169256e-05,-0.00135475451554212,0,0,0
85.44,9499.98915055865,1.54578033573982,9500,9499.96132932993,1.59393235876661,1.54578033573982,0,0.469099964533512,20.3690624105282,11,0,15033.4002368019,-15030.7345794686,1.54578033573982,1.5418159808907,1.54250788042627,-0.000691899535573581,0.473885473471284,0.00534815392026762,1.54578033573982,0,267.161443506003,60.6481711487664,7.98837138510694e-10,1,0.986610039882028,0,5.63633447943079e-05,-0.00138379907114716,0,0,0
85.455,9499.99618705811,1.54577993005783,9500,9499.96853954912,1.5937782659159,1.54577993005783,0,0.462499461198571,20.3691529821593,11,0,15033.4274587591,-15030.7993067941,1.54577993005783,1.5418159808907,1.54252076501984,-0.000704784129144986,0.475388700376612,0.00537351742542505,1.54577993005783,0,267.161443506003,60.6481711487664,7.91178837486235e-10,1,0.986610770649286,0,4.5854600032369e-05,-0.00140956825828997,0,0,0
85.47,9500.00312455003,1.54577807389158,9500,9499.97570474667,1.59361990867743,1.54577807389158,0,0.45505190080919,20.3692735645631,11,0,15033.4475009752,-15030.8616678641,1.54577807389158,1.5418159808907,1.54253201038798,-0.000716029497278781,0.475895497936057,0.00539415199543962,1.54577807389158,0,267.161443506003,60.6481711487664,7.8201788582455e-10,1,0.986611491134233,0,3.54113324334548e-05,-0.00143205899455756,0,0,0
85.485,9500.00995032854,1.5457747930319,9500,9499.98281093146,1.59345767610712,1.5457747930319,0,0.446785379292079,20.3694234558825,11,0,15033.460431241,-15030.9215708267,1.5457747930319,1.5418159808907,1.54254161836761,-0.000725637476916674,0.475419953849572,0.00541008709503468,1.5457747930319,0,267.161443506003,60.6481711487664,7.71396009351452e-10,1,0.986612200017317,0,2.50539404271777e-05,-0.00145127495383335,0,0,0
85.5,9500.01665210923,1.54577011579335,9500,9499.98984444545,1.59329195929578,1.54577011579335,0,0.437729241939341,20.3696019050258,11,0,15033.4663308693,-15030.9789302514,1.54577011579335,1.5418159808907,1.54254959412349,-0.000733613232787977,0.473977951574322,0.00542136136822691,1.54577011579335,0,267.161443506003,60.6481711487664,7.59357274389755e-10,1,0.986612896022756,0,1.48023328907509e-05,-0.00146722646557595,0,0,0
85.515,9500.02321804786,1.54576407291637,9500,9499.99679198662,1.59312315053767,1.54576407291637,0,0.427914003228237,20.369808113981,11,0,15033.4652943151,-15031.0336672047,1.54576407291637,1.5418159808907,1.54255594608688,-0.000739965196179471,0.471587110844768,0.00542802241802774,1.54576407291637,0,267.161443506003,60.6481711487664,7.45949112103445e-10,1,0.986613577920479,0,4.67590266661766e-06,-0.00147993039235894,0,0,0
85.53,9500.02963675791,1.54575669747969,9500,9500.00364063072,1.59295164250957,1.54575669747969,0,0.417371274584851,20.3700412398957,11,0,15033.4574288407,-15031.085709326,1.54575669747969,1.5418159808907,1.54256068588331,-0.000744704992615475,0.468266725308944,0.00543012657422772,1.54575669747969,0,267.161443506003,60.6481711487664,7.31219245098464e-10,1,0.986614244527954,0,-5.30650626417994e-06,-0.00148940998523095,0,0,0
85.545,9500.03589732703,1.54574802478478,9500,9500.01037785203,1.59277782746157,1.54574802478478,0,0.406133674648002,20.3703003977447,11,0,15033.4428540427,-15031.1349908639,1.54574802478478,1.5418159808907,1.54256382826686,-0.000747847376164623,0.464037697623768,0.00542773864640884,1.54574802478478,0,267.161443506003,60.6481711487664,7.15217882588801e-10,1,0.986614894711891,0,-1.51266323948906e-05,-0.00149569475232925,0,0,0
85.56,9500.04198933215,1.54573809224896,9500,9500.01699154297,1.59260209642017,1.54573809224896,0,0.394234747171342,20.3705846627941,11,0,15033.4217014191,-15031.1814527102,1.54573809224896,1.5418159808907,1.54256539104248,-0.00074941015178398,0.458922472732386,0.00542093166183114,1.54573809224896,0,267.161443506003,60.6481711487664,6.97998452067968e-10,1,0.986615527389815,0,-2.47668196862172e-05,-0.00149882030356796,0,0,0
85.575,9500.04790285336,1.54572693931509,9500,9500.02347003251,1.59242483840644,1.54572693931509,0,0.381708889587797,20.370893072697,11,0,15033.3941140018,-15031.2250424385,1.54572693931509,1.5418159808907,1.54256539497499,-0.000749414084291855,0.452944968652721,0.00540978659297234,1.54572693931509,0,267.161443506003,60.6481711487664,6.7961394058214e-10,1,0.986616141531505,0,-3.42100502539466e-05,-0.00149882816858371,0,0,0
85.59,9500.0536284867,1.54571460731337,9500,9500.02980210344,1.5922464396704,1.54571460731337,0,0.368591252807997,20.3712246306022,11,0,15033.360245768,-15031.2657142844,1.54571460731337,1.5418159808907,1.54256386371454,-0.000747882823841861,0.44613050508634,0.00539439207035807,1.54571460731337,0,267.161443506003,60.6481711487664,6.60120699728327e-10,1,0.986616736160325,0,-4.34399666544572e-05,-0.00149576564768372,0,0,0
85.605,9500.05915735549,1.54570113937663,9500,9500.03597700849,1.59206728294173,1.54570113937663,0,0.354917675821972,20.3715783070993,11,0,15033.3202612886,-15031.3034291662,1.54570113937663,1.5418159808907,1.54256082369041,-0.000744842799714096,0.438505730839429,0.00537484408536356,1.54570113937663,0,267.161443506003,60.6481711487664,6.39574933311469e-10,1,0.986617310354398,0,-5.24408954620803e-05,-0.00148968559942819,0,0,0
85.62,9500.06448112063,1.54568658029051,9500,9500.04198448517,1.59188774669984,1.54568658029051,0,0.340724580166133,20.3719530435488,11,0,15033.2743350753,-15031.3381546309,1.54568658029051,1.5418159808907,1.54255630403199,-0.000740323141297461,0.430098549031092,0.00535124568240562,1.54568658029051,0,267.161443506003,60.6481711487664,6.18035038885054e-10,1,0.986617863247675,0,-6.11978673528135e-05,-0.00148064628259492,0,0,0
85.635,9500.06959198933,1.54567097641819,9500,9500.04781476946,1.59170820446293,1.54567097641819,0,0.326048913203629,20.3723477537918,11,0,15033.2226512634,-15031.3698648604,1.54567097641819,1.5418159808907,1.542550336448,-0.00073435555730117,0.42093804135631,0.00532370664209686,1.54567097641819,0,267.161443506003,60.6481711487664,5.95561022364414e-10,1,0.986618394030847,0,-6.96966439293067e-05,-0.00146871111460234,0,0,0
85.65,9500.07448272303,1.54565437554369,9500,9500.0534586082,1.59152902409915,1.54565437554369,0,0.310928039844549,20.372761327602,11,0,15033.1654029138,-15031.3985405881,1.54565437554369,1.5418159808907,1.54254295514036,-0.000726974249666501,0.411054390298298,0.00529234315232867,1.54565437554369,0,267.161443506003,60.6481711487664,5.7221142479422e-10,1,0.986618901952161,0,-7.79237251609111e-05,-0.001453948499333,0,0,0
85.665,9500.07914664363,1.54563682678012,9500,9500.05890727036,1.59135056715829,1.54563682678012,0,0.295399677603858,20.3731926327203,11,0,15033.1027916104,-15031.4241690651,1.54563682678012,1.5418159808907,1.54253419668399,-0.000718215793293009,0.400478801245985,0.00525727747600626,1.54563682678012,0,267.161443506003,60.6481711487664,5.48049029841863e-10,1,0.98661938631807,0,-8.58663803431359e-05,-0.00143643158658602,0,0,0
85.68,9500.08357763879,1.54561838043303,9500,9500.06415255694,1.59117318822764,1.54561838043303,0,0.279501804131259,20.3736405178448,11,0,15033.0350268466,-15031.4467439734,1.54561838043303,1.5418159808907,1.54252409992196,-0.00070811903125878,0.389243422874526,0.00521863760485185,1.54561838043303,0,267.161443506003,60.6481711487664,5.23135010026205e-10,1,0.986619846493787,0,-9.35126418912802e-05,-0.00141623806251756,0,0,0
85.695,9500.08777016585,1.54559908788321,9500,9500.06918680971,1.59099723431109,1.54559908788321,0,0.263272577289766,20.3741038151865,11,0,15032.9623254913,-15031.4662653448,1.54559908788321,1.5418159808907,1.54251270585244,-0.000696724961743778,0.377381267326491,0.00517655691600077,1.54559908788321,0,267.161443506003,60.6481711487664,4.97532292701072e-10,1,0.986620281903683,0,-0.000100851341904296,-0.00139344992348756,0,0,0
85.71,9500.09171925451,1.54557900147668,9500,9500.07400291875,1.59082304423339,1.54557900147668,0,0.246750262206046,20.3745813428568,11,0,15032.8849112888,-15031.4827394763,1.54557900147668,1.5418159808907,1.54250005750378,-0.000684076613079565,0.364926129674514,0.00513117381214384,1.54557900147668,0,267.161443506003,60.6481711487664,4.71302486880338e-10,1,0.986620692031575,0,-0.000107872105506335,-0.00136815322615913,0,0,0
85.725,9500.09542050845,1.54555817438022,9500,9500.07859432862,1.59065094807046,1.54555817438022,0,0.229973136522479,20.3750719079833,11,0,15032.8030141913,-15031.4961788007,1.54555817438022,1.5418159808907,1.54248619982827,-0.000670218937571354,0.35191250671705,0.00508263136466599,1.54555817438022,0,267.161443506003,60.6481711487664,4.44509688249025e-10,1,0.986621076420886,0,-0.00011456536989396,-0.00134043787514271,0,0,0
85.74,9500.09887010549,1.54553666049093,9500,9500.08295504345,1.59048126660548,1.54553666049093,0,0.212977579999881,20.3755743064687,10,0,15032.716880002,-15031.5066223858,1.54553666049093,1.5418159808907,1.54247117956469,-0.00065519867399022,0.338375516166772,0.00503107694821371,1.54553666049093,0,267.161443506003,60.6481711487664,9.45654394937321e-10,1,0.986621434674672,0,-0.000120922383946453,-0.00131039734798044,0,0,0
85.755,9500.10206476919,1.5455145142764,9500,9500.08707963072,1.5903143108128,1.5455145142764,0,0.195805528146254,20.3760873349323,10,0,15032.6267285771,-15031.5140517807,1.5455145142764,1.5418159808907,1.54245504513557,-0.000639064244869481,0.324350815232735,0.0049766618754378,1.5455145142764,0,267.161443506003,60.6481711487664,8.81944107359766e-10,1,0.98662176645266,0,-0.000126935219071811,-0.00127812848973896,0,0,0
85.77,9500.10500185211,1.54549179104743,9500,9500.09096321667,1.59015038155202,1.54549179104743,0,0.178493090712213,20.3766097723545,10,0,15032.5328178556,-15031.5185197219,1.54549179104743,1.5418159808907,1.54243784632576,-0.000621865435060265,0.309874413634235,0.00491954102685549,1.54549179104743,0,267.161443506003,60.6481711487664,8.18315316104955e-10,1,0.986622071479903,0,-0.000132596764173876,-0.00124373087012053,0,0,0
85.785,9500.10767924847,1.54546854591355,9500,9500.09460150452,1.58998976868611,1.54546854591355,0,0.161077735954547,20.3771404105996,10,0,15032.4353963378,-15031.5200617871,1.54546854591355,1.5418159808907,1.54241963462076,-0.000603653730061104,0.294982864348006,0.00485987248297724,1.54546854591355,0,267.161443506003,60.6481711487664,7.53982874443987e-10,1,0.986622349537707,0,-0.000137900748025332,-0.00120730746012221,0,0,0
85.8,9500.11009541451,1.54544483424674,9500,9500.09799076534,1.58983275088137,1.54544483424674,0,0.143596593694509,20.3776780423737,10,0,15032.3347160833,-15031.5187190355,1.54544483424674,1.5418159808907,1.54240046278586,-0.000584481895159916,0.279713008327935,0.00479781714636585,1.54544483424674,0,267.161443506003,60.6481711487664,6.89089889411662e-10,1,0.986622600465749,0,-0.000142841724330323,-0.00116896379031983,0,0,0
85.815,9500.11224936342,1.54542071157929,9500,9500.10112783648,1.58967959521983,1.54542071157929,0,0.126086395147895,20.3782214633575,10,0,15032.2310322057,-15031.5145378454,1.54542071157929,1.5418159808907,1.54238038473161,-0.000564403840911165,0.264101888567699,0.0047335383704172,1.54542071157929,0,267.161443506003,60.6481711487664,6.23776832362682e-10,1,0.986622824161543,0,-0.000147415079914337,-0.00112880768182233,0,0,0
85.83,9500.11414065935,1.54539623350453,9500,9500.10401011921,1.58953055683597,1.54539623350453,0,0.1085834146172,20.3787694742667,10,0,15032.1246023865,-15031.5075697591,1.54539623350453,1.5418159808907,1.54235945537601,-0.000543474485309448,0.24818666973389,0.00466720158445575,1.54539623350453,0,267.161443506003,60.6481711487664,5.58181831885988e-10,1,0.986623020579825,0,-0.000151617015604399,-0.0010869489706189,0,0,0
85.845,9500.11576941057,1.54537145553715,9500,9500.10663557532,1.58938587857901,1.54537145553715,0,0.0911233853133615,20.3793208837698,10,0,15032.0156861938,-15031.4978712798,1.54537145553715,1.5418159808907,1.54233773053119,-0.000521749640489455,0.232004561761899,0.00459897392743377,1.54537145553715,0,267.161443506003,60.6481711487664,4.92443893557376e-10,1,0.98662318973184,0,-0.000155444558184836,-0.00104349928097891,0,0,0
85.86,9500.11713626135,1.54534643301885,9500,9500.10900272289,1.58924579070059,1.54534643301885,0,0.0737433283516862,20.3798745111527,9,0,15031.9045343295,-15031.4854827261,1.54534643301885,1.5418159808907,1.54231526676474,-0.000499285874046684,0.215592747074483,0.00452902387625059,1.54534643301885,0,267.161443506003,60.6481711487664,9.66540254278089e-10,1,0.986623331684497,0,-0.000158895538315607,-0.000998571748093369,0,0,0
85.875,9500.11824241127,1.54532122096533,9500,9500.11111063105,1.58911051057099,1.54532122096533,0,0.0564736179351222,20.3804291866055,9,0,15031.791430676,-15031.4705153684,1.54532122096533,1.5418159808907,1.54229212129538,-0.000476140404686687,0.198988309200014,0.00445752088400857,1.54532122096533,0,267.161443506003,60.6481711487664,8.19847706603727e-10,1,0.986623446562378,0,-0.000161968595448814,-0.000952280809373374,0,0,0
85.89,9500.11908951554,1.5452958735982,9500,9500.11295892104,1.58898024223775,1.5452958735982,0,0.0393499275256228,20.3809837653885,9,0,15031.6766233382,-15031.4530145863,1.5452958735982,1.5418159808907,1.54226835204497,-0.000452371154277209,0.182228270929969,0.0043846350160566,1.5452958735982,0,267.161443506003,60.6481711487664,6.7141791974145e-10,1,0.986623534537381,0,-0.000164663172685486,-0.000904742308554418,0,0,0
85.905,9500.11967976445,1.54527044516327,9500,9500.11454774124,1.58885517664668,1.54527044516327,0,0.0224052988581007,20.3815371073743,9,0,15031.5603745641,-15031.4330548576,1.54527044516327,1.5418159808907,1.54224401704858,-0.000428036157886114,0.165349238978417,0.00431053658834813,1.54527044516327,0,267.161443506003,60.6481711487664,5.23863634004418e-10,1,0.986623595836978,0,-0.000166979482271179,-0.000856072315772227,0,0,0
85.92,9500.12001584394,1.54524498921243,9500,9500.11587776921,1.5887354911941,1.54524498921243,0,0.00567015826366119,20.3820880854523,8,0,15031.4429545949,-15031.4107335156,1.54524498921243,1.5418159808907,1.54221917464049,-0.000403193749796582,0.148387526436359,0.0042353958213261,1.54524498921243,0,267.161443506003,60.6481711487664,8.57991458066395e-10,1,0.986623630740112,0,-0.000168918510190519,-0.000806387499593164,0,0,0
85.935,9500.12010089631,1.54521955846888,9500,9500.116950203,1.58862134955084,1.54521955846888,0,-0.0108202114740772,20.3826356190895,8,0,15031.3246006821,-15031.3860873072,1.54521955846888,1.5418159808907,1.54219388334748,-0.00037790245678071,0.131379089448866,0.00415938249174037,1.54521955846888,0,267.161443506003,60.6481711487664,5.25408940210861e-10,1,0.986623639573125,0,-0.000170481996900396,-0.00075580491356142,0,0,0
85.95,9500.11993859314,1.54519420505956,9500,9500.11776674455,1.58851290169363,1.54519420505956,0,-0.0270371702455565,20.3831785952541,7,0,15031.2055795071,-15031.3592201569,1.54519420505956,1.5418159808907,1.54216820160284,-0.000352220712138029,0.114359361241875,0.00408266559313519,1.54519420505956,0,267.161443506003,60.6481711487664,5.99695650020762e-10,1,0.986623622717322,0,-0.000171672424403857,-0.000704441424276059,0,0,0
85.965,9500.11953303558,1.54516897948645,9500,9500.11832960626,1.58841028336032,1.54516897948645,0,-0.0429545834295441,20.3837160295314,7,0,15031.0861605817,-15031.3302530577,1.54516897948645,1.5418159808907,1.5421421880939,-0.00032620720319998,0.0973634647063825,0.00400541300215346,1.54516897948645,0,267.161443506003,60.6481711487664,2.7018084247804e-10,1,0.986623580598626,0,-0.000172493016748154,-0.000652414406399959,0,0,0
85.98,9500.11888871683,1.54514393112403,9500,9500.11864149001,1.58831361619921,1.54514393112403,0,-0.0585425399577754,20.3842468867155,7,0,15030.9665807059,-15031.2992528311,1.54514393112403,1.5418159808907,1.54211590134634,-0.000299920455639535,0.0804259720057199,0.00392779114461679,1.54514393112403,0,267.161443506003,60.6481711487664,9.88115396880884e-10,1,0.986623513683671,0,-0.000172947708715565,-0.00059984091127907,0,0,0
85.995,9500.11801057873,1.54511910876429,9500,9500.11870556193,1.58822300804336,1.54511910876429,0,-0.0737704944111081,20.3847702048692,8,0,15030.8470698262,-15031.2662758412,1.54511910876429,1.5418159808907,1.54208939929175,-0.000273418401052661,0.0635806538920962,0.00384996467569478,1.54511910876429,0,267.161443506003,60.6481711487664,7.4224254942275e-10,1,0.986623422485686,0,-0.000173041119264861,-0.000546836802105322,0,0,0
86.01,9500.11690402132,1.54509455993509,9500,9500.11852544835,1.58813855266496,1.54509455993509,0,-0.0886202726307839,20.3852849698569,9,0,15030.7279121951,-15031.231503059,1.54509455993509,1.5418159808907,1.54206273945452,-0.000246758563818616,0.0468605974557962,0.0037720961720256,1.54509455993509,0,267.161443506003,60.6481711487664,4.59505370421679e-10,1,0.986623307565486,0,-0.000172778533501061,-0.000493517127637233,0,0,0
86.025,9500.11557471723,1.54507033016706,9500,9500.11810523527,1.58806032944336,1.54507033016706,0,-0.103062052083202,20.3857902908631,9,0,15030.6093141671,-15031.1949713653,1.54507033016706,1.5418159808907,1.54203597916849,-0.000219998277794176,0.0302983496521929,0.00369434583195012,1.54507033016706,0,267.161443506003,60.6481711487664,5.91807406877822e-10,1,0.986623169512195,0,-0.00017216590866509,-0.000439996555588351,0,0,0
86.04,9500.11402878644,1.5450464646949,9500,9500.11744941988,1.58798840425153,1.5450464646949,0,-0.117073559672762,20.386285270218,9,0,15030.4915200485,-15031.1567984939,1.5450464646949,1.5418159808907,1.54200917457512,-0.000193193684425053,0.0139253218408164,0.00361687117305083,1.5450464646949,0,267.161443506003,60.6481711487664,7.19376901131295e-10,1,0.986623008961398,0,-0.00017120979979901,-0.000386387368850105,0,0,0
86.055,9500.11227268305,1.54502300694589,9500,9500.11656291997,1.58792282890978,1.54502300694589,0,-0.130632582733174,20.3867690492255,9,0,15030.3747592768,-15031.1170876534,1.54502300694589,1.5418159808907,1.54198238124467,-0.000166400353974971,-0.00222782090529166,0.00353982676314127,1.54502300694589,0,267.161443506003,60.6481711487664,8.43540761608784e-10,1,0.986622826583375,0,-0.000169917381676488,-0.000332800707949943,0,0,0
86.07,9500.11031319431,1.54499999883594,9500,9500.11545105144,1.58786364143931,1.54499999883594,0,-0.143718181995036,20.3872408055008,9,0,15030.2592556029,-15031.075943603,1.54499999883594,1.5418159808907,1.54195565388877,-0.000139672998070273,-0.0181313251388282,0.00346336394138685,1.54499999883594,0,267.161443506003,60.6481711487664,9.6409808725373e-10,1,0.98662262308301,0,-0.000168296402579982,-0.000279345996140545,0,0,0
86.085,9500.10815742158,1.54497748071981,9500,9500.11411951154,1.58781086619135,1.54497748071981,0,-0.15630858844563,20.3876997568552,10,0,15030.1452152863,-15031.0334488956,1.54497748071981,1.5418159808907,1.54192904625626,-0.000113065365558551,-0.0337563957769711,0.00338763056022586,1.54497748071981,0,267.161443506003,60.6481711487664,4.76751419114085e-10,1,0.986622399197805,0,-0.000166355173561783,-0.000226130731117102,0,0,0
86.1,9500.10581279275,1.54495549132091,9500,9500.1125743614,1.58776451400332,1.54495549132091,0,-0.168389521803005,20.3881451510073,10,0,15030.032871646,-15030.9897557001,1.54495549132091,1.5418159808907,1.54190261104165,-8.6630150956335e-05,-0.0490752408706167,0.00331277073212306,1.54495549132091,0,267.161443506003,60.6481711487664,5.25526696576429e-10,1,0.986622155699175,0,-0.000164102531224675,-0.00017326030191267,0,0,0
86.115,9500.10328694992,1.54493406727315,9500,9500.11082201637,1.58772458217205,1.54493406727315,0,-0.179942327446495,20.3885762917588,10,0,15029.922417042,-15030.9449503693,1.54493406727315,1.5418159808907,1.54187639999601,-6.04191053104053e-05,-0.0640609926567388,0.00323892459307196,1.54493406727315,0,267.161443506003,60.6481711487664,5.73363014709541e-10,1,0.986621893380782,0,-0.000161547831263542,-0.000120838210620811,0,0,0
86.13,9500.10058781501,1.54491324404682,9500,9500.10886920971,1.58769105510939,1.54491324404682,0,-0.190951249720412,20.3889925083067,10,0,15029.8140498432,-15030.8991417392,1.54491324404682,1.5418159808907,1.54185046334714,-3.4482456438889e-05,-0.0786880381325445,0.00316622806900336,1.54491324404682,0,267.161443506003,60.6481711487664,6.19302570556798e-10,1,0.986621613065345,0,-0.0001587008936208,-6.89649128777781e-05,0,0,0
86.145,9500.09772354627,1.54489305534149,9500,9500.10672298276,1.5876639043546,1.54489305534149,0,-0.201401887276897,20.3893931706323,10,0,15029.7079611254,-15030.8524390493,1.54489305534149,1.5418159808907,1.54182484999874,-8.86910804309693e-06,-0.0929318871574624,0.003094812666874,1.54489305534149,0,267.161443506003,60.6481711487664,6.63282001320926e-10,1,0.986621315600132,0,-0.000155571986378611,-1.77382160861939e-05,0,0,0
86.16,9500.09470251796,1.54487353301214,9500,9500.1043906663,1.58764308881526,1.54487353301214,0,-0.211281223760719,20.3897776908551,10,0,15029.6043342485,-15030.804951694,1.54487353301214,1.5418159808907,1.54179960746648,1.6373424218008e-05,-0.106769198137047,0.00302480527300363,1.54487353301214,0,267.161443506003,60.6481711487664,7.05239552251578e-10,1,0.98662100185484,0,-0.000152171798311063,3.27468484360161e-05,0,0,0
86.175,9500.0915332996,1.54485470705035,9500,9500.10187986155,1.58762855503356,1.54485470705035,0,-0.220577621451838,20.3901455234035,10,0,15029.5033446803,-15030.7567890108,1.54485470705035,1.5418159808907,1.54177478179275,4.1199097943867e-05,-0.12017780467796,0.00295632796376365,1.54485470705035,0,267.161443506003,60.6481711487664,7.4512049133497e-10,1,0.986620672719449,0,-0.000148511417018993,8.2398195887734e-05,0,0,0
86.19,9500.08822463528,1.54483660550471,9500,9500.09919842069,1.58762023747823,1.54483660550471,0,-0.229280853591678,20.3904961664889,10,0,15029.4051595428,-15030.7080600095,1.54483660550471,1.5418159808907,1.54175041749674,6.55633939532496e-05,-0.133136742972402,0.0028894978261051,1.54483660550471,0,267.161443506003,60.6481711487664,7.82873450770865e-10,1,0.986620329102063,0,-0.000144602293193685,0.000131126787906499,0,0,0
86.205,9500.08478542247,1.54481925448835,9500,9500.09635442703,1.58761805885915,1.54481925448835,0,-0.237382080769676,20.3908291617032,10,0,15029.3099375571,-15030.6588731834,1.54481925448835,1.5418159808907,1.54172655748895,8.94234017434492e-05,-0.145626277738845,0.00282442679416794,1.54481925448835,0,267.161443506003,60.6481711487664,8.18453353877958e-10,1,0.98661997192672,0,-0.000140456212795792,0.000178846803486898,0,0,0
86.22,9500.08122469126,1.54480267815431,9500,9500.09335617489,1.58762193046551,1.54480267815431,0,-0.244873848061855,20.3911440943115,10,0,15029.2178288425,-15030.6093362922,1.54480267815431,1.5418159808907,1.5417032430081,0.000112737882600022,-0.157627927548069,0.00276122149840984,1.54480267815431,0,267.161443506003,60.6481711487664,8.51820829793835e-10,1,0.986619602131228,0,-0.000136085271047692,0.000225475765200045,0,0,0
86.235,9500.07755158354,1.5447868986897,9500,9500.09021214926,1.58763175252361,1.5447868986897,0,-0.251750069753846,20.3914405931407,10,0,15029.1289748051,-15030.559556163,1.5447868986897,1.5418159808907,1.54168051355441,0.00013546733628278,-0.169124487149023,0.00269998312643837,1.5447868986897,0,267.161443506003,60.6481711487664,8.82939872061304e-10,1,0.986619220665008,0,-0.000131501844043536,0.000270934672565559,0,0,0
86.25,9500.0737753325,1.54477193630032,9500,9500.0869310054,1.58764741457287,1.54477193630032,0,-0.258006021310127,20.3917183306772,10,0,15029.043507978,-15030.5096384857,1.54477193630032,1.5418159808907,1.5416584068342,0.000157574056501408,-0.180100046572946,0.00264080729661878,1.54477193630032,0,267.161443506003,60.6481711487664,9.11782082672424e-10,1,0.98661882848696,0,-0.000126718552126759,0.000315148113002817,0,0,0
86.265,9500.06990524218,1.5447578092231,9500,9500.08352154832,1.58766879585776,1.5447578092231,0,-0.263638312445204,20.3919770225646,10,0,15028.9615519974,-15030.4596876357,1.5447578092231,1.5418159808907,1.54163695869857,0.000179022192122735,-0.190540006360394,0.00258378394816174,1.5447578092231,0,267.161443506003,60.6481711487664,9.38321842836182e-10,1,0.986618426563347,0,-0.000121748233422592,0.000358044384245471,0,0,0
86.28,9500.06595066749,1.5447445337034,9500,9500.07999271238,1.58769576573481,1.5447445337034,0,-0.268644884195017,20.3922164278655,10,0,15028.8832214116,-15030.4098064659,1.5447445337034,1.5418159808907,1.54161620310591,0.000199777784789301,-0.200431089285934,0.00252899724312158,1.5447445337034,0,267.161443506003,60.6481711487664,9.62539971672273e-10,1,0.986618015865711,0,-0.000116603916200386,0.000399555569578602,0,0,0
86.295,9500.06192099423,1.54473212401225,9500,9500.07635354092,1.58772818409201,1.54473212401225,0,-0.2730249793085,20.3924363484599,10,0,15028.8086216812,-15030.3600961391,1.54473212401225,1.5418159808907,1.54159617207033,0.000219808820362877,-0.209761347745789,0.0024765254808314,1.54473212401225,0,267.161443506003,60.6481711487664,9.84421970204465e-10,1,0.986617597368802,0,-0.00011129878786531,0.000439617640725753,0,0,0
86.31,9500.05782561954,1.54472059244217,9500,9500.07261316604,1.5877659017812,1.54472059244217,0,-0.27678109175357,20.3926366269134,11,0,15028.7378597578,-15030.3106777844,1.54472059244217,1.5418159808907,1.5415768956281,0.00023908526259242,-0.218520168223794,0.00242644102629201,1.54472059244217,0,267.161443506003,60.6481711487664,4.43011659220966e-10,1,0.986617172048549,0,-0.000105846164508705,0.00047817052518484,0,0,0
86.325,9500.05367390316,1.5447099492915,9500,9500.06878078852,1.58780876106077,1.5447099492915,0,-0.279911111295512,20.3928171542084,11,0,15028.6710012699,-15030.2616050446,1.5447099492915,1.5418159808907,1.54155840181643,0.000257579074272041,-0.226698271899329,0.00237881025226309,1.5447099492915,0,267.161443506003,60.6481711487664,4.51003670204802e-10,1,0.986616740876998,0,-0.00010025946180181,0.000515158148544081,0,0,0
86.34,9500.04947523649,1.54470020327266,9500,9500.06486565034,1.58785659624234,1.54470020327266,0,-0.282419797717193,20.3929778499057,11,0,15028.6081362186,-15030.2129949742,1.54470020327266,1.5418159808907,1.54154071644694,0.000275264443756473,-0.234287824911138,0.00233369349445228,1.54470020327266,0,267.161443506003,60.6481711487664,4.57559050253596e-10,1,0.98661630482948,0,-9.45521526696247e-05,0.000550528887512947,0,0,0
86.355,9500.04523893953,1.54469136058844,9500,9500.06087703221,1.58790923372288,1.54469136058844,0,-0.284311542319777,20.3931186886671,11,0,15028.5493321284,-15030.1649400575,1.54469136058844,1.5418159808907,1.5415238635547,0.00029211733599821,-0.241282155294473,0.00229114502575095,1.54469136058844,0,267.161443506003,60.6481711487664,4.63077021127346e-10,1,0.986615864873912,0,-8.8737769586178e-05,0.00058423467199642,0,0,0
86.37,9500.04097426639,1.54468342549827,9500,9500.05682422502,1.58796649268012,1.54468342549827,0,-0.28559193073276,20.3932396861983,11,0,15028.4946471759,-15030.1175302179,1.54468342549827,1.5418159808907,1.54150786510163,0.00030811578906853,-0.247675916677105,0.00225121302943717,1.54468342549827,0,267.161443506003,60.6481711487664,4.67564015554249e-10,1,0.986615421971372,0,-8.28298619091061e-05,0.000616231578137061,0,0,0
86.385,9500.03669038743,1.54467640037147,9500,9500.05271651012,1.58802818556561,1.54467640037147,0,-0.286267692841267,20.3933408978967,11,0,15028.4441303683,-15030.0708527112,1.54467640037147,1.5418159808907,1.5414927409461,0.000323239944595155,-0.253465085830749,0.00221393959157807,1.54467640037147,0,267.161443506003,60.6481711487664,4.710255880357e-10,1,0.986614977074233,0,-7.68419564523004e-05,0.00064647988919031,0,0,0
86.4,9500.03239637204,1.54467028572745,9500,9500.0485631401,1.5880941186005,1.54467028572745,0,-0.286346661783428,20.393422417789,11,0,15028.3978216574,-15030.0249920075,1.54467028572745,1.5418159808907,1.54147850882791,0.000337472062788446,-0.258646953736255,0.00217936071117454,1.54467028572745,0,267.161443506003,60.6481711487664,4.73469780840814e-10,1,0.986614531124387,0,-7.07875474748043e-05,0.000674944125576893,0,0,0
86.415,9500.02810117211,1.54466508023269,9500,9500.04437332007,1.58816409227208,1.54466508023269,0,-0.285837760609005,20.3934843784059,11,0,15028.355751859,-15029.9800296341,1.54466508023269,1.5418159808907,1.54146518437711,0.000350796513588492,-0.263220110712104,0.00214750631481087,1.54466508023269,0,267.161443506003,60.6481711487664,4.74907416762556e-10,1,0.986614085051522,0,-6.468004975968e-05,0.000701593027176983,0,0,0
86.43,9500.0238136057,1.5446607807637,9500,9500.04015618952,1.58823790183026,1.5446607807637,0,-0.284750947085995,20.3935269492377,11,0,15028.3179428791,-15029.9360440883,1.5446607807637,1.5418159808907,1.54145278110041,0.000363199790289537,-0.267184426624342,0.00211840029241902,1.5446607807637,0,267.161443506003,60.6481711487664,4.75351221104411e-10,1,0.986613639771428,0,-5.85327899873533e-05,0.000726399580579074,0,0,0
86.445,9500.0195423415,1.54465738239555,9500,9500.03592080464,1.58831533778579,1.54465738239555,0,-0.283097207095957,20.3935503368021,11,0,15028.2844075958,-15029.8931106812,1.54465738239555,1.5418159808907,1.54144131040674,0.000374670483962003,-0.27054102860714,0.00209206053692471,1.54465738239555,0,267.161443506003,60.6481711487664,4.74814797309776e-10,1,0.986613196184379,0,-5.23589678103065e-05,0.000749340967924006,0,0,0
86.46,9500.01529588339,1.54465487845191,9500,9500.03167612119,1.58839618640743,1.54465487845191,0,-0.280888508654852,20.393554783389,11,0,15028.2551500279,-15029.851301446,1.54465487845191,1.5418159808907,1.5414307816108,0.000385199279899551,-0.273292275369301,0.00206849900141007,1.54465487845191,0,267.161443506003,60.6481711487664,4.73313651438014e-10,1,0.986612755173539,0,-4.61716408142188e-05,0.000770398559799101,0,0,0
86.475,9500.01108255576,1.54465326050937,9500,9500.02743097781,1.5884802302209,1.54465326050937,0,-0.278137785420167,20.3935405667952,11,0,15028.2301652972,-15029.8106850054,1.54465326050937,1.5418159808907,1.54142120196288,0.000394778927816919,-0.275441730800053,0.00204772176304367,1.54465326050937,0,267.161443506003,60.6481711487664,4.70865338565303e-10,1,0.986612317603424,0,-3.99836914413143e-05,0.000789557855633838,0,0,0
86.49,9500.00691048898,1.54465251846137,9500,9500.02319407988,1.58856724850747,1.54465251846137,0,-0.274858882893492,20.3935079987829,11,0,15028.2094398639,-15029.7713265019,1.54465251846137,1.5418159808907,1.54141257665631,0.000403404234390781,-0.276994135902512,0.00202972910189508,1.54465251846137,0,267.161443506003,60.6481711487664,4.67489901880206e-10,1,0.986611884318406,0,-3.38078114210383e-05,0.000806808468781561,0,0,0
86.505,9500.00278760574,1.54465264054103,9500,9500.01897398375,1.58865701780359,1.54465264054103,0,-0.271066531074243,20.3934574244267,11,0,15028.1929515781,-15029.7332874942,1.54465264054103,1.5418159808907,1.54140490885891,0.000411072031786475,-0.277955380524533,0.00201451558675561,1.54465264054103,0,267.161443506003,60.6481711487664,4.63207531173265e-10,1,0.986611456141285,0,-2.76564695469439e-05,0.000822144063572949,0,0,0
86.52,9499.99872160777,1.54465361337798,9500,9500.01477908156,1.58874931239862,1.54465361337798,0,-0.26677629592016,20.3933892207379,11,0,15028.1806698905,-15029.6966258909,1.54465361337798,1.5418159808907,1.54139819973479,0.000417781155911179,-0.278332473349127,0.00200207017545949,1.54465361337798,0,267.161443506003,60.6481711487664,4.5804046539287e-10,1,0.986611033871917,0,-2.15418981410753e-05,0.000835562311822358,0,0,0
86.535,9499.99471996333,1.54465542205458,9500,9500.01061758651,1.58884390483145,1.54465542205458,0,-0.262004531789793,20.3933037953084,11,0,15028.1725560622,-15029.6613958911,1.54465542205458,1.5418159808907,1.54139244846941,0.000423532421292006,-0.278133511307344,0.00199237632129601,1.54465542205458,0,267.161443506003,60.6481711487664,4.520125536452e-10,1,0.986610618285908,0,-1.54760700628032e-05,0.000847064842584011,0,0,0
86.55,9499.99078989536,1.5446580501574,9500,9500.00649751874,1.58894056638368,1.5446580501574,0,-0.256768337491019,20.393201585064,11,0,15028.168563357,-15029.6276479267,1.5446580501574,1.5418159808907,1.54138765230223,0.000428328588466975,-0.277367647307465,0.00198541208976775,1.5446580501574,0,267.161443506003,60.6481711487664,4.4514954792902e-10,1,0.986610210133387,0,-9.47067124013046e-06,0.00085665717693395,0,0,0
86.565,9499.98693837029,1.5446614798396,9500,9500.0024266918,1.58903906756846,1.5446614798396,0,-0.251083566021972,20.393083056899,10,0,15028.1686267372,-15029.595407048,1.5446614798396,1.5418159808907,1.5413838065601,0.000432174330594615,-0.276045056438334,0.00198115028770969,1.5446614798396,0,267.161443506003,60.6481711487664,9.9137906561284e-10,1,0.986609810137846,0,-3.53709077893782e-06,0.000864348661189229,0,0,0
86.58,9499.9831721168,1.54466569187469,9500,9499.99841269968,1.58913917861348,1.54466569187469,0,-0.244972605757614,20.3929486982752,10,0,15028.1727055965,-15029.5647598736,1.54466569187469,1.5418159808907,1.54138090469713,0.000435076193565198,-0.274176900394229,0.00197955859685916,1.54466569187469,0,267.161443506003,60.6481711487664,9.7130726452427e-10,1,0.986609418998083,0,2.3136047422323e-06,0.000870152387130396,0,0,0
86.595,9499.97949752772,1.54467066536313,9500,9499.99446291212,1.58924066974595,1.54467066536313,0,-0.238452726671064,20.3927990351258,10,0,15028.180718075,-15029.5357226831,1.54467066536313,1.5418159808907,1.54137893851398,0.000437042376718599,-0.271775179061222,0.00198059971899317,1.54467066536313,0,267.161443506003,60.6481711487664,9.50463818367275e-10,1,0.986609037378017,0,8.07067433639119e-06,0.000874084753437199,0,0,0
86.61,9499.97592073682,1.54467637870833,9500,9499.99058444568,1.58934331209492,1.54467637870833,0,-0.23154339351607,20.3926346032386,10,0,15028.1925887396,-15029.5083306539,1.54467637870833,1.5418159808907,1.5413778977431,0.00043808314759608,-0.268852971476258,0.00198423152244455,1.54467637870833,0,267.161443506003,60.6481711487664,9.279870175263e-10,1,0.986608665914665,0,1.37237475170693e-05,0.00087616629519216,0,0,0
86.625,9499.97244758591,1.54468280911378,9500,9499.98678416223,1.58944687791989,1.54468280911378,0,-0.224264581154944,20.3924559608228,10,0,15028.2082353418,-15029.4826150465,1.54468280911378,1.5418159808907,1.54137777038357,0.000438210507125447,-0.265424219571468,0.00199040720882723,1.54468280911378,0,267.161443506003,60.6481711487664,9.03949297463612e-10,1,0.986608305214722,0,1.9262826567612e-05,0.000876421014250894,0,0,0
86.64,9499.9690836172,1.54468993262029,9500,9499.98306865927,1.58955114104706,1.54468993262029,0,-0.216636745169561,20.3922636876136,10,0,15028.2275689659,-15029.4586031852,1.54468993262029,1.5418159808907,1.54137854276629,0.000437438124402778,-0.261503679737521,0.00199907548078265,1.54468993262029,0,267.161443506003,60.6481711487664,8.78422216649668e-10,1,0.986607955853764,0,2.46782946415891e-05,0.000874876248805556,0,0,0
86.655,9499.96583406602,1.54469772416161,9500,9499.97944426081,1.58965587729967,1.54469772416161,0,-0.208680779319742,20.3920583835925,10,0,15028.2504942593,-15029.436318447,1.54469772416161,1.5418159808907,1.54138019961193,0.000435781278771197,-0.257106877402662,0.00201018071337137,1.54469772416161,0,267.161443506003,60.6481711487664,8.51479529909373e-10,1,0.986607618375503,0,2.99609402953926e-05,0.000871562557542394,0,0,0
86.67,9499.96270385433,1.54470615764781,9500,9499.9759170087,1.58976086492252,1.54470615764781,0,-0.200417955948864,20.3918406671135,10,0,15028.2769097942,-15029.4157802847,1.54470615764781,1.5418159808907,1.54138272408039,0.000433256810305149,-0.252250064362724,0.00202366313650429,1.54470615764781,0,267.161443506003,60.6481711487664,8.23198359234153e-10,1,0.986607293291102,0,3.51019585331791e-05,0.000866513620610299,0,0,0
86.685,9499.95969758499,1.54471520602659,9500,9499.97249265458,1.58986588499946,1.54471520602659,0,-0.191869881273301,20.3916111735171,10,0,15028.3067083301,-15029.3970042351,1.54471520602659,1.5418159808907,1.54138609783167,0.000429883059024139,-0.246950177636636,0.00203945901784422,1.54471520602659,0,267.161443506003,60.6481711487664,7.93656413132962e-10,1,0.986606981078587,0,4.00929688266771e-05,0.000859766118048277,0,0,0
86.7,9499.95681953677,1.54472484138061,9500,9499.96917665236,1.58997072186074,1.54472484138061,0,-0.183058427973239,20.3913705529759,10,0,15028.3397772485,-15029.3800019706,1.54472484138061,1.5418159808907,1.54139030107265,0.000425679818045976,-0.241224798061519,0.00205750085381623,1.54472484138061,0,267.161443506003,60.6481711487664,7.62933596472498e-10,1,0.986606682182322,0,4.49260273449603e-05,0.000851359636091953,0,0,0
86.715,9499.95407366035,1.54473503499627,9500,9499.96597415139,1.59007516347993,1.54473503499627,0,-0.174005687225806,20.3911194689672,10,0,15028.3759988567,-15029.3647813309,1.54473503499627,1.5418159808907,1.54139531262097,0.000420668269723645,-0.235092108711776,0.00207771756612146,1.54473503499627,0,267.161443506003,60.6481711487664,7.31110693306017e-10,1,0.986606397012603,0,4.9593630099265e-05,0.00084133653944729,0,0,0
86.73,9499.95146357505,1.54474575745835,9500,9499.96288999038,1.59017900185738,1.54474575745835,0,-0.164733904681894,20.3908585961977,10,0,15028.4152508166,-15029.3513463873,1.54474575745835,1.5418159808907,1.54140110995671,0.000414870933992173,-0.228570851705807,0.00210003469966613,1.54474575745835,0,267.161443506003,60.6481711487664,6.98269366844301e-10,1,0.986606125945307,0,5.40887259843359e-05,0.000829741867984346,0,0,0
86.745,9499.94899256647,1.54475697872688,9500,9499.95992869202,1.59028203338932,1.54475697872688,0,-0.155265428882265,20.3905886189204,10,0,15028.457406493,-15029.3396974988,1.54475697872688,1.5418159808907,1.54140766928579,0.000408311604910505,-0.221680283596051,0.00212437462635908,1.54475697872688,0,267.161443506003,60.6481711487664,6.64493330229254e-10,1,0.986605869321659,0,5.84047293976653e-05,0.00081662320982101,0,0,0
86.76,9499.94666358504,1.54476866820036,9500,9499.95709445838,1.59038405922126,1.54476866820036,0,-0.145622668803361,20.3903102295553,10,0,15028.5023352438,-15029.3298313603,1.54476866820036,1.5418159808907,1.54141496561316,0.000401015277539329,-0.214440129172895,0.00215065675458803,1.54476866820036,0,267.161443506003,60.6481711487664,6.29865273121155e-10,1,0.986605627448071,0,6.25355173289321e-05,0.000802030555078659,0,0,0
86.775,9499.94447924501,1.54478079479796,9500,9499.95439116717,1.59048488558473,1.54478079479796,0,-0.135828040250378,20.3900241269101,10,0,15028.5499027988,-15029.3217410772,1.54478079479796,1.5418159808907,1.54142297280576,0.000393008084940583,-0.206870533791891,0.00217879773738605,1.54478079479796,0,267.161443506003,60.6481711487664,5.94470227724648e-10,1,0.986605400596043,0,6.64754414976265e-05,0.000786016169881165,0,0,0
86.79,9499.94244182441,1.54479332704088,9500,9499.95182236864,1.59058432411784,1.54479332704088,0,-0.125903913114208,20.3897310144261,10,0,15028.5999716397,-15029.3154162454,1.54479332704088,1.5418159808907,1.54143166365863,0.000384317232062781,-0.198992015221513,0.00220871168605998,1.54479332704088,0,267.161443506003,60.6481711487664,5.58391324547665e-10,1,0.986605189002157,0,7.02193307839938e-05,0.000768634464125562,0,0,0
86.805,9499.94055326571,1.5448062330866,9500,9499.94939128335,1.59068219216867,1.5448062330866,0,-0.115872589804182,20.3894315994482,10,0,15028.6524011631,-15029.3108429922,1.5448062330866,1.5418159808907,1.5414410099852,0.000374970905492766,-0.190825414849279,0.00224031038491278,1.5448062330866,0,267.161443506003,60.6481711487664,5.21714036531039e-10,1,0.986604992868147,0,7.37624922817481e-05,0.000749941810985533,0,0,0
86.82,9499.93881517686,1.54481948082562,9500,9499.9471008006,1.59077831308116,1.54481948082562,0,-0.105756243986729,20.389126591155,10,0,15028.7070481351,-15029.3080040826,1.54481948082562,1.5418159808907,1.54145098267646,0.000364998214240186,-0.182391848495455,0.00227350350643957,1.54481948082562,0,267.161443506003,60.6481711487664,4.84522959253911e-10,1,0.986604812361003,0,7.71007212643227e-05,0.000729996428480373,0,0,0
86.835,9499.9372288332,1.54483303793435,9500,9499.94495347764,1.59087251646517,1.54483303793435,0,-0.0955768878879605,20.3888166994427,10,0,15028.7637669479,-15029.3068789898,1.54483303793435,1.5418159808907,1.54146155178438,0.000354429106321552,-0.173712658289177,0.00230819883100851,1.54483303793435,0,267.161443506003,60.6481711487664,4.46900932749898e-10,1,0.986604647613175,0,8.02302896754092e-05,0.000708858212643104,0,0,0
86.85,9499.93579517988,1.54484687194479,9500,9499.94295153947,1.59096463844897,1.54484687194479,0,-0.0853581368367904,20.3885026322998,9,0,15028.8224198055,-15029.3074641088,1.54484687194479,1.5418159808907,1.54147268659433,0.000343294296365482,-0.16480936459407,0.00234430246136245,1.54484687194479,0,267.161443506003,60.6481711487664,9.2627891229286e-10,1,0.986604498722819,0,8.31479602767526e-05,0.000686588592730963,0,0,0
86.865,9499.93451480783,1.5448609503159,9500,9499.94109687943,1.59105452191501,1.5448609503159,0,-0.0751177459101049,20.3881850987764,9,0,15028.8828366437,-15029.3096902651,1.5448609503159,1.5418159808907,1.54148435569984,0.000331625190856055,-0.155703618803986,0.00238171904348698,1.5448609503159,0,267.161443506003,60.6481711487664,8.41588017364958e-10,1,0.986604365751307,0,8.58509754846359e-05,0.00066325038171211,0,0,0
86.88,9499.93338804164,1.54487524083999,9500,9499.9393910533,1.59114201689708,1.54487524083999,0,-0.0648787668209151,20.3878647938363,9,0,15028.9448792032,-15029.313550187,1.54487524083999,1.5418159808907,1.54149652690728,0.000319453983419926,-0.146417260544516,0.00242035198245507,1.54487524083999,0,267.161443506003,60.6481711487664,7.54373997674643e-10,1,0.986604248732349,0,8.83370684503504e-05,0.000638907966839852,0,0,0
86.895,9499.93241486014,1.54488971082961,9500,9499.93783529779,1.5912269803648,1.54488971082961,0,-0.0546622823414518,20.3875424200333,9,0,15029.0083948338,-15029.3190110235,1.54488971082961,1.5418159808907,1.54150916775287,0.000306813137828321,-0.136972003853812,0.00246010366325773,1.54488971082961,0,267.161443506003,60.6481711487664,6.66929180915461e-10,1,0.986604147663745,0,9.06044388706562e-05,0.000613626275656642,0,0,0
86.91,9499.93159492591,1.54490432775098,9500,9499.93643052362,1.5913092766386,1.54490432775098,0,-0.0444889885381459,20.3872186729177,9,0,15029.073230279,-15029.3260371198,1.54490432775098,1.5418159808907,1.54152224529093,0.000293735599768086,-0.127389567000674,0.00250087566074952,1.54490432775098,0,267.161443506003,60.6481711487664,5.79441060062758e-10,1,0.986604062510453,0,9.26517631139046e-05,0.000587471199536171,0,0,0
86.925,9499.93092759108,1.54491905931906,9500,9499.93517731803,1.59138877757002,1.54491905931906,0,-0.0343791412260737,20.3868942390587,9,0,15029.1392321602,-15029.3345901973,1.54491905931906,1.5418159808907,1.54153572615359,0.000280254737104135,-0.117691634263468,0.00254256895415078,1.54491905931906,0,267.161443506003,60.6481711487664,4.92090689109813e-10,1,0.986603993205191,0,9.44781857754595e-05,0.000560509474208271,0,0,0
86.94,9499.93041190396,1.54493387353995,9500,9499.93407594817,1.59146536269857,1.54493387353995,0,-0.0243507127637397,20.3865698005797,8,0,15029.2062374005,-15029.3446093033,1.54493387353995,1.5418159808907,1.54154957663494,0.00026640425575386,-0.107899813636735,0.00258508413774974,1.54493387353995,0,267.161443506003,60.6481711487664,9.19282586509235e-10,1,0.98660393964912,0,9.60833194216804e-05,0.000532808511507721,0,0,0
86.955,9499.93004664327,1.54494873880049,9500,9499.93312636531,1.59153891938487,1.54494873880049,0,-0.0144270427412084,20.3862460116898,8,0,15029.2741151065,-15029.3560961679,1.54494873880049,1.5418159808907,1.54156376275154,0.000252218139153548,-0.0980355916345218,0.00262832163148949,1.54494873880049,0,267.161443506003,60.6481711487664,7.18815417749571e-10,1,0.986603901715407,0,9.74672364524309e-05,0.000504436278307097,0,0,0
86.97,9499.92983023763,1.54496362354348,9500,9499.93232821685,1.59160934274284,1.54496362354348,0,-0.00462486362580431,20.3859235383254,8,0,15029.342699503,-15029.3689800947,1.54496362354348,1.5418159808907,1.54157825050825,0.000237730382447232,-0.0881201832042764,0.00267218188789309,1.54496362354348,0,267.161443506003,60.6481711487664,5.25135639450013e-10,1,0.986603879240857,0,9.86304520380621e-05,0.000475460764894464,0,0,0
86.985,9499.92976086467,1.54497849726192,9500,9499.93168083431,1.59167653617176,1.54497849726192,0,0.00503641616275279,20.3856030301956,7,0,15029.4118485594,-15029.3832293379,1.54497849726192,1.5418159808907,1.54159300550074,0.000222975389955415,-0.0781747684059529,0.00271656559131021,1.54497849726192,0,267.161443506003,60.6481711487664,7.48176388252899e-10,1,0.986603872036212,0,9.95739420086572e-05,0.000445950779910831,0,0,0
87,9499.92983641091,1.54499332988882,9500,9499.93118325018,1.59174041116617,1.54499332988882,0,0.0145448877171097,20.3852851623108,6,0,15029.4813842465,-15029.3987335378,1.54499332988882,1.5418159808907,1.54160799332425,0.000207987566452017,-0.06822025216864,0.00276137386521411,1.54499332988882,0,267.161443506003,60.6481711487664,7.75056185856085e-10,1,0.986603879881977,0,0.000100299115336488,0.000415975132904034,0,0,0
87.015,9499.93005458423,1.54500809208616,9500,9499.93083419995,1.59180088748819,1.54500809208616,0,0.0238754407938684,20.3849703833739,6,0,15029.5512003425,-15029.4155291578,1.54500809208616,1.5418159808907,1.54162317952652,0.00019280136417521,-0.0582772949991898,0.00280650846711553,1.54500809208616,0,267.161443506003,60.6481711487664,9.35803180700085e-10,1,0.986603902540106,0,0.000100807815572646,0.00038560272835042,0,0,0
87.03,9499.93041271584,1.54502275410119,9500,9499.93063215279,1.59185789261108,1.54502275410119,0,0.0330170611125671,20.3846593131795,7,0,15029.6211156235,-15029.4334975601,1.54502275410119,1.5418159808907,1.54163853027751,0.000177450613184416,-0.0483659145284339,0.00285187198412322,1.54502275410119,0,267.161443506003,60.6481711487664,5.20338673179724e-10,1,0.986603939733437,0,0.000101102276380383,0.000354901226368831,0,0,0
87.045,9499.93090797176,1.54503728778917,9500,9499.93057528296,1.5919113626453,1.54503728778917,0,0.0419524639621627,20.3843526783536,7,0,15029.6910009896,-15029.4526078622,1.54503728778917,1.5418159808907,1.54165401144571,0.00016196944499014,-0.0385060495212407,0.00289736800849439,1.54503728778917,0,267.161443506003,60.6481711487664,9.36808625161232e-10,1,0.98660399116765,0,0.000101185158876138,0.00032393888998028,0,0,0
87.06,9499.93153725872,1.54505166522066,9500,9499.93066150342,1.5919612417061,1.54505166522066,0,0.0506635426521412,20.3840509465054,8,0,15029.7607259222,-15029.4728324343,1.54505166522066,1.5418159808907,1.54166958939071,0.000146391499985299,-0.0287170816152777,0.00294290132998865,1.54505166522066,0,267.161443506003,60.6481711487664,5.8980938773619e-10,1,0.986604056521497,0,0.000101059502569223,0.000292782999970598,0,0,0
87.075,9499.93229721186,1.54506585919263,9500,9499.93088846636,1.59200748209606,1.54506585919263,0,0.0591404576803573,20.3837546976742,8,0,15029.8301249547,-15029.4940617205,1.54506585919263,1.5418159808907,1.5416852307928,0.000130750097896204,-0.0190179507781706,0.00298837810614481,1.54506585919263,0,267.161443506003,60.6481711487664,7.58724764653547e-10,1,0.986604135445523,0,0.00010072872957112,0.000261500195792408,0,0,0
87.09,9499.93318431873,1.54507984385459,9500,9499.93125356036,1.59205004457201,1.54507984385459,0,0.0673677378213765,20.383464429467,8,0,15029.899073025,-15029.5162585718,1.54507984385459,1.5418159808907,1.54170090242598,0.000115078464719476,-0.00942729439390323,0.00303370603445181,1.54507984385459,0,267.161443506003,60.6481711487664,9.27884442219216e-10,1,0.986604227574948,0,0.000100196644992723,0.000230156929438952,0,0,0
87.105,9499.93419483479,1.54509359361778,9500,9499.93175394053,1.59208889777924,1.54509359361778,0,0.0753343647637227,20.383180647795,9,0,15029.9674235584,-15029.5393390234,1.54509359361778,1.5418159808907,1.5417165717895,9.9409101192327e-05,3.69291250988165e-05,0.00307879452469853,1.54509359361778,0,267.161443506003,60.6481711487664,4.8268392297564e-10,1,0.986604332520889,0,9.94673980245775e-05,0.000198818202384654,0,0,0
87.12,9499.93532485026,1.54510708374792,9500,9499.93238652879,1.59212401841729,1.54510708374792,0,0.0830239725977486,20.3829038399827,9,0,15030.0350664316,-15029.5632859494,1.54510708374792,1.5418159808907,1.54173220688899,8.37740017041178e-05,0.0093572956220742,0.00312355485380959,1.54510708374792,0,267.161443506003,60.6481711487664,5.55537584327468e-10,1,0.986604449877298,0,9.85454667472574e-05,0.000167548003408236,0,0,0
87.135,9499.93657020985,1.54512029002705,9500,9499.93314803153,1.59215539096792,1.54512029002705,0,0.0904264626216612,20.3826344772159,9,0,15030.1018615887,-15029.5880166787,1.54512029002705,1.5418159808907,1.54174777647945,6.82044112512159e-05,0.0185170564869187,0.00316790031384586,1.54512029002705,0,267.161443506003,60.6481711487664,6.24240319039414e-10,1,0.986604579212632,0,9.74356601419757e-05,0.000136408822502432,0,0,0
87.15,9499.93792660679,1.545133189747,9500,9499.93403493182,1.59218300805399,1.545133189747,0,0.0975310588376089,20.382372997329,9,0,15030.1676852076,-15029.6134686226,1.545133189747,1.5418159808907,1.541763249643,5.27312476958919e-05,0.0274998747412373,0.00321174636090975,1.545133189747,0,267.161443506003,60.6481711487664,6.90612745846517e-10,1,0.986604720079618,0,9.61430962957976e-05,0.000105462495391784,0,0,0
87.165,9499.93938957267,1.54514576123827,9500,9499.93504350803,1.59220687013406,1.54514576123827,0,0.10432779868577,20.3821198139359,9,0,15030.2324176598,-15029.6395787641,1.54514576123827,1.5418159808907,1.54177859609403,3.73847966630425e-05,0.0362900085823594,0.00325501075424286,1.54514576123827,0,267.161443506003,60.6481711487664,7.54557095983809e-10,1,0.986604872014194,0,9.46731994087013e-05,7.4769593326085e-05,0,0,0
87.18,9499.94095448965,1.54515798383037,9500,9499.93616984501,1.59222698537255,1.54515798383037,0,0.110807499073707,20.3818753174288,9,0,15030.2959433613,-15029.6662837018,1.54515798383037,1.5418159808907,1.54179378626785,2.21946228484704e-05,0.0448723442689549,0.00329761369397677,1.54515798383037,0,267.161443506003,60.6481711487664,8.15980138942786e-10,1,0.986605034536781,0,9.30316764222727e-05,4.43892456969408e-05,0,0,0
87.195,9499.94261660214,1.54516983790221,9500,9499.93740984548,1.5922433694948,1.54516983790221,0,0.116961778418406,20.3816398740335,9,0,15030.3581510571,-15029.6935198084,1.54516983790221,1.5418159808907,1.54180879135913,7.18953157075042e-06,0.0532324256754957,0.0033394779483668,1.54516983790221,0,267.161443506003,60.6481711487664,8.74793621537119e-10,1,0.98660520715349,0,9.12244955735275e-05,1.43790631415008e-05,0,0,0
87.21,9499.94437102882,1.54518130485055,9500,9499.93875924155,1.59225604563152,1.54518130485055,0,0.122783025498848,20.3814138266279,9,0,15030.418933723,-15029.7212233109,1.54518130485055,1.5418159808907,1.54182358339646,-7.60250576115062e-06,0.0613564784627234,0.00338052897137488,1.54518130485055,0,267.161443506003,60.6481711487664,9.3091836575645e-10,1,0.986605389357379,0,8.92578764755125e-05,-1.52050115223012e-05,0,0,0
87.225,9499.9462127742,1.54519236711816,9500,9499.94021360637,1.59226504415156,1.54519236711816,0,0.128264406927456,20.3811974942746,9,0,15030.4781887437,-15029.7493304247,1.54519236711816,1.5418159808907,1.54183813528486,-2.21543941651969e-05,0.0692314306988314,0.00342069501578887,1.54519236711816,0,267.161443506003,60.6481711487664,9.8428017088581e-10,1,0.986605580629649,0,8.71382700633472e-05,-4.43087883303939e-05,0,0,0
87.24,9499.9481367403,1.54520300821378,9500,9499.9417683657,1.59227040248594,1.54520300821378,0,0.133397843352892,20.3809911694984,10,0,15030.5358290694,-15029.7778000115,1.54520300821378,1.5418159808907,1.54185242084781,-3.64399571157747e-05,0.0768449288924344,0.00345990723731737,1.54520300821378,0,267.161443506003,60.6481711487664,4.56631938341714e-10,1,0.986605780440853,0,8.48723399566875e-05,-7.28799142315495e-05,0,0,0
87.255,9499.95013770795,1.54521321273685,9500,9499.94341880958,1.59227216494335,1.54521321273685,0,0.138182056668669,20.3807951271892,10,0,15030.5917397003,-15029.806524335,1.54521321273685,1.5418159808907,1.54186641486277,-5.04339720741598e-05,0.0841853504254092,0.00349809979029788,1.54521321273685,0,267.161443506003,60.6481711487664,4.76706677710216e-10,1,0.986605988248961,0,8.24669509766895e-05,-0.00010086794414832,0,0,0
87.27,9499.9522104388,1.54522296678817,9500,9499.94516009608,1.59227038271618,1.54522296678817,0,0.14261086327197,20.3806096025995,10,0,15030.6458445792,-15029.8354624772,1.54522296678817,1.5418159808907,1.54188009290108,-6.41120103825887e-05,0.0912416974903195,0.00353520991823739,1.54522296678817,0,267.161443506003,60.6481711487664,4.96392807861759e-10,1,0.986606203509951,0,7.99291590183326e-05,-0.000128224020765177,0,0,0
87.285,9499.95434960175,1.54523225704291,9500,9499.94698728053,1.59226511323705,1.54523225704291,0,0.146680465641816,20.3804348199153,10,0,15030.6980594503,-15029.864551763,1.54523225704291,1.5418159808907,1.54189343183449,-7.7450943792412e-05,0.0980038900238962,0.00357117803979564,1.54523225704291,0,267.161443506003,60.6481711487664,5.14762606510506e-10,1,0.986606425670167,0,7.72661685588538e-05,-0.000154901887584824,0,0,0
87.3,9499.95654980874,1.54524107133401,9500,9499.9488953181,1.59225642019034,1.54524107133401,0,0.150387863764589,20.3802709777766,10,0,15030.7483052333,-15029.8937301609,1.54524107133401,1.5418159808907,1.54190640957686,-9.04286861660442e-05,0.10446260076591,0.00360594781564712,1.54524107133401,0,267.161443506003,60.6481711487664,5.31798806648116e-10,1,0.986606654170039,0,7.4485331041263e-05,-0.000180857372332088,0,0,0
87.315,9499.95880562669,1.54524939869425,9500,9499.95087907503,1.59224437330289,1.54524939869425,0,0.153730872509889,20.3801182485162,10,0,15030.7965082612,-15029.9229364222,1.54524939869425,1.5418159808907,1.54191900509623,-0.000103024205531543,0.110609253894699,0.00363946621461569,1.54524939869425,0,267.161443506003,60.6481711487664,5.47486336992116e-10,1,0.986606888445322,0,7.15941264557429e-05,-0.000206048411063087,0,0,0
87.33,9499.96111158978,1.54525722936396,9500,9499.95293333998,1.5922290481216,1.54525722936396,0,0.156708115809245,20.3799767781367,10,0,15030.8426003676,-15029.9521102018,1.54525722936396,1.5418159808907,1.54193119843983,-0.000115217549130131,0.116436026700559,0.00367168357152078,1.54525722936396,0,267.161443506003,60.6481711487664,5.61813200059574e-10,1,0.986607127928367,0,6.86001502467892e-05,-0.000230435098260262,0,0,0
87.345,9499.96346221152,1.54526455480128,9500,9499.95505283564,1.59221052577682,1.54526455480128,0,0.159319022306653,20.3798466862335,10,0,15030.886518985,-15029.9811921807,1.54526455480128,1.5418159808907,1.54194297075497,-0.00012698986427484,0.121935854188324,0.00370255363913183,1.54526455480128,0,267.161443506003,60.6481711487664,5.74769447670474e-10,1,0.986607372049383,0,6.55110913854173e-05,-0.00025397972854968,0,0,0
87.36,9499.96585199685,1.54527136768376,9500,9499.95723223052,1.59218889273346,1.54527136768376,0,0.161563815515531,20.3797280661016,10,0,15030.9282072021,-15030.0101241794,1.54527136768376,1.5418159808907,1.54195430430929,-0.000138323418595654,0.1271024347273,0.00373203363025527,1.54527136768376,0,267.161443506003,60.6481711487664,5.86350107927881e-10,1,0.986607620237688,0,6.23347203281277e-05,-0.000276646837191308,0,0,0
87.375,9499.96827545408,1.54527766186485,9500,9499.95946615071,1.59216424053148,1.54527766186485,0,0.163443474789338,20.3796209858109,10,0,15030.9676136088,-15030.0388492244,1.54527766186485,1.5418159808907,1.54196518253082,-0.000149201640125218,0.131930235524401,0.00376008425440293,1.54527766186485,0,267.161443506003,60.6481711487664,5.96552111799315e-10,1,0.986607871922948,0,5.90788679908361e-05,-0.000298403280250437,0,0,0
87.39,9499.97072710621,1.54528343238011,9500,9499.96174919179,1.5921366655165,1.54528343238011,0,0.164959729613183,20.3795254882053,10,0,15031.004692375,-15030.0673116599,1.54528343238011,1.5418159808907,1.54197559001849,-0.000159609127792226,0.136414497423109,0.0037866697449988,1.54528343238011,0,267.161443506003,60.6481711487664,6.05375610231837e-10,1,0.986608126536354,0,5.5751409767657e-05,-0.000319218255584452,0,0,0
87.405,9499.97320150215,1.5452886754115,9500,9499.96407593054,1.5921062685651,1.5452886754115,0,0.166115025775044,20.3794415918022,10,0,15031.0394031264,-15030.0954572158,1.5452886754115,1.5418159808907,1.54198551256999,-0.00016953167929401,0.140551236629106,0.00381175787939425,1.5452886754115,0,267.161443506003,60.6481711487664,6.12823827753628e-10,1,0.986608383511793,0,5.23602474062912e-05,-0.000339063358588021,0,0,0
87.42,9499.97569322754,1.54529338826192,9500,9499.96644093649,1.59207315480452,1.54529338826192,0,0.16691249975533,20.3793692914655,10,0,15031.0717108739,-15030.1232330817,1.54529338826192,1.5418159808907,1.54199493720045,-0.000178956309750955,0.144337244149706,0.00383531999072708,1.54529338826192,0,267.161443506003,60.6481711487664,6.18902037973677e-10,1,0.986608642286961,0,4.89132985788121e-05,-0.00035791261950191,0,0,0
87.435,9499.97819691503,1.54529756936452,9500,9499.96883878337,1.59203743332911,1.54529756936452,0,0.167355975193235,20.3793085583269,10,0,15031.1015860977,-15030.1505880123,1.54529756936452,1.5418159808907,1.54200385214133,-0.000187871250634686,0.14777008221888,0.00385733097508755,1.54529756936452,0,267.161443506003,60.6481711487664,6.23619758791085e-10,1,0.986608902304439,0,4.54184683451597e-05,-0.000375742501269372,0,0,0
87.45,9499.98070725466,1.54530121824166,9500,9499.97126406017,1.59199921691488,1.54530121824166,0,0.167449927161716,20.3792593407872,10,0,15031.1290045994,-15030.1774723817,1.54530121824166,1.5418159808907,1.54201224685814,-0.000196265967442599,0.15084807765042,0.00387776928584287,1.54530121824166,0,267.161443506003,60.6481711487664,6.26987825339836e-10,1,0.986609163012766,0,4.18836435518433e-05,-0.000392531934885199,0,0,0
87.465,9499.98321900357,1.54530433549587,9500,9499.97371138206,1.5919586217313,1.54530433549587,0,0.167199467446356,20.3792215648263,10,0,15031.1539474993,-15030.2038382647,1.54530433549587,1.5418159808907,1.54202011205083,-0.000204131160133292,0.153570313415673,0.0038966169254412,1.54530433549587,0,267.161443506003,60.6481711487664,6.29019853447934e-10,1,0.986609423867452,0,3.83166725421713e-05,-0.000408262320266584,0,0,0
87.48,9499.98572699558,1.54530692281112,9500,9499.97617540102,1.59191576705205,1.54530692281112,0,0.166610336714362,20.3791951340869,10,0,15031.1764012821,-15030.2296395268,1.54530692281112,1.5418159808907,1.54202743964453,-0.000211458753832439,0.155936617953396,0.00391385942808518,1.54530692281112,0,267.161443506003,60.6481711487664,6.29731946891584e-10,1,0.98660968433197,0,3.47253505064149e-05,-0.000422917507664877,0,0,0
87.495,9499.98822615063,1.54530898291991,9500,9499.97865081615,1.59187077496505,1.54530898291991,0,0.165688875145249,20.3791799306904,10,0,15031.1963576841,-15030.2548318783,1.54530898291991,1.5418159808907,1.54203422279399,-0.000218241903297667,0.157947552659729,0.00392948583581306,1.54530898291991,0,267.161443506003,60.6481711487664,6.29143282749265e-10,1,0.986609943878737,0,3.11173997975533e-05,-0.000436483806595334,0,0,0
87.51,9499.99071148376,1.54531051957933,9500,9499.98113238377,1.59182377008053,1.54531051957933,0,0.164441998402824,20.3791758158579,10,0,15031.213813616,-15030.2793729336,1.54531051957933,1.5418159808907,1.54204045587924,-0.0002244749885425,0.159604398711903,0.00394348866572196,1.54531051957933,0,267.161443506003,60.6481711487664,6.27275086909605e-10,1,0.986610201990044,0,2.75004667966705e-05,-0.000448949977085,0,0,0
87.525,9499.99317811373,1.54531153758465,9500,9499.98361492727,1.59177487923893,1.54531153758465,0,0.162877198745712,20.3791826297171,10,0,15031.2287712629,-15030.303222305,1.54531153758465,1.5418159808907,1.54204613448161,-0.000230153590912829,0.160909142595188,0.00395586387578046,1.54531153758465,0,267.161443506003,60.6481711487664,6.24149755936386e-10,1,0.986610458158957,0,2.38820933717854e-05,-0.000460307181825659,0,0,0
87.54,9499.99562127172,1.54531204270726,9500,9499.98609334658,1.59172423121911,1.54531204270726,0,0.161002497422945,20.3792001927372,10,0,15031.2412378318,-15030.3263416205,1.54531204270726,1.5418159808907,1.54205125539131,-0.000235274500616889,0.161864460324836,0.00396661081779777,1.54531204270726,0,267.161443506003,60.6481711487664,6.19793491319554e-10,1,0.986610711890215,0,2.02697149402908e-05,-0.000470549001233778,0,0,0
87.555,9499.99803630918,1.54531204169059,9500,9499.98856262748,1.59167195644515,1.54531204169059,0,0.158826434785181,20.3792283059084,10,0,15031.2512255647,-15030.3486945935,1.54531204169059,1.5418159808907,1.54205581658551,-0.000239835694812562,0.162473701831961,0.0039757321895209,1.54531204169059,0,267.161443506003,60.6481711487664,6.14234104195604e-10,1,0.986610962701049,0,1.66706402608963e-05,-0.000479671389625125,0,0,0
87.57,9500.0004187057,1.54531154221297,9500,9499.99101785051,1.59161818669502,1.54531154221297,0,0.156358038917254,20.3792667516303,10,0,15031.2587515957,-15030.3702470573,1.54531154221297,1.5418159808907,1.54205981721838,-0.000243836327681102,0.162740873706692,0.0039832339776383,1.54531154221297,0,267.161443506003,60.6481711487664,6.07501454362456e-10,1,0.986611210121998,0,1.30920385714717e-05,-0.000487672655362203,0,0,0
87.585,9500.00276407628,1.54531055286929,9500,9499.99345419964,1.59156305481027,1.54531055286929,0,0.153606807849485,20.379315294191,10,0,15031.2638378985,-15030.3909670149,1.54531055286929,1.5418159808907,1.5420632575989,-0.000247276708203348,0.162670621225291,0.00398912539499546,1.54531055286929,0,267.161443506003,60.6481711487664,5.99626279458205e-10,1,0.986611453697662,0,9.54093110960841e-06,-0.000494553416406696,0,0,0
87.6,9500.0050681784,1.54530908312,9500,9499.99586697055,1.59150669440772,1.54530908312,0,0.150582669732749,20.3793736809436,10,0,15031.2665110754,-15030.410824653,1.54530908312,1.5418159808907,1.54206613918305,-0.000250158292347979,0.162268209497719,0.00399341881399479,1.54530908312,0,267.161443506003,60.6481711487664,5.90642975560574e-10,1,0.986611692987438,0,6.02417343076311e-06,-0.000500316584695959,0,0,0
87.615,9500.00732691844,1.54530714326835,9500,9499.99825157858,1.59144923959326,1.54530714326835,0,0.147295962619127,20.3794416428705,10,0,15031.2668022791,-15030.4297923796,1.54530714326835,1.5418159808907,1.54206846454789,-0.000252483657192437,0.161539503876568,0.00399612969203863,1.54530714326835,0,267.161443506003,60.6481711487664,5.80586816532328e-10,1,0.986611927566191,0,2.548450227291e-06,-0.000504967314384874,0,0,0
87.63,9500.00953635788,1.54530474442156,9500,9500.00060356635,1.59139082467964,1.54530474442156,0,0.143757403821694,20.3795188954895,10,0,15031.2647470562,-15030.4478448413,1.54530474442156,1.5418159808907,1.54207023737259,-0.000254256481889037,0.160490948959202,0.00399727649464091,1.54530474442156,0,267.161443506003,60.6481711487664,5.69494246699624e-10,1,0.986612157024888,0,-8.79743984549819e-07,-0.000508512963778074,0,0,0
87.645,9500.01169271894,1.54530189846375,9500,9500.00291861093,1.59133158390802,1.54530189846375,0,0.139978067324154,20.3796051394989,10,0,15031.2603852451,-15030.4649589495,1.54530189846375,1.5418159808907,1.54207146240909,-0.000255481518396383,0.159129546708875,0.00399688060984786,1.54530189846375,0,267.161443506003,60.6481711487664,5.57404197968654e-10,1,0.986612380971194,0,-4.25410348237065e-06,-0.000510963036792766,0,0,0
87.66,9500.01379238995,1.54529861801099,9500,9500.0051925307,1.59127165117407,1.54529861801099,0,0.135969349779518,20.3797000618071,10,0,15031.2537607872,-15030.4811138848,1.54529861801099,1.5418159808907,1.54207214546219,-0.000256164571496242,0.157462833701942,0.0039949662632808,1.54529861801099,0,267.161443506003,60.6481711487664,5.44357211717135e-10,1,0.986612599030021,0,-7.5685341442977e-06,-0.000512329142992485,0,0,0
87.675,9500.0158319302,1.54529491637682,9500,9500.00742129172,1.59121115975859,1.54529491637682,0,0.131742944115116,20.3798033363269,10,0,15031.244921587,-15030.4962911075,1.54529491637682,1.5418159808907,1.54207229335909,-0.000256312468395858,0.155498857721296,0.00399156042291586,1.54529491637682,0,267.161443506003,60.6481711487664,5.30393097214442e-10,1,0.98661281084404,0,-1.08171552031244e-05,-0.000512624936791717,0,0,0
87.69,9500.01780807436,1.54529080753614,9500,9500.00960101382,1.59115024206382,1.54529080753614,0,0.127310812092529,20.3799146248047,10,0,15031.2339193621,-15030.5104743626,1.54529080753614,1.5418159808907,1.54207191391951,-0.000255933028817656,0.153246153518753,0.00398669270307446,1.54529080753614,0,267.161443506003,60.6481711487664,5.15556053794009e-10,1,0.986613016074135,0,-1.39943130632592e-05,-0.000511866057635313,0,0,0
87.705,9500.01971773654,1.54528630607781,9500,9500.01172797615,1.59108902935566,1.54528630607781,0,0.122685150126181,20.3800335778827,10,0,15031.2208094376,-15030.5236496697,1.54528630607781,1.5418159808907,1.54207101592824,-0.000255035037541207,0.150713717796108,0.00398039526219599,1.54528630607781,0,267.161443506003,60.6481711487664,4.99888816927031e-10,1,0.986613214399823,0,-1.70945769213393e-05,-0.000510070075082414,0,0,0
87.72,9500.02155801379,1.54528142718781,9500,9500.01379862242,1.59102765151199,1.54528142718781,0,0.117878375214163,20.3801598355031,10,0,15031.2056506833,-15030.5358053391,1.54528142718781,1.5418159808907,1.54206960909343,-0.000253628202735667,0.147910983792257,0.00397270270258139,1.54528142718781,0,267.161443506003,60.6481711487664,4.83436024224323e-10,1,0.986613405519621,0,-2.01127695067527e-05,-0.000507256405471335,0,0,0
87.735,9500.02332618942,1.54527618657281,9500,9500.01580956569,1.5909662367782,1.54527618657281,0,0.112903072587165,20.3802930285859,10,0,15031.1885051695,-15030.5469319254,1.54527618657281,1.5418159808907,1.54206770402779,-0.000251723137095317,0.14484779502707,0.00396365195630335,1.54527618657281,0,267.161443506003,60.6481711487664,4.66244215432809e-10,1,0.986613589151392,0,-2.30439472996835e-05,-0.000503446274190633,0,0,0
87.75,9500.02501973551,1.54527060047116,9500,9500.01775759269,1.59090491152867,1.54527060047116,0,0.107772000684413,20.3804327788236,10,0,15031.1694382301,-15030.5570222626,1.54527060047116,1.5418159808907,1.54206531219048,-0.00024933129978022,0.141534379300543,0.00395328218001849,1.54527060047116,0,267.161443506003,60.6481711487664,4.48358905488816e-10,1,0.9866137650326,0,-2.58834295006061e-05,-0.00049866259956044,0,0,0
87.765,9500.02663631552,1.54526468555624,9500,9500.01963966777,1.59084380003755,1.54526468555624,0,0.102499928792947,20.3805787023742,9,0,15031.14850766,-15030.5660502189,1.54526468555624,1.5418159808907,1.5420624458763,-0.000246464985600436,0.1379813211472,0.00394163463674322,1.54526468555624,0,267.161443506003,60.6481711487664,9.73874644104705e-10,1,0.986613932920589,0,-2.8626787464292e-05,-0.000492929971200873,0,0,0
87.78,9500.02817381445,1.54525845893678,9500,9500.02145293649,1.59078302425472,1.54525845893678,0,0.0970959178160308,20.3807304037558,9,0,15031.1258057324,-15030.5740565785,1.54525845893678,1.5418159808907,1.54205911815885,-0.000243137268152172,0.13419953568938,0.00392875258238429,1.54525845893678,0,267.161443506003,60.6481711487664,9.32558860738863e-10,1,0.986614092595706,0,-3.12698617421781e-05,-0.000486274536304343,0,0,0
87.795,9500.02963025322,1.54525193773544,9500,9500.02319473603,1.59072270340438,1.54525193773544,0,0.0915747817900531,20.3808874937165,9,0,15031.1013934011,-15030.5810181139,1.54525193773544,1.5418159808907,1.54205534304062,-0.00023936214992748,0.130200349668627,0.00391468114460031,1.54525193773544,0,267.161443506003,60.6481711487664,8.87876594384594e-10,1,0.986614243852417,0,-3.38087682902888e-05,-0.00047872429985496,0,0,0
87.81,9500.03100387494,1.54524513995281,9500,9500.02486258075,1.59066295420816,1.54524513995281,0,0.085949725088505,20.3810495650451,9,0,15031.0753473999,-15030.5869365244,1.54524513995281,1.5418159808907,1.54205113495907,-0.000235154068377375,0.125995197413795,0.00389946719886968,1.54524513995281,0,267.161443506003,60.6481711487664,8.42049687602259e-10,1,0.986614386508262,0,-3.6239883525635e-05,-0.000470308136754749,0,0,0
87.825,9500.03229312082,1.54523808387799,9500,9500.02645417391,1.59060389045594,1.54523808387799,0,0.0802339566775236,20.3812162066275,9,0,15031.0477466429,-15030.5918156635,1.54523808387799,1.5418159808907,1.54204650902269,-0.00023052813199631,0.121595769064721,0.00388315925128314,1.54523808387799,0,267.161443506003,60.6481711487664,7.95193167540829e-10,1,0.986614520401355,0,-3.85598574692558e-05,-0.000461056263992621,0,0,0
87.84,9500.03349663017,1.5452307880016,9500,9500.02796740999,1.59054562280355,1.5452307880016,0,0.0744406374689493,20.3813870053196,9,0,15031.0186718069,-15030.5956614201,1.5452307880016,1.5418159808907,1.54204148099295,-0.000225500102257303,0.117013989206858,0.00386580731542198,1.5452307880016,0,267.161443506003,60.6481711487664,7.47420011804059e-10,1,0.986614645390382,0,-4.07656224266084e-05,-0.000451000204514607,0,0,0
87.855,9500.03461323973,1.54522327097267,9500,9500.02940037651,1.59048825858408,1.54522327097267,0,0.0685828524309424,20.3815615468652,9,0,15030.9882051232,-15030.5984816693,1.54522327097267,1.5418159808907,1.54203606724237,-0.000220086351677473,0.112261991326374,0.00384746278533,1.54522327097267,0,267.161443506003,60.6481711487664,6.98842319277888e-10,1,0.986614761354537,0,-4.28543874642084e-05,-0.000440172703354946,0,0,0
87.87,9500.03564198252,1.54521555156434,9500,9500.03075135518,1.59043190163434,1.54521555156434,0,0.0626735900687203,20.3817394166182,9,0,15030.9564302161,-15030.6002862272,1.54521555156434,1.5418159808907,1.54203028470936,-0.000214303818662165,0.107352088259139,0.00382817831097111,1.54521555156434,0,267.161443506003,60.6481711487664,6.49573212689283e-10,1,0.986614868193391,0,-4.48236489787313e-05,-0.00042860763732433,0,0,0
87.885,9500.03658208637,1.54520764864361,9500,9500.03201882239,1.59037665213525,1.54520764864361,0,0.0567257237806834,20.3819202001762,9,0,15030.9234319539,-15030.6010868079,1.54520764864361,1.5418159808907,1.54202415084871,-0.00020816995800832,0.102296740673186,0.00380800766893068,1.54520764864361,0,267.161443506003,60.6481711487664,5.99724643458407e-10,1,0.986614965826755,0,-4.66711829703037e-05,-0.000416339916016639,0,0,0
87.9,9500.03743297223,1.5451995811429,9500,9500.03320144929,1.59032260646518,1.5451995811429,0,0.0507519952555234,20.3821034839703,9,0,15030.889296309,-15030.6008969781,1.5451995811429,1.5418159808907,1.54201768358289,-0.000201702692197214,0.0971085247170673,0.00378700563659404,1.5451995811429,0,267.161443506003,60.6481711487664,5.49405489251945e-10,1,0.986615054194491,0,-4.83950532010891e-05,-0.000403405384394429,0,0,0
87.915,9500.03819425216,1.54519136804492,9500,9500.03429810135,1.59026985706457,1.54519136804492,0,0.0447650065132579,20.3822888555669,9,0,15030.8541102805,-15030.5997321246,1.54519136804492,1.5418159808907,1.54201090124491,-0.000194920354214867,0.0918001002793227,0.00376522786265355,1.54519136804492,0,267.161443506003,60.6481711487664,4.98728139634866e-10,1,0.98661513325631,0,-4.99936038653725e-05,-0.000389840708429734,0,0,0
87.93,9500.03886572726,1.5451830283314,9500,9500.03530783754,1.59021849231133,1.5451830283314,0,0.0387771885476231,20.3824759047457,9,0,15030.8179616447,-15030.5976093835,1.5451830283314,1.5418159808907,1.5420038225408,-0.000187841650106879,0.0863841801798972,0.00374273074091414,1.5451830283314,0,267.161443506003,60.6481711487664,4.4780000803075e-10,1,0.986615202991555,0,-5.1465465098266e-05,-0.000375683300213758,0,0,0
87.945,9500.03944738508,1.54517458097351,9500,9500.03622990913,1.59016859640501,1.54517458097351,0,0.032799022762411,20.3826642197209,8,0,15030.7809484887,-15030.5945672799,1.54517458097351,1.5418159808907,1.5419964664901,-0.000180485599401647,0.0808735014822054,0.00371957128161992,1.54517458097351,0,267.161443506003,60.6481711487664,8.99954115770149e-10,1,0.986615263398935,0,-5.280953962572e-05,-0.000360971198803295,0,0,0
87.96,9500.03993937043,1.54516604489351,9500,9500.03706375824,1.59012024926119,1.54516604489351,0,0.0268463744456595,20.3828534036965,8,0,15030.7431392941,-15030.5905841397,1.54516604489351,1.5418159808907,1.54198885238369,-0.00017287149298939,0.0752807976520366,0.00369580698878834,1.54516604489351,0,267.161443506003,60.6481711487664,7.79873071656377e-10,1,0.986615314493485,0,-5.40250199358994e-05,-0.000345742985978781,0,0,0
87.975,9500.04034206604,1.54515743925982,9500,9500.03780900909,1.59007352658939,1.54515743925982,0,0.0209292569825924,20.3830430449664,8,0,15030.7046360056,-15030.5857050054,1.54515743925982,1.5418159808907,1.54198099957105,-0.000165018680347906,0.0696186710276398,0.00367149572981719,1.54515743925982,0,267.161443506003,60.6481711487664,6.64759696866978e-10,1,0.986615356314958,0,-5.51113533104886e-05,-0.000330037360695812,0,0,0
87.99,9500.0406560049,1.54514878255714,9500,9500.03846548246,1.59002849938894,1.54514878255714,0,0.0150591272934107,20.3832327524791,8,0,15030.6655270753,-15030.5799532238,1.54514878255714,1.5418159808907,1.54197292786789,-0.000156946977194483,0.063899835263087,0.00364669562082747,1.54514878255714,0,267.161443506003,60.6481711487664,5.50024704186912e-10,1,0.986615388918704,0,-5.60682784580546e-05,-0.000313893954388966,0,0,0
88.005,9500.04088189181,1.54514009314552,9500,9500.03903318373,1.58998523410664,1.54514009314552,0,0.00924905658107389,20.3834221317151,7,0,15030.6258907112,-15030.5733327244,1.54514009314552,1.5418159808907,1.54196465721105,-0.000148676320348873,0.0581369135332069,0.00362146489552134,1.54514009314552,0,267.161443506003,60.6481711487664,9.83547985247511e-10,1,0.986615412377919,0,-5.68958042568291e-05,-0.000297352640697746,0,0,0
88.02,9500.04102062766,1.54513138922393,9500,9500.03951229954,1.58994379258214,1.54513138922393,0,0.00350578081139,20.3836108179301,7,0,15030.5858390628,-15030.5659173786,1.54513138922393,1.5418159808907,1.54195620761588,-0.00014022672518732,0.0523424098620798,0.00359586178360577,1.54513138922393,0,267.161443506003,60.6481711487664,7.37496463700028e-10,1,0.986615426786165,0,-5.75942031741938e-05,-0.00028045345037464,0,0,0
88.035,9500.04107321437,1.54512268845351,9500,9500.03990320162,1.58990423181449,1.54512268845351,0,-0.00215787407574404,20.3837984354192,7,0,15030.5454457252,-15030.5577078969,1.54512268845351,1.5418159808907,1.54194759930538,-0.000131618414679791,0.0465287921312414,0.00356994439217738,1.54512268845351,0,267.161443506003,60.6481711487664,4.80606194323232e-10,1,0.986615432247495,0,-5.81640128591854e-05,-0.000263236829359581,0,0,0
88.05,9500.04104084626,1.54511400886969,9500,9500.04020642505,1.5898666043766,1.54511400886969,0,-0.00773269107630468,20.3839845614661,6,0,15030.504805664,-15030.5487468681,1.54511400886969,1.5418159808907,1.54193885219439,-0.000122871303697369,0.040708178723639,0.00354377058639075,1.54511400886969,0,267.161443506003,60.6481711487664,5.33634099843134e-10,1,0.986615428885944,0,-5.86060173655145e-05,-0.000245742607394739,0,0,0
88.065,9500.04092485589,1.54510536816763,9500,9500.04042267574,1.58983095810147,1.54510536816763,0,-0.0132045789902291,20.3841689314351,6,0,15030.463988957,-15030.5390242955,1.54510536816763,1.5418159808907,1.54192998619152,-0.000114005300820619,0.0348925269640097,0.00351739787857627,1.54510536816763,0,267.161443506003,60.6481711487664,4.93589205382249e-10,1,0.986615416839903,0,-5.89212416186591e-05,-0.000228010601641238,0,0,0
88.08,9500.04072678721,1.54509678390451,9500,9500.040552822,1.58979733616858,1.54509678390451,0,-0.0185661513368238,20.3843511347498,6,0,15030.4230963206,-15030.5285989211,1.54509678390451,1.5418159808907,1.54192102104372,-0.000105040153017821,0.0290935441208266,0.00349088331984787,1.54509678390451,0,267.161443506003,60.6481711487664,8.80495672262452e-10,1,0.986615396269716,0,-5.91109533134571e-05,-0.000210080306035643,0,0,0
88.095,9500.04044829494,1.5450882725832,9500,9500.04059790726,1.5897657766599,1.5450882725832,0,-0.0238101234228435,20.3845308781683,7,0,15030.3822232251,-15030.5175248189,1.5450882725832,1.5418159808907,1.54191197673988,-9.59958491777435e-05,0.0233229298423223,0.00346428339085682,1.5450882725832,0,267.161443506003,60.6481711487664,5.07154807990009e-10,1,0.986615367347233,0,-5.91766731263821e-05,-0.000191991698355487,0,0,0
88.11,9500.04009114308,1.5450798503437,9500,9500.04055913335,1.58973631285153,1.5450798503437,0,-0.0289249001300788,20.3847077484671,7,0,15030.3414344451,-15030.5058008732,1.5450798503437,1.5418159808907,1.54190287310817,-8.68922174719344e-05,0.0175921322153031,0.00343765388794994,1.5450798503437,0,267.161443506003,60.6481711487664,7.5142266885555e-10,1,0.986615330255654,0,-5.91201532544883e-05,-0.000173784434943869,0,0,0
88.125,9500.03965726958,1.54507153333872,9500,9500.04043784783,1.58970897341859,1.54507153333872,0,-0.0339026288832928,20.3848814655205,7,0,15030.3008193228,-15030.4934718033,1.54507153333872,1.5418159808907,1.54189372957618,-7.77486854803833e-05,0.0119122154282,0.00341104981898542,1.54507153333872,0,267.161443506003,60.6481711487664,9.84149587672811e-10,1,0.986615285196239,0,-5.89433584812227e-05,-0.000155497370960767,0,0,0
88.14,9500.03914873015,1.54506333698275,9500,9500.04023555122,1.58968378214011,1.54506333698275,0,-0.038732796067637,20.3850517324589,8,0,15030.2604454272,-15030.4805454337,1.54506333698275,1.5418159808907,1.54188456549851,-6.85846078105623e-05,0.00629405260178074,0.00338452530766887,1.54506333698275,0,267.161443506003,60.6481711487664,5.32983738600513e-10,1,0.986615232382483,0,-5.86484739037996e-05,-0.000137169215621125,0,0,0
88.155,9500.03856773821,1.54505527619361,9500,9500.03995388795,1.58966075801594,1.54505527619361,0,-0.0434121921389782,20.3852182333395,8,0,15030.2204151041,-15030.4671058717,1.54505527619361,1.5418159808907,1.54187539998645,-5.94190957505791e-05,0.000748233531131513,0.00335813349441216,1.54505527619361,0,267.161443506003,60.6481711487664,6.24920561019351e-10,1,0.986615172044258,0,-5.82378977944664e-05,-0.000118838191501158,0,0,0
88.17,9500.03791655533,1.54504736490441,9500,9500.03959464992,1.58963991506801,1.54504736490441,0,-0.0479318653834665,20.3853807053583,8,0,15030.1807921563,-15030.453166051,1.54504736490441,1.5418159808907,1.54186625210405,-5.02712133483296e-05,-0.00471481990706745,0.00333192644040465,1.54504736490441,0,267.161443506003,60.6481711487664,7.18770911298133e-10,1,0.986615104416437,0,-5.77142434352584e-05,-0.000100542426696659,0,0,0
88.185,9500.03719757735,1.54503961712667,9500,9500.03915975073,1.58962126288328,1.54503961712667,0,-0.0522849369583677,20.3855388751624,8,0,15030.1416519357,-15030.4387622342,1.54503961712667,1.5418159808907,1.54185714028814,-4.115939744187e-05,-0.0100851961161605,0.00330595503085879,1.54503961712667,0,267.161443506003,60.6481711487664,8.09715908373784e-10,1,0.986615029747836,0,-5.70802990527142e-05,-8.23187948837401e-05,0,0,0
88.2,9500.03641330329,1.54503204636654,9500,9500.03865122897,1.58960480643987,1.54503204636654,0,-0.0564649405479346,20.3856924814639,8,0,15030.1030678289,-15030.4239310629,1.54503204636654,1.5418159808907,1.54184808260092,-3.21017102207222e-05,-0.015353332971602,0.00328026889628507,1.54503204636654,0,267.161443506003,60.6481711487664,8.97629114348597e-10,1,0.98661494829799,0,-5.6339037532771e-05,-6.42034204414443e-05,0,0,0
88.215,9500.03556632918,1.54502466556047,9500,9500.03807124256,1.58959054615672,1.54502466556047,0,-0.0604658651163581,20.3858412763428,8,0,15030.065110964,-15030.4087095068,1.54502466556047,1.5418159808907,1.54183909672051,-2.31158298089618e-05,-0.0205100237794951,0.00325491632939532,1.54502466556047,0,267.161443506003,60.6481711487664,9.82375309546043e-10,1,0.986614860336504,0,-5.54936049437238e-05,-4.62316596179235e-05,0,0,0
88.23,9500.03465934121,1.5450174870421,9500,9500.03742206295,1.5895784779511,1.5450174870421,0,-0.0642842427385666,20.385985024955,9,0,15030.0278613411,-15030.3931578598,1.5450174870421,1.5418159808907,1.54183019991858,-1.42190278822341e-05,-0.0255464240361969,0.00322994420717064,1.5450174870421,0,267.161443506003,60.6481711487664,4.69671809177387e-10,1,0.98661476614235,0,-5.45473109621053e-05,-2.84380557644681e-05,0,0,0
88.245,9500.03369507757,1.54501052251889,9500,9500.03670606907,1.58956859330732,1.54501052251889,0,-0.067910993895214,20.3861235090628,9,0,15029.991363162,-15030.3772687288,1.54501052251889,1.5418159808907,1.54182140903522,-5.42814452075824e-06,-0.0304540606358228,0.0032053979172377,1.54501052251889,0,267.161443506003,60.6481711487664,5.06318280971851e-10,1,0.9866146659999,0,-5.35036261011257e-05,-1.08562890415165e-05,0,0,0
88.26,9500.03267641266,1.54500378344168,9500,9500.03592573299,1.58956087956108,1.54500378344168,0,-0.0713432240605332,20.3862565152214,9,0,15029.9556921854,-15030.3611014246,1.54500378344168,1.5418159808907,1.54181274025795,3.24063274526054e-06,-0.0352249616800914,0.00318132128549219,1.54500378344168,0,267.161443506003,60.6481711487664,5.39356470945972e-10,1,0.986614560207671,0,-5.236615122306e-05,6.48126549052108e-06,0,0,0
88.275,9500.0316062643,1.54499728005991,9500,9500.03508363101,1.58955531954611,1.54499728005991,0,-0.0745769488370759,20.3863838569941,9,0,15029.9209083422,-15030.3446932367,1.54499728005991,1.5418159808907,1.54180420956481,1.17713258867003e-05,-0.0398513809662792,0.00315775651744181,1.54499728005991,0,267.161443506003,60.6481711487664,5.70782104918929e-10,1,0.98661444906869,0,-5.11386446677697e-05,2.35426517734005e-05,0,0,0
88.29,9500.03048761007,1.54499102195663,9500,9500.03418242796,1.58955189191651,1.54499102195663,0,-0.0776086648932,20.3865053629647,9,0,15029.8870686855,-15030.3280813108,1.54499102195663,1.5418159808907,1.5417958324214,2.01484692954335e-05,-0.0443259806270603,0.00313474412734132,1.54499102195663,0,267.161443506003,60.6481711487664,6.00559327694756e-10,1,0.986614332892189,0,-4.98249916569549e-05,4.02969385908669e-05,0,0,0
88.305,9500.02932348009,1.54498501807689,9500,9500.03322486972,1.58955057126942,1.54498501807689,0,-0.0804353281092066,20.3866208760403,9,0,15029.8542275076,-15030.3113026411,1.54498501807689,1.5418159808907,1.54178762373815,2.83571525492299e-05,-0.0486418506510517,0.00311232288109569,1.54498501807689,0,267.161443506003,60.6481711487664,6.28653454420226e-10,1,0.986614211992859,0,-4.84291929396807e-05,5.67143050984598e-05,0,0,0
88.32,9500.02811695017,1.54497927675423,9500,9500.03221377583,1.58955132827186,1.54497927675423,0,-0.0830543301254303,20.3867302528036,9,0,15029.8224364351,-15030.2943940326,1.54497927675423,1.5418159808907,1.54177959783107,3.63830596277204e-05,-0.0527925231465918,0.00309052974427283,1.54497927675423,0,267.161443506003,60.6481711487664,6.55032580410699e-10,1,0.986614086690134,0,-4.69553591511129e-05,7.27661192554407e-05,0,0,0
88.335,9500.02687113522,1.5449738057064,9500,9500.03115203225,1.58955412978978,1.5449738057064,0,-0.08546349530653,20.3868333635274,9,0,15029.7917443824,-15030.277392037,1.5449738057064,1.5418159808907,1.54177176839918,4.42124915218667e-05,-0.0567719815995307,0.00306939983265483,1.5449738057064,0,267.161443506003,60.6481711487664,6.79670069063156e-10,1,0.986613957307508,0,-4.5407698331168e-05,8.84249830437334e-05,0,0,0
88.35,9500.02558918279,1.54496861201483,9500,9500.03004258427,1.58955893901783,1.54496861201483,0,-0.0876610880508144,20.3869300925432,9,0,15029.7621974288,-15030.2603328715,1.54496861201483,1.5418159808907,1.54176414851284,5.18323778613272e-05,-0.060574665293515,0.0030489663684058,1.54496861201483,0,267.161443506003,60.6481711487664,7.02543088413452e-10,1,0.986613824171868,0,-4.37905045633791e-05,0.000103664755722654,0,0,0
88.365,9500.02427426647,1.54496370212409,9500,9500.02888842961,1.58956571561061,1.54496370212409,0,-0.0896458073655688,20.3870203381748,9,0,15029.7338387879,-15030.2432523573,1.54496370212409,1.5418159808907,1.54175675059468,5.92302960202851e-05,-0.0641954705797703,0.00302926064135228,1.54496370212409,0,267.161443506003,60.6481711487664,7.23631440386252e-10,1,0.986613687612802,0,-4.21081465142858e-05,0.00011846059204057,0,0,0
88.38,9500.02292957936,1.54495908182441,9500,9500.02769261155,1.58957441581699,1.54495908182441,0,-0.0914167920410205,20.3871040130401,9,0,15029.7067087005,-15030.2261858418,1.54495908182441,1.5418159808907,1.54174958641155,6.63944791474691e-05,-0.0676297505784605,0.00301031197542085,1.54495908182441,0,267.161443506003,60.6481711487664,7.42919316983782e-10,1,0.986613547961927,0,-4.03650627049945e-05,0.000132788958294938,0,0,0
88.395,9500.02155832748,1.54495475622785,9500,9500.02645821222,1.58958499261742,1.54495475622785,0,-0.092973630418686,20.387181044486,9,0,15029.680844294,-15030.2091681139,1.54495475622785,1.5418159808907,1.54174266707072,7.33138199728867e-05,-0.0708733137390282,0.00299214769720361,1.54495475622785,0,267.161443506003,60.6481711487664,7.60393690498915e-10,1,0.986613405552198,0,-3.85657443531251e-05,0.000146627639945773,0,0,0
88.41,9500.02016372302,1.54495072976562,9500,9500.02518834584,1.5895973958654,1.54495072976562,0,-0.0943163555572812,20.3872513745681,9,0,15029.6562795448,-15030.1922333385,1.54495072976562,1.5418159808907,1.54173600300936,7.99778813380669e-05,-0.0739224221825084,0.0029747931122447,1.54495072976562,0,267.161443506003,60.6481711487664,7.76046362404327e-10,1,0.986613260717216,0,-3.67147323094841e-05,0.000159955762676134,0,0,0
88.425,9500.01874897769,1.5449470061814,9500,9500.02388615203,1.5896115724339,1.5449470061814,0,-0.0954454440388185,20.3873149601178,9,0,15029.6330452169,-15030.1754149883,1.5449470061814,1.5418159808907,1.5417296039867,8.63769040004847e-05,-0.0767737903836975,0.00295827148270543,1.5449470061814,0,267.161443506003,60.6481711487664,7.89873085304878e-10,1,0.986613113790528,0,-3.48166021317819e-05,0.000172753808000969,0,0,0
88.44,9500.01731729603,1.54494358852594,9500,9500.02255478908,1.58962746636692,1.54494358852594,0,-0.0963618132061869,20.3873717727814,9,0,15029.6111688102,-15030.1587457768,1.54494358852594,1.5418159808907,1.54172347907895,9.25018117465815e-05,-0.0794245841448251,0.00294260401174613,1.54494358852594,0,267.161443506003,60.6481711487664,8.01871514110004e-10,1,0.986612965104936,0,-3.28759587135963e-05,0.000185003623493163,0,0,0
88.455,9500.01587186883,1.54494047917124,9500,9500.02119742729,1.58964501903528,1.54494047917124,0,-0.0970668060795624,20.3874217986375,9,0,15029.5906745996,-15030.1422576113,1.54494047917124,1.5418159808907,1.54171763666559,9.83442251065725e-05,-0.0818724193938894,0.00292780983032501,1.54494047917124,0,267.161443506003,60.6481711487664,8.12045889180995e-10,1,0.986612814991819,0,-3.08974222813507e-05,0.000196688450213145,0,0,0
88.47,9500.01441586674,1.54493767980463,9500,9500.01981724224,1.58966416929718,1.54493767980463,0,-0.0975621894468589,20.3874650382514,9,0,15029.5715835805,-15030.1259815278,1.54493767980463,1.5418159808907,1.54171208442888,0.000103896461815856,-0.0841153610878573,0.0029139059902984,1.54493767980463,0,267.161443506003,60.6481711487664,8.204024996029e-10,1,0.986612663780459,0,-2.88856259436088e-05,0.000207792923631711,0,0,0
88.485,9500.01295243389,1.54493519144936,9500,9500.01841740826,1.58968485366168,1.54493519144936,0,-0.0978501348828743,20.3875015061589,9,0,15029.5539135389,-15030.1099476528,1.54493519144936,1.5418159808907,1.54170682934068,0.000109151550017339,-0.0861519210977498,0.00290090745862378,1.54493519144936,0,267.161443506003,60.6481711487664,8.2695173208249e-10,1,0.986612511797387,0,-2.68451917362356e-05,0.000218303100034678,0,0,0
88.5,9500.01148468187,1.54493301446631,9500,9500.01700109184,1.5897070064557,1.54493301446631,0,-0.0979332121139237,20.3875312307582,9,0,15029.5376790338,-15030.0941851487,1.54493301446631,1.5418159808907,1.54170187766406,0.000114103226634743,-0.087981055810475,0.00288882712234247,1.54493301446631,0,267.161443506003,60.6481711487664,8.31706900204737e-10,1,0.986612359365752,0,-2.47807380078235e-05,0.000228206453269486,0,0,0
88.515,9500.01001568369,1.54493114857951,9500,9500.01557144524,1.58973055999279,1.54493114857951,0,-0.0978143671790309,20.3875542536929,9,0,15029.5228914924,-15030.0787221843,1.54493114857951,1.5418159808907,1.54169723494141,0.000118745949287069,-0.0896021623834587,0.00287767579023895,1.54493114857951,0,267.161443506003,60.6481711487664,8.34686439683398e-10,1,0.986612206804698,0,-2.26968599128519e-05,0.000237491898574138,0,0,0
88.53,9500.00854846818,1.54492959287702,9500,9500.01413160019,1.58975544474376,1.54492959287702,0,-0.0974969167800233,20.3875706297671,9,0,15029.5095591905,-15030.0635858832,1.54492959287702,1.5418159808907,1.54169290599917,0.000123074891523967,-0.0910150741378393,0.00286746220327817,1.54492959287702,0,267.161443506003,60.6481711487664,8.3591024970559e-10,1,0.986612054428782,0,-2.05981216994111e-05,0.000246149783047933,0,0,0
88.545,9500.00708601443,1.54492834583,9500,9500.01268466174,1.58978158950774,1.54492834583,0,-0.096984531186489,20.3875804264711,9,0,15029.4976873171,-15030.0488022913,1.54492834583,1.5418159808907,1.5416888949453,0.000127085945396788,-0.0922200544760583,0.00285819304851344,1.54492834583,0,267.161443506003,60.6481711487664,8.35403205310829e-10,1,0.986611902547392,0,-1.84890496415235e-05,0.000254171890793575,0,0,0
88.56,9500.00563124646,1.54492740530247,9500,9500.01123370231,1.5898089215842,1.54492740530247,0,-0.0962812226429924,20.3875837237099,9,0,15029.4872780011,-15030.034396338,1.54492740530247,1.5418159808907,1.5416852051729,0.000130775717799958,-0.0932177900257849,0.00284987297617475,1.54492740530247,0,267.161443506003,60.6481711487664,8.33192523165508e-10,1,0.9866117514642,0,-1.63741219627589e-05,0.000261551435599916,0,0,0
88.575,9500.00418702812,1.54492676856788,9500,9500.00978175584,1.58983736694475,1.54492676856788,0,-0.0953913304962419,20.3875806133869,9,0,15029.478330365,-15030.0203918047,1.54492676856788,1.5418159808907,1.54168183936275,0.000134141527948106,-0.0940093825643567,0.00284250462129151,1.54492676856788,0,267.161443506003,60.6481711487664,8.29308200636893e-10,1,0.986611601476627,0,-1.42577605961591e-05,0.000268283055896212,0,0,0
88.59,9500.00275615816,1.54492643231575,9500,9500.00833181222,1.5898668504052,1.54492643231575,0,-0.0943195125158453,20.3875711992053,9,0,15029.4708405354,-15030.0068112864,1.54492643231575,1.5418159808907,1.54167879949268,0.000137181398012887,-0.0945963403690222,0.00283608862902324,1.54492643231575,0,267.161443506003,60.6481711487664,8.23783893911803e-10,1,0.986611452875335,0,-1.21443260072684e-05,0.000274362796025773,0,0,0
88.605,9500.00134136547,1.5449263926757,9500,9500.00688681178,1.58989729579656,1.5449263926757,0,-0.0930707247786118,20.3875555960936,9,0,15029.464801737,-15029.9936761713,1.5449263926757,1.5418159808907,1.54167608683936,0.000139894051342182,-0.0949805683957503,0.00283062368231997,1.5449263926757,0,267.161443506003,60.6481711487664,8.16655454545023e-10,1,0.986611305943728,0,-1.00381016585604e-05,0.000279788102684364,0,0,0
88.62,9499.9999453046,1.54492664523128,9500,9500.00544964005,1.58992862613633,1.54492664523128,0,-0.0916502088123839,20.3875339298593,9,0,15029.4602043384,-15029.9810066136,1.54492664523128,1.5418159808907,1.54167370198869,0.000142278902004911,-0.0951643584309158,0.00282610653657361,1.54492664523128,0,267.161443506003,60.6481711487664,8.07962246619308e-10,1,0.986611160957492,0,-7.94329371900382e-06,0.000284557804009822,0,0,0
88.635,9499.99857055147,1.54492718502502,9500,9500.00402312271,1.58996076379794,1.54492718502502,0,-0.0900634847145961,20.3875063370277,9,0,15029.4570358562,-15029.9688214983,1.54492718502502,1.5418159808907,1.54167164485074,0.000144336039959114,-0.0951503780416099,0.00282253205440006,1.54492718502502,0,267.161443506003,60.6481711487664,7.97744951546018e-10,1,0.986611018184145,0,-5.86402081093063e-06,0.000288672079918229,0,0,0
88.65,9499.9972195992,1.54492800659664,9500,9500.00261002072,1.58999363067921,1.54492800659664,0,-0.088316322357331,20.3874729639727,9,0,15029.4552811186,-15029.9571384413,1.54492800659664,1.5418159808907,1.54166991466024,0.0001460662304551,-0.094941659234091,0.00281989324503514,1.54492800659664,0,267.161443506003,60.6481711487664,7.86048348705788e-10,1,0.986610877882609,0,-3.80430691238054e-06,0.000292132460910199,0,0,0
88.665,9499.99589485436,1.54492910398059,9500,9500.0012130256,1.59002714836992,1.54492910398059,0,-0.0864147398697547,20.3874339669268,9,0,15029.4549222367,-15029.9459737523,1.54492910398059,1.5418159808907,1.54166850999921,0.000147470891485479,-0.0945415869385838,0.00281818130692457,1.54492910398059,0,267.161443506003,60.6481711487664,7.72918095804253e-10,1,0.986610740302814,0,-1.76807706964155e-06,0.000294941782970959,0,0,0
88.68,9499.99459863327,1.54493047074062,9500,9499.99983475505,1.59006123831661,1.54493047074062,0,-0.0843649780340558,20.3873895111929,9,0,15029.4559387499,-15029.9353424343,1.54493047074062,1.5418159808907,1.54166742880186,0.000148552088837572,-0.0939538864200011,0.00281738567224323,1.54493047074062,0,267.161443506003,60.6481711487664,7.58403216813218e-10,1,0.986610605685319,0,2.40857577660236e-07,0.000297104177675145,0,0,0
88.695,9499.9933331586,1.54493209999017,9500,9499.99847774864,1.59009582198591,1.54493209999017,0,-0.0821734836674999,20.3873397706677,9,0,15029.4583077104,-15029.9252581737,1.54493209999017,1.5418159808907,1.54166666837004,0.000149312520657308,-0.0931826106837142,0.00281749405815318,1.54493209999017,0,267.161443506003,60.6481711487664,7.42554784850399e-10,1,0.986610474260956,0,2.21879175432704e-06,0.000298625041314615,0,0,0
88.71,9499.99210055634,1.54493398439688,9500,9499.99714446382,1.59013082102536,1.54493398439688,0,-0.0798469044965218,20.3872849277084,9,0,15029.4620036877,-15029.9157333162,1.54493398439688,1.5418159808907,1.54166622539483,0.000149755495869375,-0.0922321273409891,0.00281849251444263,1.54493398439688,0,267.161443506003,60.6481711487664,7.25424605052558e-10,1,0.98661034625052,0,4.16214518228486e-06,0.00029951099173875,0,0,0
88.725,9499.99090285277,1.54493611622802,9500,9499.99583727215,1.59016615742074,1.54493611622802,0,-0.0773920567059628,20.3872251721213,9,0,15029.4669989707,-15029.9067788836,1.54493611622802,1.5418159808907,1.54166609596192,0.000149884928775101,-0.0911071046244276,0.00282036547977466,1.54493611622802,0,267.161443506003,60.6481711487664,7.07067556165057e-10,1,0.986610221864444,0,6.06746084264032e-06,0.000299769857550203,0,0,0
88.74,9499.98974197192,1.54493848735394,9500,9499.99455845569,1.59020175365152,1.54493848735394,0,-0.0748159207690955,20.387160701057,9,0,15029.4732635716,-15029.898404555,1.54493848735394,1.5418159808907,1.54166627557765,0.000149705313046589,-0.0898124977339158,0.00282309583715384,1.54493848735394,0,267.161443506003,60.6481711487664,6.8754027341188e-10,1,0.986610101302549,0,7.93141310229117e-06,0.000299410626093177,0,0,0
88.755,9499.98861973311,1.54494108928366,9500,9499.99331020371,1.590237532842,1.54494108928366,0,-0.0721256158082436,20.3870917182174,9,0,15029.4807653843,-15029.8906186789,1.54494108928366,1.5418159808907,1.54166675918074,0.000149221709953906,-0.0883535341792478,0.00282666497304988,1.54494108928366,0,267.161443506003,60.6481711487664,6.66899685010619e-10,1,0.986609984753776,0,9.75081313647763e-06,0.000298443419907812,0,0,0
88.77,9499.98753784887,1.54494391318061,9500,9499.99209460962,1.59027341890914,1.54494391318061,0,-0.0693283881363263,20.3870184334913,9,0,15029.4894702459,-15029.8834282695,1.54494391318061,1.5418159808907,1.54166754116522,0.00014843972547518,-0.0867356989583104,0.00283105283896129,1.54494391318061,0,267.161443506003,60.6481711487664,6.45205792805039e-10,1,0.986609872395979,0,1.15226073451602e-05,0.00029687945095036,0,0,0
88.785,9499.98649792305,1.5449469498856,9500,9499.99091366812,1.59030933670642,1.5449469498856,0,-0.0664315940963878,20.3869410624401,9,0,15029.4993420399,-15029.8768390126,1.5449469498856,1.5418159808907,1.54166861539938,0.000147365491320217,-0.0849647193926099,0.00283623801226661,1.5449469498856,0,267.161443506003,60.6481711487664,6.22518891634877e-10,1,0.986609764395723,0,1.32438888724717e-05,0.000294730982640434,0,0,0
88.8,9499.98550144914,1.54495018994625,9500,9499.98976927259,1.59034521216355,1.54495018994625,0,-0.0634426801942909,20.3868598256446,9,0,15029.5103428227,-15029.8708552796,1.54495018994625,1.5418159808907,1.54166997524405,0.000146005646648018,-0.0830465496691133,0.00284219776225922,1.54495018994625,0,267.161443506003,60.6481711487664,5.98899862029897e-10,1,0.986609660908114,0,1.49119013268528e-05,0.000292011293296035,0,0,0
88.815,9499.98454980894,1.54495362363387,9500,9499.98866321279,1.59038097242205,1.54495362363387,0,-0.0603691705019432,20.386774948326,9,0,15029.5224329002,-15029.8654801317,1.54495362363387,1.5418159808907,1.54167161357804,0.000144367312656213,-0.0809873552606628,0.00284890811785631,1.54495362363387,0,267.161443506003,60.6481711487664,5.74411926395829e-10,1,0.986609562076656,0,1.65240326652771e-05,0.000288734625312426,0,0,0
88.83,9499.98364427138,1.54495724097791,9500,9499.98759717277,1.59041654596592,1.54495724097791,0,-0.057218643531944,20.3866866595913,9,0,15029.5355709822,-15029.8607153435,1.54495724097791,1.5418159808907,1.54167352281337,0.00014245807732749,-0.0787934969567599,0.00285634393255568,1.54495724097791,0,267.161443506003,60.6481711487664,5.49118161071566e-10,1,0.986609468033133,0,1.80778311589247e-05,0.000284916154654979,0,0,0
88.845,9499.98278599173,1.54496103177105,9500,9499.98657272896,1.59045186274801,1.54496103177105,0,-0.0539987283605857,20.3865951923152,9,0,15029.5497142027,-15029.8565614009,1.54496103177105,1.5418159808907,1.54167569492881,0.000140285961885755,-0.0764715149664392,0.0028644789565772,1.54496103177105,0,267.161443506003,60.6481711487664,5.23082959812464e-10,1,0.986609378897524,0,1.95709980219672e-05,0.000280571923771511,0,0,0
88.86,9499.9819760108,1.54496498561818,9500,9499.98559134867,1.59048685431069,1.54496498561818,0,-0.0507170720827124,20.3865007820769,9,0,15029.564818346,-15029.8530175428,1.54496498561818,1.5418159808907,1.5416781214798,0.0001378594108985,-0.0740281124871605,0.00287328590568708,1.54496498561818,0,267.161443506003,60.6481711487664,4.96370423936932e-10,1,0.986609294777921,0,2.10013948369614e-05,0.000275718821797,0,0,0
88.875,9499.98121525472,1.54496909194095,9500,9499.98465438867,1.59052145390262,1.54496909194095,0,-0.0473813368605455,20.38640366706,9,0,15029.5808378664,-15029.8500817634,1.54496909194095,1.5418159808907,1.54168079363225,0.000135187258442304,-0.0714701398771438,0.00288273653336372,1.54496909194095,0,267.161443506003,60.6481711487664,4.69045825807584e-10,1,0.986609215770506,0,2.23670452144109e-05,0.000270374516884608,0,0,0
88.89,9499.98050453467,1.54497334000454,9500,9499.98376309412,1.590555596589,1.54497334000454,0,-0.0439991823764394,20.3863040874725,9,0,15029.5977260118,-15029.8477508366,1.54497334000454,1.5418159808907,1.54168370218563,0.000132278705064381,-0.0688045780369424,0.0028928017037102,1.54497334000454,0,267.161443506003,60.6481711487664,4.41174291672513e-10,1,0.986609141959523,0,2.36661349908296e-05,0.000264557410128763,0,0,0
88.905,9499.97984454693,1.54497771896114,9500,9499.98291859771,1.59058921935734,1.54497771896114,0,-0.0405763980571217,20.3862022877589,8,0,15029.6154250632,-15029.8459999412,1.54497771896114,1.5418159808907,1.5416868375877,0.000129143302993739,-0.0660385223017741,0.00290345146445608,1.54497771896114,0,267.161443506003,60.6481711487664,9.35979409620912e-10,1,0.986609073417284,0,2.48970137597393e-05,0.000258286605987479,0,0,0
88.92,9499.97923590096,1.54498221784448,9500,9499.98212191902,1.59062226121752,1.54498221784448,0,-0.0371244236999583,20.3860985043313,8,0,15029.6339070117,-15029.8448660748,1.54498221784448,1.5418159808907,1.54169018997413,0.000125790916569057,-0.0631791662756247,0.00291465512064796,1.54498221784448,0,267.161443506003,60.6481711487664,8.6635954152941e-10,1,0.986609010207083,0,2.60581947446603e-05,0.000251581833138115,0,0,0
88.935,9499.97867903461,1.54498682527005,9500,9499.98137397137,1.59065466311404,1.54498682527005,0,-0.033649024236984,20.385992990296,8,0,15029.6531098096,-15029.8443199485,1.54498682527005,1.5418159808907,1.54169374935516,0.000122231535535589,-0.0602336798800513,0.00292638130828305,1.54498682527005,0,267.161443506003,60.6481711487664,8.00694570821196e-10,1,0.986608952374392,0,2.71483466591782e-05,0.000244463071071177,0,0,0
88.95,9499.97817429924,1.54499153033083,9500,9499.98067554482,1.5906863684354,1.54499153033083,0,-0.0301575623414753,20.3858859842014,8,0,15029.6729840338,-15029.8443539771,1.54499153033083,1.5418159808907,1.54169750520277,0.000118475687928665,-0.0572094640821401,0.00293859806427969,1.54499153033083,0,267.161443506003,60.6481711487664,7.34376975769931e-10,1,0.986608899955703,0,2.81663198486992e-05,0.000236951375857331,0,0,0
88.965,9499.97772193581,1.54499632206076,9500,9499.98002731576,1.59071732286476,1.54499632206076,0,-0.0266573330482379,20.3857777245854,8,0,15029.6934794921,-15029.8449594222,1.54499632206076,1.5418159808907,1.54170144675977,0.00011453413092477,-0.0541139594177621,0.0029512729082116,1.54499632206076,0,267.161443506003,60.6481711487664,6.67565549297866e-10,1,0.986608852976038,0,2.91111255972254e-05,0.000229068261849541,0,0,0
88.98,9499.97732207581,1.54500118943742,9500,9499.97942984773,1.59074747444362,1.54500118943742,0,-0.0231555691024298,20.3856684499214,8,0,15029.7145452777,-15029.8461264766,1.54500118943742,1.5418159808907,1.5417055630747,0.000110417815994523,-0.0509546246853872,0.00296437291473035,1.54500118943742,0,267.161443506003,60.6481711487664,6.00401815347281e-10,1,0.986608811449055,0,2.9981947972102e-05,0.000220835631989047,0,0,0
88.995,9499.97697474228,1.5450061214108,9500,9499.97888359229,1.59077677363416,1.5450061214108,0,-0.0196594234464786,20.3855583980118,8,0,15029.7361299058,-15029.8478443016,1.5450061214108,1.5418159808907,1.5417098430263,0.000106137864394729,-0.0477389199772749,0.0029778647913178,1.5450061214108,0,267.161443506003,60.6481711487664,5.33026419997944e-10,1,0.986608775377145,0,3.07781248047867e-05,0.000212275728789457,0,0,0
89.01,9499.97667985092,1.54501110689651,9500,9499.97838888995,1.59080517338012,1.54501110689651,0,-0.0161759744212595,20.3854478061477,8,0,15029.7581812877,-15029.8501010308,1.54501110689651,1.5418159808907,1.54171427536153,0.000101705529166107,-0.0444742929544972,0.00299171494747995,1.54501110689651,0,267.161443506003,60.6481711487664,4.65579277772053e-10,1,0.986608744751555,0,3.14991609611237e-05,0.000203411058332215,0,0,0
89.025,9499.97643721131,1.54501613485725,9500,9499.97794597112,1.59083262916552,1.54501613485725,0,-0.0127138939267551,20.3853369136128,7,0,15029.7806566547,-15029.8529031731,1.54501613485725,1.5418159808907,1.54171884869238,9.71321983194162e-05,-0.0411681673531977,0.00300588956991246,1.54501613485725,0,267.161443506003,60.6481711487664,8.99737960013619e-10,1,0.986608719552508,0,3.21447226832028e-05,0.000194264396638832,0,0,0
89.04,9499.9762465029,1.54502119429964,9500,9499.97755495716,1.59085909907127,1.54502119429964,0,-0.00927626596839662,20.3852259447296,7,0,15029.8034827374,-15029.8561949835,1.54502119429964,1.5418159808907,1.54172355153379,9.24293569091184e-05,-0.0378279331748916,0.0030203546951199,1.54502119429964,0,267.161443506003,60.6481711487664,7.57221377441376e-10,1,0.986608699746713,0,3.27146303251702e-05,0.000184858713818237,0,0,0
89.055,9499.97610735891,1.54502627465842,9500,9499.97721585488,1.59088454399532,1.54502627465842,0,-0.00587156940216462,20.3851151263541,7,0,15029.8266197142,-15029.8599848213,1.54502627465842,1.5418159808907,1.54172837214622,8.76087444783291e-05,-0.0344610345130498,0.00303507627876622,1.54502627465842,0,267.161443506003,60.6481711487664,6.04253020363761e-10,1,0.98660868529608,0,3.32088763759231e-05,0.000175217488956658,0,0,0
89.07,9499.97601928537,1.54503136496322,9500,9499.97692857429,1.59090892728935,1.54503136496322,0,-0.00250645565895093,20.3850046885334,7,0,15029.8500144196,-15029.8642573171,1.54503136496322,1.5418159808907,1.54173329899101,8.26818996915168e-05,-0.031074696725228,0.00305002027313539,1.54503136496322,0,267.161443506003,60.6481711487664,4.52266190042734e-10,1,0.986608676149308,0,3.36275915540085e-05,0.000165363799383034,0,0,0
89.085,9499.97598168853,1.54503645442736,9500,9499.9766929207,1.59093221503113,1.54503645442736,0,0.000814200655271509,20.3848948862437,6,0,15029.8736064922,-15029.868979809,1.54503645442736,1.5418159808907,1.54173832046704,7.76604236616407e-05,-0.0276760908039772,0.00306515268933469,1.54503645442736,0,267.161443506003,60.6481711487664,6.95661085271619e-10,1,0.986608672244733,0,3.39710597345722e-05,0.000155320847323281,0,0,0
89.1,9499.97599390154,1.54504153250799,9500,9499.976508596,1.59095437607063,1.54504153250799,0,0.00408040041205275,20.3847858770295,6,0,15029.8973628006,-15029.8741759854,1.54504153250799,1.5418159808907,1.54174342491516,7.25559755370142e-05,-0.0242723265719371,0.00308043966621525,1.54504153250799,0,267.161443506003,60.6481711487664,3.41163513533779e-10,1,0.986608673513101,0,3.42397149257767e-05,0.000145111951074028,0,0,0
89.115,9499.97605510755,1.5450465886155,9500,9499.97637520649,1.59097538190826,1.5450465886155,0,0.00728832706034513,20.3846779102766,6,0,15029.9212190272,-15029.8798032157,1.5450465886155,1.5418159808907,1.54174860079726,6.73800934347657e-05,-0.0208703504941154,0.00309584753793185,1.5450465886155,0,267.161443506003,60.6481711487664,2.56831284529372e-10,1,0.986608679869577,0,3.44341306888207e-05,0.000134760186869531,0,0,0
89.13,9499.97616443246,1.54505161299573,9500,9499.97629224885,1.59099520712458,1.54505161299573,0,0.0104347967909314,20.3845713206465,5,0,15029.9451175469,-15029.8858219667,1.54505161299573,1.5418159808907,1.54175383628655,6.21446041457752e-05,-0.0174771896979674,0.00311134289674182,1.54505161299573,0,267.161443506003,60.6481711487664,7.93306512144929e-10,1,0.986608691223385,0,3.45550426765762e-05,0.00012428920829155,0,0,0
89.145,9499.97632095441,1.54505659607185,9500,9499.97625912363,1.5910138291176,1.54505659607185,0,0.0135073601717467,20.384465897701,6,0,15029.9690359542,-15029.8922805763,1.54505659607185,1.5418159808907,1.5417591196331,5.68612576008487e-05,-0.0140997338097764,0.00312689266594628,1.54505659607185,0,267.161443506003,60.6481711487664,7.19574866837691e-10,1,0.986608707478786,0,3.46033232758725e-05,0.000113722515201697,0,0,0
89.16,9499.97652356481,1.54506152797867,9500,9499.97627514785,1.59103122785689,1.54506152797867,0,0.0165077952129278,20.3843622461053,6,0,15029.9928972371,-15029.8990919286,1.54506152797867,1.5418159808907,1.54176443942742,5.15414632771272e-05,-0.0107445807674809,0.00314246416142042,1.54506152797867,0,267.161443506003,60.6481711487664,9.27388955570267e-10,1,0.986608728520648,0,3.45799675356417e-05,0.000103082926554254,0,0,0
89.175,9499.97677118174,1.54506640015905,9500,9499.97633952821,1.59104738662519,1.54506640015905,0,0.0194313649894609,20.3842603800019,7,0,15030.0166530716,-15029.9062346171,1.54506640015905,1.5418159808907,1.54176978382992,4.61970607723572e-05,-0.00741849557328782,0.00315802514681146,1.54506640015905,0,267.161443506003,60.6481711487664,5.47320924733337e-10,1,0.986608754236608,0,3.44861325793921e-05,9.23941215447144e-05,0,0,0
89.19,9499.97706265221,1.54507120353497,9500,9499.97645139662,1.59106229119973,1.54507120353497,0,0.0222693931801017,20.3841605266368,7,0,15030.0402788399,-15029.9137333268,1.54507120353497,1.5418159808907,1.5417751415218,4.08393689015352e-05,-0.00412784989691053,0.00317354390647219,1.54507120353497,0,267.161443506003,60.6481711487664,6.90637554625466e-10,1,0.986608784506927,0,3.43230834070063e-05,8.16787378030703e-05,0,0,0
89.205,9499.97739669311,1.54507592881667,9500,9499.97660981115,1.59107592988368,1.54507592881667,0,0.0250186511984892,20.384062847257,7,0,15030.0637163134,-15029.9215481753,1.54507592881667,1.5418159808907,1.54178050157472,3.54793159815792e-05,-0.000878694756427085,0.00318898929400534,1.54507592881667,0,267.161443506003,60.6481711487664,8.20617867341968e-10,1,0.986608819198346,0,3.40921922095117e-05,7.09586319631583e-05,0,0,0
89.22,9499.97777197288,1.54508056747123,9500,9499.97681374144,1.59108829393219,1.54508056747123,0,0.0276748438236811,20.3839675097783,7,0,15030.0869200834,-15029.9296581614,1.54508056747123,1.5418159808907,1.54178585299068,3.01279000187726e-05,0.00232295329174725,0.00320433078049962,1.54508056747123,0,267.161443506003,60.6481711487664,9.46868851917962e-10,1,0.986608858172578,0,3.37949593798292e-05,6.02558000375453e-05,0,0,0
89.235,9499.97818709554,1.54508511130976,9500,9499.9770620791,1.59109937735532,1.54508511130976,0,0.0302318224344446,20.383874667559,8,0,15030.1098575528,-15029.9380656273,1.54508511130976,1.5418159808907,1.54179118493728,2.47959534220854e-05,0.00547125748004709,0.00321953851222054,1.54508511130976,0,267.161443506003,60.6481711487664,4.71083109010294e-10,1,0.986608901284646,0,3.34330069358124e-05,4.95919068441708e-05,0,0,0
89.25,9499.97864057287,1.54508955247792,9500,9499.97735364117,1.59110917688701,1.54508955247792,0,0.032689874636281,20.3837844848491,8,0,15030.1324643234,-15029.9467045403,1.54508955247792,1.5418159808907,1.54179648677976,1.94941109394886e-05,0.00856057309903888,0.00323458336534166,1.54508955247792,0,267.161443506003,60.6481711487664,5.18282185710079e-10,1,0.986608948379994,0,3.3008050837724e-05,3.89882218789772e-05,0,0,0
89.265,9499.97913092099,1.5450938838682,9500,9499.97768716561,1.59111769215754,1.5450938838682,0,0.0350438545698993,20.3836970907877,8,0,15030.1547112501,-15029.9555749967,1.5450938838682,1.5418159808907,1.54180174789605,1.42329946424269e-05,0.0115853373106995,0.00324943698821864,1.5450938838682,0,267.161443506003,60.6481711487664,5.68123000575704e-10,1,0.986608999304513,0,3.25219354813111e-05,2.84659892848538e-05,0,0,0
89.28,9499.97965657881,1.54509809815724,9500,9499.97806133286,1.59112492520355,1.54509809815724,0,0.0372904475582431,20.3836126246105,8,0,15030.1765576571,-15029.9646551562,1.54509809815724,1.5418159808907,1.54180695818702,9.02270367797442e-06,0.0145403700287646,0.00326407185918523,1.54509809815724,0,267.161443506003,60.6481711487664,6.16033728862894e-10,1,0.986609053896079,0,3.1976580251003e-05,1.80454073559488e-05,0,0,0
89.295,9499.98021593552,1.54510218837566,9500,9499.97847476079,1.59113088064106,1.54510218837566,0,0.0394266061031349,20.3835312173586,8,0,15030.1979643487,-15029.9739231404,1.54510218837566,1.5418159808907,1.54181210780837,3.87308233174011e-06,0.0174207138254329,0.00327846132029818,1.54510218837566,0,267.161443506003,60.6481711487664,6.61959049511326e-10,1,0.986609111987403,0,3.13740031441245e-05,7.74616466348022e-06,0,0,0
89.31,9499.98080733462,1.54510614792235,9500,9499.97892600799,1.59113556562749,1.54510614792235,0,0.0414495616818694,20.383452991625,8,0,15030.2188936593,-15029.983357016,1.54510614792235,1.5418159808907,1.54181718718573,-1.2062950296432e-06,0.0202216340087057,0.00329257962171303,1.54510614792235,0,267.161443506003,60.6481711487664,7.05833250974459e-10,1,0.98660917340645,0,3.07163034327651e-05,-2.4125900592864e-06,0,0,0
89.325,9499.98142907804,1.5451099705997,9500,9499.9794135773,1.59113898981701,1.5451099705997,0,0.0433568435398911,20.3833780608464,8,0,15030.2393096345,-15029.9929348685,1.5451099705997,1.5418159808907,1.54182218701532,-6.20612462554071e-06,0.0229386210699496,0.00330640195825778,1.5451099705997,0,267.161443506003,60.6481711487664,7.47596476048686e-10,1,0.986609237976872,0,3.00056615578637e-05,-1.24122492510814e-05,0,0,0
89.34,9499.98207943069,1.54511365061055,9500,9499.97993591951,1.59114116530874,1.54511365061055,0,0.0451462727044897,20.3833065294208,8,0,15030.2591780355,-15030.0026348413,1.54511365061055,1.5418159808907,1.54182709828375,-1.1117393055482e-05,0.0255673952456292,0.00331990450595882,1.54511365061055,0,267.161443506003,60.6481711487664,7.8719296566964e-10,1,0.986609305518471,0,2.92443392715391e-05,-2.2234786110964e-05,0,0,0
89.355,9499.98275662478,1.54511718257388,9500,9499.98049143723,1.59114210658708,1.54511718257388,0,0.046815968516525,20.3832384924205,8,0,15030.2784664321,-15030.0124351909,1.54511718257388,1.5418159808907,1.54183191227842,-1.59313877223788e-05,0.0281039130474453,0.00333306445863101,1.54511718257388,0,267.161443506003,60.6481711487664,8.24572961449267e-10,1,0.986609375847655,0,2.84346598360408e-05,-3.18627754447576e-05,0,0,0
89.37,9499.98345886431,1.54512056151803,9500,9499.9810784889,1.5911418304559,1.54512056151803,0,0.0483643396466272,20.3831740357923,8,0,15030.2971441866,-15030.0223143227,1.54512056151803,1.5418159808907,1.54183662060481,-2.06397141142567e-05,0.0305443741452158,0.00334586005555723,1.54512056151803,0,267.161443506003,60.6481711487664,8.59694754556901e-10,1,0.986609448777904,0,2.75790181893942e-05,-4.12794282285134e-05,0,0,0
89.385,9499.98418432941,1.54512378286673,9500,9499.98169539294,1.59114035596671,1.54512378286673,0,0.049790071622908,20.3831132367056,8,0,15030.3151824089,-15030.0322508161,1.54512378286673,1.5418159808907,1.54184121520955,-2.52343188558157e-05,0.0328852285781193,0.00335827061374245,1.54512378286673,0,267.161443506003,60.6481711487664,8.92518685368207e-10,1,0.986609524120215,0,2.66798670283119e-05,-5.04686377116315e-05,0,0,0
89.4,9499.98493118048,1.54512684245275,9500,9499.98234043194,1.59113770434221,1.54512684245275,0,0.0510921317791145,20.3830561633098,8,0,15030.3325540367,-15030.042223477,1.54512684245275,1.5418159808907,1.54184568838662,-2.97074959247912e-05,0.0351231831755361,0.00337027655390519,1.54512684245275,0,267.161443506003,60.6481711487664,9.23013875530305e-10,1,0.986609601683543,0,2.57397050587027e-05,-5.94149918495823e-05,0,0,0
89.415,9499.98569756246,1.54512973649295,9500,9499.98301185681,1.59113389889731,1.54512973649295,0,0.052269749202042,20.3830028753191,8,0,15030.3492337359,-15030.0522113523,1.54512973649295,1.5418159808907,1.54185003280016,-3.40519094650382e-05,0.0372552062357166,0.00338185942118161,1.54512973649295,0,267.161443506003,60.6481711487664,9.51153544753595e-10,1,0.986609681275229,0,2.47610860988345e-05,-6.81038189300764e-05,0,0,0
89.43,9499.9864816087,1.54513246159363,9500,9499.983707891,1.59112896495618,1.54513246159363,0,0.0533224148189635,20.3829534239427,8,0,15030.3651979428,-15030.0621937712,1.54513246159363,1.5418159808907,1.54185424149419,-3.82606034947663e-05,0.0392785316523629,0.00339300190992609,1.54513246159363,0,267.161443506003,60.6481711487664,9.7691647428632e-10,1,0.986609762701415,0,2.37465957970695e-05,-7.65212069895327e-05,0,0,0
89.445,9499.98728144492,1.54513501475305,9500,9499.98442673461,1.59112292976839,1.54513501475305,0,0.0542518345970741,20.3829078536667,9,0,15030.3804142485,-15030.0721286309,1.54513501475305,1.5418159808907,1.54185830789854,-4.23270078433458e-05,0.0411906608140409,0.00340368787803477,1.54513501475305,0,267.161443506003,60.6481711487664,4.41476860298693e-10,1,0.986609845767452,0,2.2698859572845e-05,-8.46540156866915e-05,0,0,0
89.46,9499.98809522244,1.54513739335262,9500,9499.98516656847,1.59111582242284,1.54513739335262,0,0.0550541174683079,20.3828661957635,9,0,15030.3948838289,-15030.0820392185,1.54513739335262,1.5418159808907,1.54186222584216,-4.6244951460217e-05,0.0429893636006132,0.00341390236484255,1.54513739335262,0,267.161443506003,60.6481711487664,4.52811041842715e-10,1,0.986609930281345,0,2.16205272571823e-05,-9.2489902920434e-05,0,0,0
89.475,9499.9889210342,1.54513959479764,9500,9499.98592556575,1.59110767356715,1.54513959479764,0,0.0557312099127876,20.3828284854924,9,0,15030.4085763185,-15030.0918841078,1.54513959479764,1.5418159808907,1.54186598973828,-5.00088475838822e-05,0.0446727903444739,0.00342363160210828,1.54513959479764,0,267.161443506003,60.6481711487664,4.610399736997e-10,1,0.986610016045041,0,2.05142620550713e-05,-0.000100017695167764,0,0,0
89.49,9499.98975700235,1.54514161741736,9500,9499.98670187884,1.59109851574697,1.54514161741736,0,0.0562837278743288,20.382794736907,9,0,15030.4214761347,-15030.1016442164,1.54514161741736,1.5418159808907,1.54186959413738,-5.36132466857353e-05,0.0462391939522849,0.00343286302003306,1.54514161741736,0,267.161443506003,60.6481711487664,4.68193084172156e-10,1,0.986610102863515,0,1.93827562400273e-05,-0.000107226493371471,0,0,0
89.505,9499.99060125826,1.54514345992919,9500,9499.98749365229,1.59108838309268,1.54514345992919,0,0.0567125266296675,20.3827649558235,9,0,15030.4335695591,-15030.111300966,1.54514345992919,1.5418159808907,1.54187303400162,-5.70531109251871e-05,0.0476870982020488,0.00344158526034107,1.54514345992919,0,267.161443506003,60.6481711487664,4.74275935800022e-10,1,0.986610190542707,0,1.82287162528993e-05,-0.000114106221850374,0,0,0
89.52,9499.99145194616,1.54514512139772,9500,9499.98829902722,1.59107731121298,1.54514512139772,0,0.0570186741393006,20.3827391407468,9,0,15030.4448445477,-15030.1208362442,1.54514512139772,1.5418159808907,1.54187630472851,-6.03238378165116e-05,0.0490153030623908,0.00344978818265488,1.54514512139772,0,267.161443506003,60.6481711487664,4.79293798469917e-10,1,0.986610278889884,0,1.70548480504795e-05,-0.000120647675633023,0,0,0
89.535,9499.99230722628,1.5451466012355,9500,9499.98911614558,1.59106533709038,1.5451466012355,0,0.057203448430974,20.3827172828905,9,0,15030.4552907463,-15030.1302324346,1.5451466012355,1.5418159808907,1.54187940215043,-6.34212597350192e-05,0.0502228857504685,0.00345746286427759,1.5451466012355,0,267.161443506003,60.6481711487664,4.8325325924691e-10,1,0.986610367713979,0,1.58638632032915e-05,-0.000126842519470038,0,0,0
89.55,9499.993165278,1.54514789918973,9500,9499.98994315403,1.59105249898054,1.54514789918973,0,0.0572683262523953,20.3826993665003,9,0,15030.4648994418,-15030.1394724329,1.54514789918973,1.5418159808907,1.54188232254254,-6.6341651841384e-05,0.0513091975322811,0.00346460160271908,1.54514789918973,0,267.161443506003,60.6481711487664,4.86162807759624e-10,1,0.986610456825918,0,1.46584602209732e-05,-0.000132683303682768,0,0,0
89.565,9499.9940243029,1.54514901535593,9500,9499.99077820773,1.59103883631368,1.54514901535593,0,0.057214989324459,20.3826853685941,9,0,15030.4736636393,-15030.1485396878,1.54514901535593,1.5418159808907,1.54188506261299,-6.90817222943618e-05,0.0522738582532917,0.00347119790981851,1.54514901535593,0,267.161443506003,60.6481711487664,4.88033567933387e-10,1,0.986610546038923,0,1.34413294006208e-05,-0.000138163444588724,0,0,0
89.58,9499.99488252774,1.5451499501738,9500,9499.99161947387,1.59102438959842,1.5451499501738,0,0.0570453188065633,20.3826752590869,9,0,15030.4815780545,-15030.1574182257,1.5451499501738,1.5418159808907,1.54188761950317,-7.16386124730573e-05,0.0531167491282389,0.00347724650804879,1.5451499501738,0,267.161443506003,60.6481711487664,4.88876370997817e-10,1,0.98661063516884,0,1.22151409920335e-05,-0.000143277224946115,0,0,0
89.595,9499.99573820752,1.54515070443818,9500,9499.99246513507,1.59100920032567,1.54515070443818,0,0.0567613995314329,20.3826690005909,9,0,15030.4886391769,-15030.1660926894,1.54515070443818,1.5418159808907,1.54188999077771,-7.40098870082306e-05,0.0538380054627516,0.00348274332149521,1.54515070443818,0,267.161443506003,60.6481711487664,4.88706438644186e-10,1,0.986610724034443,0,1.09825463090463e-05,-0.000148019774016461,0,0,0
89.61,9499.99658962851,1.54515127930622,9500,9499.99331339271,1.59099331087314,1.54515127930622,0,0.0563655221364266,20.382666548296,9,0,15030.494845317,-15030.174548373,1.54515127930622,1.5418159808907,1.5418921744166,-7.61935259059321e-05,0.054438009187734,0.00348768546733428,1.54515127930622,0,267.161443506003,60.6481711487664,4.87537529055256e-10,1,0.986610812457754,0,9.7461649815056e-06,-0.000152387051811864,0,0,0
89.625,9499.99743511134,1.5451516762897,9500,9499.99416247017,1.59097676440887,1.5451516762897,0,0.0558601751705779,20.382667850171,9,0,15030.5001965825,-15030.1827712432,1.5451516762897,1.5418159808907,1.54189416881198,-7.81879212850001e-05,0.0549173821599487,0.00349207124157596,1.5451516762897,0,267.161443506003,60.6481711487664,4.85388522596504e-10,1,0.986610900264365,0,8.50858630729867e-06,-0.00015637584257,0,0,0
89.64,9499.99827301397,1.54515189725588,9500,9499.99501061604,1.59095960479334,1.54515189725588,0,0.055248043136409,20.3826728469805,9,0,15030.5046948957,-15030.1907479677,1.54515189725588,1.5418159808907,1.54189597276081,-7.99918701146485e-05,0.0552769803543789,0.00349590010541424,1.54515189725588,0,267.161443506003,60.6481711487664,4.82277860546946e-10,1,0.986610987283743,0,7.27236234343565e-06,-0.000159983740229297,0,0,0
89.655,9499.99910173462,1.54515194440991,9500,9499.99585610724,1.59094187648077,1.54515194440991,0,0.0545319921364635,20.3826814726964,9,0,15030.5083439209,-15030.1984659248,1.54515194440991,1.5418159808907,1.54189758546533,-8.16045746299121e-05,0.0555178884023978,0.00349917266846879,1.54515194440991,0,267.161443506003,60.6481711487664,4.78226179369686e-10,1,0.986611073349537,0,6.04000687465245e-06,-0.000163209149259824,0,0,0
89.67,9499.9999197145,1.54515182029719,9500,9499.99669725215,1.59092362441944,1.54515182029719,0,0.0537150693655217,20.3826936544785,9,0,15030.5111490902,-15030.2059132307,1.54515182029719,1.5418159808907,1.54189900652323,-8.30256325370371e-05,0.0556414145870205,0.00350189067156238,1.54515182029719,0,267.161443506003,60.6481711487664,4.73256164353109e-10,1,0.986611158299862,0,4.81398437335301e-06,-0.000166051265074074,0,0,0
89.685,9500.00072544054,1.54515152777591,9500,9499.99753239355,1.59090489395207,1.54515152777591,0,0.0528004826330256,20.3827093132973,9,0,15030.5131174835,-15030.2130787372,1.54515152777591,1.5418159808907,1.54190023593036,-8.42550396600306e-05,0.0556490854967098,0.00350405696453039,1.54515152777591,0,267.161443506003,60.6481711487664,4.67392110555586e-10,1,0.986611241977579,0,3.59671067151623e-06,-0.000168510079320061,0,0,0
89.7,9500.00151744778,1.54515107001678,9500,9499.99835991159,1.59088573071575,1.54515107001678,0,0.0517915981547643,20.3827283639671,9,0,15030.5142578391,-15030.2199520544,1.54515107001678,1.5418159808907,1.54190127406982,-8.52931791235356e-05,0.0555426408692704,0.00350567548433257,1.54515107001678,0,267.161443506003,60.6481711487664,4.6065875200903e-10,1,0.986611324230546,0,2.39054644257664e-06,-0.000170586358247071,0,0,0
89.715,9500.00229432175,1.54515045047183,9500,9499.99917822656,1.59086618054302,1.54515045047183,0,0.0506919182294396,20.3827507158444,9,0,15030.5145804171,-15030.2265235406,1.54515045047183,1.5418159808907,1.54190212171525,-8.61408245496076e-05,0.0553240276181221,0.00350675123023173,1.54515045047183,0,267.161443506003,60.6481711487664,4.53084335032345e-10,1,0.986611404911865,0,1.19779544771603e-06,-0.000172281649099215,0,0,0
89.73,9500.00305470052,1.54514967288109,9500,9499.99998580158,1.59084628936373,1.54514967288109,0,0.0495050838059625,20.3827762727077,9,0,15030.5140970397,-15030.2327843285,1.54514967288109,1.5418159808907,1.54190278001459,-8.67991238959753e-05,0.0549953935168731,0.0035072902381832,1.54514967288109,0,267.161443506003,60.6481711487664,4.44696227767686e-10,1,0.986611483880096,0,2.06963808313532e-08,-0.000173598247791951,0,0,0
89.745,9500.00379727678,1.54514874123942,9500,9500.0007811451,1.59082610310906,1.54514874123942,0,0.0482329163387502,20.3828049309782,8,0,15030.51283145,-15030.2387478109,1.54514874123942,1.5418159808907,1.54190325049211,-8.7269601415807e-05,0.054559079839882,0.00350729955155458,1.54514874123942,0,267.161443506003,60.6481711487664,9.87141071064323e-10,1,0.986611560999467,0,-1.13857729511224e-06,-0.000174539202831614,0,0,0
89.76,9500.00452077053,1.54514765979656,9500,9500.00156281333,1.59080566761638,1.54514765979656,0,0.0468832314105819,20.3828365894934,8,0,15030.5107769021,-15030.24436283,1.54514765979656,1.5418159808907,1.54190353503365,-8.755414295325e-05,0.0540176140749346,0.00350678719177178,1.54514765979656,0,267.161443506003,60.6481711487664,9.59990069932031e-10,1,0.986611636137047,0,-2.27791914109154e-06,-0.0001751082859065,0,0,0
89.775,9500.005224019,1.54514643341886,9500,9500.00232940491,1.59078502872789,1.54514643341886,0,0.04545822930319,20.3828711275985,8,0,15030.5079620966,-15030.2496455831,1.54514643341886,1.5418159808907,1.54190363569069,-8.76547999966171e-05,0.0533735906485026,0.00350576212815829,1.54514643341886,0,267.161443506003,60.6481711487664,9.35995386475909e-10,1,0.986611709172078,0,-3.39528742632211e-06,-0.000175309599993234,0,0,0
89.79,9500.00590589244,1.54514506664208,9500,9500.00307958034,1.59076423176659,1.54514506664208,0,0.0439618618422478,20.3829084346798,8,0,15030.504403496,-15030.2545900768,1.54514506664208,1.5418159808907,1.54190355513942,-8.75742487180808e-05,0.0526299419548156,0.00350423424881644,1.54514506664208,0,267.161443506003,60.6481711487664,9.1043962686222e-10,1,0.986611779987231,0,-4.48872838121339e-06,-0.000175148497436162,0,0,0
89.805,9500.00656532037,1.54514356423033,9500,9500.00381205445,1.59074332167977,1.54514356423033,0,0.0423981681061819,20.3829483958987,8,0,15030.5001189085,-15030.2591911672,1.54514356423033,1.5418159808907,1.5419032963814,-8.73154907050644e-05,0.0517897533244587,0.00350221432104489,1.54514356423033,0,267.161443506003,60.6481711487664,8.83412796500955e-10,1,0.986611848471331,0,-5.5563711580664e-06,-0.000174630981410129,0,0,0
89.82,9500.00720129289,1.54514193120564,9500,9500.00452559773,1.59072234296572,1.54514193120564,0,0.040771299297795,20.3829908915791,8,0,15030.4951275976,-15030.2634445286,1.54514193120564,1.5418159808907,1.54190286271024,-8.68818195418619e-05,0.050856248079021,0.00349971395402376,1.54514193120564,0,267.161443506003,60.6481711487664,8.54988655907204e-10,1,0.986611914519499,0,-6.59641982614367e-06,-0.000173763639083724,0,0,0
89.835,9500.00781286238,1.54514017282139,9500,9500.00521903757,1.59070133959947,1.54514017282139,0,0.0390854997367785,20.3830357977963,8,0,15030.4894501641,-15030.2673466434,1.54514017282139,1.5418159808907,1.5419022577079,-8.62768172045225e-05,0.0498327759184681,0.003496745565102,1.54514017282139,0,267.161443506003,60.6481711487664,8.2524535581837e-10,1,0.986611978033319,0,-7.60717023196023e-06,-0.000172553634409045,0,0,0
89.85,9500.00839914487,1.54513829456566,9500,9500.00589125969,1.59068035495498,1.54513829456566,0,0.037345107828383,20.3830829863226,8,0,15030.483108567,-15030.2708948177,1.54513829456566,1.5418159808907,1.54190148522246,-8.55043317653514e-05,0.0487228053525351,0.00349332233849762,1.54513829456566,0,267.161443506003,60.6481711487664,7.94261632140132e-10,1,0.986612038920988,0,-8.5869937060945e-06,-0.000171008663530703,0,0,0
89.865,9500.00895932149,1.54513630211554,9500,9500.00654120949,1.590659431726,1.54513630211554,0,0.0355545255308898,20.3831323256249,8,0,15030.4761259181,-15030.2740871492,1.54513630211554,1.5418159808907,1.54190054937394,-8.45684832433413e-05,0.0475299179672334,0.00348945819132988,1.54513630211554,0,267.161443506003,60.6481711487664,7.62119586564035e-10,1,0.986612097097462,0,-9.53435495265609e-06,-0.000169136966486683,0,0,0
89.88,9500.00949263937,1.54513420132374,9500,9500.00716789344,1.59063861184597,1.54513420132374,0,0.0337182084164571,20.3831836811629,8,0,15030.4685264209,-15030.2769225224,1.54513420132374,1.5418159808907,1.54189945453998,-8.34736492807409e-05,0.046257803959601,0.00348516773160118,1.54513420132374,0,267.161443506003,60.6481711487664,7.28901613260233e-10,1,0.986612152484555,0,-1.04478032338928e-05,-0.000166947298561482,0,0,0
89.895,9500.0099984125,1.54513199818559,9500,9500.00777038041,1.59061793640963,1.54513199818559,0,0.0318406441878181,20.3832369161089,8,0,15030.4603352224,-15030.279400583,1.54513199818559,1.5418159808907,1.54189820535332,-8.22244626275115e-05,0.0449102569970794,0.00348046622014593,1.54513199818559,0,267.161443506003,60.6481711487664,6.94693179497269e-10,1,0.986612205011019,0,-1.13259853482539e-05,-0.000164448925255023,0,0,0
89.91,9500.01047602216,1.5451296988173,9500,9500.00834780277,1.59059744559701,1.5451296988173,0,0.0299263376844376,20.3832918918194,8,0,15030.4515783112,-15030.2815217207,1.5451296988173,1.5418159808907,1.54189680669077,-8.08258000679629e-05,0.0434911683363166,0.00347536952673921,1.5451296988173,0,267.161443506003,60.6481711487664,6.59579459643568e-10,1,0.986612254612601,0,-1.21676322490938e-05,-0.000161651600135926,0,0,0
89.925,9500.01092491723,1.54512730942601,9500,9500.00889935743,1.59057717860058,1.54512730942601,0,0.0279797917545913,20.3833484684827,8,0,15030.442282381,-15030.2832870417,1.54512730942601,1.5418159808907,1.54189526366916,-7.92827784588113e-05,0.0420045198555551,0.00346989409222712,1.54512730942601,0,267.161443506003,60.6481711487664,6.23646945005583e-10,1,0.986612301232063,0,-1.29715780503581e-05,-0.000158565556917623,0,0,0
89.94,9500.01134461411,1.54512483629279,9500,9500.00942430657,1.590557173557,1.54512483629279,0,0.0260054960348803,20.3834065054828,8,0,15030.4324747494,-15030.2846983512,1.54512483629279,1.5418159808907,1.5418935816307,-7.7600740004069e-05,0.0404543755434994,0.00346405688210446,1.54512483629279,0,267.161443506003,60.6481711487664,5.86983004793952e-10,1,0.986612344819181,0,-1.37367433834523e-05,-0.000155201480008138,0,0,0
89.955,9500.01173469655,1.54512228576828,9500,9500.00992197827,1.59053746748315,1.54512228576828,0,0.0240079243348774,20.3834658614917,8,0,15030.4221833374,-15030.2857581476,1.54512228576828,1.5418159808907,1.5418917661257,-7.57852349977384e-05,0.0388448720543243,0.00345787534758191,1.54512228576828,0,267.161443506003,60.6481711487664,5.49673837264233e-10,1,0.986612385330728,0,-1.44621495046238e-05,-0.000151570469995477,0,0,0
89.97,9500.01209481541,1.54511966425577,9500,9500.01039176687,1.59051809621724,1.54511966425577,0,0.0219915241021804,20.3835263948295,8,0,15030.4114365897,-15030.2864696029,1.54511966425577,1.5418159808907,1.54188982289831,-7.38420076136226e-05,0.0371802081330369,0.00345136738030483,1.54511966425577,0,267.161443506003,60.6481711487664,5.1180549416624e-10,1,0.986612422730443,0,-1.51469140932114e-05,-0.000147684015227245,0,0,0
89.985,9500.01242468827,1.54511697818496,9500,9500.01083313319,1.59049909436354,1.54511697818496,0,0.0199606997587254,20.3835879640242,8,0,15030.4002633505,-15030.2868365331,1.54511697818496,1.5418159808907,1.54188775787805,-7.17769873501695e-05,0.0354646341267294,0.00344455126896288,1.54511697818496,0,267.161443506003,60.6481711487664,4.734646124971e-10,1,0.986612456988995,0,-1.57902519004605e-05,-0.000143553974700339,0,0,0
90,9500.01272409877,1.54511423403444,9500,9500.01124560458,1.59048049524097,1.54511423403444,0,-264.480024742777,20.3836504256693,7,1503.01235607484,15030.3886825187,-15030.2868421733,1.54511423403444,1.5418159808907,1.54188557714663,-6.95962559327246e-05,0.033702441455428,0.00343744565560767,1.54511423403444,0,267.161443506003,60.6481711487664,9.83604000575585e-10,1,0.986612488083915,0,-1.63914703668055e-05,-0.000139192511865449,0,0,0
90.015,9496.04552372763,1.5451114382962,9500,9500.01162877483,1.5904623308363,1.5451114382962,0,-261.019292559784,20.3374907083044,19,1503.01235607484,15013.9632510333,-14993.5763730475,1.5451114382962,1.5418159808907,1.54188328693492,-6.73060442206719e-05,0.0318979517295883,0.00343006949394261,1.5451114382962,0,267.161443506003,60.6481711487664,7.0290021455672e-10,1,0.986200479222183,0,-1.69499814883789e-05,-0.000134612088441344,0,0,0
90.03,9492.13023433923,1.5955842352408,9500,9498.98376307554,1.61655516627473,1.5955842352408,0,-226.480378857499,19.2010606442214,19,1503.01235607484,15225.1701453302,-15008.0671929577,1.5955842352408,1.5418159808907,1.51664307471678,0.0251729061739161,-15.1326970363497,0.00342244200227284,1.5955842352408,0,267.161443506003,60.6481711487664,8.91633784083842e-10,1,0.985793861513634,0,0.00147984125373202,0.0503458123478322,0,0,0
90.045,9488.73302865637,1.67140912522772,9500,9497.20758543441,1.66242148744557,1.67140912522772,0,-178.212385310703,17.5616911770063,19,1503.01235607484,15542.957348787,-15051.4366163969,1.67140912522772,1.5418159808907,1.47906359400541,0.0627523868852859,-37.9779631913841,0.00408837056645225,1.67140912522772,0,267.161443506003,60.6481711487664,9.52473045701162e-10,1,0.985441048770258,0,0.0040595011815816,0.125504773770572,0,0,0
90.06,9486.05984287671,1.75099764983986,9500,9495.01129811342,1.72028818067557,1.75099764983986,0,-128.316494796417,15.925420462043,19,1503.01235607484,15877.4049662605,-15102.4819475169,1.75099764983986,1.5418159808907,1.4401827194652,0.101633261425499,-61.9650698431262,0.00591514609816397,1.75099764983986,0,267.161443506003,60.6481711487664,8.65736431048134e-10,1,0.985163428250183,0,0.00723711063569366,0.203266522850998,0,0,0
90.075,9484.13509545476,1.82019414506745,9500,9492.69141659564,1.78294063266822,1.82019414506745,0,-86.1551121680178,14.5469108976449,19,1503.01235607484,16165.7943997483,-15151.5417080418,1.82019414506745,1.5418159808907,1.40721282174443,0.134603159146265,-82.4688432569887,0.00917184588422612,1.82019414506745,1,267.161443506003,60.6481711487664,5.36192402153674e-10,1,0.984963535902872,0,0.0105786042852678,0.26920631829253,0,0,0
90.09,9482.84276877224,1.87206936322875,9500,9490.47393901797,1.84473255657479,1.87206936322875,0,-54.7586083911406,13.5488938841864,18,1503.01235607484,16380.8076191064,-15188.3999208254,1.87206936322875,1.5418159808907,1.38365539862797,0.158160582262728,-96.9270866234011,0.0139322178125966,1.87206936322875,1,267.161443506003,60.6481711487664,8.50384303336918e-10,1,0.984829322856986,0,0.0137580606206424,0.316321164525457,0,0,0
90.105,9482.02138964637,1.90530427486484,9500,9488.49622585916,1.90209902606877,1.90530427486484,0,-34.7282359900394,12.9239020130162,18,1503.01235607484,16517.5506261374,-15211.5088478597,1.90530427486484,1.5418159808907,1.37013350644957,0.171682474441131,-104.651464432302,0.0201233450918857,1.90530427486484,1,267.161443506003,60.6481711487664,5.67890641111126e-10,1,0.984744019507762,0,0.0165816670617591,0.343364948882262,0,0,0
90.12,9481.50046610652,1.92187952184538,9500,9486.81819111916,1.95333876548391,1.92187952184538,0,-24.6741995063119,12.6147205061106,17,1503.01235607484,16584.9142355398,-15221.8408318422,1.92187952184538,1.5418159808907,1.36557675804819,0.176239222842504,-106.247973813857,0.0275850952696773,1.92187952184538,1,267.161443506003,60.6481711487664,8.11643684264129e-10,1,0.984689919614986,0,0.0189684829969452,0.352478445685009,0,0,0
90.135,9481.13035311393,1.92547259278444,9500,9485.44003621057,1.99822190134727,1.92547259278444,0,-22.2862659153621,12.5445153939111,17,1503.01235607484,16598.3016823947,-15221.6803370865,1.92547259278444,1.5418159808907,1.36804813125298,0.17376784963772,-103.069124311725,0.0361209126183027,1.92547259278444,1,267.161443506003,60.6481711487664,5.94239524327045e-10,1,0.984651481971679,0,0.0209226356608487,0.34753569927544,0,0,0
90.15,9480.7960591252,1.92037032137459,9500,9484.32312796504,2.03750457203635,1.92037032137459,0,-24.9721978752511,12.6324446383034,17,1503.01235607484,16575.3247977627,-15213.930950195,1.92037032137459,1.5418159808907,1.37530685998159,0.166509120909106,-96.7409300106759,0.0455360986656846,1.92037032137459,1,267.161443506003,60.6481711487664,5.49980361514151e-10,1,0.984616764268287,0,0.0225023264935478,0.333018241818212,0,0,0
90.165,9480.42147615707,1.9107481915974,9500,9483.40904398683,2.07247441720206,1.9107481915974,0,-30.2522664400064,12.8024757405012,17,1503.01235607484,16533.1240058406,-15201.6667155686,1.9107481915974,1.5418159808907,1.38518094833124,0.156635032559461,-88.8215560597632,0.0556621455877811,1.9107481915974,1,267.161443506003,60.6481711487664,6.22535657097771e-10,1,0.984577862401005,0,0.0237924871132644,0.313270065118922,0,0,0
90.18,9479.96769216047,1.90018048213754,9500,9482.63477843915,2.10457928490708,1.90018048213754,0,-36.0238847679152,12.9896917454186,17,1503.01235607484,16486.5062204816,-15187.768779433,1.90018048213754,1.5418159808907,1.39581811266165,0.145997868229047,-80.5920929357579,0.0663687647887501,1.90018048213754,1,267.161443506003,60.6481711487664,7.54521641830212e-10,1,0.984530735205395,0,0.0248834378985723,0.291995736458093,0,0,0
90.195,9479.42733388895,1.89133349202755,9500,9481.94356969145,2.13515571260997,1.89133349202755,0,-40.7300449834202,13.145085541919,17,1503.01235607484,16446.6833655002,-15174.6191219336,1.89133349202755,1.5418159808907,1.40584038124382,0.135975599646872,-72.9581740027521,0.0775663118431076,1.89133349202755,1,267.161443506003,60.6481711487664,8.97888952225645e-10,1,0.984474616941746,0,0.0258559228128932,0.271951199293745,0,0,0
90.21,9478.8163832142,1.88583983118395,9500,9481.29145573029,2.16525777631947,1.88583983118395,0,-43.4293399047936,13.2382074867706,18,1503.01235607484,16420.6660430542,-15163.8914541436,1.88583983118395,1.5418159808907,1.41440479429853,0.127411186592169,-66.4363562153302,0.0892014771089095,1.88583983118395,0,267.161443506003,60.6481711487664,4.68612029733305e-10,1,0.984411167388275,0,0.0267721681618573,0.254822373184339,0,0,0
90.225,9478.16494311563,1.88434556017981,9500,9480.65000974934,2.19557802348022,1.88434556017981,0,-43.7662890397387,13.2569442556133,18,1503.01235607484,16411.3617212385,-15156.4805219847,1.88434556017981,1.5418159808907,1.42117566763701,0.120640313253683,-61.1998428241363,0.101248952781745,1.88434556017981,0,267.161443506003,60.6481711487664,5.03377051526055e-10,1,0.984343512853997,0,0.0276722613775759,0.241280626507367,0,0,0
90.24,9477.50844878003,1.8866936635704,9500,9480.00597366788,2.22644512797629,1.8866936635704,0,-41.8601691873563,13.2044925608796,18,1503.01235607484,16418.2774548233,-15152.573187719,1.8866936635704,1.5418159808907,1.42622787475167,0.115588106139025,-57.1598373080974,0.113701470401655,1.8866936635704,0,267.161443506003,60.6481711487664,5.12959658770624e-10,1,0.984275333417962,0,0.0285748362077216,0.231176212278051,0,0,0
90.255,9476.88054624222,1.89218452479305,9500,9479.35870887413,2.25787724925056,1.89218452479305,0,-38.1475336242995,13.0944721979353,18,1503.01235607484,16438.5893652384,-15151.8236681999,1.89218452479305,1.5418159808907,1.42991178228709,0.111904198603609,-54.0610904239212,0.126560146695129,1.89218452479305,0,267.161443506003,60.6481711487664,4.97314580175628e-10,1,0.984210123348976,0,0.0294807803368899,0.223808397207219,0,0,0
90.27,9476.30833323786,1.8998495244169,9500,9478.71646205104,2.28966739308846,1.8998495244169,0,-33.2174164943358,12.9455480350904,17,1503.01235607484,16468.2968728345,-15153.5725965514,1.8998495244169,1.5418159808907,1.43271245805096,0.109103522839734,-51.5737858453677,0.13982649784673,1.8998495244169,0,267.161443506003,60.6481711487664,9.9452764205788e-10,1,0.98415069685005,0,0.030378564942243,0.218207045679468,0,0,0
90.285,9475.81007199044,1.90868664861633,9500,9478.09236536749,2.32147831853987,1.90868664861633,0,-27.6705250839458,12.7767726796283,17,1503.01235607484,16503.2276850514,-15157.0535604335,1.90868664861633,1.5418159808907,1.43512907306325,0.106686907827445,-49.3690179815464,0.153496852070739,1.90868664861633,0,267.161443506003,60.6481711487664,8.77257529472913e-10,1,0.984098950522618,0,0.0312499025303978,0.21337381565489,0,0,0
90.3,9475.39501411418,1.91782876346289,9500,9477.50088051016,2.35292917383697,1.91782876346289,0,-22.020071031768,12.60434587768,17,1503.01235607484,16539.7578403686,-15161.5513043861,1.91782876346289,1.5418159808907,1.43758924370931,0.104226737181385,-47.171029014599,0.167559308209418,1.91782876346289,0,267.161443506003,60.6481711487664,7.39095808951561e-10,1,0.984055845182037,0,0.0320747389171476,0.20845347436277,0,0,0
90.315,9475.06471304871,1.92663704599369,9500,9476.95511891032,2.3836625492479,1.92663704599369,0,-16.6383999291377,12.43993301572,17,1503.01235607484,16575.2103013119,-15166.4983396001,1.92663704599369,1.5418159808907,1.44040191870027,0.101414062190429,-44.7849702359185,0.181992940722134,1.92663704599369,0,267.161443506003,60.6481711487664,5.93333262285168e-10,1,0.984021542158926,0,0.0328349832458275,0.202828124380857,0,0,0
90.33,9474.81513704977,1.93472817192578,9500,9476.46519660121,2.41338726641631,1.93472817192578,0,-11.7436508143795,12.2903019158436,16,1503.01235607484,16607.9700127415,-15171.5148941544,1.93472817192578,1.5418159808907,1.44374422696454,0.0980717539261609,-42.1032652982773,0.196768683182757,1.93472817192578,0,267.161443506003,60.6481711487664,9.7093161852096e-10,1,0.983995622741297,0,0.0335167705886801,0.196143507852322,0,0,0
90.345,9474.63898228756,1.94195248792507,9500,9476.03756304271,2.44189766869519,1.94195248792507,0,-7.41514201914898,12.1578714998912,16,1503.01235607484,16637.3931211482,-15176.405678511,1.94195248792507,1.5418159808907,1.44767334234734,0.0941426385433572,-39.0962032023075,0.211851229947663,1.94195248792507,0,267.161443506003,60.6481711487664,6.84252790746848e-10,1,0.983977328398617,0,0.0341113590756685,0.188285277086714,0,0,0
90.36,9474.52775515727,1.94834263218178,9500,9475.67510335775,2.46907377489105,1.94834263218178,0,-3.62568461339363,12.0417606506593,15,1503.01235607484,16663.5926552326,-15181.1288667054,1.94834263218178,1.5418159808907,1.45215332601101,0.0896626548796844,-35.7932069011175,0.227201341531714,1.94834263218178,0,267.161443506003,60.6481711487664,9.17618787372152e-10,1,0.983965777037694,0,0.0346149545832979,0.179325309759369,0,0,0
90.375,9474.47336988807,1.95405008187964,9500,9475.37775372974,2.49486832515329,1.95405008187964,0,-0.279983259270272,11.9390024295098,14,1503.01235607484,16687.1764300766,-15185.7516622376,1.95405008187964,1.5418159808907,1.45708796594333,0.0847280149473719,-32.2606778878569,0.242778071094198,1.95405008187964,0,267.161443506003,60.6481711487664,9.11421774249387e-10,1,0.983960128920442,0,0.0350278325052886,0.169456029894744,0,0,0
90.39,9474.46917013918,1.95928315000389,9500,9475.14337135238,2.51928690122802,1.95928315000389,0,2.74855292608578,11.8456868887596,12,1503.01235607484,16708.9917425953,-15190.4035684718,1.95928315000389,1.5418159808907,1.46235269419489,0.0794632866958098,-28.5809877571896,0.258540595721578,1.95928315000389,0,267.161443506003,60.6481711487664,7.3816311477506e-10,1,0.983959692760531,0,0.0353531177462902,0.15892657339162,0,0,0
90.405,9474.51039843307,1.96425535633144,9500,9474.96864368046,2.54236639624175,1.96425535633144,0,5.58763635404395,11.757887703196,14,1503.01235607484,16729.9122642337,-15195.2342187356,1.96425535633144,1.5418159808907,1.46782104252403,0.0739949383666674,-24.8355372598269,0.274449498707408,1.96425535633144,0,267.161443506003,60.6481711487664,9.09066772499187e-10,1,0.983963974475808,0,0.035595519868985,0.147989876733335,0,0,0
90.42,9474.59421297838,1.96914881139899,9500,9474.84988369653,2.5641556970553,1.96914881139899,0,8.34500106283771,11.6723048676193,15,1503.01235607484,16750.6864619258,-15200.3813151067,1.96914881139899,1.5418159808907,1.47338330696077,0.0684326739299228,-21.0932435624229,0.290467482648451,1.96914881139899,0,267.161443506003,60.6481711487664,8.04598942488422e-10,1,0.983972678935422,0,0.0357602325636677,0.136865347859846,0,0,0
90.435,9474.71938799432,1.97409364906626,9500,9474.78362343404,2.58470089322759,1.97409364906626,0,11.0968442924854,11.5866123257623,16,1503.01235607484,16771.8516298315,-15205.9501228492,1.97409364906626,1.5418159808907,1.47895694045397,0.062859040436728,-17.4045491490525,0.306559587302102,1.97409364906626,0,267.161443506003,60.6481711487664,5.47494243456213e-10,1,0.983985678837371,0,0.0358521157377516,0.125718080873456,0,0,0
90.45,9474.88584065871,1.97916185934496,9500,9474.7669760169,2.60403591911762,1.97916185934496,0,13.8847625154924,11.4995479141929,16,1503.01235607484,16793.7068926245,-15212.0038172522,1.97916185934496,1.5418159808907,1.48448956135561,0.0573264195350862,-13.8001695487192,0.32269303938409,1.97916185934496,0,267.161443506003,60.6481711487664,7.20629479191424e-10,1,0.984002965580255,0,0.0358751989642319,0.114652839070172,0,0,0
90.465,9475.09411209644,1.98437217726866,9500,9474.79778127463,2.62217842032456,1.98437217726866,0,16.7190541695699,11.4108070896869,16,1503.01235607484,16816.3321819588,-15218.5637398344,1.98437217726866,1.5418159808907,1.48995632216072,0.051859658729982,-10.2933095918466,0.338836878917995,1.98437217726866,0,267.161443506003,60.6481711487664,8.95479388596038e-10,1,0.984024595361956,0,0.0358324839879574,0.103719317459964,0,0,0
90.48,9475.34489790898,1.98970195125449,9500,9474.87457911124,2.63912988492856,1.98970195125449,0,19.5860233716635,11.3208162246812,17,1503.01235607484,16839.6360957104,-15225.615875161,1.98970195125449,1.5418159808907,1.49535374406509,0.0464622368256074,-6.88392948256706,0.354961496712575,1.98970195125449,0,267.161443506003,60.6481711487664,4.98332846271968e-10,1,0.984050640423334,0,0.0357259845358258,0.0929244736512147,0,0,0
90.495,9475.63868825956,1.99510202947924,9500,9474.99646810666,2.65487870909983,1.99510202947924,0,22.4568935593746,11.230457428807,17,1503.01235607484,16863.4166799051,-15233.1211327111,1.99510202947924,1.5418159808907,1.50069205147328,0.041123929417421,-3.56375964899995,0.371038189753697,1.99510202947924,0,267.161443506003,60.6481711487664,5.80424821999522e-10,1,0.984081151669705,0,0.0355569239014115,0.0822478588348421,0,0,0
90.51,9475.97554166295,2.00051139257226,9500,9475.16290748704,2.66940480684669,2.00051139257226,0,25.2490796841141,11.1396869703203,17,1503.01235607484,16887.3126866855,-15241.1861428646,2.00051139257226,1.5418159808907,1.50598767780458,0.0358283030861177,-0.321041431625856,0.387038805509332,2.00051139257226,0,267.161443506003,60.6481711487664,7.36690818516555e-10,1,0.984116135178053,0,0.0353260101213435,0.0716566061722355,0,0,0
90.525,9476.35427785821,2.00586928072957,9500,9475.37351179165,2.68268455374563,2.00586928072957,0,27.9626857098497,11.0503521820341,17,1503.01235607484,16911.145701416,-15249.6317532172,2.00586928072957,1.5418159808907,1.51125708600323,0.0305588948874673,2.85567316582843,0.402935510063937,2.00586928072957,0,267.161443506003,60.6481711487664,8.64080522005114e-10,1,0.984155468373785,0,0.0350337208958529,0.0611177897749346,0,0,0
90.54,9476.77371814386,2.01113269755196,9500,9475.62768957738,2.69469984517314,2.01113269755196,0,30.5893233043345,10.9635344240788,17,1503.01235607484,16934.7685264459,-15258.3581873044,2.01113269755196,1.5418159808907,1.5165079647936,0.0253080160970964,5.97226230862429,0.41870068446707,2.01113269755196,0,267.161443506003,60.6481711487664,9.39710502815284e-10,1,0.984199028844265,0,0.034680805237906,0.0506160321941929,0,0,0
90.555,9477.23255799343,2.01627027825209,9500,9475.92469720574,2.7054368849271,2.01627027825209,0,33.1124685482322,10.8797514287991,18,1503.01235607484,16958.0475495704,-15267.3254045098,2.01627027825209,1.5418159808907,1.52174235562207,0.0200736252686302,9.03105955036143,0.434307046824128,2.01627027825209,0,267.161443506003,60.6481711487664,4.71410524428707e-10,1,0.984246681109452,0,0.0342682097029572,0.0401472505372604,0,0,0
90.57,9477.72924502165,2.02125973799331,9500,9476.26364567713,2.7148861258258,2.02125973799331,0,35.5209015289899,10.7993527305212,18,1503.01235607484,16980.885325622,-15276.4995071667,2.02125973799331,1.5418159808907,1.52695797293462,0.0148580079560747,12.0317386797972,0.449727741190459,2.02125973799331,0,267.161443506003,60.6481711487664,5.01739452893286e-10,1,0.984298263948228,0,0.0337970699319428,0.0297160159121495,0,0,0
90.585,9478.26205854459,2.02608753805824,9500,9476.64347406725,2.72304305328175,2.02608753805824,0,37.8084609085242,10.7225290499676,18,1503.01235607484,17003.2196627607,-15285.8532127141,2.02608753805824,1.5418159808907,1.53214841363684,0.00966756725385687,14.9715103363982,0.464936422659833,2.02608753805824,0,267.161443506003,60.6481711487664,5.29431602415235e-10,1,0.984353598661014,0,0.0332687488565098,0.0193351345077137,0,0,0
90.6,9478.82918545821,2.03074732383985,9500,9477.06295046686,2.72990829038214,2.03074732383985,0,39.9731062359192,10.6493428611896,18,1503.01235607484,17025.0174204304,-15295.3649602441,2.03074732383985,1.5418159808907,1.53730398923875,0.00451199165194405,17.8456807146281,0.479907359645263,2.03074732383985,0,267.161443506003,60.6481711487664,5.54434398974818e-10,1,0.984412496950054,0,0.0326848370328945,0.00902398330388809,0,0,0
90.615,9479.42878205175,2.03523775486534,9500,9477.52069234281,2.73548720907967,2.03523775486534,0,42.0156407675925,10.579768707229,18,1503.01235607484,17046.2658286552,-15305.0174632975,2.03523775486534,1.5418159808907,1.54241286205841,-0.000596881167713281,20.6483730826585,0.494615536310065,2.03523775486534,0,267.161443506003,60.6481711487664,5.76758126405273e-10,1,0.984474767338966,0,0.0320471261468209,-0.00119376233542656,0,0,0
90.63,9480.05901666326,2.0395602554686,9500,9478.015197642,2.73978925330901,2.0395602554686,0,43.9384090332099,10.5137339375358,18,1503.01235607484,17066.9634165234,-15314.7960166523,2.0395602554686,1.5418159808907,1.54746221513981,-0.00564623424911614,23.3732481224998,0.509036743076134,2.0395602554686,0,267.161443506003,60.6481711487664,5.96448057525402e-10,1,0.984540219602684,0,0.0313575676888813,-0.0112924684982323,0,0,0
90.645,9480.71809279876,2.04371706894445,9500,9478.5448788891,2.74282716275184,2.04371706894445,0,45.7441840967372,10.4511532808701,18,1503.01235607484,17087.1121313363,-15324.6869205478,2.04371706894445,1.5418159808907,1.55243926113188,-0.0106232802411874,26.0141090793925,0.523147648536131,2.04371706894445,0,267.161443506003,60.6481711487664,6.13570114320519e-10,1,0.984608667168468,0,0.0306182274057603,-0.0212465604823748,0,0,0
90.66,9481.40425556021,2.04770983335819,9500,9479.10809443896,2.74461624328086,2.04770983335819,0,47.4353589208797,10.3919536495273,18,1503.01235607484,17106.7115174193,-15334.6762426164,2.04770983335819,1.5418159808907,1.55733198009131,-0.0155159992006149,28.5653310947077,0.536925850868723,2.04770983335819,0,267.161443506003,60.6481711487664,6.2819595073564e-10,1,0.984679927783476,0,0.0298312436203259,-0.0310319984012297,0,0,0
90.675,9482.11578594403,2.05153874790982,9500,9479.70317329555,2.74517377733752,2.05153874790982,0,49.0134888373588,10.3360883189993,18,1503.01235607484,17125.7553156597,-15344.7490115133,2.05153874790982,1.5418159808907,1.56212955263007,-0.0203135717393754,31.0221006977587,0.55034991049787,2.05153874790982,0,267.161443506003,60.6481711487664,6.40394888887391e-10,1,0.984753822922642,0,0.0289987943997061,-0.0406271434787508,0,0,0
90.69,9482.85098827659,2.05520228450844,9500,9480.32843202106,2.74451861655549,2.05520228450844,0,50.4791374101639,10.2835414227786,18,1503.01235607484,17144.2302206871,-15354.8888488958,2.05520228450844,1.5418159808907,1.5668225130707,-0.0250065321799997,33.3804856799915,0.563399367977737,2.05520228450844,0,267.161443506003,60.6481711487664,6.50234631070897e-10,1,0.984830176483804,0,0.0281230756187933,-0.0500130643599994,0,0,0
90.705,9483.60817533774,2.05869732415773,9500,9480.98218400663,2.74267095567264,2.05869732415773,0,51.8319670133797,10.2343251200191,18,1503.01235607484,17162.1163880416,-15365.0779640009,2.05869732415773,1.5418159808907,1.57140268526028,-0.0295867043695801,35.6373768718433,0.576054752006194,2.05869732415773,0,267.161443506003,60.6481711487664,6.57778568026534e-10,1,0.984908813242727,0,0.0272062896178091,-0.0591734087391602,0,0,0
90.72,9484.38565484294,2.06201956781179,9500,9481.66274248498,2.73965225840653,2.06201956781179,0,53.0709811459364,10.1884721358687,18,1503.01235607484,17179.3890612254,-15375.2974072856,2.06201956781179,1.5418159808907,1.57586297859725,-0.0340469977065565,37.7903505133662,0.588297582334209,2.06201956781179,0,267.161443506003,60.6481711487664,6.63092144217552e-10,1,0.984989557449218,0,0.0262506425605495,-0.068093995413113,0,0,0
90.735,9485.18171956013,2.06516407190896,9500,9482.36841925895,2.73548528985999,2.06516407190896,0,54.1948333291459,10.1460263283333,18,1503.01235607484,17196.0207200804,-15385.5274670402,2.06516407190896,1.5418159808907,1.5801971211248,-0.0383811402340979,39.837497892817,0.600110371486456,2.06516407190896,0,267.161443506003,60.6481711487664,6.6624461971251e-10,1,0.985072231800728,0,0.0252583477719117,-0.0767622804681958,0,0,0
90.75,9485.99464206007,2.06812578430503,9500,9483.09752119825,2.73019420655553,2.06812578430503,0,55.2021320486072,10.1070334312406,18,1503.01235607484,17211.9832474385,-15395.7481057894,2.06812578430503,1.5418159808907,1.58439939317544,-0.0425834122847402,41.777259756892,0.611476627983816,2.06812578430503,0,267.161443506003,60.6481711487664,6.67311866226055e-10,1,0.985156656897154,0,0.0242316322336753,-0.0851668245694803,0,0,0
90.765,9486.8226740408,2.07089999373596,9500,9483.8483462836,2.72380466059011,2.07089999373596,0,56.0916931469024,10.0715334376214,18,1503.01235607484,17227.2497601129,-15405.9393581995,2.07089999373596,1.5418159808907,1.58846440571255,-0.0466484248218551,43.6082906752263,0.62238086248897,2.07089999373596,0,267.161443506003,60.6481711487664,6.66380341150823e-10,1,0.985242651170683,0,0.0231727437218803,-0.0932968496437101,0,0,0
90.78,9487.664049438,2.07348264620443,9500,9484.61918050098,2.7163438851686,2.07348264620443,0,56.8627143007425,10.0395553736833,18,1503.01235607484,17241.7959119036,-15416.0816422466,2.07348264620443,1.5418159808907,1.59238694681574,-0.0505709659250408,45.329365943927,0.632808597163816,2.07348264620443,0,267.161443506003,60.6481711487664,6.6354571839839e-10,1,0.98533003120881,0,0.0220839567764304,-0.101141931850082,0,0,0
90.795,9488.51699015251,2.07587051729129,9500,9485.40829634687,2.70784074155759,2.07587051729129,0,57.5148664951313,10.0111145971093,18,1503.01235607484,17255.6006198641,-15426.1559640373,2.07587051729129,1.5418159808907,1.59616190154701,-0.0543459206563106,46.9393328383768,0.64274637771321,2.07587051729129,0,267.161443506003,60.6481711487664,6.58914331696856e-10,1,0.98541861234917,0,0.020967576370047,-0.108691841312621,0,0,0
90.81,9489.37971314994,2.07806125590013,9500,9486.21395320527,2.69832571962908,2.07806125590013,0,58.0483123120217,9.98621230581858,18,1503.01235607484,17268.6462726094,-15436.1440196619,2.07806125590013,1.5418159808907,1.59978423692585,-0.0579682560351509,48.4371002508693,0.652181787079731,2.07806125590013,0,267.161443506003,60.6481711487664,6.52599727751585e-10,1,0.985508209416852,0,0.0198259389125113,-0.115936512070302,0,0,0
90.825,9490.25043783462,2.08005333114768,9500,9487.03439946693,2.68783089387929,2.08005333114768,0,58.4636697743315,9.96483667944077,18,1503.01235607484,17280.9185457462,-15446.028213093,2.08005333114768,1.5418159808907,1.60324903555739,-0.0614330546666892,49.8216563124906,0.661103459590361,2.08005333114768,0,267.161443506003,60.6481711487664,6.44721888489813e-10,1,0.985598637490217,0,0.0186614106664973,-0.122866109333378,0,0,0
90.84,9491.12739288123,2.08184592000831,9500,9487.8678760104,2.67638984327537,2.08184592000831,0,58.7619435250785,9.94696499040569,18,1503.01235607484,17292.405974415,-15455.7916167268,2.08184592000831,1.5418159808907,1.60655155852703,-0.0647355776363354,51.0921021995985,0.669501094390285,2.08184592000831,0,267.161443506003,60.6481711487664,6.35404088356847e-10,1,0.985689712610389,0,0.0174763841300565,-0.129471155272671,0,0,0
90.855,9492.00882203411,2.08343877162374,9500,9488.71262055144,2.66403754644108,2.08343877162374,0,58.9444438721108,9.93256606445862,18,1503.01235607484,17303.0994271665,-15465.4179023907,2.08343877162374,1.5418159808907,1.60968731914858,-0.0678713382578833,52.2476912673046,0.67736546724881,2.08343877162374,0,267.161443506003,60.6481711487664,6.24771681801989e-10,1,0.985781252383529,0,0.0162732730046455,-0.135742676515767,0,0,0
90.87,9492.89298869219,2.08483207690251,9500,9489.56687236819,2.65081026403858,2.08483207690251,0,59.0127098714282,9.92160260510861,18,1503.01235607484,17312.9915968756,-15474.8912667694,2.08483207690251,1.5418159808907,1.61265215293524,-0.0708361720445445,53.28786506768,0.6846884401009,2.08483207690251,0,267.161443506003,60.6481711487664,6.12948678400913e-10,1,0.985873076457006,0,0.0150545064467731,-0.141672344089089,0,0,0
90.885,9493.77817934026,2.08602636244662,9500,9490.42887699001,2.63674541852852,2.08602636244662,0,58.9684470457986,9.91403306613664,18,1503.01235607484,17322.0765863583,-15484.1963687423,2.08602636244662,1.5418159808907,1.61544227411371,-0.0736262932230118,54.2122808652501,0.691462968001948,2.08602636244662,0,267.161443506003,60.6481711487664,6.00056840054238e-10,1,0.985965006875742,0,0.0138225231321141,-0.147252586446024,0,0,0
90.9,9494.66270604595,2.08702241802362,9500,9491.29689056035,2.62188147869052,2.08702241802362,0,58.8134846983443,9.9098129259286,18,1503.01235607484,17330.3496270386,-15493.3182887664,2.08702241802362,1.5418159808907,1.61805431402994,-0.0762383331392396,55.0208282595553,0.6976831034114,2.08702241802362,0,267.161443506003,60.6481711487664,5.86213896915106e-10,1,0.986056868341533,0,0.012579765595363,-0.152476666278479,0,0,0
90.915,9495.54490831642,2.08782125836521,9500,9492.16918371614,2.60625785315087,2.08782125836521,0,58.5497530032229,9.90889536052033,18,1503.01235607484,17337.8069350432,-15502.242513574,2.08782125836521,1.5418159808907,1.6204853411181,-0.0786693602273993,55.7136349999129,0.703343997929313,2.08782125836521,0,267.161443506003,60.6481711487664,5.7153250837999e-10,1,0.986148488405879,0,0.0113286749860506,-0.157338720454799,0,0,0
90.93,9496.42315461147,2.08842411419876,9500,9493.04404494286,2.58991479431233,2.08842411419876,0,58.1792767636619,9.911231409965,18,1503.01235607484,17344.4456852105,-15510.9549442599,2.08842411419876,1.5418159808907,1.62273286507319,-0.0809168841824888,56.2910637838101,0.708441901673036,2.08842411419876,0,267.161443506003,60.6481711487664,5.56121590555837e-10,1,0.986239697627116,0,0.0100716863900026,-0.161833768364978,0,0,0
90.945,9497.29584376293,2.08883244403729,9500,9493.91978345235,2.57289331189015,2.08883244403729,0,57.7041808832113,9.91676978721624,18,1503.01235607484,17350.2640695851,-15519.4419224046,2.08883244403729,1.5418159808907,1.62479482959167,-0.0829788487009708,56.7537027236811,0.712974160548537,2.08883244403729,0,267.161443506003,60.6481711487664,5.40084692249672e-10,1,0.986330329717835,0,0.00881122458713945,-0.165957697401942,0,0,0
90.96,9498.16140647617,2.08904795740185,9500,9494.79473168259,2.55523509388758,2.08904795740185,0,57.1267021827656,9.92545649043779,18,1503.01235607484,17355.2614031765,-15527.690267464,2.08904795740185,1.5418159808907,1.62666959844149,-0.084853617550797,57.1023523488688,0.71693921161275,2.08904795740185,0,267.161443506003,60.6481711487664,5.23517196665396e-10,1,0.986420221700815,0,0.00754970015024936,-0.169707235101594,0,0,0
90.975,9499.01830700892,2.08907264096499,9500,9495.66724753878,2.53698243226613,2.08907264096499,0,56.4492027212794,9.9372343636352,18,1503.01235607484,17359.438242728,-15535.6873186614,2.08907264096499,1.5418159808907,1.62835593919373,-0.0865399583030335,57.3380116676814,0.720336576680362,2.08907264096499,0,267.161443506003,60.6481711487664,5.06512082022997e-10,1,0.986509214083373,0,0.00628950571510756,-0.173079916606067,0,0,0
90.99,9499.86504504973,2.08890878122938,9500,9496.53571648871,2.51817815063606,2.08890878122938,0,55.6741810298632,9.95204271306736,18,1503.01235607484,17362.7964925632,-15543.4209758504,2.08890878122938,1.5418159808907,1.62985300784743,-0.0880370269567372,57.4618651632691,0.72316685425216,2.08890878122938,0,267.161443506003,60.6481711487664,4.89154617575918e-10,1,0.986597151052456,0,0.00503301227131492,-0.176074053913474,0,0,0
91.005,9500.70015776518,2.08855897980338,9500,9497.39855360191,2.49886553180185,2.08855897980338,0,54.8042790816756,9.96981704475233,18,1503.01235607484,17365.3394812852,-15550.8797355143,2.08855897980338,1.5418159808907,1.63116033632148,-0.0893443554307847,57.4752718376275,0.725431709774252,2.08855897980338,0,267.161443506003,60.6481711487664,4.71525322707485e-10,1,0.986683880687242,0,0.00378256536472188,-0.178688710861569,0,0,0
91.02,9501.52222195141,2.08802615965233,9500,9498.25420559087,2.47908824372626,2.08802615965233,0,53.842284144357,9.99048894906814,18,1503.01235607484,17367.0720023861,-15558.0527198327,2.08802615965233,1.5418159808907,1.63227782360407,-0.0904618427133712,57.3797567092072,0.727133864188377,2.08802615965233,0,267.161443506003,60.6481711487664,4.53698208027368e-10,1,0.986769255182592,0,0.00254048112455063,-0.180923685426742,0,0,0
91.035,9502.32985621357,2.08731356269895,9500,9499.10115288091,2.4588902632369,2.08731356269895,0,52.7911275816684,10.0139861281906,17,1503.01235607484,17368.0003080901,-15564.9296764173,2.08731356269895,1.5418159808907,1.63320573033378,-0.0913897494430858,57.1770046132952,0.728277080694425,2.08731356269895,0,267.161443506003,60.6481711487664,9.66239364638075e-10,1,0.986853131075393,0,0.001309042128397,-0.182779498886172,0,0,0
91.05,9503.1217231273,2.08642474043683,9500,9499.93791170836,2.43831579745904,2.08642474043683,0,51.6538707255111,10.0402325182832,17,1503.01235607484,17368.1321341489,-15571.5010826072,2.08642474043683,1.5418159808907,1.63394467594373,-0.0921286950530373,56.8688557925473,0.728866149652203,2.08642474043683,0,267.161443506003,60.6481711487664,9.27539996146889e-10,1,0.986935369469032,0,9.04930770819767e-05,-0.184257390106075,0,0,0
91.065,9503.89653118818,2.08536353935096,9500,9500.76303623522,2.41740920325921,2.08536353935096,0,50.4337062839055,10.0691485243289,17,1503.01235607484,17367.4765827451,-15577.7580197101,2.08536353935096,1.5418159808907,1.63449563742901,-0.0926796565383154,56.4573027042814,0.72890687153689,2.08536353935096,0,267.161443506003,60.6481711487664,8.88707283986238e-10,1,0.98701583623586,0,-0.00111296363730018,-0.185359313076631,0,0,0
91.08,9504.65303678244,2.084134085196,9500,9501.57512062097,2.39621490618877,2.084134085196,0,49.1339407054058,10.1006512345926,17,1503.01235607484,17366.0441215838,-15583.6922718037,2.084134085196,1.5418159808907,1.6348599476881,-0.0930439667974017,55.9444869033366,0.728406037900105,2.084134085196,0,267.161443506003,60.6481711487664,8.49859779459648e-10,1,0.987094402221852,0,-0.00229917239149957,-0.186087933594803,0,0,0
91.095,9505.39004589302,2.08274076525556,9500,9502.37280106816,2.37477731854002,2.08274076525556,0,47.7579849173458,10.134654678926,17,1503.01235607484,17363.8465126404,-15589.2963067523,2.08274076525556,1.5418159808907,1.63503929387023,-0.0932233129795335,55.3326962274529,0.72737141032393,2.08274076525556,0,267.161443506003,60.6481711487664,8.11101201440711e-10,1,0.98717094342379,0,-0.00346602881839431,-0.186446625959067,0,0,0
91.11,9506.10641566678,2.08118821206709,9500,9503.15475778008,2.35314075810205,2.08118821206709,0,46.3093441396035,10.171070053033,17,1503.01235607484,17360.8967584459,-15594.5632801536,2.08118821206709,1.5418159808907,1.63503571398033,-0.0932197330896298,54.624361307983,0.725811697355653,2.08118821206709,0,267.161443506003,60.6481711487664,7.72523850701682e-10,1,0.987245341152025,0,-0.00461148418394863,-0.18643946617926,0,0,0
91.125,9506.80105582887,2.07948128884624,9500,9503.91971681714,2.33134936801812,2.07948128884624,0,44.7916087848298,10.2098059088386,17,1503.01235607484,17357.2090545114,-15599.4870393869,2.07948128884624,1.5418159808907,1.63485159164937,-0.0930356107586683,53.8220513601101,0.723736529472876,2.07948128884624,0,267.161443506003,60.6481711487664,7.34209079497363e-10,1,0.987317482177363,0,-0.00573354965391859,-0.186071221517337,0,0,0
91.14,9507.47292996064,2.07762507680832,9500,9504.66645183877,2.30944703815986,2.07762507680832,0,43.2084465409672,10.2507683083824,17,1503.01235607484,17352.7987487584,-15604.0621280742,2.07762507680832,1.5418159808907,1.63448964899619,-0.0926736681054945,52.9284692148938,0.721156432128613,2.07762507680832,0,267.161443506003,60.6481711487664,6.96229669563877e-10,1,0.987387258863783,0,-0.00683030036949872,-0.185347336210989,0,0,0
91.155,9508.12105665876,2.07562486422535,9500,9505.39378572503,2.28747732824854,2.07562486422535,0,41.5635955305976,10.2938609446804,17,1503.01235607484,17347.6823073614,-15608.2837909538,2.07562486422535,1.5418159808907,1.63395293770454,-0.0921369568138413,51.9464456770812,0.718082796962338,2.07562486422535,0,267.161443506003,60.6481711487664,6.58648388378464e-10,1,0.98745456928881,0,-0.00789987932428415,-0.184273913627683,0,0,0
91.17,9508.74451059172,2.07348613668135,9500,9506.10059207839,2.26548339280381,2.07348613668135,0,39.860858232135,10.3389852393039,17,1503.01235607484,17341.8772848671,-15612.1479788147,2.07348613668135,1.5418159808907,1.63324482862858,-0.0914288477378795,50.8789333633495,0.71452785126641,2.07348613668135,0,267.161443506003,60.6481711487664,6.21518162427929e-10,1,0.987519317353246,0,-0.00894050101736243,-0.182857695475759,0,0,0
91.185,9509.3424234652,2.07121456806849,9500,9506.7857966101,2.24350790789655,2.07121456806849,0,38.1040958956669,10.3860404250085,17,1503.01235607484,17335.4022967513,-15615.6513531646,2.07121456806849,1.5418159808907,1.6323690002061,-0.0905530193154047,49.7290002018935,0.710504625808597,2.07121456806849,0,267.161443506003,60.6481711487664,5.84885624252132e-10,1,0.98758141288142,0,-0.00995045486800783,-0.181106038630809,0,0,0
91.2,9509.91398490363,2.06881601167681,9500,9507.44837841744,2.22159299963264,2.06881601167681,0,36.2972230846711,10.4349236249498,17,1503.01235607484,17328.2769917843,-15618.7912900955,2.06881601167681,1.5418159808907,1.63132942605664,-0.089513445165941,48.4998227608126,0.706026921117994,2.06881601167681,0,267.161443506003,60.6481711487664,5.48789812109395e-10,1,0.987640771712744,0,-0.0109281084038311,-0.179026890331882,0,0,0
91.215,9510.45844324991,2.06629649107056,9500,9508.08737115842,2.19978017428287,2.06629649107056,0,34.4442021675339,10.4855299342155,17,1503.01235607484,17320.5220229277,-15621.5658830631,2.06629649107056,1.5418159808907,1.6301303619689,-0.0883143810782043,47.1946795401345,0.70110927233627,2.06629649107056,0,267.161443506003,60.6481711487664,5.1326072474406e-10,1,0.987697315784765,0,-0.0118719102040641,-0.176628762156409,0,0,0
91.23,9510.97510628242,2.06366219038815,9500,9508.70186412933,2.17811024999997,2.06366219038815,0,32.5490375549408,10.5377525103699,17,1503.01235607484,17312.1590152478,-15623.9739442231,2.06366219038815,1.5418159808907,1.62877633251419,-0.0869603516234958,45.8169443142198,0.695766912744441,2.06366219038815,0,267.161443506003,60.6481711487664,4.78325061032508e-10,1,0.987750973207635,0,-0.0127803925910022,-0.173920703246992,0,0,0
91.245,9511.46334184574,2.06091944400714,9500,9509.29100324883,2.1566232900994,2.06091944400714,0,30.6157667277636,10.5914826502593,16,1503.01235607484,17303.210537657,-15626.0150279409,2.06091944400714,1.5418159808907,1.62727211737172,-0.0854561364810213,44.3700795695473,0.69001573607849,2.06091944400714,0,267.161443506003,60.6481711487664,9.91583572603666e-10,1,0.987801678329606,0,-0.0136521740924802,-0.170912272962043,0,0,0
91.26,9511.92257834666,2.05807472553911,9500,9509.85399195045,2.1353585379286,2.05807472553911,0,28.6484657054497,10.6466099990816,16,1503.01235607484,17293.7000343201,-15627.6893318927,2.05807472553911,1.5418159808907,1.62562273743493,-0.08380675654423,42.8576300429341,0.683872257736874,2.05807472553911,0,267.161443506003,60.6481711487664,9.16513592703037e-10,1,0.987849371788546,0,-0.014485961656129,-0.16761351308846,0,0,0
91.275,9512.35230533224,2.05513463685257,9500,9510.39009197236,2.1143543536757,2.05513463685257,0,26.6512248545242,10.7030225199716,16,1503.01235607484,17283.6518319365,-15628.9978428548,2.05513463685257,1.5418159808907,1.62383344040557,-0.0820174595148695,41.2832161741076,0.677353574991616,2.05513463685257,0,267.161443506003,60.6481711487664,8.42743117827576e-10,1,0.987894000571976,0,-0.0152805525953013,-0.164034919029739,0,0,0
91.29,9512.75207370506,2.05210589460636,9500,9510.89862409224,2.09364815197921,2.05210589460636,0,24.6281533856087,10.7606067457145,16,1503.01235607484,17273.0910567134,-15629.9422290431,2.05210589460636,1.5418159808907,1.62190968719473,-0.0800937063040337,39.6505281974722,0.67047732632373,2.05210589460636,0,267.161443506003,60.6481711487664,7.70286883567506e-10,1,0.987935518039417,0,-0.0160348363491265,-0.160187412608067,0,0,0
91.305,9513.12149600584,2.04899531888869,9500,9511.37896872752,2.07327634240658,2.04899531888869,0,22.546193853271,10.8184052082174,16,1503.01235607484,17261.9607597016,-15630.6535648918,2.04899531888869,1.5418159808907,1.61985713687501,-0.0780411559843128,37.9633195547297,0.663261649966623,2.04899531888869,0,267.161443506003,60.6481711487664,7.0547491855342e-10,1,0.987973883951749,0,-0.0167477959385907,-0.156082311968626,0,0,0
91.32,9513.45968891364,2.04580982078232,9500,9511.83056645329,2.0532742715724,2.04580982078232,0,20.4404722843394,10.8769854683959,16,1503.01235607484,17250.3531018629,-15631.0240613737,2.04580982078232,1.5418159808907,1.61768163184201,-0.0758656509513169,36.2254005509998,0.655725141794257,2.04580982078232,0,267.161443506003,60.6481711487664,6.62628128001227e-10,1,0.988009006572729,0,-0.0174185091879686,-0.151731301902634,0,0,0
91.335,9513.7662959979,2.04256381161671,9500,9512.25277390292,2.03367983727049,2.04256381161671,0,18.3258675374112,10.9362486988406,16,1503.01235607484,17238.3400209825,-15631.0408849658,2.04256381161671,1.5418159808907,1.61538547185753,-0.073569490966829,34.4385007988345,0.647886812659672,2.04256381161671,0,267.161443506003,60.6481711487664,5.96363293508733e-10,1,0.988040848885688,0,-0.0180459348863691,-0.147138981933658,0,0,0
91.35,9514.04118401096,2.03926958830288,9500,9512.64502207286,2.01452953144835,2.03926958830288,0,16.2095172731169,10.9959897990988,16,1503.01235607484,17225.9716898223,-15630.7134750515,2.03926958830288,1.5418159808907,1.61297224816501,-0.0711562672743105,32.6050639254728,0.639766141960805,2.03926958830288,0,267.161443506003,60.6481711487664,5.31275157907254e-10,1,0.988069397052347,0,-0.0186291479531431,-0.142312534548621,0,0,0
91.365,9514.28432677006,2.03593584559209,9500,9513.00685489114,1.99585740502874,2.03593584559209,0,14.0964086768109,11.0560652295327,16,1503.01235607484,17213.2839344691,-15630.0491560476,2.03593584559209,1.5418159808907,1.61044756123095,-0.0686315803402491,30.7286583881477,0.631383025381891,2.03593584559209,0,267.161443506003,60.6481711487664,4.67446178134974e-10,1,0.988094648353527,0,-0.0191673971468131,-0.137263160680498,0,0,0
91.38,9514.49577290021,2.0325685245387,9500,9513.33792769696,1.97769502182024,2.0325685245387,0,11.9898890762071,11.1163785462517,15,1503.01235607484,17200.3015432728,-15629.0535439532,2.0325685245387,1.5418159808907,1.60781855739961,-0.0660025765089105,28.8137062416787,0.622757696665825,2.0325685245387,0,267.161443506003,60.6481711487664,9.17642438745344e-10,1,0.988116607839122,0,-0.0196601031710051,-0.132005153017821,0,0,0
91.395,9514.67562123636,2.0291718672662,9500,9513.63799775445,1.96007161585163,2.0291718672662,0,9.89227574986806,11.1768623837931,15,1503.01235607484,17187.0425086688,-15627.7313200263,2.0291718672662,1.5418159808907,1.60509336282238,-0.0632773819316839,26.8651544335267,0.613910650238873,2.0291718672662,0,267.161443506003,60.6481711487664,7.7894441901928e-10,1,0.988135285773516,0,-0.0201068447726871,-0.126554763863368,0,0,0
91.41,9514.8240053726,2.02574943174394,9500,9513.90691085008,1.94301435527269,2.02574943174394,0,7.80546897977945,11.2374610983645,15,1503.01235607484,17173.5221261078,-15626.0868420805,2.02574943174394,1.5418159808907,1.60228054050966,-0.0604645596189628,24.8881610551725,0.604862570091164,2.02574943174394,0,267.161443506003,60.6481711487664,6.4275145661608e-10,1,0.988150696030965,0,-0.0205073388877526,-0.120929119237926,0,0,0
91.425,9514.9410874073,2.02230490675677,9500,9514.14458735927,1.92654862978637,2.02230490675677,0,5.73141972069573,11.2981167724404,15,1503.01235607484,17159.7564089992,-15624.1248985319,2.02230490675677,1.5418159808907,1.5993886517535,-0.057572670862799,22.8878431667111,0.595634267591675,2.02230490675677,0,267.161443506003,60.6481711487664,5.08928301975321e-10,1,0.988162855446002,0,-0.0208614198611159,-0.115145341725598,0,0,0
91.44,9515.02705870311,2.01884264477486,9500,9514.35101030297,1.91069829799773,2.01884264477486,0,3.67243553715603,11.358760014823,14,1503.01235607484,17145.7643076583,-15621.8511866179,2.01884264477486,1.5418159808907,1.5964259632757,-0.054609982385003,20.8691097478335,0.586246628654173,2.01884264477486,0,267.161443506003,60.6481711487664,8.57568445776063e-10,1,0.988171783892365,0,-0.0211690215610738,-0.109219964770006,0,0,0
91.455,9515.08214523617,2.01536790926237,9500,9514.52621669647,1.8954858601166,2.01536790926237,0,1.63132631645347,11.4193057326966,14,1503.01235607484,17131.568724883,-15619.2724991116,2.01536790926237,1.5418159808907,1.5934003011807,-0.0515843202900077,18.8365801498489,0.57672056895169,2.01536790926237,0,267.161443506003,60.6481711487664,5.63670957405509e-10,1,0.988177504838539,0,-0.0214301643221835,-0.103168640580015,0,0,0
91.47,9515.10661513091,2.01188688161891,9500,9514.67029252664,1.88093254501068,2.01188688161891,0,-0.388608028398573,11.4796528140843,13,1503.01235607484,17117.1966565835,-15616.3969355239,2.01188688161891,1.5418159808907,1.59031902802994,-0.0485030471392451,16.794574091867,0.567076995006707,2.01188688161891,0,267.161443506003,60.6481711487664,8.82927770496038e-10,1,0.988180046130265,0,-0.0216449472687215,-0.0970060942784903,0,0,0
91.485,9515.10078601049,2.00840649835677,9500,9514.78337098357,1.86705831838156,2.00840649835677,0,-2.38367226525199,11.5396870990824,13,1503.01235607484,17102.6785424432,-15613.2337925522,2.00840649835677,1.5418159808907,1.58718910652555,-0.0453731256348542,14.7471518623974,0.557336768735782,2.00840649835677,0,267.161443506003,60.6481711487664,4.35588410893911e-10,1,0.988179440753918,0,-0.0218135454850104,-0.0907462512697084,0,0,0
91.5,9515.06503092651,2.00493419941685,9500,9514.86563305549,1.85388183225563,2.00493419941685,0,-4.34991804041184,11.5992854744204,13,1503.01235607484,17088.0471990903,-15609.7933074852,2.00493419941685,1.5418159808907,1.58401720826138,-0.0422012273706864,12.6981804778562,0.547520673267528,2.00493419941685,0,267.161443506003,60.6481711487664,6.64751291332122e-10,1,0.988175727452326,0,-0.0219362106890126,-0.0844024547413729,0,0,0
91.515,9514.9997821559,2.00147765507641,9500,9514.91730950624,1.84142033891887,2.00147765507641,0,-6.28330759650543,11.6583207479415,14,1503.01235607484,17073.3367420053,-15606.0865129055,2.00147765507641,1.5418159808907,1.58080983302658,-0.0389938521358788,10.6514055957088,0.537649378457472,2.00147765507641,0,267.161443506003,60.6481711487664,5.6758339174725e-10,1,0.988168951119096,0,-0.0220132739917784,-0.0779877042717576,0,0,0
91.53,9514.90553254196,1.99804452090851,9500,9514.93868332431,1.82968959139536,1.99804452090851,0,-8.17986285240353,11.7166656861332,14,1503.01235607484,17058.5816124332,-15602.1251130793,1.99804452090851,1.5418159808907,1.57757341346237,-0.0357574325716774,8.61051447340725,0.527743405161172,1.99804452090851,0,267.161443506003,60.6481711487664,8.39167564885301e-10,1,0.988159162937878,0,-0.022045149352409,-0.0715148651433548,0,0,0
91.545,9514.78283459917,1.99464225174011,9500,9514.93009188467,1.8187037493806,1.99464225174011,0,-10.0357606728369,11.7741965008455,15,1503.01235607484,17043.8157362328,-15597.921185943,1.99464225174011,1.5418159808907,1.57431438944228,-0.032498408551586,6.57918076662104,0.517823087952588,1.99464225174011,0,267.161443506003,60.6481711487664,4.87229358495799e-10,1,0.988146420289406,0,-0.0220323366094615,-0.0649968171031721,0,0,0
91.56,9514.63229818908,1.99127798655426,9500,9514.89192831842,1.80847530367195,1.99127798655426,0,-11.847397031126,11.8307946841446,15,1503.01235607484,17029.0720193202,-15593.4870445208,1.99127798655426,1.5418159808907,1.57103924629808,-0.0292232654073838,4.56108773496924,0.50790853647833,1.99127798655426,0,267.161443506003,60.6481711487664,6.02658758589083e-10,1,0.988130786510124,0,-0.0219754233374996,-0.0584465308147677,0,0,0
91.575,9514.45458723361,1.98795849681712,9500,9514.82464192502,1.79901502388155,1.98795849681712,0,-13.6114229601925,11.8863479964174,15,1503.01235607484,17014.3821741485,-15588.835268668,1.98795849681712,1.5418159808907,1.56775452091571,-0.0259385400250169,2.55993219770862,0.498019595976455,1.98795849681712,0,267.161443506003,60.6481711487664,7.15958424213618e-10,1,0.988112330550851,0,-0.0218750852647189,-0.0518770800500339,0,0,0
91.59,9514.25041588921,1.98469018455184,9500,9514.72873762606,1.79033193018302,1.98469018455184,0,-15.3247363052087,11.9407505021063,15,1503.01235607484,16999.7766438658,-15583.978582806,1.98469018455184,1.5418159808907,1.56446678286379,-0.0226508019730951,0.579413478132028,0.488175807607332,1.98469018455184,0,267.161443506003,60.6481711487664,8.27106759899299e-10,1,0.988091126579451,0,-0.0217320852648317,-0.0453016039461902,0,0,0
91.605,9514.02054484463,1.98147911411431,9500,9514.60477456893,1.78243328705147,1.98147911411431,0,-16.9844621043275,11.9939020456041,15,1503.01235607484,16985.2847219689,-15578.9298643083,1.98147911411431,1.5418159808907,1.56118259889797,-0.0193666180072722,-1.37678774048251,0.478396369238157,1.98147911411431,0,267.161443506003,60.6481711487664,9.36067271854472e-10,1,0.988067253596349,0,-0.0215472710660951,-0.0387332360145445,0,0,0
91.62,9513.76577791306,1.97833105826165,9500,9514.45336413301,1.77532461322631,1.97833105826165,0,-18.5879215723695,12.0457074802928,16,1503.01235607484,16970.9347104113,-15573.702125376,1.97833105826165,1.5418159808907,1.55790849083443,-0.0160925099437319,-3.30503469450375,0.468700097258415,1.97833105826165,0,267.161443506003,60.6481711487664,4.59274022301554e-10,1,0.988040795080605,0,-0.0213215720740241,-0.0321850198874638,0,0,0
91.635,9513.48695908948,1.97525154434301,9500,9514.27516756928,1.76900970247533,1.97525154434301,0,-20.1326109744649,12.0960758522216,16,1503.01235607484,16956.754143175,-15568.3086165741,1.97525154434301,1.5418159808907,1.55465089407709,-0.0128349131863932,-5.20175963185531,0.459105389825104,1.97525154434301,0,267.161443506003,60.6481711487664,5.05421942879116e-10,1,0.988011838684308,0,-0.0210559956100875,-0.0256698263727864,0,0,0
91.65,9513.18496992486,1.97224589051709,9500,9514.07089348914,1.76349064996156,1.97224589051709,0,-21.6161677446526,12.1449198438456,16,1503.01235607484,16942.769847795,-15562.7626956592,1.97224589051709,1.5418159808907,1.55141612197778,-0.00960014108708585,-7.06348557914162,0.449630191800564,1.97224589051709,0,267.161443506003,60.6481711487664,5.50601746152426e-10,1,0.987980475959886,0,-0.0207516229422948,-0.0192002821741717,0,0,0
91.665,9512.86072740869,1.96931922857541,9500,9513.84129532341,1.75876788124675,1.96931922857541,0,-23.0363631249447,12.1921553714337,16,1503.01235607484,16929.0080730273,-15557.0779134067,1.96931922857541,1.5418159808907,1.54821033778661,-0.00639435689590862,-8.88684373137424,0.440291961476532,1.96931922857541,0,267.161443506003,60.6481711487664,5.9478503842454e-10,1,0.987946802140185,0,-0.0204096052389742,-0.0127887137918172,0,0,0
91.68,9512.51518196182,1.96647650998795,9500,9513.58716889121,1.75484018041467,1.96647650998795,0,-24.3910956011218,12.2377015203919,16,1503.01235607484,16915.4944884079,-15551.2679757881,1.96647650998795,1.5418159808907,1.54503953590157,-0.00322355501086813,-10.6685853772187,0.431107639118993,1.96647650998795,0,267.161443506003,60.6481711487664,6.3794635913245e-10,1,0.987910915930031,0,-0.0200311596741685,-0.00644711002173626,0,0,0
91.695,9512.1493155278,1.96372249909744,9500,9513.30935007862,1.75170471722654,1.96372249909744,0,-25.6783936231757,12.2814807014854,16,1503.01235607484,16902.2541418193,-15545.3467169132,1.96372249909744,1.5418159808907,1.54190953042014,-9.35495294398514e-05,-12.4055895655496,0.422093617265618,1.96372249909744,0,267.161443506003,60.6481711487664,6.80054547139491e-10,1,0.987872919307999,0,-0.0196175656666613,-0.000187099058879703,0,0,0
91.71,9511.76413962345,1.96106175693753,9500,9513.00871262435,1.74935707330196,1.96106175693753,0,-26.896423742792,12.3234189748519,16,1503.01235607484,16889.3113774423,-15539.3280630978,1.96106175693753,1.5418159808907,1.53882594922509,0.00299003166560796,-14.094867499164,0.41326571271562,1.96106175693753,0,267.161443506003,60.6481711487664,7.21074345050036e-10,1,0.987832917323963,0,-0.0191701612773545,0.00598006333121592,0,0,0
91.725,9511.36069326731,1.95849861982988,9500,9512.686165974,1.74779126821712,1.95849861982988,0,-28.0435017083222,12.3634464681451,16,1503.01235607484,16876.6897310859,-15533.2259910482,1.95849861982988,1.5418159808907,1.53579423149151,0.00602174939918521,-15.7335649442466,0.40463914014081,1.95849861982988,0,267.161443506003,60.6481711487664,7.60964345664276e-10,1,0.987791017883951,0,-0.0186903396577367,0.0120434987983704,0,0,0
91.74,9510.94004074169,1.95603717681613,9500,9512.34265315365,1.74699978672445,1.95603717681613,0,-29.1181041372847,12.4014978163631,16,1503.01235607484,16864.4118197227,-15527.0544834451,1.95603717681613,1.5418159808907,1.5328196265754,0.00899635431530021,-17.318963823468,0.396228487294829,1.95603717681613,0,267.161443506003,60.6481711487664,7.99678742609069e-10,1,0.987747331517735,0,-0.0181795455299849,0.0179927086306004,0,0,0
91.755,9510.50326917963,1.95368124885667,9500,9511.97914861444,1.74697360830056,1.95368124885667,0,-30.1188790603135,12.4375125705041,16,1503.01235607484,16852.4992375542,-15520.8274845461,1.95368124885667,1.5418159808907,1.52990719281088,0.0119087880798168,-18.8484838826822,0.388047691806336,1.95368124885667,0,267.161443506003,60.6481711487664,8.37167764927174e-10,1,0.987701971128219,0,-0.0176392715711555,0.0238175761596335,0,0,0
91.77,9510.05148599372,1.95143437176587,9500,9511.59665601041,1.74770224000641,1.95143437176587,0,-31.0446542018814,12.4714355390791,16,1503.01235607484,16840.9724670575,-15514.5588578062,1.95143437176587,1.5418159808907,1.52706179525277,0.0147541856379299,-20.3196849736315,0.380110019599316,1.95143437176587,0,267.161443506003,60.6481711487664,8.73375769599992e-10,1,0.987655051724418,0,-0.0170710546929063,0.0295083712758597,0,0,0
91.785,9509.58581618069,1.94929978367076,9500,9511.19620588596,1.74917375331126,1.94929978367076,0,-31.8944425596718,12.5032170475206,16,1503.01235607484,16829.8508085791,-15508.2623466005,1.94929978367076,1.5418159808907,1.52428810199442,0.0175278788962789,-21.7302701657268,0.372428044987508,1.94929978367076,0,267.161443506003,60.6481711487664,9.082457763405e-10,1,0.987606690141523,0,-0.0164764721579329,0.0350557577925579,0,0,0
91.8,9509.1073995423,1.94728041704041,9500,9510.77885326397,1.75137482517054,1.94728041704041,0,-32.667445111549,12.5328131137857,16,1503.01235607484,16819.152329912,-15501.9515385197,1.94728041704041,1.5418159808907,1.52159057907406,0.0202254018166361,-23.0780896325895,0.365013632516438,1.94728041704041,0,267.161443506003,60.6481711487664,9.41715658412655e-10,1,0.987557004752287,0,-0.0158571375251659,0.0404508036332722,0,0,0
91.815,9508.61738786563,1.94537889461865,9500,9510.34567513883,1.75429078332951,1.94537889461865,0,-33.3630505906026,12.5601855514016,16,1503.01235607484,16808.893836008,-15495.6398330662,1.94537889461865,1.5418159808907,1.51897348434178,0.0228424965489218,-24.3611450824555,0.357877920630113,1.94537889461865,0,267.161443506003,60.6481711487664,9.73722094691308e-10,1,0.987506115174183,0,-0.0152146964373574,0.0456849930978436,0,0,0
91.83,9508.11694210677,1.94359752837631,9500,9509.89776788839,1.75790565556519,1.94359752837631,0,-33.9808372405837,12.5853020092743,17,1503.01235607484,16799.0908532679,-15489.340435144,1.94359752837631,1.5418159808907,1.51644086076454,0.0253751201261543,-25.5775944036642,0.351031307233303,1.94359752837631,0,267.161443506003,60.6481711487664,4.45175087750007e-10,1,0.987454141976921,0,-0.0145508222857424,0.0507502402523086,0,0,0
91.845,9507.60722954816,1.94193832042374,9500,9509.43624462676,1.76220222237177,1.94193832042374,0,-34.5205635847219,12.6081360007745,17,1503.01235607484,16789.7575650898,-15483.0662372807,1.94193832042374,1.5418159808907,1.51399652972654,0.0278194511641612,-26.7257561550983,0.344483437204718,1.94193832042374,0,267.161443506003,60.6481711487664,4.58269067656859e-10,1,0.987401206387227,0,-0.0138672117655327,0.0556389023283224,0,0,0
91.86,9507.08942109439,1.9404029656179,9500,9508.96223250645,1.76716207291759,1.9404029656179,0,-34.9821759624904,12.6286668425629,17,1503.01235607484,16780.9068800105,-15476.8299297847,1.9404029656179,1.5418159808907,1.51164408448221,0.0301718964084867,-27.8041138102268,0.338243191910229,1.9404029656179,0,267.161443506003,60.6481711487664,4.7064195563302e-10,1,0.987347430007998,0,-0.013165580360706,0.0603437928169734,0,0,0
91.875,9506.56468845495,1.93899285389571,9500,9508.47687001887,1.7727656630673,1.93899285389571,0,-35.365797937586,12.6468796483923,17,1503.01235607484,16772.5503785161,-15470.6438864413,1.93899285389571,1.5418159808907,1.50938688476215,0.0324290961285514,-28.8113190865917,0.332318680747911,1.93899285389571,0,267.161443506003,60.6481711487664,4.82263083479861e-10,1,0.987292934525728,0,-0.0124476578418229,0.0648581922571028,0,0,0
91.89,9506.03420148589,1.93770907431591,9500,9507.98130426431,1.77899237620368,1.93770907431591,0,-35.6717278382625,12.6627652609196,17,1503.01235607484,16764.6983279518,-15464.5201645547,1.93770907431591,1.5418159808907,1.50722805153764,0.0345879293530602,-29.7461949889737,0.326717234719091,1.93770907431591,0,267.161443506003,60.6481711487664,4.93097167437483e-10,1,0.987237841434419,0,-0.0117151837168548,0.0691758587061204,0,0,0
91.905,9505.49912556831,1.93655241875276,9500,9507.4766882405,1.78582058562504,1.93655241875276,0,-35.90043470204,12.6763201902017,17,1503.01235607484,16757.3596847604,-15458.4704832409,1.93655241875276,1.5418159808907,1.50517046298292,0.0366455179077794,-30.6077379052713,0.321445402046506,1.93655241875276,0,267.161443506003,60.6481711487664,5.03108852946374e-10,1,0.987182271763337,0,-0.0109699027298293,0.0732910358155587,0,0,0
91.92,9504.96061904778,1.93552338572398,9500,9506.96417815447,1.79322771838451,1.93552338572398,0,-36.0525541593611,12.6875465448589,17,1503.01235607484,16750.5420980314,-15452.5062026891,1.93552338572398,1.5418159808907,1.5032167513831,0.0385992295075979,-31.3951188952131,0.316508945818083,1.93552338572398,0,267.161443506003,60.6481711487664,5.12264037828266e-10,1,0.987126345811078,0,-0.0102135604278693,0.0771984590151957,0,0,0
91.935,9504.41983073539,1.93462218440472,9500,9506.44493076748,1.80119032030588,1.93462218440472,0,-36.1288842252143,12.696451954892,17,1503.01235607484,16744.2519145789,-15446.6383044421,1.93462218440472,1.5418159808907,1.50136930094646,0.0404466799442418,-32.1076842064546,0.311912843625542,1.93462218440472,0,267.161443506003,60.6481711487664,5.20525768249214e-10,1,0.987070182886047,0,-0.00944789880376562,0.0808933598884836,0,0,0
91.95,9503.87789747202,1.9338487389736,9500,9505.92010078042,1.8096841219633,1.9338487389736,0,-36.1303809167327,12.7030494835022,17,1503.01235607484,16738.4941861463,-15440.8773728319,1.9338487389736,1.5418159808907,1.49963024643117,0.0421857344595269,-32.7449550798978,0.307661289163847,1.9338487389736,0,267.161443506003,60.6481711487664,5.27859376305669e-10,1,0.987013901053498,0,-0.00867465203538376,0.0843714689190538,0,0,0
91.965,9503.33594175827,1.93320269355412,9500,9505.3908382655,1.81868410544486,1.93320269355412,0,-36.0581535442552,12.7073575231917,17,1503.01235607484,16733.2726798515,-15435.2335778267,1.93320269355412,1.5418159808907,1.49800147243295,0.0438145084577513,-33.3066269144393,0.303757695747925,1.93320269355412,0,267.161443506003,60.6481711487664,5.3423072492895e-10,1,0.986957616889391,0,-0.00789554234192114,0.0876290169155025,0,0,0
91.98,9502.7950694551,1.93268341776575,9500,9504.85828614945,1.82816457173746,1.93268341776575,0,-35.9134596744108,12.7093996759937,17,1503.01235607484,16728.5898919224,-15429.7166593354,1.93268341776575,1.5418159808907,1.4964846133002,0.0453313675904961,-33.7925678588057,0.30020470169406,1.93268341776575,0,267.161443506003,60.6481711487664,5.39606359728752e-10,1,0.986901445241599,0,-0.00711227595601893,0.0906627351809921,0,0,0
91.995,9502.25636755998,1.93229001310017,9500,9504.3235777529,1.83809920856846,1.93229001310017,0,-35.6976996430606,12.7092046140976,17,1503.01235607484,16724.447065639,-15424.335913199,1.93229001310017,1.5418159808907,1.49508105354288,0.046734927347813,-34.2028168838691,0.297004177513852,1.93229001310017,0,267.161443506003,60.6481711487664,5.43953514494949e-10,1,0.986845498998946,0,-0.00632653924888493,0.0934698546956261,0,0,0
92.01,9501.72090206534,1.93202132005282,9500,9503.78783439128,1.84846115853494,1.93202132005282,0,-35.4124106658286,12.7068059223665,17,1503.01235607484,16720.8442131877,-15419.1001788508,1.93202132005282,1.5418159808907,1.49379192873556,0.0480240521551334,-34.5375813767545,0.294157234851853,1.93202132005282,0,267.161443506003,60.6481711487664,5.47241439105598e-10,1,0.986789888868802,0,-0.00553999499292623,0.0960481043102668,0,0,0
92.025,9501.18971590535,1.93187592608184,9500,9503.25216304236,1.85922308733664,1.93187592608184,0,-35.0592605097742,12.7022419217267,17,1503.01235607484,16717.7801417329,-15414.0178287501,1.93187592608184,1.5418159808907,1.49261812684764,0.0491978540430527,-34.7972342824214,0.291664237105037,1.93187592608184,0,267.161443506003,60.6481711487664,5.49440966253844e-10,1,0.986734723163853,0,-0.0047542787825432,0.0983957080861053,0,0,0
92.04,9500.6638269977,1.93185217422415,9500,9502.71765408621,1.87035725192085,1.93185217422415,0,-34.6400408327246,12.6955554768526,17,1503.01235607484,16715.2524829812,-15409.0967594738,1.93185217422415,1.5418159808907,1.49156029005042,0.0502556908402809,-34.9823108105505,0.289524811652892,1.93185217422415,0,267.161443506003,60.6481711487664,5.50526282291994e-10,1,0.986680107598728,0,-0.00397099562889647,0.100511381680562,0,0,0
92.055,9500.14422638521,1.93194817239199,9500,9502.18537912339,1.88183556833613,1.93194817239199,0,-34.1566601817598,12.6867937881023,17,1503.01235607484,16713.2577263305,-15404.3443845136,1.93194817239199,1.5418159808907,1.49061881694999,0.0511971639407036,-35.0935047174082,0.287737863619889,1.93194817239199,0,267.161443506003,60.6481711487664,5.50473466591708e-10,1,0.986626145096993,0,-0.00319171673311791,0.102394327881407,0,0,0
92.07,9499.63187648249,1.93216180311735,9500,9501.65638887688,1.89362967909361,1.93216180311735,0,-33.6111367921956,12.6760081723288,17,1503.01235607484,16711.7912546066,-15399.7676285902,1.93216180311735,1.5418159808907,1.48979386532237,0.052022115568332,-35.1316641739778,0.286301591089986,1.93216180311735,0,267.161443506003,60.6481711487664,5.49261087464386e-10,1,0.986572935609072,0,-0.00241797645133701,0.104044231136664,0,0,0
92.085,9499.1277094306,1.93249073376844,9500,9501.13171118347,1.90571101983353,1.93249073376844,0,-33.005591177224,12.6632538325678,17,1503.01235607484,16710.8473824709,-15395.3729235116,1.93249073376844,1.5418159808907,1.48908535529527,0.0527306255954274,-35.0977872308155,0.285213501686884,1.93249073376844,0,267.161443506003,60.6481711487664,5.46870798871086e-10,1,0.986520575941362,0,-0.00165126944043403,0.105461251190855,0,0,0
92.1,9498.63262556295,1.93293242703105,9500,9500.61234907919,1.9180508851068,1.93293242703105,0,-32.342238633956,12.6485896208081,17,1503.01235607484,16710.419396598,-15391.1662053933,1.93293242703105,1.5418159808907,1.48849297303986,0.053323007850834,-34.9930168973196,0.284470430438689,1.93293242703105,0,267.161443506003,60.6481711487664,5.43289702978252e-10,1,0.986469159596915,0,-0.000893048023980159,0.106646015701668,0,0,0
92.115,9498.14749198344,1.93348415159967,9500,9500.09927898341,1.93062049308963,1.93348415159967,0,-31.6233817006115,12.632077795301,17,1503.01235607484,16710.499597363,-15387.1529131764,1.93348415159967,1.5418159808907,1.48801617495016,0.0537998059405362,-34.818635856061,0.284068558827897,1.93348415159967,0,267.161443506003,60.6481711487664,5.38505800634561e-10,1,0.986418776627772,0,-0.000144719740649446,0.107599611881072,0,0,0
92.13,9497.67314125793,1.93414299306578,9500,9499.59344898503,1.94339104906563,1.93414299306578,0,-30.8514025757347,12.6137837731067,17,1503.01235607484,16711.0793419501,-15383.3379884193,1.93414299306578,1.5418159808907,1.48765419227546,0.054161788615237,-34.5760608395721,0.284003434944605,1.93414299306578,0,267.161443506003,60.6481711487664,5.32513736795842e-10,1,0.986369513499068,0,0.000592354887158697,0.108323577230474,0,0,0
92.145,9497.21037021929,1.93490586486275,9500,9499.09577723371,1.95633380752701,1.93490586486275,0,-30.0287555836518,12.5937758808874,17,1503.01235607484,16712.1490882587,-15379.7258762151,1.93490586486275,1.5418159808907,1.48740603622658,0.0544099446641151,-34.2668367027617,0.284269994643827,1.93490586486275,0,267.161443506003,60.6481711487664,5.25310838483902e-10,1,0.986321452964929,0,0.00131686437904555,0.10881988932823,0,0,0
92.16,9496.75993888554,1.93576951926194,9500,9498.60715043833,1.96942013275844,1.93576951926194,0,-29.1579596915971,12.5721251045012,17,1503.01235607484,16713.6984395449,-15376.3205272048,1.93576951926194,1.5418159808907,1.48727050351228,0.0545454773784213,-33.8926302246194,0.284862583614397,1.93576951926194,0,267.161443506003,60.6481711487664,5.16899624941767e-10,1,0.98627467395612,0,0.00202754813469497,0.109090954756843,0,0,0
92.175,9496.32256949016,1.93673055839726,9500,9498.12842247428,1.98262155778545,1.93673055839726,0,-28.2415910933813,12.5489048382553,17,1503.01235607484,16715.7161896682,-15373.1254006368,1.93673055839726,1.5418159808907,1.48724618227492,0.054569798615778,-33.4552236772819,0.28577498027501,1.93673055839726,0,267.161443506003,60.6481711487664,5.0728752267911e-10,1,0.986229251479339,0,0.0027231980484943,0.109139597231556,0,0,0
92.19,9495.89894562376,1.93778544523408,9500,9497.66041310028,1.99590984158276,1.93778544523408,0,-27.2822759104905,12.5241906357783,17,1503.01235607484,16718.1903685507,-15370.1434683688,1.93778544523408,1.5418159808907,1.48733145841742,0.0544845224732773,-32.9565082005898,0.287000419396832,1.93778544523408,0,267.161443506003,60.6481711487664,4.96485254074955e-10,1,0.986185256528071,0,0.00340265995217082,0.108969044946555,0,0,0
92.205,9495.4897114851,1.93893051454587,9500,9497.2039067854,2.00925702444982,1.93893051454587,0,-26.2826829745184,12.4980599617781,17,1503.01235607484,16721.1082880813,-15367.3772198352,1.93893051454587,1.5418159808907,1.48752452225077,0.0542914586399306,-32.3984770189367,0.288531616375309,1.93893051454587,0,267.161443506003,60.6481711487664,4.84510673700283e-10,1,0.986142756004811,0,0.00406483483831388,0.108582917279861,0,0,0
92.22,9495.09547124049,1.9401619837652,9500,9496.75965164589,2.02263548147504,1.9401619837652,0,-25.2455167034825,12.4705919475001,17,1503.01235607484,16724.4565882467,-15364.8286678326,1.9401619837652,1.5418159808907,1.48782337547972,0.0539926054109756,-31.7832185377903,0.29036079205255,1.9401619837652,0,267.161443506003,60.6481711487664,4.71385683724333e-10,1,0.986101812654529,0,0.00470867993543544,0.107985210821951,0,0,0
92.235,9494.71678848993,1.94147596377731,9500,9496.32835849157,2.03601797401678,1.94147596377731,0,-24.1735093930527,12.4418671490908,17,1503.01235607484,16728.22128738,-15362.4993551525,1.94147596377731,1.5418159808907,1.48822583845914,0.053590142431559,-31.1129093525097,0.292479698023496,1.94147596377731,0,267.161443506003,60.6481711487664,4.571363868955e-10,1,0.986062485009234,0,0.00533320956883632,0.107180284863118,0,0,0
92.25,9494.35418584904,1.94286846956499,9500,9495.91069998102,2.04937769913667,1.94286846956499,0,-23.0694126908542,12.4119673172017,16,1503.01235607484,16732.3878157145,-15360.3903399309,1.94286846956499,1.5418159808907,1.48872955771829,0.0530864231724086,-30.3898071991613,0.294879642329473,1.94286846956499,0,267.161443506003,60.6481711487664,9.77738682437599e-10,1,0.986024827344543,0,0.00593749588407699,0.106172846344817,0,0,0
92.265,9494.00814465867,1.94433543056897,9500,9495.50730988729,2.06268833685882,1.94433543056897,0,-21.935998811134,12.3809751426561,16,1503.01235607484,16736.9411058488,-15358.5022932728,1.94433543056897,1.5418159808907,1.48933201379021,0.0524839671004831,-29.6162438340872,0.297551515477307,1.94433543056897,0,267.161443506003,60.6481711487664,9.40927475752113e-10,1,0.98598888964954,0,0.00652066937190132,0.104967934200966,0,0,0
92.28,9493.67910467651,1.94587270048614,9500,9495.11878247873,2.07592409505747,1.94587270048614,0,-20.7760433785825,12.3489740774534,16,1503.01235607484,16741.8655621714,-15356.835371544,1.94587270048614,1.5418159808907,1.49003052944031,0.0517854514503915,-28.7946177915736,0.300485816694663,1.94587270048614,0,267.161443506003,60.6481711487664,9.01944036478481e-10,1,0.985954717594732,0,0.00708191925890866,0.103570902900783,0,0,0
92.295,9493.36746402583,1.94747606809221,9500,9494.74567198031,2.0890597527645,1.94747606809221,0,-19.5923263202441,12.316048078147,16,1503.01235607484,16747.1451570282,-15355.3893179443,1.94747606809221,1.5418159808907,1.49082227747053,0.0509937034201711,-27.9273875561808,0.303672680361172,1.94747606809221,0,267.161443506003,60.6481711487664,8.60882363164749e-10,1,0.985922352526739,0,0.00762049376437246,0.101987406840342,0,0,0
92.31,9493.07357913103,1.949141266603,9500,9494.38849216131,2.10207070067272,1.949141266603,0,-18.3876243421069,12.282281409608,16,1503.01235607484,16752.7634592609,-15354.1634486911,1.949141266603,1.5418159808907,1.49170428931212,0.0501116915785818,-27.01706438232,0.307101902555139,1.949141266603,0,267.161443506003,60.6481711487664,8.17856554202953e-10,1,0.985891831461589,0,0.00813570018486676,0.100223383157164,0,0,0
92.325,9492.79776476589,1.95086398339926,9500,9494.0477160131,2.11493297965919,1.95086398339926,0,-17.1647051753784,12.2477584394717,16,1503.01235607484,16758.7036768098,-15353.1566633464,1.95086398339926,1.5418159808907,1.49267346345558,0.0491425174351154,-26.0662053727129,0.310762967638329,1.95086398339926,0,267.161443506003,60.6481711487664,7.72988722116577e-10,1,0.985863187089741,0,0.00862690488174889,0.0982850348702309,0,0,0
92.34,9492.54029418826,1.95263986956245,9500,9493.72377552299,2.12762331711209,1.95263986956245,0,-15.9263220250221,12.2125634395373,16,1503.01235607484,16764.948698627,-15352.3674556268,1.95263986956245,1.5418159808907,1.49372657397238,0.0480894069183184,-25.0774066721228,0.314645074835116,1.95263986956245,0,267.161443506003,60.6481711487664,7.26411204127705e-10,1,0.98583644779006,0,0.00909353312423278,0.0961788138366368,0,0,0
92.355,9492.30139935789,1.95446454928512,9500,9493.41706154158,2.14011916105266,1.95446454928512,0,-14.6752081815047,12.1767803931173,16,1503.01235607484,16771.4811361535,-15351.7939247249,1.95446454928512,1.5418159808907,1.49486027906399,0.0469557018267028,-24.0532967876088,0.318737164741021,1.95446454928512,0,267.161443506003,60.6481711487664,6.78261690896285e-10,1,0.985811637652449,0,0.00953506884387512,0.0939114036534057,0,0,0
92.37,9492.08127123516,1.95633362900379,9500,9493.1279237409,2.1523987120496,1.95633362900379,0,-13.4140718821674,12.1404928111618,16,1503.01235607484,16778.2833637152,-15351.4337869814,1.95633362900379,1.5418159808907,1.49607112969454,0.0457448511961622,-22.9965300466672,0.323027945720765,1.95633362900379,0,267.161443506003,60.6481711487664,6.2868749800735e-10,1,0.985788776508874,0,0.0099510542616974,0.0914897023923245,0,0,0
92.385,9491.88006015693,1.95824270633854,9500,9492.85667066088,2.16444095292364,1.95824270633854,0,-12.1455913696247,12.1037835557083,16,1503.01235607484,16785.3375581788,-15351.2843879479,1.95824270633854,1.5418159808907,1.49735557823604,0.0444604026546571,-21.9097802009016,0.327505920138529,1.95824270633854,0,267.161443506003,60.6481711487664,5.77840837156019e-10,1,0.985767879972386,0,0.0103410894369245,0.0889208053093142,0,0,0
92.4,9491.69787628639,1.96018737879745,9500,9492.60356984115,2.17622567624985,1.96018737879745,0,-10.8724101693297,12.0667346714494,16,1503.01235607484,16792.6257376866,-15351.3427147796,1.96018737879745,1.5418159808907,1.49870998712989,0.0431059937608029,-20.795734185925,0.332159410385145,1.96018737879745,0,267.161443506003,60.6481711487664,5.25879543144773e-10,1,0.985748959483853,0,0.010704831719238,0.0862119875216059,0,0,0
92.415,9491.53479013385,1.96216325218292,9500,9492.36884803526,2.18773350966753,1.96216325218292,0,-9.59713261791999,12.0294272265368,16,1503.01235607484,16800.1297992083,-15351.605408871,1.96216325218292,1.5418159808907,1.50013063757399,0.0416853433167121,-19.65708604577,0.336976584658802,1.96216325218292,0,267.161443506003,60.6481711487664,4.72966324063471e-10,1,0.985732022366041,0,0.0110419950953733,0.0833706866334243,0,0,0
92.43,9491.39083314458,1.96416594877028,9500,9492.15269150439,2.19894593901186,1.96416594877028,0,-8.32232129762896,11.9919411563878,15,1503.01235607484,16807.8315664103,-15352.0687996308,1.96416594877028,1.5418159808907,1.50161373817677,0.0402022427139317,-18.4965310296008,0.34194548245172,1.96416594877028,0,267.161443506003,60.6481711487664,9.23210433473668e-10,1,0.985717071884659,0,0.0113523494928702,0.0804044854278634,0,0,0
92.445,9491.26599832512,1.96619111521506,9500,9491.95524638722,2.20984532928983,1.96619111521506,0,-7.05048596390626,11.9543551413522,15,1503.01235607484,16815.7127787869,-15352.7288312156,1.96619111521506,1.5418159808907,1.50315543359027,0.0386605473004233,-17.3167598703031,0.347054039723511,1.96619111521506,0,267.161443506003,60.6481711487664,8.03425037194693e-10,1,0.985704107313409,0,0.0116357199757824,0.0773210946008467,0,0,0
92.46,9491.16024103566,1.9682344305247,9500,9491.77661913632,2.22041494369112,1.9682344305247,0,-5.78409045731624,11.9167464359464,15,1503.01235607484,16823.7551996005,-15353.5812101703,1.9682344305247,1.5418159808907,1.50475181293,0.0370641679606969,-16.1204533485807,0.352290113712614,1.9682344305247,0,267.161443506003,60.6481711487664,6.82717588897595e-10,1,0.985693124016279,0,0.0118919859017692,0.0741283359213938,0,0,0
92.475,9491.0734796788,1.97029161262296,9500,9491.61687704681,2.23063895992844,1.97029161262296,0,-4.52554205471315,11.8791907785434,15,1503.01235607484,16831.9405963769,-15354.6213259098,1.97029161262296,1.5418159808907,1.50639891870877,0.0354170621819274,-14.9102766987446,0.35764150736841,1.97029161262296,0,267.161443506003,60.6481711487664,5.61483608116419e-10,1,0.985684113519068,0,0.0121210799721678,0.0708341243638548,0,0,0
92.49,9491.00559654798,1.97235842604557,9500,9491.47604882642,2.24050248512804,1.97235842604557,0,-3.2771878657196,11.8417622676325,14,1503.01235607484,16840.2507767688,-15355.8442665554,1.97235842604557,1.5418159808907,1.5080927549912,0.0337232258994931,-13.6888746401903,0.363095993355885,1.97235842604557,0,267.161443506003,60.6481711487664,9.68166441632054e-10,1,0.9856770635975,0,0.0123229872710184,0.0674464517989861,0,0,0
92.505,9490.95643872999,1.97443068885338,9500,9491.35412523781,2.24999156846085,1.97443068885338,0,-2.04131939888329,11.8045332127729,14,1503.01235607484,16848.6676707469,-15357.2449274605,1.97443068885338,1.5418159808907,1.50982929572328,0.0319866851674206,-12.4588664442322,0.368641337627843,1.97443068885338,0,267.161443506003,60.6481711487664,7.01412659745121e-10,1,0.985671958370958,0,0.0124977442162904,0.0639733703348413,0,0,0
92.52,9490.92581893901,1.97650427892998,9500,9491.25105980822,2.25909321157897,1.97650427892998,0,-0.820158986606486,11.7675741027177,13,1503.01235607484,16857.1732905215,-15358.8178944549,1.97650427892998,1.5418159808907,1.51160449313364,0.0302114877570525,-11.2228410973582,0.374265322525174,1.97650427892998,0,267.161443506003,60.6481711487664,9.59168071205781e-10,1,0.985668778389094,0,0.0126454374713725,0.060422975514105,0,0,0
92.535,9490.91351655421,1.9785751413329,9500,9491.16676957146,2.26779537770199,1.9785751413329,0,0.384144448740644,11.7309534794474,12,1503.01235607484,16865.7497576021,-15360.5574472391,1.9785751413329,1.5418159808907,1.51341428536324,0.0284016955274551,-9.98335305942351,0.379955769387292,1.9785751413329,0,267.161443506003,60.6481711487664,8.36183612185783e-10,1,0.985667500739597,0,0.0127662028332682,0.0568033910549102,0,0,0
92.55,9490.91927872094,1.98063929410023,9500,9491.10113588637,2.27608699820069,1.98063929410023,0,1.56949970992236,11.6947378379248,11,1503.01235607484,16874.3794511218,-15362.4577970948,1.98063929410023,1.5418159808907,1.51525460461706,0.0265613762736348,-8.74291782998317,0.385700560662262,1.98063929410023,0,267.161443506003,60.6481711487664,9.2929804617941e-10,1,0.985668099162549,0,0.012860224043078,0.0531227525472695,0,0,0
92.565,9490.94282121659,1.98269283278691,9500,9491.05400532874,2.28395797670683,1.98269283278691,0,2.7338925295146,11.6589911789489,13,1503.01235607484,16883.0448925827,-15364.5128629216,1.98269283278691,1.5418159808907,1.51712138568342,0.0246945952072819,-7.50400741517474,0.391487661481648,1.98269283278691,0,267.161443506003,60.6481711487664,7.56775312558377e-10,1,0.985670544140349,0,0.0129277315262326,0.0493891904145638,0,0,0
92.58,9490.98382960453,1.98473193770639,9500,9491.02519057627,2.29139919272483,1.98473193770639,0,3.8753869987936,11.6237760644773,14,1503.01235607484,16891.728848588,-15366.7163661462,1.98473193770639,1.5418159808907,1.51901057281707,0.0228054080736224,-6.26904689651821,0.397305140668452,1.98473193770639,0,267.161443506003,60.6481711487664,5.96649681013819e-10,1,0.985674803017556,0,0.0129690011721466,0.0456108161472448,0,0,0
92.595,9491.04196040951,1.98675287941023,9500,9491.01447136343,2.29840250281033,1.98675287941023,0,4.99212394349409,11.5891522432793,14,1503.01235607484,16900.4143174258,-15369.0618267858,1.98675287941023,1.5418159808907,1.52091812722889,0.020897853661809,-5.04041073120385,0.403141191195918,1.98675287941023,0,267.161443506003,60.6481711487664,8.44064424057036e-10,1,0.985680840122958,0,0.01298435304388,0.0417957073236179,0,0,0
92.61,9491.11684226867,1.98875202317553,9500,9491.02159549334,2.30496073958034,1.98875202317553,0,6.08232155884972,11.5551772566588,15,1503.01235607484,16909.0845898546,-15371.5426208578,1.98875202317553,1.5418159808907,1.52284003478111,0.0189759461095844,-3.82041902738198,0.408984150065664,1.98875202317553,0,267.161443506003,60.6481711487664,4.93871490719576e-10,1,0.985688616889108,0,0.0129741500256035,0.0379518922191688,0,0,0
92.625,9491.20807709205,1.99072583352574,9500,9491.04627988575,2.31106770904961,1.99072583352574,0,7.14427422313784,11.5219062818307,15,1503.01235607484,16917.7232844376,-15374.1520226475,1.99072583352574,1.5418159808907,1.52477231336177,0.0170436675289265,-2.611334112081,0.414822517577186,1.99072583352574,0,267.161443506003,60.6481711487664,6.01030170099462e-10,1,0.985698091972848,0,0.0129387964529681,0.034087335057853,0,0,0
92.64,9491.3152412054,1.99267087896485,9500,9491.08821165423,2.31671818643983,1.99267087896485,0,8.17636331875645,11.4893920876533,15,1503.01235607484,16926.3143095205,-15376.8831054201,1.99267087896485,1.5418159808907,1.52671101984413,0.0151049610465663,-1.41535742790912,0.420644975981022,1.99267087896485,0,267.161443506003,60.6481711487664,7.05047872748922e-10,1,0.985709221373995,0,0.0128787367181227,0.0302099220931327,0,0,0
92.655,9491.43788665518,1.99458383725972,9500,9491.14704920028,2.32190791074953,1.99458383725972,0,9.17705247352301,11.4576849671656,15,1503.01235607484,16934.8419334808,-15379.7288388189,1.99458383725972,1.5418159808907,1.52865225645827,0.0131637244324254,-0.234626865614134,0.426440407504177,1.99458383725972,0,267.161443506003,60.6481711487664,8.05693604661771e-10,1,0.985721958570868,0,0.0127944538683946,0.0263274488648508,0,0,0
92.67,9491.57554244228,1.9964614991488,9500,9491.22242336219,2.32663357711529,1.9964614991488,0,10.1448901231834,11.4268327122243,15,1503.01235607484,16943.2907938641,-15382.6820835575,1.9964614991488,1.5418159808907,1.53059217763412,0.0112238032565748,0.928786119326855,0.432197911744954,1.9964614991488,0,267.161443506003,60.6481711487664,9.02734094813718e-10,1,0.985736254648416,0,0.0126864681549266,0.0224476065131496,0,0,0
92.685,9491.72771579413,1.99830077220023,9500,9491.31393858578,2.33089282775268,1.99830077220023,0,11.0785105887413,11.39688058437,15,1503.01235607484,16951.6459176132,-15385.7356056029,1.99830077220023,1.5418159808907,1.53252699644327,0.00928898444742865,2.07287907679865,0.437906822414671,1.99830077220023,0,267.161443506003,60.6481711487664,9.95956108414259e-10,1,0.985752058430331,0,0.0125553355538395,0.0185779688948573,0,0,0
92.7,9491.89389345296,2.00009868443646,9500,9491.42117412154,2.33468424135254,2.00009868443646,0,11.9766329849126,11.3678712829028,16,1503.01235607484,16959.892753653,-15388.8821149987,2.00009868443646,1.5418159808907,1.53445299082476,0.00736299006593422,3.19572095065279,0.443556723413899,2.00009868443646,0,267.161443506003,60.6481711487664,4.93263895824603e-10,1,0.985769316612842,0,0.0124016462706937,0.0147259801318684,0,0,0
92.715,9492.07354294773,2.00185238767292,9500,9491.54368524527,2.33800732097892,2.00185238767292,0,12.8380699363051,11.3398449567201,16,1503.01235607484,16968.0171392916,-15392.1141827881,2.00185238767292,1.5418159808907,1.53636650961744,0.00544947127325379,4.29545428777337,0.449137464235711,2.00185238767292,0,267.161443506003,60.6481711487664,5.31807203409424e-10,1,0.985787973896802,0,0.0122260232244746,0.0108989425465076,0,0,0
92.73,9492.26611399678,2.00355916100026,9500,9491.68100449208,2.34086248071475,2.00355916100026,0,13.661716684869,11.3128391399953,16,1503.01235607484,16976.0053957374,-15395.4243983547,2.00355916100026,1.5418159808907,1.53826397817928,0.00355200271141842,5.37029715396513,0.454639174686725,2.00355916100026,0,267.161443506003,60.6481711487664,5.68364598562076e-10,1,0.985807973133366,0,0.012029120515622,0.00710400542283685,0,0,0
92.745,9492.47103974705,2.00521641269721,9500,9491.83264293409,2.34325103027194,2.00521641269721,0,14.4465586866875,11.286888787782,16,1503.01235607484,16983.8442907451,-15398.8052888891,2.00521641269721,1.5418159808907,1.54014190444682,0.00167407644388096,6.41854527076205,0.460052278918755,2.00521641269721,0,267.161443506003,60.6481711487664,6.02863245223732e-10,1,0.985829255452687,0,0.011811621844962,0.00334815288776191,0,0,0
92.76,9492.68773812735,2.0068216833608,9500,9491.99809144813,2.34517515889582,2.0068216833608,0,15.1916703615279,11.2620262552593,16,1503.01235607484,16991.5210686566,-15402.2493564533,2.0068216833608,1.5418159808907,1.54199688403014,-0.000180903139441302,7.43857353284846,0.465367508748988,2.0068216833608,0,267.161443506003,60.6481711487664,6.35251395457991e-10,1,0.985851760404455,0,0.0115742389446876,-0.000361806278882604,0,0,0
92.775,9492.91561318277,2.0083726482427,9500,9492.17682200563,2.34663791775648,2.0083726482427,0,15.8962152616716,11.2382812976367,16,1503.01235607484,16999.0234650262,-15405.7490915465,2.0083726482427,1.5418159808907,1.54382560535174,-0.00200962446104502,8.4288375163825,0.470575916274097,2.0083726482427,0,267.161443506003,60.6481711487664,6.65488049844689e-10,1,0.985875426096485,0,0.0113177099841082,-0.00401924892209005,0,0,0
92.79,9493.1540564117,2.00986711933633,9500,9492.36828897408,2.34764320107935,2.00986711933633,0,16.5594460997302,11.2156810741355,16,1503.01235607484,17006.3397203212,-15409.2969865217,2.00986711933633,1.5418159808907,1.54562485455136,-0.00380887366065785,9.38787482401156,0.475668885766946,2.00986711933633,0,267.161443506003,60.6481711487664,6.93539262301977e-10,1,0.985900189333565,0,0.0110427979631726,-0.0076177473213157,0,0,0
92.805,9493.4024481032,2.01130304720092,9500,9492.57193042763,2.34819572606564,2.01130304720092,0,17.1807046278211,11.1942501561071,16,1503.01235607484,17013.4585926232,-15412.8855488247,2.01130304720092,1.5418159808907,1.54739152016077,-0.00557553927007626,10.314306268315,0.480638144850373,2.01130304720092,0,267.161443506003,60.6481711487664,7.19382414840453e-10,1,0.985925985756358,0,0.0107502890809967,-0.0111510785401525,0,0,0
92.82,9493.66015867261,2.01267852249993,9500,9492.78716946473,2.34830101165368,2.01267852249993,0,17.7594213582753,11.1740105395153,16,1503.01235607484,17020.3693692384,-15416.5073140214,2.01267852249993,1.5418159808907,1.54912259755449,-0.00730661666379695,11.2068368957502,0.485475774936822,2.01267852249993,0,267.161443506003,60.6481711487664,7.43001929992037e-10,1,0.9859527499801,0,0.0104409910984813,-0.0146132333275939,0,0,0
92.835,9493.92654999299,2.01399177732262,9500,9493.01341553031,2.34796535617346,2.01399177732262,0,18.2951151667307,11.1549816604208,16,1503.01235607484,17027.0618774877,-15420.1548586533,2.01399177732262,1.5418159808907,1.55081519314031,-0.00899921224960787,12.0642568529323,0.490174220931139,2.01399177732262,0,267.161443506003,60.6481711487664,7.64392362171476e-10,1,0.985980415732876,0,0.010115731689688,-0.0179984244992157,0,0,0
92.85,9494.20097672049,2.01524118620194,9500,9493.2500657405,2.34719581394959,2.01524118620194,0,18.7873927290417,11.1371804148342,16,1503.01235607484,17033.5264943102,-15423.8208128335,2.01524118620194,1.5418159808907,1.55246652833082,-0.0106505474401271,12.8854420961381,0.494726300191498,2.01524118620194,0,267.161443506003,60.6481711487664,7.8355587984165e-10,1,0.986008915993274,0,0.0097753567658696,-0.0213010948802541,0,0,0
92.865,9494.48278761143,2.01642526693205,9500,9493.49650620735,2.34600017090506,2.01642526693205,0,19.2359478532899,11.1206211809998,16,1503.01235607484,17039.7541550963,-15427.4978726531,2.01642526693205,1.5418159808907,1.55407394323809,-0.0122579623473931,13.669354947168,0.49912521073614,2.01642526693205,0,267.161443506003,60.6481711487664,8.00502108693973e-10,1,0.986038183127156,0,0.00942072881656708,-0.0245159246947861,0,0,0
92.88,9494.77132682922,2.01754268111481,9500,9493.75211336173,2.34438691922285,2.01754268111481,0,19.6405606678946,11.1053158452168,16,1503.01235607484,17045.7363614527,-15431.1788123228,2.01754268111481,1.5418159808907,1.55563490013044,-0.0138189192397409,14.415044496342,0.503364538703595,2.01754268111481,0,267.161443506003,60.6481711487664,8.15248711789939e-10,1,0.986068149023397,0,0.00905272520873246,-0.0276378384794818,0,0,0
92.895,9495.06593523924,2.01859223445761,9500,9494.016255272,2.34236523111987,2.01859223445761,0,20.001096679319,11.0912738306881,16,1503.01235607484,17051.465187973,-15434.8564960519,2.01859223445761,1.5418159808907,1.557146986631,-0.0153310057403062,15.1216468557323,0.507438265047524,2.01859223445761,0,267.161443506003,60.6481711487664,8.27820936297022e-10,1,0.986098745228356,0,0.00867223651631699,-0.0306620114806124,0,0,0
92.91,9495.36595168943,2.01957287686481,9500,9494.28829295651,2.33994493178897,2.01957287686481,0,20.3175057263067,11.0785021285647,16,1503.01235607484,17056.9332881878,-15438.5238896835,2.01957287686481,1.5418159808907,1.55860791864358,-0.0167919377528796,15.7883852651522,0.511340771479867,2.01957287686481,0,267.161443506003,60.6481711487664,8.38248358005975e-10,1,0.986129903078876,0,0.0082801648016646,-0.0335838755057591,0,0,0
92.925,9495.67071427533,2.02048370225618,9500,9494.56758168788,2.33713647156607,2.02048370225618,0,20.5898207927202,11.0670053322451,16,1503.01235607484,17062.1338994019,-15442.1740720152,2.02048370225618,1.5418159808907,1.56001554302826,-0.0181995621375646,16.4145700530002,0.515066845640616,2.02048370225618,0,267.161443506003,60.6481711487664,8.46568558270484e-10,1,0.986161553833656,0,0.00787742193116392,-0.0363991242751291,0,0,0
92.94,9495.97956158722,2.02132394817822,9500,9494.85347228708,2.3339508973777,2.02132394817822,0,20.8181567183355,11.0567856737089,16,1503.01235607484,17067.0608466788,-15445.8002458412,2.02132394817822,1.5418159808907,1.56136784000176,-0.0195518591110584,16.999598455659,0.51861168550964,2.02132394817822,0,267.161443506003,60.6481711487664,8.52824605670838e-10,1,0.986193628802782,0,0.00746492786178221,-0.0391037182221168,0,0,0
92.955,9496.29183393799,2.02209299518119,9500,9495.14531240533,2.33039982352669,2.02209299518119,0,21.0027087941736,11.0478430622832,16,1503.01235607484,17071.708545856,-15449.3957486787,2.02209299518119,1.5418159808907,1.56266292526917,-0.0208469443784727,17.5429542974978,0.521970903047442,2.02209299518119,0,267.161443506003,60.6481711487664,8.57062834159846e-10,1,0.986226059475236,0,0.00704360894019906,-0.0416938887569454,0,0,0
92.97,9496.60687456991,2.02279036595891,9500,9495.44244779204,2.3264954018722,2.02279036595891,0,21.1437512406337,11.0401751258366,16,1503.01235607484,17076.0720055589,-15452.9540631591,2.02279036595891,1.5418159808907,1.56389905189186,-0.0220830710011595,18.0442075350875,0.525140527070532,2.02279036595891,0,267.161443506003,60.6481711487664,8.59336371578851e-10,1,0.986258777644224,0,0.00661439619772564,-0.0441661420023189,0,0,0
92.985,9496.92403083852,2.0234157242921,9500,9495.74422354686,2.32225029146131,2.0234157242921,0,21.2416355942337,11.0337772536458,16,1503.01235607484,17080.1468283761,-15456.4688271008,2.0234157242921,1.5418159808907,1.56507461186975,-0.0232586309790528,18.5030136685176,0.528117005359508,2.0234157242921,0,267.161443506003,60.6481711487664,8.59701001596283e-10,1,0.986291715530138,0,0.00617822364631504,-0.0465172619581056,0,0,0
93,9497.24265537243,2.02396887374843,9500,9496.04998535408,2.31767762766985,2.02396887374843,0,21.2967889767518,11.0286426417106,16,1503.01235607484,17083.9292109899,-15459.9338432085,2.02396887374843,1.5418159808907,1.566188137462,-0.0243721565713064,18.9191130225493,0.53089720600035,2.02396887374843,0,267.161443506003,60.6481711487664,8.58216628816598e-10,1,0.986324805900993,0,0.00573602658596539,-0.0487443131426128,0,0,0
93.015,9497.56210720708,2.02444975617768,9500,9496.35908069771,2.31279099090887,2.02444975617768,0,21.309712270406,11.0247623398241,16,1503.01235607484,17087.4159434087,-15463.3430884148,2.02444975617768,1.5418159808907,1.56723830222922,-0.0254223213385254,19.2923299014518,0.533478417964034,2.02444975617768,0,267.161443506003,60.6481711487664,8.54946090760606e-10,1,0.986357982190179,0,0.00528873991627665,-0.0508446426770508,0,0,0
93.03,9497.88175289114,2.02485845002076,9500,9496.67086005545,2.30760437495452,2.02485845002076,0,21.2809782111062,11.0221253000628,16,1503.01235607484,17090.604407369,-15466.6907228626,2.02485845002076,1.5418159808907,1.56822392178885,-0.0264079408981481,19.6225716202191,0.535858350926359,2.02485845002076,0,267.161443506003,60.6481711487664,8.49953823723533e-10,1,0.986391178611364,0,0.00483729645256026,-0.0528158817962963,0,0,0
93.045,9498.2009675643,2.02519516836002,9500,9496.98467806998,2.30213215495923,2.02519516836002,0,21.211229359759,11.0207184279405,16,1503.01235607484,17093.4925736007,-15469.9710984533,2.02519516836002,1.5418159808907,1.56914395432104,-0.0273279734303453,19.9098274151854,0.538035134330011,2.02519516836002,0,267.161443506003,60.6481711487664,8.4330850735228e-10,1,0.986424330270427,0,0.00438262526242994,-0.0546559468606906,0,0,0
93.06,9498.5191360047,2.02546025685496,9500,9497.29989469605,2.29638905519935,2.02546025685496,0,21.1011760357318,11.0205266337482,16,1503.01235607484,17096.0789985357,-15473.1787670637,2.02546025685496,1.5418159808907,1.56999750075762,-0.0281815198669186,20.15416723845,0.540007315698104,2.02546025685496,0,267.161443506003,60.6481711487664,8.35079374109699e-10,1,0.986457373274234,0,0.00392565000894129,-0.0563630397338373,0,0,0
93.075,9498.83565364524,2.02565419139432,9500,9497.6158763217,2.29039011661861,2.02565419139432,0,20.9515941116497,11.0215328870064,16,1503.01235607484,17098.3628197311,-15476.3084882768,2.02565419139432,1.5418159808907,1.57078380473995,-0.0289678238492532,20.355740438021,0.541773858202128,2.02565419139432,0,267.161443506003,60.6481711487664,8.25335909273778e-10,1,0.986490244836191,0,0.00346728732212953,-0.0579356476985065,0,0,0
93.09,9499.14992755691,2.02577757563316,9500,9497.93199686231,2.28415066422095,2.02577757563316,0,20.763322773708,11.0237182711434,16,1503.01235607484,17100.3437507207,-15479.3552367498,2.02577757563316,1.5418159808907,1.57150225226801,-0.0296862713773098,20.5147743290004,0.543334137497086,2.02577757563316,0,267.161443506003,60.6481711487664,8.14151232888974e-10,1,0.986522883378364,0,0.00300844518085874,-0.0593725427546197,0,0,0
93.105,9499.46137739852,2.02583113830507,9500,9498.24763882595,2.27768627437137,2.02583113830507,0,20.5372621851407,11.0270620403311,16,1503.01235607484,17102.0220748338,-15482.3142091151,2.02583113830507,1.5418159808907,1.57215237109775,-0.0303363902070521,20.6315726577537,0.544687937828473,2.02583113830507,0,267.161443506003,60.6481711487664,8.01595615071176e-10,1,0.986555228630109,0,0.00255002131641557,-0.0606727804141043,0,0,0
93.12,9499.76943633129,2.02581573036988,9500,9498.56219434877,2.27101274205918,2.02581573036988,0,20.2743710889602,11.031541677469,16,1503.01235607484,17103.3986382221,-15485.1808304479,2.02581573036988,1.5418159808907,1.57273382986153,-0.0309178489708362,20.7065139636392,0.54583544742086,2.02581573036988,0,267.161443506003,60.6481711487664,7.87742951516533e-10,1,0.986587221723063,0,0.00209290165881537,-0.0618356979416723,0,0,0
93.135,9500.07355189763,2.02573232201097,9500,9498.87506619906,2.26414604817906,2.02573232201097,0,19.975664353427,11.0371329531309,16,1503.01235607484,17104.4748421115,-15487.950760302,2.02573232201097,1.5418159808907,1.57324643691423,-0.0314304560235283,20.7400498418563,0.546777253167327,2.02573232201097,0,267.161443506003,60.6481711487664,7.72664723087522e-10,1,0.986618805282399,0,0.00163795878367456,-0.0628609120470567,0,0,0
93.15,9500.37318686293,2.02558199942218,9500,9499.18566874892,2.25710232688411,2.02558199942218,0,19.6422104308184,11.0438099865509,16,1503.01235607484,17105.2526340453,-15490.6198982462,2.02558199942218,1.5418159808907,1.57369013893495,-0.0318741580442499,20.7327031113684,0.54751433461998,2.02558199942218,0,267.161443506003,60.6481711487664,7.56432643836947e-10,1,0.98664992351426,0,0.00118605042483577,-0.0637483160884997,0,0,0
93.165,9500.66782001939,2.02536596147882,9500,9499.49342891214,2.24989783306439,2.02536596147882,0,19.2751287841935,11.0515453070883,16,1503.01235607484,17105.7344984975,-15493.1843889698,2.02536596147882,1.5418159808907,1.57406501925221,-0.0322490383615173,20.6850658921046,0.548048057311156,2.02536596147882,0,267.161443506003,60.6481711487664,7.39118511524617e-10,1,0.986680522289232,0,0.000738017992803153,-0.0644980767230345,0,0,0
93.18,9500.95694695116,2.02508551621838,9500,9499.79778704747,2.24254891000487,2.02508551621838,0,18.8755872406239,11.0603099175169,16,1503.01235607484,17105.9234465414,-15495.6406268801,2.02508551621838,1.5418159808907,1.57437129593082,-0.0325553150401197,20.5977975947436,0.548380165407918,2.02508551621838,0,267.161443506003,60.6481711487664,7.20791998841195e-10,1,0.986710549221805,0,0.000294685149286877,-0.0651106300802393,0,0,0
93.195,9501.24008075976,2.02474207721446,9500,9500.09819782601,2.2350719572744,2.02474207721446,0,18.4447993196095,11.0700733577693,16,1503.01235607484,17105.8230049125,-15497.9852602533,2.02474207721446,1.5418159808907,1.57460931959136,-0.032793338700666,20.4716228276367,0.548512773725097,2.02474207721446,0,267.161443506003,60.6481711487664,7.01523154517609e-10,1,0.986739953745724,0,-0.000143143585229488,-0.0655866774013321,0,0,0
93.21,9501.51675274956,2.02433715975135,9500,9500.39413106183,2.22748339889865,2.02433715975135,0,17.9840214833374,11.080803770812,16,1503.01235607484,17105.4372040692,-15500.215194846,2.02433715975135,1.5418159808907,1.57477957101624,-0.0329635901255447,20.3073292239882,0.548448359111743,2.02433715975135,0,267.161443506003,60.6481711487664,6.81380048731022e-10,1,0.986768687185158,0,-0.000574684175680629,-0.0659271802510895,0,0,0
93.225,9501.78651307181,2.02387237692888,9500,9500.68507250498,2.21979965186572,2.02387237692888,0,17.4945503847999,11.0924679684925,16,1503.01235607484,17104.7705657837,-15502.3275970683,2.02387237692888,1.5418159808907,1.57488265848795,-0.0330666775972532,20.1057651947827,0.548189751232687,2.02387237692888,0,267.161443506003,60.6481711487664,6.60428332738692e-10,1,0.986796702821605,0,-0.000999174369897382,-0.0661333551945065,0,0,0
93.24,9502.04893132758,2.02334943557437,9500,9500.97052459588,2.21203709501656,2.02334943557437,0,16.9777200423577,11.1050314995688,16,1503.01235607484,17103.8280897428,-15504.3198966028,2.02334943557437,1.5418159808907,1.57491931493198,-0.0331033340412801,19.8678376098271,0.547740122766233,2.02334943557437,0,267.161443506003,60.6481711487664,6.38733887535421e-10,1,0.986823955956497,0,-0.0014158749529587,-0.0662066680825601,0,0,0
93.255,9502.30359712822,2.02277013206585,9500,9501.25000718048,2.20421203836727,2.02277013206585,0,16.434899002262,11.1184587182099,16,1503.01235607484,17102.6152395867,-15506.1897885483,2.02277013206585,1.5418159808907,1.57489039482182,-0.0330744139311236,19.5945094124548,0.547102979037402,2.02277013206585,0,267.161443506003,60.6481711487664,6.16360324360328e-10,1,0.98685040396941,0,-0.00182407094058612,-0.0661488278622473,0,0,0
93.27,9502.55012061325,2.0221363480449,9500,9501.52305818531,2.19634069291244,2.0221363480449,0,15.8674874765359,11.1327128534315,16,1503.01235607484,17101.1379282864,-15507.9352350619,2.0221363480449,1.5418159808907,1.57479687087067,-0.0329808899799688,19.2867971709771,0.546282147114138,2.0221363480449,0,267.161443506003,60.6481711487664,5.93369427907931e-10,1,0.986876006371849,0,-0.0022230727225836,-0.0659617799599377,0,0,0
93.285,9502.7881329254,2.02145004597715,9500,9501.78923425179,2.18843914095671,2.02145004597715,0,15.2769144314988,11.1477560802786,16,1503.01235607484,17099.4025026786,-15509.5544664545,2.02145004597715,1.5418159808907,1.57463983054196,-0.0328238496512596,18.9457685710578,0.545281764388976,2.02145004597715,0,267.161443506003,60.6481711487664,5.698205704297e-10,1,0.986900724856582,0,-0.00261221714086846,-0.0656476993025192,0,0,0
93.3,9503.01728664187,2.02071326465743,9500,9502.04811132929,2.18052330701896,2.02071326465743,0,14.6646346844446,11.1635495911759,16,1503.01235607484,17097.4157275567,-15511.0459818149,2.02071326465743,1.5418159808907,1.57442047234512,-0.032604491454427,18.5725398539212,0.544106266675585,2.02071326465743,0,267.161443506003,60.6481711487664,5.45771890460818e-10,1,0.986924523342429,0,-0.00299086852712782,-0.065208982908854,0,0,0
93.315,9503.23725616214,2.01992811458385,9500,9502.29928522624,2.17260892935627,2.01992811458385,0,14.0321259641746,11.1800536688423,16,1503.01235607484,17095.1847689991,-15512.4085490923,2.01992811458385,1.5418159808907,1.57414010196331,-0.0323241210726144,18.1682732030168,0.542760375838377,2.01992811458385,0,267.161443506003,60.6481711487664,5.21279854214155e-10,1,0.986947368014536,0,-0.00335841964897265,-0.0646482421452288,0,0,0
93.33,9503.4477380516,2.01909677325351,9500,9502.54237211891,2.16471153214948,2.01909677325351,0,13.3808859648747,11.1972277599545,16,1503.01235607484,17092.7171771398,-15513.6412046742,2.01909677325351,1.5418159808907,1.57380012820746,-0.0319841473167659,17.7341740845844,0.54124908699634,2.01909677325351,0,267.161443506003,60.6481711487664,4.9639852354514e-10,1,0.986969227360064,0,-0.00371429261926259,-0.0639682946335318,0,0,0
93.345,9503.64845134107,2.01822148037096,9500,9502.77700901744,2.15684639839388,2.01822148037096,0,12.7124293896963,11.2150305498012,16,1503.01235607484,17090.0208683494,-15514.7432524494,2.01822148037096,1.5418159808907,1.5734020588094,-0.0315860779187054,17.2714885453445,0.539577655317672,2.01822148037096,0,267.161443506003,60.6481711487664,4.71180147120419e-10,1,0.986990072199294,0,-0.00405793972639445,-0.0631721558374108,0,0,0
93.36,9503.83913778192,2.0173045329802,9500,9503.00285418864,2.14902854353615,2.0173045329802,0,12.0282868384899,11.2334200432542,15,1503.01235607484,17087.1040947258,-15515.7142397086,2.0173045329802,1.5418159808907,1.57294749606634,-0.0311315151756439,16.7815004716463,0.537751582440794,2.0173045329802,0,267.161443506003,60.6481711487664,9.96112292786481e-10,1,0.987009875712122,0,-0.00438884419814056,-0.0622630303512879,0,0,0
93.375,9504.01956208449,2.01634828054626,9500,9503.21958753538,2.14127268989802,2.01634828054626,0,11.3299943269748,11.2523536191571,15,1503.01235607484,17083.9754746336,-15516.5540473668,2.01634828054626,1.5418159808907,1.57243813233873,-0.0306221514480347,16.2655288138791,0.535776602551631,2.01634828054626,0,267.161443506003,60.6481711487664,9.38865846220191e-10,1,0.987028613462823,0,-0.00470652090559209,-0.0612443028960694,0,0,0
93.39,9504.1895119994,2.01535511957769,9500,9503.42691093946,2.13359324174272,2.01535511957769,0,10.6191015973615,11.2717881466132,15,1503.01235607484,17080.643896435,-15517.2627465632,2.01535511957769,1.5418159808907,1.57187574561926,-0.0300597647285588,15.724924886297,0.533658668144114,2.01535511957769,0,267.161443506003,60.6481711487664,8.81127438148301e-10,1,0.987046263408488,0,-0.00501051698466037,-0.0601195294571175,0,0,0
93.405,9504.34879852336,2.01432748949979,9500,9503.62454853666,2.12600426180628,2.01432748949979,0,9.89716190953767,11.2916800253011,15,1503.01235607484,17077.1185534694,-15517.8406917973,2.01432748949979,1.5418159808907,1.57126219433666,-0.0294462134459645,15.1610692642045,0.531403935501017,2.01432748949979,0,267.161443506003,60.6481711487664,8.23018826054199e-10,1,0.987062805920407,0,-0.00530041238063994,-0.0588924268919291,0,0,0
93.42,9504.497255952,2.01326786698794,9500,9503.81224697384,2.11851944807727,2.01326786698794,0,9.16573074768513,11.3119852794111,15,1503.01235607484,17073.408908432,-15518.2884927933,2.01326786698794,1.5418159808907,1.57059941280694,-0.0287834319162434,14.5753691033206,0.529018749929729,2.01326786698794,0,267.161443506003,60.6481711487664,7.64637888244886e-10,1,0.987078223789551,0,-0.00557582034317194,-0.0575668638324869,0,0,0
93.435,9504.63474191322,2.01217876081118,9500,9503.98977561314,2.11115211172892,2.01217876081118,0,8.42636288134668,11.3326596373133,15,1503.01235607484,17069.5246725613,-15518.6070105344,2.01217876081118,1.5418159808907,1.5698894063181,-0.0280734254274075,13.9692552709838,0.526509630775302,2.01217876081118,0,267.161443506003,60.6481711487664,7.06079790699757e-10,1,0.987092502230034,0,-0.00583638783677576,-0.0561468508548151,0,0,0
93.45,9504.76113735644,2.01106270666791,9500,9504.15692669189,2.10391515602228,2.01106270666791,0,7.68060945717297,11.3536586114133,15,1503.01235607484,17065.4757845325,-15518.7973528364,2.01106270666791,1.5418159808907,1.56913424612647,-0.0273182652357711,13.3441794590916,0.523883256248753,2.01106270666791,0,267.161443506003,60.6481711487664,6.47436260288796e-10,1,0.987105628878002,0,-0.00608179587533741,-0.0546365304715422,0,0,0
93.465,9504.87634649829,2.00992226202295,9500,9504.31351543824,2.09682105621205,2.00992226202295,0,6.93001512690628,11.3749375781065,15,1503.01235607484,17061.2723891002,-15518.8608694689,2.00992226202295,1.5418159808907,1.568336064377,-0.0265200834863,12.7016112837001,0.521146448104851,2.00992226202295,0,267.161443506003,60.6481711487664,5.88795592624211e-10,1,0.987117593785987,0,-0.00631175979439647,-0.0530401669725999,0,0,0
93.48,9504.9802967252,2.0087600009287,9500,9504.45938014284,2.08988184048478,2.0087600009287,0,6.17611520062056,11.3964518581902,15,1503.01235607484,17056.9248154186,-15518.7991468154,2.0087600009287,1.5418159808907,1.56749704897038,-0.0256810680796851,12.0430353763797,0.518306156197372,2.0087600009287,0,267.161443506003,60.6481711487664,5.30242806715073e-10,1,0.987128389412791,0,-0.00652602943493363,-0.0513621361593701,0,0,0
93.495,9505.07293845321,2.00757850885709,9500,9504.59438218661,2.08310907195595,2.00757850885709,0,5.42043283900827,11.418156797326,15,1503.01235607484,17052.443555146,-15518.614002098,2.00757850885709,1.5418159808907,1.56661943838333,-0.0248034574926304,11.3699484727986,0.515369442951652,2.00757850885709,0,267.161443506003,60.6481711487664,4.71859065259279e-10,1,0.987138010608933,0,-0.00672438926346919,-0.0496069149852607,0,0,0
93.51,9505.15424494579,2.00638037751941,9500,9504.71840602505,2.07651383175116,2.00638037751941,0,4.66447451923458,11.440007837855,14,1503.01235607484,17047.8392515571,-15518.3074984267,2.00638037751941,1.5418159808907,1.56570551646788,-0.0238895355771875,10.6838565036549,0.512343467783091,2.00638037751941,0,267.161443506003,60.6481711487664,9.2700574208701e-10,1,0.987146454597723,0,-0.00690665842597049,-0.0477790711543751,0,0,0
93.525,9505.22421206358,2.00516819972634,9500,9504.83135912935,2.07010670319517,2.00516819972634,0,3.90973458032838,11.4619606364459,14,1503.01235607484,17043.1226303023,-15517.8818498745,2.00516819972634,1.5418159808907,1.56475760721858,-0.022941626327883,9.98627169258624,0.509235471491404,2.00516819972634,0,267.161443506003,60.6481711487664,7.97580210353984e-10,1,0.987153720949271,0,-0.00707269069782357,-0.045883252655766,0,0,0
93.54,9505.28285808228,2.00394456459878,9500,9504.93317187792,2.06389775730471,2.00394456459878,0,3.15768141978588,11.4839710827256,14,1503.01235607484,17038.3045513283,-15517.3395520347,2.00394456459878,1.5418159808907,1.56377806937535,-0.0219620884846512,9.27870956458457,0.506052760677384,2.00394456459878,0,267.161443506003,60.6481711487664,6.6904460564438e-10,1,0.98715981156158,0,-0.00722237439740914,-0.0439241769693024,0,0,0
93.555,9505.33022330358,2.00271205157857,9500,9505.02379742886,2.05789653884685,2.00271205157857,0,2.40976214376059,11.5059954333007,14,1503.01235607484,17033.395932156,-15516.6832790151,2.00271205157857,1.5418159808907,1.56276929164604,-0.0209533107553401,8.56268633489881,0.50280269219855,2.00271205157857,0,267.161443506003,60.6481711487664,5.41521980319183e-10,1,0.987164730620131,0,-0.00735563222400115,-0.0419066215106803,0,0,0
93.57,9505.36636973574,2.00147322598486,9500,9505.10321152461,2.0521120542146,2.00147322598486,0,1.66739995771079,11.5279903672234,13,1503.01235607484,17028.4077294689,-15515.915880013,2.00147322598486,1.5418159808907,1.56173368719249,-0.0199177063017955,7.83971587580837,0.499492657697749,2.00147322598486,0,267.161443506003,60.6481711487664,9.30153811969268e-10,1,0.987168484564721,0,-0.00747242100142875,-0.0398354126035909,0,0,0
93.585,9505.3913807351,2.00023063402644,9500,9505.1714122645,2.04655276026527,2.00023063402644,0,0.931984522751438,11.5499130827807,13,1503.01235607484,17023.3509651277,-15515.0404603067,2.00023063402644,1.5418159808907,1.56067368844638,-0.0188577075556826,7.11130688031172,0.496130068247106,2.00023063402644,0,267.161443506003,60.6481711487664,6.50089444302675e-10,1,0.987171082052222,0,-0.00757273137625147,-0.0377154151113652,0,0,0
93.6,9505.40536050294,1.99898679756436,9500,9505.22841984327,2.0412265541918,1.99898679756436,0,0.204878989729945,11.5717213194474,12,1503.01235607484,17018.2366342506,-15514.0602494832,1.99898679756436,1.5418159808907,1.55959174211776,-0.0177757612270635,6.37896015245546,0.492722339127793,1.99898679756436,0,267.161443506003,60.6481711487664,8.38024597775585e-10,1,0.987172533904334,0,-0.00765658743546016,-0.035551522454127,0,0,0
93.615,9505.40843368779,1.9977442101375,9500,9505.27427622698,2.03614076518101,1.9977442101375,0,-0.512581633230579,11.5933735934755,12,1503.01235607484,17013.0756930832,-15512.9785987225,1.9977442101375,1.5418159808907,1.55849030365821,-0.0166743227675146,5.64416557317058,0.489276874781836,1.9977442101375,0,267.161443506003,60.6481711487664,2.43109612097713e-10,1,0.987172853066279,0,-0.00772404623977829,-0.0333486455350291,0,0,0
93.63,9505.40074496329,1.99650533193108,9500,9505.30904480992,2.0313021467991,1.99650533193108,0,-1.21910769838477,11.614828923377,11,1503.01235607484,17007.8791167303,-15511.7991365511,1.99650533193108,1.5418159808907,1.55737183235747,-0.0155558514667757,4.90839945612161,0.485801053973936,1.99650533193108,0,267.161443506003,60.6481711487664,8.52949011531408e-10,1,0.987172054562969,0,-0.00777519731620702,-0.0311117029335515,0,0,0
93.645,9505.38245834782,1.9952725839908,9500,9505.33281005092,2.02671687015413,1.9952725839908,0,-1.91343626776535,11.6360476658372,13,1503.01235607484,17002.6577646454,-15510.5255284062,1.9952725839908,1.5418159808907,1.55623878693147,-0.0144228060407716,4.17312218667071,0.482302215181643,1.9952725839908,0,267.161443506003,60.6481711487664,4.34445337950271e-10,1,0.987170155428335,0,-0.00781016211280083,-0.0288456120815432,0,0,0
93.66,9505.3537568038,1.99404834500947,9500,9505.34567702766,2.0223905194165,1.99404834500947,0,-2.59435486068772,11.6569903202045,13,1503.01235607484,16997.4224522788,-15509.1616834138,1.99404834500947,1.5418159808907,1.55509361994675,-0.0132776390560554,3.439775172188,0.478787642230882,1.99404834500947,0,267.161443506003,60.6481711487664,6.94804286852592e-10,1,0.987167174663721,0,-0.00782909332596682,-0.0265552781121108,0,0,0
93.675,9505.31484148089,1.99283494560466,9500,9505.34777100265,2.01832808737653,1.99283494560466,0,-3.26068578339385,11.6776188863479,13,1503.01235607484,16992.1838629869,-15507.7115772994,1.99283494560466,1.5418159808907,1.55393877365082,-0.0121227927601193,2.70977863945568,0.475264550234197,1.99283494560466,0,267.161443506003,60.6481711487664,9.50278248162057e-10,1,0.987163133159286,0,-0.00783217423536797,-0.0242455855202386,0,0,0
93.69,9505.26593119414,1.99163466535069,9500,9505.33923690546,2.01453397345246,1.99163466535069,0,-3.91129439389498,11.6978962654673,14,1503.01235607484,16986.9525474194,-15506.179298854,1.99163466535069,1.5418159808907,1.55277667457484,-0.0109606936841451,1.98452868543726,0.471740071828282,1.99163466535069,0,267.161443506003,60.6481711487664,5.35283889479342e-10,1,0.987158053639805,0,-0.00781961791001939,-0.0219213873682902,0,0,0
93.705,9505.20726177823,1.99044972810417,9500,9505.32023881405,2.0110119821136,1.99044972810417,0,-4.54509802977559,11.717786413607,14,1503.01235607484,16981.7389497827,-15504.5691270351,1.99044972810417,1.5418159808907,1.55160972916835,-0.00979374827764801,1.26539496469541,0.468221243768773,1.99044972810417,0,267.161443506003,60.6481711487664,6.44404657421183e-10,1,0.987151960597607,0,-0.00779166641156825,-0.019587496555296,0,0,0
93.72,9505.13908530778,1.9892822975352,9500,9505.29095940301,2.00776532252847,1.9892822975352,0,-5.16105551467356,11.7372545085231,14,1503.01235607484,16976.5533060371,-15502.8853695662,1.9892822975352,1.5418159808907,1.55044031951023,-0.00862433861953282,0.553718403025783,0.464714993883567,1.9892822975352,0,267.161443506003,60.6481711487664,7.50983951626247e-10,1,0.987144880211603,0,-0.0077485899390668,-0.0172486772390656,0,0,0
93.735,9505.06166947506,1.98813447432056,9500,9505.2515993328,2.0047966101272,1.98813447432056,0,-5.75817610927258,11.7562669351922,14,1503.01235607484,16971.4056783325,-15501.132448319,1.98813447432056,1.5418159808907,1.54927079838126,-0.00745481749056265,-0.149191454595951,0.461228128410987,1.98813447432056,0,267.161443506003,60.6481711487664,8.54861767386805e-10,1,0.987136840282652,0,-0.00769068587901289,-0.0149096349811253,0,0,0
93.75,9504.97529683343,1.98700829192328,9500,9505.20237663605,2.00210786869791,1.98700829192328,0,-6.33551950362494,11.7747913710098,14,1503.01235607484,16966.305921677,-15499.3148659798,1.98700829192328,1.5418159808907,1.54810348525712,-0.00628750436642367,-0.842058553506784,0.457767319765432,1.98700829192328,0,267.161443506003,60.6481711487664,9.55916884582502e-10,1,0.987127870154995,0,-0.00761827785133384,-0.0125750087328473,0,0,0
93.765,9504.88026404087,1.98590571311469,9500,9505.1435260667,1.99970053388315,1.98590571311469,0,-6.89219916389622,11.792796839219,15,1503.01235607484,16961.2636781304,-15497.4372193014,1.98590571311469,1.5418159808907,1.54694066214486,-0.00512468125416721,-1.5236425178834,0.454339094732331,1.98590571311469,0,267.161443506003,60.6481711487664,4.7028648578373e-10,1,0.987118000637697,0,-0.00753171468820035,-0.0102493625083344,0,0,0
93.78,9504.77688105341,1.98482862663688,9500,9505.07529842193,1.99757545785981,1.98482862663688,0,-7.42737604908066,11.8102537807329,15,1503.01235607484,16956.2883083445,-15495.5040949378,1.98482862663688,1.5418159808907,1.54578456957893,-0.00396858868822925,-2.1927407591104,0.450949823122641,1.98482862663688,0,267.161443506003,60.6481711487664,5.12764440140722e-10,1,0.987107263920869,0,-0.00743136938955957,-0.00793717737645849,0,0,0
93.795,9504.66547041268,1.9837788445048,9500,9504.99795983066,1.9957329153733,1.9837788445048,0,-7.94027070440223,11.8271340756653,15,1503.01235607484,16951.3889498246,-15493.52019647,1.9837788445048,1.5418159808907,1.54463740253232,-0.00282142164162003,-2.84819060873758,0.447605706897339,1.9837788445048,0,267.161443506003,60.6481711487664,5.53827779194728e-10,1,0.987095693501687,0,-0.00731763799519825,-0.00564284328324005,0,0,0
93.81,9504.54636635211,1.98275809821219,9500,9504.91179104187,1.99417261031153,1.98275809821219,0,-8.43015754124744,11.8434111212426,15,1503.01235607484,16946.5744485394,-15491.4902434879,1.98275809821219,1.5418159808907,1.5435013071297,-0.00168532623900264,-3.48887098333047,0.4443127697995,1.98275809821219,0,267.161443506003,60.6481711487664,5.93446363509722e-10,1,0.987083324091566,0,-0.00719093847697083,-0.00337065247800528,0,0,0
93.825,9504.41991398899,1.9817680365849,9500,9504.81708666571,1.99289368401106,1.9817680365849,0,-8.89636720646714,11.8590598633208,15,1503.01235607484,16941.8533571995,-15489.4189833245,1.9817680365849,1.5418159808907,1.54237837678603,-0.00056239589532936,-4.11370437695058,0.441076847484863,1.9817680365849,0,267.161443506003,60.6481711487664,6.31573843617285e-10,1,0.987070191532251,0,-0.00705170955473777,-0.00112479179065872,0,0,0
93.84,9504.28646848089,1.98081022332824,9500,9504.71415440188,1.99189472445553,1.98081022332824,0,-9.33828734505228,11.8740568365656,15,1503.01235607484,16937.2339204723,-15487.3111805792,1.98081022332824,1.5418159808907,1.54127064876454,0.000545332126156373,-4.72165860050718,0.437903578185231,1.98081022332824,0,267.161443506003,60.6481711487664,6.68164542872935e-10,1,0.987056332708205,0,-0.00690040948268433,0.00109066425231275,0,0,0
93.855,9504.14639417072,1.97988613481458,9500,9504.60331424938,1.99117377652606,1.97988613481458,0,-9.75536321688245,11.8883802003467,15,1503.01235607484,16932.7240611584,-15485.1716067629,1.97988613481458,1.5418159808907,1.54018010088777,0.00163588000292947,-5.31174841125752,0.434798393918023,1.97988613481458,0,267.161443506003,60.6481711487664,7.03174631947405e-10,1,0.987041785457829,0,-0.00673751482257545,0.00327176000585894,0,0,0
93.87,9504.00006372247,1.97899715804777,9500,9504.4848976995,1.99072835327048,1.97899715804777,0,-10.147098205812,11.9020097714122,15,1503.01235607484,16928.3313670766,-15483.0050300311,1.97899715804777,1.5418159808907,1.53910864843609,0.00270733245460564,-5.88303702926004,0.431766512247864,1.97899715804777,0,267.161443506003,60.6481711487664,7.36562129184815e-10,1,0.987026588483696,0,-0.00656351917136799,0.00541466490921128,0,0,0
93.885,9503.84785724938,1.97814458888485,9500,9504.35924691392,1.99055544815401,1.97814458888485,0,-10.5130541747436,11.9149270518789,15,1503.01235607484,16924.0630790128,-15480.8162050939,1.97814458888485,1.5418159808907,1.53805814120399,0.00375783968670262,-6.43463753689706,0.428812928620749,1.97814458888485,0,267.161443506003,60.6481711487664,7.68285432738945e-10,1,0.987010781262013,0,-0.0063789318842189,0.00751567937340525,0,0,0
93.9,9503.69016143676,1.97732963045518,9500,9504.22671388999,1.99065154825558,1.97732963045518,0,-10.8528517028334,11.9271152535478,15,1503.01235607484,16919.9260794937,-15478.6098632744,1.97732963045518,1.5418159808907,1.53703036074488,0.00478562014581474,-6.96571415999842,0.42594240927285,1.97732963045518,0,267.161443506003,60.6481711487664,7.98304202517283e-10,1,0.986994403951522,0,-0.00618427677389621,0.00957124029162948,0,0,0
93.915,9503.52736866122,1.97655339182524,9500,9504.08765961483,1.99101264836911,1.97655339182524,0,-11.1661701784596,11.9385593176563,15,1503.01235607484,16915.9268826008,-15476.3907027782,1.97655339182524,1.5418159808907,1.53602701778573,0.00578896310497123,-7.47548342751756,0.423159484724597,1.97655339182524,0,267.161443506003,60.6481711487664,8.26582005282558e-10,1,0.986977497302028,0,-0.00598009078903439,0.0115779262099425,0,0,0
93.93,9503.35987610854,1.97581688689212,9500,9503.94245321056,1.99163426596914,1.97581688689212,0,-11.4527477579463,11.9492459303239,15,1503.01235607484,16912.0716247696,-15474.1633791784,1.97581688689212,1.5418159808907,1.53504974982475,0.00676623106594576,-7.96321520827145,0.420468443869531,1.97581688689212,0,267.161443506003,60.6481711487664,8.53081469798639e-10,1,0.986960102562786,0,-0.00576692269058876,0.0135324621318915,0,0,0
93.945,9503.18808489217,1.97512103351684,9500,9503.79147107236,1.99251145699728,1.97512103351684,0,-11.7123811860576,11.9591635334658,15,1503.01235607484,16908.3660566298,-15471.93249615,1.97512103351684,1.5418159808907,1.53410011890701,0.00771586198368723,-8.42823362267269,0.417873328658766,1.97512103351684,0,267.161443506003,60.6481711487664,8.77769135727548e-10,1,0.986942261390954,0,-0.00554533171090776,0.0154317239673745,0,0,0
93.96,9503.01239917438,1.97446665288388,9500,9503.63509600144,1.99363883242392,1.97446665288388,0,-11.9449254863016,11.9683023313806,15,1503.01235607484,16904.815535847,-15469.7025964597,1.97446665288388,1.5418159808907,1.53317960958853,0.00863637130216288,-8.86991782759916,0.415377929388858,1.97446665288388,0,267.161443506003,60.6481711487664,9.00613253151806e-10,1,0.986924015760324,0,-0.00531588620876522,0.0172727426043258,0,0,0
93.975,9502.83322529208,1.97385446912715,9500,9503.47371633499,1.99501057553809,1.97385446912715,0,-12.1502934997455,11.9766542922812,15,1503.01235607484,16901.4250211424,-15467.4781532685,1.97385446912715,1.5418159808907,1.53228962706993,0.00952635382077172,-9.28770267292994,0.412985780594914,1.97385446912715,0,267.161443506003,60.6481711487664,9.21582463067236e-10,1,0.98690540787053,0,-0.00507916233516781,0.0190527076415434,0,0,0
93.99,9502.65097088959,1.97328510914146,9500,9503.30772507509,1.99662045991695,1.97328510914146,0,-12.3284553200535,11.984213146175,15,1503.01235607484,16898.1990671662,-15465.2635616949,1.97328510914146,1.5418159808907,1.53143149553736,0.0103844853533386,-9.68107922852113,0.410700157544088,1.97328510914146,0,267.161443506003,60.6481711487664,9.4065094235532e-10,1,0.986886480056985,0,-0.00483574267944253,0.0207689707066772,0,0,0
94.005,9502.46604405979,1.9727591026706,9500,9503.13751901849,1.99846186802323,1.9727591026706,0,-12.4794375734107,11.9909743774701,15,1503.01235607484,16895.1418206153,-15463.0631307377,1.9727591026706,1.5418159808907,1.53060645666991,0.011209524220783,-10.0495951798887,0.408524073338339,1.9727591026706,0,267.161443506003,60.6481711487664,9.57792677839198e-10,1,0.986867274701692,0,-0.00458621494498912,0.0224190484415661,0,0,0
94.02,9502.27885249619,1.9722768826021,9500,9502.9634978895,2.00052781038051,1.9722768826021,0,-12.6033225852691,11.996935213534,15,1503.01235607484,16892.2570173129,-15460.8810755155,1.9722768826021,1.5418159808907,1.52981566834154,0.0120003125491568,-10.3928550929924,0.406460276613094,1.9722768826021,0,267.161443506003,60.6481711487664,9.72986024485037e-10,1,0.98684783414517,0,-0.00433117061919353,0.0240006250983136,0,0,0
94.035,9502.08980265741,1.97183878547186,9500,9502.78606347776,2.00281094527265,1.97183878547186,0,-12.7002474325318,12.0020946091441,15,1503.01235607484,16889.5479802763,-15458.7215098429,1.97183878547186,1.5418159808907,1.52906020351735,0.0127557773733509,-10.7105205470592,0.404511249834457,1.97183878547186,0,267.161443506003,60.6481711487664,9.86210476985625e-10,1,0.986828200599698,0,-0.00407120364700209,0.0255115547467017,0,0,0
94.05,9501.89929894592,1.97144505221064,9500,9502.6056187829,2.00530359891384,1.97144505221064,0,-12.7704028651282,12.006453226261,15,1503.01235607484,16887.017618909,-15456.5884391884,1.97144505221064,1.5418159808907,1.52834104932738,0.0134749315633209,-11.002310135881,0.402679208193306,1.97144505221064,0,267.161443506003,60.6481711487664,9.97450788581098e-10,1,0.986808416064009,0,-0.00380690915071469,0.0269498631266418,0,0,0
94.065,9501.70774290294,1.97109582907685,9500,9502.42256716815,2.00799778603635,1.97109582907685,0,-12.8140302664042,12.0100134163985,16,1503.01235607484,16884.6684168404,-15454.4857311346,1.97109582907685,1.5418159808907,1.52765910633536,0.0141568745553367,-11.2679993388092,0.400966099075484,1.97109582907685,0,267.161443506003,60.6481711487664,4.50821327054477e-10,1,0.986788522239689,0,-0.00353888213551623,0.0283137491106733,0,0,0
94.08,9501.51553244895,1.97079116879075,9500,9502.23731152452,2.01088523084085,1.97079116879075,0,-12.8314278338792,12.0127791680649,16,1503.01235607484,16882.5024820634,-15452.4172005427,1.97079116879075,1.5418159808907,1.52701518799792,0.0148007928927749,-11.5074202622392,0.399373602114502,1.97079116879075,0,267.161443506003,60.6481711487664,4.54167757599032e-10,1,0.986768560452294,0,-0.00326771623217303,0.0296015857855498,0,0,0
94.095,9501.32306103144,1.97053103155551,9500,9502.05025345485,2.01395738807181,1.97053103155551,0,-12.8229381692504,12.0147561169839,16,1503.01235607484,16880.5214740264,-15450.3864660104,1.97053103155551,1.5418159808907,1.5264100204633,0.0154059604273957,-11.7204611468359,0.397903129810024,1.97053103155551,0,267.161443506003,60.6481711487664,4.56623752053646e-10,1,0.986748571562845,0,-0.00299400247675052,0.0308119208547915,0,0,0
94.11,9501.1307169589,1.97031528740947,9500,9501.86179244841,2.01720546494294,1.97031528740947,0,-12.7889537920465,12.0159514721089,16,1503.01235607484,16878.7266591675,-15448.397036649,1.97031528740947,1.5418159808907,1.52584424197905,0.0159717389116434,-11.9070661220646,0.396555828695486,1.97031528740947,0,267.161443506003,60.6481711487664,4.58177123058446e-10,1,0.986728595898655,0,-0.00271832807725358,0.0319434778232868,0,0,0
94.125,9500.93888265202,1.9701437174472,9500,9501.67232509686,2.02062044263366,1.9701437174472,0,-12.7299139820407,12.0163739911165,16,1503.01235607484,16877.1189005154,-15446.4522836447,1.9701437174472,1.5418159808907,1.52531840314281,0.0164975777478906,-12.0672344063847,0.395332581060722,1.9701437174472,0,267.161443506003,60.6481711487664,4.58828172955209e-10,1,0.986708673175569,0,-0.00244127525171978,0.0329951554957812,0,0,0
94.14,9500.74793394229,1.97001601564725,9500,9501.48224431925,2.02419309814094,1.97001601564725,0,-12.64630315229,12.0160339389845,16,1503.01235607484,16875.6986622391,-15444.5554354742,1.97001601564725,1.5418159808907,1.52483296711115,0.0169830137795512,-12.2010195492742,0.394234007197448,1.97001601564725,0,267.161443506003,60.6481711487664,4.58577202067983e-10,1,0.986688842425119,0,-0.00216342007279158,0.0339660275591025,0,0,0
94.155,9500.558239395,1.96993179092867,9500,9501.29193860618,2.02791402622828,1.96993179092867,0,-12.5386491070483,12.0149430422667,16,1503.01235607484,16874.4660153021,-15442.7095735753,1.96993179092867,1.5418159808907,1.52438830995406,0.0174276709366414,-12.3085285597768,0.393260468164692,1.96993179092867,0,267.161443506003,60.6481711487664,4.57428333623008e-10,1,0.986669141924214,0,-0.00188533137475555,0.0348553418732829,0,0,0
94.17,9500.3701596584,1.96989056936878,9500,9501.10179128436,2.03177366142291,1.96989056936878,0,-12.4075212253576,12.013114440305,16,1503.01235607484,16873.4206439427,-15440.9176284272,1.96989056936878,1.5418159808907,1.52398472117468,0.0178312597160151,-12.3899209266068,0.392412069046052,1.96989056936878,0,267.161443506003,60.6481711487664,4.55385105003195e-10,1,0.986649609127545,0,-0.00160756966099118,0.0356625194320301,0,0,0
94.185,9500.18404684002,1.96989179654219,9500,9500.9121798031,2.03576230000756,1.96989179654219,0,-12.2535285920204,12.0105626341244,16,1503.01235607484,16872.5618528296,-15439.182376013,1.96989179654219,1.5418159808907,1.52362240441426,0.0181935764764423,-12.4454075315907,0.391688662698606,1.96989179654219,0,267.161443506003,60.6481711487664,4.52455028333314e-10,1,0.986630280602822,0,-0.00133068608432274,0.0363871529528845,0,0,0
94.2,9500.00024391114,1.96993484001966,9500,9500.72347504405,2.03987012195604,1.96993484001966,0,-12.0773199057651,12.0073034263344,15,1503.01235607484,16871.8885871972,-15437.5064573677,1.96993484001966,1.5418159808907,1.52330147830655,0.0185145025841498,-12.4752494600005,0.391089853960661,1.96993484001966,0,267.161443506003,60.6481711487664,9.99506809786272e-10,1,0.986611191968917,0,-0.00105522144191705,0.0370290051682995,0,0,0
94.215,9499.81908411255,1.97001899200978,9500,9500.53604065557,2.0440872127636,1.97001899200978,0,-11.8795740437609,12.0033538883271,15,1503.01235607484,16871.3993926615,-15435.8922847181,1.97001899200978,1.5418159808907,1.52302197748706,0.0187940034036402,-12.4797567123464,0.390615004311798,1.97001899200978,0,267.161443506003,60.6481711487664,9.88854827897306e-10,1,0.986592377834156,0,-0.000781705229061735,0.0375880068072805,0,0,0
94.23,9499.64089050189,1.97014347243144,9500,9500.35023240549,2.04840358530599,1.97014347243144,0,-11.6610090444855,11.9987322606357,15,1503.01235607484,16871.0924996569,-15434.3421769144,1.97014347243144,1.5418159808907,1.52278385359968,0.0190321272910132,-12.4592869278917,0.39026323695872,1.97014347243144,0,267.161443506003,60.6481711487664,9.76285154455044e-10,1,0.986573871749304,0,-0.000510654707642777,0.0380642545820264,0,0,0
94.245,9499.46597536623,1.97030743089978,9500,9500.1663975844,2.05280920090413,1.97030743089978,0,-11.4223730188238,11.9934579311054,15,1503.01235607484,16870.9657803625,-15432.8582646642,1.97030743089978,1.5418159808907,1.52258697705629,0.0192290038344032,-12.4142436472602,0.390033442340281,1.97030743089978,0,267.161443506003,60.6481711487664,9.61851372521256e-10,1,0.98655570614656,0,-0.000242574080294045,0.0384580076688064,0,0,0
94.26,9499.29463977094,1.97050995021384,9500,9499.98487441128,2.05729399077457,1.97050995021384,0,-11.1644436117315,11.9875513575444,15,1503.01235607484,16871.0167738271,-15431.4425125613,1.97050995021384,1.5418159808907,1.5224311382312,0.0193848426594976,-12.3450749235712,0.389924284004149,1.97050995021384,0,267.161443506003,60.6481711487664,9.4559253659819e-10,1,0.986537912292713,0,2.20463569786666e-05,0.0387696853189952,0,0,0
94.275,9499.12717311677,1.97075004939195,9500,9499.80599147631,2.06184787698335,1.97075004939195,0,-10.8880258662034,11.981034004269,15,1503.01235607484,16871.242696973,-15430.0967179244,1.97075004939195,1.5418159808907,1.52231604907246,0.0194999318182343,-12.2522716934737,0.389934204864789,1.97075004939195,0,267.161443506003,60.6481711487664,9.27550826166197e-10,1,0.986520520243129,0,0.000282730975843304,0.0389998636364686,0,0,0
94.29,9498.96385272877,1.97102668678813,9500,9499.6300672132,2.06646079306559,1.97102668678813,0,-10.5939500646777,11.9739282773871,15,1503.01235607484,16871.6404560969,-15428.8225100094,1.97102668678813,1.5418159808907,1.52224134484394,0.0195746360467572,-12.1363660717602,0.390061433803919,1.97102668678813,0,267.161443506003,60.6481711487664,9.07773461715856e-10,1,0.986503558799072,0,0.000539019554249842,0.0391492720935145,0,0,0
94.305,9498.8049434778,1.97133876327079,9500,9499.45740940188,2.07112270427374,1.97133876327079,0,-10.2830695602541,11.9662574591982,15,1503.01235607484,16872.2066587786,-15427.6213495806,1.97133876327079,1.5418159808907,1.52220658600232,0.0196093948883787,-11.9979295777182,0.390303992603331,1.97133876327079,0,267.161443506003,60.6481711487664,8.86310647906696e-10,1,0.986487055468389,0,0.000790467947055395,0.0392187897767573,0,0,0
94.32,9498.6506974344,1.97168512544672,9500,9499.28831470183,2.07582362741647,1.97168512544672,0,-9.95625860802847,11.9580456420632,15,1503.01235607484,16872.937626124,-15426.4945288249,1.97168512544672,1.5418159808907,1.52221126020244,0.0196047206882601,-11.8375712995211,0.390659703179506,1.97168512544672,0,267.161443506003,60.6481711487664,8.63218666526271e-10,1,0.986471036429565,0,0.00103664871580711,0.0392094413765203,0,0,0
94.335,9498.50135355528,1.97206456892113,9500,9499.12306821676,2.08055365025475,1.97206456892113,0,-9.61441020063102,11.9493176619524,15,1503.01235607484,16873.8294053091,-15425.4431715971,1.97206456892113,1.5418159808907,1.52225478442629,0.0195611964644058,-11.6559360042487,0.391126195101619,1.97206456892113,0,267.161443506003,60.6481711487664,8.38555022513469e-10,1,0.986455526499164,0,0.00127715171163345,0.0391223929288116,0,0,0
94.35,9498.35713740227,1.97247584164696,9500,9498.96194309081,2.08530295042231,1.97247584164696,0,-9.25843387999081,11.9400990307751,15,1503.01235607484,16874.877782631,-15424.4682340437,1.97247584164696,1.5418159808907,1.52233650719849,0.0194794736922064,-11.4537022001451,0.391700913371854,1.97247584164696,0,267.161443506003,60.6481711487664,8.12383449502708e-10,1,0.986440549102641,0,0.00151158461480749,0.0389589473844127,0,0,0
94.365,9498.21826089407,1.97291764726396,9500,9498.80520013655,2.09006181384136,1.97291764726396,0,-8.88925358101121,11.9304158693033,15,1503.01235607484,16876.0782966578,-15423.5705055153,1.97291764726396,1.5418159808907,1.52245571092833,0.0193602699623718,-11.2315801585673,0.392381126448518,1.97291764726396,0,267.161443506003,60.6481711487664,7.84770526484312e-10,1,0.98642612624856,0,0.00173957340614495,0.0387205399247437,0,0,0
94.38,9498.08492209036,1.9733886484858,9500,9498.65308749512,2.09482065260294,1.9733886484858,0,-8.50780547448141,11.9202948396915,15,1503.01235607484,16877.4262517144,-15422.7506098156,1.9733886484858,1.5418159808907,1.52261161433379,0.0192043665569079,-10.990309900545,0.393163934481283,1.9733886484858,0,267.161443506003,60.6481711487664,7.55787003489835e-10,1,0.986412278506171,0,0.00196076281948621,0.0384087331138159,0,0,0
94.395,9497.95730500824,1.97388747050755,9500,9498.50584032841,2.09957002228621,1.97388747050755,0,-8.11503582610923,11.9097630781308,15,1503.01235607484,16878.9167315791,-15422.0090067589,1.97388747050755,1.5418159808907,1.5228033749573,0.0190126059334015,-10.7306591548663,0.394046277750052,1.97388747050755,0,267.161443506003,60.6481711487664,7.25506330207234e-10,1,0.986399024986353,0,0.00217481672003328,0.038025211866803,0,0,0
94.41,9497.83557947085,1.974412704446,9500,9498.3636805435,2.10430063869057,1.974412704446,0,-7.71189886241893,11.8988481274506,15,1503.01235607484,16880.5446134515,-15421.3459940449,1.974412704446,1.5418159808907,1.52303009175008,0.0187858891406194,-10.453421292782,0.395024945274067,1.974412704446,0,267.161443506003,60.6481711487664,6.94005097644535e-10,1,0.986386383325884,0,0.0023814184490687,0.0375717782812388,0,0,0
94.425,9497.71990098791,1.97496291073121,9500,9498.22681654926,2.10900339395787,1.97496291073121,0,-7.29935469335079,11.8875778711446,15,1503.01235607484,16882.3045818363,-15420.7617093743,1.97496291073121,1.5418159808907,1.52329080775852,0.0185251731321807,-10.1594132453846,0.396096583576147,1.97496291073121,0,267.161443506003,60.6481711487664,6.61362743395458e-10,1,0.986374369675042,0,0.00258027112201709,0.0370503462643614,0,0,0
94.44,9497.61041066751,1.97553662254779,9500,9498.09544304509,2.11366937206066,1.97553662254779,0,-6.87836723203587,11.8759804671102,15,1503.01235607484,16884.1911427572,-15420.2561328858,1.97553662254779,1.5418159808907,1.52358451285268,0.0182314680380169,-9.84947340749456,0.397257705581055,1.97553662254779,0,267.161443506003,60.6481711487664,6.27662434403218e-10,1,0.986362998688437,0,0.00277109787640284,0.0364629360760338,0,0,0
94.455,9497.50723515903,1.97613234924196,9500,9497.96974084154,2.11828986363998,1.97613234924196,0,-6.4499021616254,11.8640842826164,15,1503.01235607484,16886.1986379448,-15419.8290898369,1.97613234924196,1.5418159808907,1.52391014652778,0.0179058343629142,-9.52445953541141,0.398504699625436,1.97613234924196,0,267.161443506003,60.6481711487664,5.92988710080019e-10,1,0.98635228351909,0,0.00295364207930593,0.0358116687258283,0,0,0
94.47,9497.41048662661,1.97674857970779,9500,9497.84987671259,2.12285638017192,1.97674857970779,0,-6.01492494061698,11.8519178302816,15,1503.01235607484,16888.3212590516,-15419.4802535348,1.97674857970779,1.5418159808907,1.52426660076271,0.017549380127986,-9.18524664184403,0.399833838561124,1.97674857970779,0,267.161443506003,60.6481711487664,5.57428805860431e-10,1,0.986342235815675,0,0.00312766747899462,0.035098760255972,0,0,0
94.485,9497.3202627525,1.97738378574999,9500,9497.73600327943,2.12736066744806,1.97738378574999,0,-5.57439884791737,11.8395097051303,15,1503.01235607484,16890.5530618779,-15419.2091485075,1.97738378574999,1.5418159808907,1.52465272292439,0.0171632579663106,-8.83272489363371,0.401241288926672,1.97738378574999,0,267.161443506003,60.6481711487664,5.21071767843167e-10,1,0.986332865722865,0,0.00329295833193743,0.0343265159326211,0,0,0
94.5,9497.23664676978,1.97803642541284,9500,9497.62825892512,2.13179471835573,1.97803642541284,0,-5.12928307316185,11.8268885229272,15,1503.01235607484,16892.8879805647,-15419.0151539011,1.97803642541284,1.5418159808907,1.52506731871765,0.016748662173049,-8.46779751731223,0.402723120176044,1.97803642541284,0,267.161443506003,60.6481711487664,4.84008303255603e-10,1,0.986324181884733,0,0.00344931946651705,0.0334973243460981,0,0,0
94.515,9497.15970752368,1.9787049462789,9500,9497.52676773991,2.1361507849456,1.9787049462789,0,-4.68052900408835,11.8140828674163,14,1503.01235607484,16895.3198297085,-15418.8974845597,1.9787049462789,1.5418159808907,1.52550915516458,0.0163068257261154,-8.09137871693108,0.404275313935976,1.9787049462789,0,267.161443506003,60.6481711487664,9.90071826659163e-10,1,0.986316191451116,0,0.00359657632109278,0.0326136514522308,0,0,0
94.53,9497.08949958862,1.97938778869849,9500,9497.43163949662,2.14042138977683,1.97938778869849,0,-4.22908598721724,11.8011212009368,14,1503.01235607484,16897.8423677205,-15418.8552871666,1.97938778869849,1.5418159808907,1.52597696362704,0.0158390172636607,-7.70439160909239,0.405893773280468,1.97938778869849,0,267.161443506003,60.6481711487664,9.05178002819931e-10,1,0.986308900089778,0,0.00373457493465779,0.0316780345273213,0,0,0
94.545,9497.02606329881,1.98008338866541,9500,9497.34296966272,2.14459933634828,1.98008338866541,0,-3.77588813942209,11.7880318593017,14,1503.01235607484,16900.4492336149,-15418.8875021699,1.98008338866541,1.5418159808907,1.52646944300387,0.0153465378868238,-7.30776607328156,0.407574332001064,1.98008338866541,0,267.161443506003,60.6481711487664,8.19415564904794e-10,1,0.986302311989578,0,0.00386318188477119,0.0306930757736477,0,0,0
94.56,9496.96942497672,1.98079018183975,9500,9497.26083941718,2.14867771939871,1.98079018183975,0,-3.3218600570812,11.7748429496412,14,1503.01235607484,16903.1340161791,-15418.9929654445,1.98079018183975,1.5418159808907,1.52698526234078,0.0148307185499221,-6.90243700694295,0.409312763849211,1.98079018183975,0,267.161443506003,60.6481711487664,7.32942695893189e-10,1,0.986296429884206,0,0.00398228422870384,0.0296614370998443,0,0,0
94.575,9496.91959707586,1.98150660605494,9500,9497.18531572225,2.15264993380201,1.98150660605494,0,-2.86791347948887,11.7615823145558,14,1503.01235607484,16905.890252025,-15419.1703874479,1.98150660605494,1.5418159808907,1.52752306418464,0.0142929167060586,-6.489342157924,0.411104791752128,1.98150660605494,0,267.161443506003,60.6481711487664,6.45965353283075e-10,1,0.986291255067007,0,0.00409178936137566,0.0285858334121172,0,0,0
94.59,9496.87657837367,1.98223110433312,9500,9497.11645141356,2.15650968294078,1.98223110433312,0,-2.41494570243451,11.7482774801766,14,1503.01235607484,16908.7114390469,-15419.4183577239,1.98223110433312,1.5418159808907,1.52808146765186,0.0137345132388396,-6.069420164735,0.412946096964747,1.98223110433312,0,267.161443506003,60.6481711487664,5.58691604563324e-10,1,0.986286787411011,0,0.00419162485994651,0.0274690264776791,0,0,0
94.605,9496.84035418813,1.9829621278412,9500,9497.05428531686,2.1602509863363,1.9829621278412,0,-1.96383804871433,11.7349556059571,14,1503.01235607484,16911.5910497068,-15419.735349558,1.9829621278412,1.5418159808907,1.52865907149131,0.0131569093993886,-5.64360863773359,0.414832328151723,1.9829621278412,0,267.161443506003,60.6481711487664,4.7132602154611e-10,1,0.986283025391437,0,0.00428173828654854,0.0263138187987773,0,0,0
94.62,9496.8108966174,1.98369813877504,9500,9496.99884239071,2.16386818653354,1.98369813877504,0,-1.51545593936068,11.7216434357082,13,1503.01235607484,16914.5225544479,-15420.1197438506,1.98369813877504,1.5418159808907,1.52925445713886,0.0125615237518355,-5.21284228296463,0.416759110380669,1.98369813877504,0,267.161443506003,60.6481711487664,8.51292522499083e-10,1,0.986279966110571,0,0.00436209695419354,0.025123047503671,0,0,0
94.635,9496.78816477831,1.9844376131838,9500,9496.95013389423,2.16735595524118,1.9844376131838,0,-1.07064094394278,11.7083672546959,13,1503.01235607484,16917.4993907961,-15420.5697531151,1.9844376131838,1.5418159808907,1.52986619174917,0.0119497891415237,-4.7780510705399,0.418722054010057,1.9844376131838,0,267.161443506003,60.6481711487664,6.58622563567427e-10,1,0.986277605322541,0,0.00443268767432459,0.0238995782830473,0,0,0
94.65,9496.77210516415,1.98517904402932,9500,9496.90815757323,2.17070929888005,1.98517904402932,0,-0.630219625280791,11.6951528328928,13,1503.01235607484,16920.5150467324,-15421.0835551452,1.98517904402932,1.5418159808907,1.53049283105314,0.0113231498375619,-4.34015853767817,0.420716763463503,1.98517904402932,0,267.161443506003,60.6481711487664,4.67005228726312e-10,1,0.986275937470472,0,0.00449351646352847,0.0226462996751238,0,0,0
94.665,9496.76265186977,1.98592094303343,9500,9496.87289789076,2.17392356286244,1.98592094303343,0,-0.194994164339688,11.6820254213815,12,1503.01235607484,16923.5630133627,-15421.6591924788,1.98592094303343,1.5418159808907,1.53113292275537,0.0106830581353223,-3.9000798111858,0.42273884587209,1.98592094303343,0,267.161443506003,60.6481711487664,6.14033304610634e-10,1,0.986274955709862,0,0.00454460821192559,0.0213661162706447,0,0,0
94.68,9496.75972695731,1.98666184381588,9500,9496.84432625635,2.17699443573445,1.98666184381588,0,0.2342510202579,11.6690096689843,11,1503.01235607484,16926.6368525615,-15422.2946776922,1.98666184381588,1.5418159808907,1.53178500921183,0.0100309716788631,-3.45872008825893,0.424783919567457,1.98666184381588,0,267.161443506003,60.6481711487664,8.97697658177578e-10,1,0.986274651946567,0,0.00458600633177864,0.0200619433577263,0,0,0
94.695,9496.76324072261,1.98740030414822,9500,9496.82240129051,2.17991795224779,1.98740030414822,0,0.656763533878095,11.6561295241817,11,1503.01235607484,16929.7301155384,-15422.9878309955,1.98740030414822,1.5418159808907,1.53244763047031,0.00936835042038409,-3.01697293144455,0.426847622416757,1.98740030414822,0,267.161443506003,60.6481711487664,4.74919764019253e-10,1,0.986275016864471,0,0.00461777238359495,0.0187367008407682,0,0,0
94.71,9496.77309217562,1.98813490916349,9500,9496.80706908983,2.18269049622107,1.98813490916349,0,1.07180665134635,11.6434083159227,12,1503.01235607484,16932.8364845425,-15423.7365148821,1.98813490916349,1.5418159808907,1.53311932674899,0.00869665414171039,-2.57571893375381,0.428925619989375,1.98813490916349,0,267.161443506003,60.6481711487664,6.19312348091036e-10,1,0.98627603997537,0,0.00463998568675406,0.0173933082834208,0,0,0
94.725,9496.78916927539,1.98886427255181,9500,9496.7982635478,2.18530880178501,1.98886427255181,0,1.47868046632073,11.6308688016033,13,1503.01235607484,16935.949642893,-15424.5383840551,1.98886427255181,1.5418159808907,1.53379864183435,0.00801733905634938,-2.13582385601237,0.431013613548414,1.98886427255181,0,267.161443506003,60.6481711487664,4.59101931489106e-10,1,0.986277709643387,0,0.00465274286326833,0.0160346781126988,0,0,0
94.74,9496.81134948238,1.98958703988674,9500,9496.79590665343,2.18776995495189,1.98958703988674,0,1.87670212923024,11.6185328619607,13,1503.01235607484,16939.0634212577,-15425.3911440006,1.98958703988674,1.5418159808907,1.53448412531112,0.00733185557958005,-1.69813750423049,0.433107347836885,1.98958703988674,0,267.161443506003,60.6481711487664,6.35278317691969e-10,1,0.986280013142324,0,0.00465615741691239,0.0146637111591601,0,0,0
94.755,9496.83950001432,1.99030188931064,9500,9496.79990885559,2.19007139329154,1.99030188931064,0,2.26522128578723,11.6064216558104,13,1503.01235607484,16942.1717068002,-15426.2923724635,1.99030188931064,1.5418159808907,1.53517433601798,0.00664164487272112,-1.26349188582736,0.435202618674496,1.99030188931064,0,267.161443506003,60.6481711487664,8.07498411155905e-10,1,0.986282936682235,0,0.00465035921204215,0.0132832897454422,0,0,0
94.77,9496.87347833361,1.99100753458905,9500,9496.81016939926,2.19221090604811,1.99100753458905,0,2.64361526513712,11.5945555622474,13,1503.01235607484,16945.2684987685,-15427.2396023977,1.99100753458905,1.5418159808907,1.53586784420148,0.00594813668921712,-0.832700188341482,0.437295280319915,1.99100753458905,0,267.161443506003,60.6481711487664,9.75492341118994e-10,1,0.986286465460049,0,0.00463549400860286,0.0118962733784342,0,0,0
94.785,9496.91313256259,1.99170272673882,9500,9496.82657670096,2.19418663300968,1.99170272673882,0,3.01128854895163,11.5829541381742,14,1503.01235607484,16948.3479234096,-15428.2303399167,1.99170272673882,1.5418159808907,1.53656323427853,0.0052527466121699,-0.406555406235149,0.439381252623786,1.99170272673882,0,267.161443506003,60.6481711487664,5.13900445244146e-10,1,0.986290583702693,0,0.00461172293174683,0.0105054932243398,0,0,0
94.8,9496.95830189082,1.99238625582581,9500,9496.84900873445,2.19599706283428,1.99238625582581,0,3.36768175064865,11.5716361385999,14,1503.01235607484,16951.4041895353,-15429.2619688708,1.99238625582581,1.5418159808907,1.53725910739468,0.00455687349602063,0.0141708806966499,0.441456527943072,1.99238625582581,0,267.161443506003,60.6481711487664,5.85394773382408e-10,1,0.98629527470939,0,0.00457922193413207,0.00911374699204126,0,0,0
94.815,9497.00881711708,1.99305695307363,9500,9496.87733342209,2.19764103094433,1.99305695307363,0,3.71226038666171,11.5606194254558,14,1503.01235607484,16954.4316770391,-15430.3319031627,1.99305695307363,1.5418159808907,1.53795408370595,0.00386189718475016,0.428729541320064,0.443517177813432,1.99305695307363,0,267.161443506003,60.6481711487664,6.54611338732284e-10,1,0.986300520907949,0,0.00453818126038019,0.00772379436950033,0,0,0
94.83,9497.06450102288,1.9937136915072,9500,9496.91140906519,2.1991177161367,1.9937136915072,0,4.04452261217938,11.5499210060095,14,1503.01235607484,16957.4248914801,-15431.4374973977,1.9937136915072,1.5418159808907,1.53864680527274,0.00316917561795238,0.836395273891479,0.445559359380603,1.9937136915072,0,267.161443506003,60.6481711487664,7.21383439437172e-10,1,0.986306303893556,0,0.00448880483339065,0.00633835123590476,0,0,0
94.845,9497.12516886206,1.99435538799916,9500,9496.95108475967,2.20042663724364,1.99435538799916,0,4.36399814071959,11.5395569963444,14,1503.01235607484,16960.3784865589,-15432.5760755015,1.99435538799916,1.5418159808907,1.53933593811428,0.00248004277641778,1.23646746433795,0.447579321555628,1.99435538799916,0,267.161443506003,60.6481711487664,7.8559953235966e-10,1,0.986312604479619,0,0.00443130969723859,0.00496008555283556,0,0,0
94.86,9497.19062883417,1.99498100467097,9500,9496.99620083086,2.20156764899542,1.99498100467097,0,4.67024864847037,11.5295426062118,14,1503.01235607484,16963.287271938,-15433.7449362457,1.99498100467097,1.5418159808907,1.54002017446025,0.00179580643044375,1.62827113727684,0.449573410919386,1.99498100467097,0,267.161443506003,60.6481711487664,8.47155649769962e-10,1,0.986319402746929,0,0.00436592540273351,0.00359161286088749,0,0,0
94.875,9497.2606825639,1.99558955022052,9500,9497.04658927827,2.20254093730308,1.99558955022052,0,4.96286813149513,11.5198921253164,14,1503.01235607484,16966.1462207936,-15434.9413587673,1.99558955022052,1.5418159808907,1.54069823490109,0.00111774598960324,2.01115784404135,0.451538077350616,1.99558955022052,0,267.161443506003,60.6481711487664,9.05957168023241e-10,1,0.986326678093457,0,0.0042928933962505,0.00223549197920647,0,0,0
94.89,9497.33512558587,1.99618008108175,9500,9497.10207422941,2.20334701397956,1.99618008108175,0,5.24148316122313,11.5106189126476,14,1503.01235607484,16968.9504766966,-15436.1626079921,1.99618008108175,1.5418159808907,1.54136887048464,0.000447110406059714,2.38450648667848,0.453469879378929,1.99618008108175,0,267.161443506003,60.6481711487664,9.61918955031418e-10,1,0.986334409284694,0,0.0042124663994263,0.000894220812119428,0,0,0
94.905,9497.41374783329,1.99675170252141,9500,9497.16247240158,2.20398671091632,1.99675170252141,0,5.50575497981618,11.5017353926259,15,1503.01235607484,16971.6953479083,-15437.4059170168,1.99675170252141,1.5418159808907,1.54203086470467,-0.000214883813977274,2.74772407826784,0.45536548925867,1.99675170252141,0,267.161443506003,60.6481711487664,4.57768238526786e-10,1,0.986342574504405,0,0.00412490775899022,-0.000429767627954547,0,0,0
94.92,9497.49633415799,1.99730356959196,9500,9497.22759357065,2.20446117373721,1.99730356959196,0,5.75537218598253,11.4932530263058,15,1503.01235607484,16974.3763623753,-15438.6685836419,1.99730356959196,1.5418159808907,1.54268303541517,-0.000867054524476218,3.10024643744555,0.457221697750216,1.99730356959196,0,267.161443506003,60.6481711487664,4.80324970373171e-10,1,0.986351151408632,0,0.00403049080977858,-0.00173410904895244,0,0,0
94.935,9497.58266474078,1.99783488761996,9500,9497.29724105312,2.2047718547632,1.99783488761996,0,5.9900616524119,11.4851823441445,15,1503.01235607484,16976.9891992616,-15439.947839866,1.99783488761996,1.5418159808907,1.54332423683337,-0.00150825594267512,3.44153892538295,0.459035418614616,1.99783488761996,0,267.161443506003,60.6481711487664,5.01482007487895e-10,1,0.986360117168317,0,0.00392949820128008,-0.00301651188535024,0,0,0
94.95,9497.67251566556,1.99834491384636,9500,9497.37121216957,2.20492050608742,1.99834491384636,0,6.2095817616917,11.4775329066752,15,1503.01235607484,16979.5297457827,-15441.2409471266,1.99834491384636,1.5418159808907,1.54395336081546,-0.00213737992476326,3.77109674571288,0.460803692805192,1.99834491384636,0,267.161443506003,60.6481711487664,5.21237631491059e-10,1,0.986369448528919,0,0.00382222126303233,-0.00427475984952652,0,0,0
94.965,9497.76565939199,1.9988329575243,9500,9497.44929873685,2.20490917157444,1.9988329575243,0,6.41372384102675,11.4703133173124,15,1503.01235607484,16981.9940879572,-15442.5451788784,1.9988329575243,1.5418159808907,1.54456933876068,-0.00275335786997832,4.08844560093816,0.462523692373557,1.9988329575243,0,267.161443506003,60.6481711487664,5.39574388207961e-10,1,0.986379121859508,0,0.00370895931031989,-0.00550671573995665,0,0,0
94.98,9497.86186524961,1.99929838046133,9500,9497.53128755514,2.20474017861895,1.99929838046133,0,6.60231205568717,11.4635312223588,15,1503.01235607484,16984.3785150235,-15443.857825591,1.99929838046133,1.5418159808907,1.54517114313698,-0.00335516224628241,4.3931421290457,0.464192724063201,1.99929838046133,0,267.161443506003,60.6481711487664,5.5647705716769e-10,1,0.986389113204079,0,0.00359001898567546,-0.00671032449256481,0,0,0
94.995,9497.96089993044,1.99974059744739,9500,9497.61696089688,2.20441612949254,1.99974059744739,0,6.77520323867831,11.4571933128778,15,1503.01235607484,16986.6795233888,-15445.1761996377,1.99974059744739,1.5418159808907,1.54575778891573,-0.00394180802503041,4.68477427058047,0.465808232606755,1.99974059744739,0,267.161443506003,60.6481711487664,5.7193647936203e-10,1,0.98639939833271,0,0.00346571355969916,-0.00788361605006083,0,0,0
95.01,9498.06252797902,2.00015907657857,9500,9497.70609699667,2.20393989229955,2.00015907657857,0,6.93228666257128,11.4513053282235,15,1503.01235607484,16988.8938201431,-15446.4976400772,2.00015907657857,1.5418159808907,1.54632833490107,-0.00451235401037442,4.96296156860544,0.467367803708619,2.00015907657857,0,267.161443506003,60.6481711487664,5.85945726130234e-10,1,0.986409952792454,0,0.00333636226626521,-0.00902470802074884,0,0,0
95.025,9498.16651227896,2.00055333952893,9500,9497.79847054113,2.20331459156483,2.00055333952893,0,7.07348378503839,11.4458720602973,15,1503.01235607484,16991.0183263571,-15447.8195173657,2.00055333952893,1.5418159808907,1.5468818849358,-0.00506590404510199,5.2273554026863,0.468869166728439,2.00055333952893,0,267.161443506003,60.6481711487664,5.98502453695445e-10,1,0.986420751957873,0,0.00320228960408597,-0.010131808090204,0,0,0
95.04,9498.27261453574,2.00092296168991,9500,9497.89385315801,2.20254359847579,2.00092296168991,0,7.19874792185764,11.4408973599099,15,1503.01235607484,16993.0501798248,-15449.1392379257,2.00092296168991,1.5418159808907,1.54741758901623,-0.00560160812553168,5.47763915851159,0.470310197050277,2.00092296168991,0,267.161443506003,60.6481711487664,6.09607722903369e-10,1,0.986431771081172,0,0.00306382466045974,-0.0112032162510634,0,0,0
95.055,9498.38059575456,2.00126757220051,9500,9497.99201390357,2.20163052079902,2.00126757220051,0,7.30806386134039,11.4363841448159,15,1503.01235607484,16994.9867373416,-15450.4542485803,2.00126757220051,1.5418159808907,1.54793464430953,-0.00611866341883749,5.71352833601243,0.471688918147484,2.00126757220051,0,267.161443506003,60.6481711487664,6.192661443597e-10,1,0.986442985341833,0,0.00292130042274663,-0.012237326837675,0,0,0
95.07,9498.49021671248,2.00158685393383,9500,9498.09271974752,2.20057919249402,2.00158685393383,0,7.40144745906315,11.4323344082624,15,1503.01235607484,16996.8255767873,-15451.7620409053,2.00158685393383,1.5418159808907,1.54843229603799,-0.00661631514729288,5.93477059711254,0.47300350333772,2.00158685393383,0,267.161443506003,60.6481711487664,6.27485434465621e-10,1,0.986454369895642,0,0.00277505310118809,-0.0132326302945858,0,0,0
95.085,9498.60123842437,2.00188054330308,9500,9498.19573605471,2.19939366304809,2.00188054330308,0,7.47894513494217,11.4287492304159,15,1503.01235607484,16998.5644984484,-15453.0601553731,2.00188054330308,1.5418159808907,1.54890983830113,-0.00709385741043511,6.1411457536672,0.474252277233255,2.00188054330308,0,267.161443506003,60.6481711487664,6.3427685490843e-10,1,0.986465899923082,0,0.00262542144262867,-0.0141877148208702,0,0,0
95.1,9498.71342260139,2.00214843005579,9500,9498.30082706258,2.19807818655257,2.00214843005579,0,7.54063336933656,11.4256287897065,15,1503.01235607484,17000.2015262629,-15454.3461854259,2.00214843005579,1.5418159808907,1.54936661474937,-0.00755063385867349,6.33246569849416,0.475433716882438,2.00214843005579,0,267.161443506003,60.6481711487664,6.39654032453007e-10,1,0.986477550676953,0,0.00247274605566283,-0.015101267717347,0,0,0
95.115,9498.82653210193,2.00239035689736,9500,9498.40775635391,2.19663721054666,2.00239035689736,0,7.58661810876933,11.422972376846,15,1503.01235607484,17001.7349083388,-15455.6177813351,2.00239035689736,1.5418159808907,1.54980201919111,-0.00798603830041222,6.50857427864576,0.476546452607486,2.00239035689736,0,267.161443506003,60.6481711487664,6.43635901263921e-10,1,0.986489297529194,0,0.00231736874621524,-0.0159720766008244,0,0,0
95.13,9498.94033137357,2.00260621905787,9500,9498.51628732371,2.19507536464977,2.00260621905787,0,7.61703414657645,11.4207784095169,15,1503.01235607484,17003.1631172066,-15456.8726539378,2.00260621905787,1.5418159808907,1.55021549607875,-0.0083995151880556,6.66934711366615,0.477589268543283,2.00260621905787,0,267.161443506003,60.6481711487664,6.46240222543898e-10,1,0.986501116016788,0,0.00215963183987355,-0.0167990303761112,0,0,0
95.145,9499.05458688576,2.00279596377066,9500,9498.62618363978,2.19339744900799,2.00279596377066,0,7.63204446096992,11.419044448271,15,1503.01235607484,17004.4848496717,-15458.1085782156,2.00279596377066,1.5418159808907,1.55060654088633,-0.0087905599956315,6.81469135858358,0.478561102871226,2.00279596377066,0,267.161443506003,60.6481711487664,6.47491238094962e-10,1,0.986512981886702,0,0.00199987753103081,-0.017581119991263,0,0,0
95.16,9499.16906755268,2.00295958963516,9500,9498.73720969602,2.19160842257831,2.00295958963516,0,7.63183949608883,11.4177672141069,15,1503.01235607484,17005.6990261567,-15459.3233966881,2.00295958963516,1.5418159808907,1.55097470039856,-0.00915871950786173,6.94454541302532,0.47946104776019,2.00295958963516,0,267.161443506003,60.6481711487664,6.47413337497139e-10,1,0.986524871139791,0,0.00183844723709603,-0.0183174390157235,0,0,0
95.175,9499.28354514512,2.00309714593303,9500,9498.84913105779,2.18971339127383,2.00309714593303,0,7.61663642489287,11.4169426065158,15,1503.01235607484,17006.8047898045,-15460.5150226718,2.00309714593303,1.5418159808907,1.55131957287797,-0.00950359198727413,7.05887857791151,0.480288349016883,2.00309714593303,0,267.161443506003,60.6481711487664,6.46034442024562e-10,1,0.986536760073584,0,0.00167568094388715,-0.0190071839745483,0,0,0
95.19,9499.39779469149,2.00320873180917,9500,9498.9617148987,2.18771759599456,2.00320873180917,0,7.58667834493387,11.4165657235279,15,1503.01235607484,17007.8015049844,-15461.6814433236,2.00320873180917,1.5418159808907,1.55164080815227,-0.00982482726157752,7.15769066059393,0.481042405441632,2.00320873180917,0,267.161443506003,60.6481711487664,6.43383941660744e-10,1,0.986548625323924,0,0.00151191657778016,-0.019649654523155,0,0,0
95.205,9499.51159486667,2.0032944954256,9500,9499.074730428,2.1856264005667,2.0032944954256,0,7.5422334685635,11.4166308818766,15,1503.01235607484,17008.6887556353,-15462.8207225553,2.0032944954256,1.5418159808907,1.55193810757406,-0.0101221266833651,7.24101153024064,0.481722767901634,2.0032944954256,0,267.161443506003,60.6481711487664,6.39493870767083e-10,1,0.986560443905355,0,0.00134748939878837,-0.0202442533667302,0,0,0
95.22,9499.6247283687,2.00335463299895,9500,9499.18794930809,2.18344527961477,2.00335463299895,0,7.48359425747767,11.4171316388311,15,1503.01235607484,17009.4663430813,-15463.9310037383,2.00335463299895,1.5418159808907,1.55221122390212,-0.0103952430114194,7.30890062441306,0.482329138131088,2.00335463299895,0,267.161443506003,60.6481711487664,6.34397287159177e-10,1,0.986572193250242,0,0.00118273137002589,-0.0207904860228387,0,0,0
95.235,9499.73698228256,2.00338938779085,9500,9499.30114606138,2.18117980638912,2.00338938779085,0,7.41107654091948,11.4180608144911,15,1503.01235607484,17010.1342835958,-15465.0105122516,2.00338938779085,1.5418159808907,1.55245996106442,-0.0106439801737244,7.36144640886025,0.4828613672476,2.00338938779085,0,267.161443506003,60.6481711487664,6.28129595095556e-10,1,0.986583851246548,0,0.00101797058591324,-0.0212879603474487,0,0,0
95.25,9499.84814843067,2.00339904899141,9500,9499.41409846605,2.17883564057212,2.00339904899141,0,7.32501858447122,11.4194105155843,15,1503.01235607484,17010.6928054708,-15466.0575578173,2.00339904899141,1.5418159808907,1.55268417384597,-0.0108681929552721,7.39876579197327,0.483319454011261,2.00339904899141,0,267.161443506003,60.6481711487664,6.20728249207658e-10,1,0.986595396274241,0,0.000853530671675484,-0.0217363859105442,0,0,0
95.265,9499.95802370944,2.00338395057436,9500,9499.52658794001,2.17641851608513,2.00338395057436,0,7.22578015483343,11.4211721594019,15,1503.01235607484,17011.1423459104,-15467.0705366849,2.00338395057436,1.5418159808907,1.55288376745562,-0.0110677865649258,7.42100349598871,0.483703542813515,2.00338395057436,0,267.161443506003,60.6481711487664,6.12229956987043e-10,1,0.986606807240238,0,0.000689730224652241,-0.0221355731298516,0,0,0
95.28,9500.06641041176,2.0033444700421,9500,9499.6383999126,2.17393422891964,2.0033444700421,0,7.11374153271183,11.4233364992985,15,1503.01235607484,17011.4835474026,-15468.0479335928,2.0033444700421,1.5418159808907,1.5530586970223,-0.0112427161316044,7.42833138595179,0.484013921414608,2.0033444700421,0,267.161443506003,60.6481711487664,6.02676563883766e-10,1,0.986618063611904,0,0.00052688226867259,-0.0224854322632089,0,0,0
95.295,9500.17311653475,2.00328102713637,9500,9499.74932418359,2.17138862501359,2.00328102713637,0,6.98930251983594,11.425893650443,15,1503.01235607484,17011.7172538919,-15468.9883235637,2.00328102713637,1.5418159808907,1.55320896698562,-0.0113929860949205,7.42094775902279,0.484251018435511,2.00328102713637,0,267.161443506003,60.6481711487664,5.92106958482155e-10,1,0.986629145449008,0,0.000365293715233861,-0.0227859721898409,0,0,0
95.31,9500.27795607255,2.00319408247088,9500,9499.8591552688,2.16878758819533,2.00319408247088,0,6.85288141302113,11.4288331165879,15,1503.01235607484,17011.8445065557,-15469.8903734955,2.00319408247088,1.5418159808907,1.55333463040429,-0.0115186495135935,7.39907659536144,0.484415400607366,2.00319408247088,0,267.161443506003,60.6481711487664,5.80562663525218e-10,1,0.986640033434134,0,0.000205264846908415,-0.023037299027187,0,0,0
95.325,9500.38074929375,2.00308413611108,9500,9499.9676927321,2.16613702821662,2.00308413611108,0,6.7049139618824,11.4321438174242,15,1503.01235607484,17011.8665392978,-15470.7528435639,2.00308413611108,1.5418159808907,1.55343578817475,-0.0116198072840479,7.36296677246257,0.484507769788475,2.00308413611108,0,267.161443506003,60.6481711487664,5.68086951899188e-10,1,0.986650708901491,0,4.70888243366829e-05,-0.0232396145680958,0,0,0
95.34,9500.48132300317,2.00295172609073,9500,9500.07474150326,2.16344286889528,2.00295172609073,0,6.54585230301831,11.4358141167108,15,1503.01235607484,17011.7847739055,-15471.5745884246,2.00295172609073,1.5418159808907,1.5535125881704,-0.011696607279698,7.3128912449923,0.484528959759427,2.00295172609073,0,267.161443506003,60.6481711487664,5.5472308026225e-10,1,0.9866611538641,0,-0.00010894879618939,-0.023393214559396,0,0,0
95.355,9500.57951078772,2.00279742687664,9500,9500.18011218123,2.16071103638855,2.00279742687664,0,6.37616387834614,11.43983185099,15,1503.01235607484,17011.6008149203,-15472.3545582217,2.00279742687664,1.5418159808907,1.5535652242983,-0.0117492434076014,7.24914619174734,0.484479932801141,2.00279742687664,0,267.161443506003,60.6481711487664,5.40513847300623e-10,1,0.986671351039328,0,-0.000262570518500427,-0.0234984868152028,0,0,0
95.37,9500.67515324589,2.00262184780514,9500,9500.28362132258,2.15794744761729,2.00262184780514,0,6.19633035121703,11.4441843584885,15,1503.01235607484,17011.3164443166,-15473.09179942,2.00262184780514,1.5418159808907,1.55359393546738,-0.0117779545766852,7.17205013156457,0.484361776067816,2.00262184780514,0,267.161443506003,60.6481711487664,5.25504682811704e-10,1,0.986681283872721,0,-0.000413507343866026,-0.0235559091533704,0,0,0
95.385,9500.76809820116,2.00242563142637,9500,9500.38509171466,2.15515799886117,2.00242563142637,0,6.00684648284328,11.4488585093282,15,1503.01235607484,17010.9336157191,-15473.7854554031,2.00242563142637,1.5418159808907,1.5535990045044,-0.0117830236137024,7.08194300992571,0.484175697763076,2.00242563142637,0,267.161443506003,60.6481711487664,5.09739822313002e-10,1,0.986690936560169,0,-0.000561499190654846,-0.0235660472274049,0,0,0
95.4,9500.8582008984,2.00220945185418,9500,9500.48435263322,2.15234855454275,2.00220945185418,0,5.80821902685872,11.453840735353,15,1503.01235607484,17010.454448568,-15474.4347669188,2.00220945185418,1.5418159808907,1.5535807569726,-0.0117647760818977,6.97918525890339,0.483923023127282,2.00220945185418,0,267.161443506003,60.6481711487664,4.93264072392178e-10,1,0.9867002940683,0,-0.000706295284125691,-0.0235295521637955,0,0,0
95.415,9500.94532418381,2.00197401304276,9500,9500.58124008424,2.14952493622083,2.00197401304276,0,5.60096559488372,11.4591170609615,15,1503.01235607484,17009.8812218946,-15475.0390723027,2.00197401304276,1.5418159808907,1.55353955993938,-0.011723579048682,6.86415683132953,0.483605190249425,2.00197401304276,0,267.161443506003,60.6481711487664,4.76122663550685e-10,1,0.986709342153168,0,-0.000847654531458186,-0.0234471580973641,0,0,0
95.43,9501.02933866773,2.00172004703985,9500,9500.6755970297,2.14669291181031,2.00172004703985,0,5.38561352426245,11.4646731340837,15,1503.01235607484,17009.2163679266,-15475.5978075208,2.00172004703985,1.5418159808907,1.55347582067126,-0.0116598397805587,6.73725621174949,0.483223745710269,2.00172004703985,0,267.161443506003,60.6481711487664,4.58361250279726e-10,1,0.986718067377168,0,-0.000985345870764709,-0.0233196795611175,0,0,0
95.445,9501.1101228706,2.00144831220179,9500,9500.76727359696,2.14385818504602,2.00144831220179,0,5.1626969060997,11.4704942504791,14,1503.01235607484,17008.4624773877,-15476.1105283644,2.00144831220179,1.5418159808907,1.55338998526936,-0.0115740043786654,6.59889940613187,0.482780340068425,2.00144831220179,0,267.161443506003,60.6481711487664,9.80485455253748e-10,1,0.986726457124182,0,-0.00111914859645657,-0.0231480087573308,0,0,0
95.46,9501.18756332419,2.00115959139924,9500,9500.85612727184,2.14102638520834,2.00115959139924,0,4.932762876224,11.4765654133194,14,1503.01235607484,17007.6222443171,-15476.5768195241,2.00115959139924,1.5418159808907,1.55328253723644,-0.0114665563457381,6.4495189118411,0.482276723200019,2.00115959139924,0,267.161443506003,60.6481711487664,9.38518758420891e-10,1,0.986734499610105,0,-0.00124885265524055,-0.0229331126914762,0,0,0
95.475,9501.26155476733,2.0008546905192,9500,9500.94202306776,2.13820305730706,2.0008546905192,0,4.69635938421887,11.482871316979,14,1503.01235607484,17006.6985340359,-15476.9964320752,2.0008546905192,1.5418159808907,1.55315399582903,-0.0113380149383278,6.28956256526474,0.481714739505161,2.0008546905192,0,267.161443506003,60.6481711487664,8.95502669675537e-10,1,0.986742183903162,0,-0.00137425891887188,-0.0226760298766555,0,0,0
95.49,9501.33200015809,2.00053443571889,9500,9501.02483370185,2.13539365196453,2.00053443571889,0,4.45404116185252,11.4893964224443,14,1503.01235607484,17005.6943225846,-15477.3691890078,2.00053443571889,1.5418159808907,1.55300491497243,-0.0111889340817377,6.11949274528327,0.481096322991669,2.00053443571889,0,267.161443506003,60.6481711487664,8.51491745253562e-10,1,0.986749499925179,0,-0.00149517946425637,-0.0223778681634754,0,0,0
95.505,9501.39881077552,2.00019967211403,9500,9501.10443972856,2.13260351624483,2.00019967211403,0,4.20636698498437,11.4961249726297,14,1503.01235607484,17004.6127042676,-15477.6950083438,2.00019967211403,1.5418159808907,1.55283588139541,-0.0110199005047102,5.93978512686099,0.480423492232753,2.00019967211403,0,267.161443506003,60.6481711487664,8.06585661172733e-10,1,0.986756438462148,0,-0.00161143777498163,-0.0220398010094205,0,0,0
95.52,9501.4619062803,1.99985126190246,9500,9501.18072966502,2.12983788459293,1.99985126190246,0,3.95389855093805,11.503041024322,14,1503.01235607484,17003.4568842078,-15477.9739020869,1.99985126190246,1.5418159808907,1.55264751300182,-0.0108315321111239,5.7509275883197,0.479698345234012,1.99985126190246,0,267.161443506003,60.6481711487664,7.60883473371882e-10,1,0.986762991170524,0,-0.00172286895485207,-0.0216630642222477,0,0,0
95.535,9501.52121475856,1.99949008247354,9500,9501.25360009958,2.12710187010518,1.99949008247354,0,3.69719936150252,11.5101284802025,14,1503.01235607484,17002.2301707588,-15478.2059749979,1.99949008247354,1.5418159808907,1.55244045720144,-0.010624476310745,5.55341911324712,0.478923054204328,1.99949008247354,0,267.161443506003,60.6481711487664,7.14482884251937e-10,1,0.98676915058178,0,-0.00182931989477475,-0.0212489526214901,0,0,0
95.55,9501.57667274898,1.9991170244822,9500,9501.32295578364,2.12440045614492,1.9991170244822,0,3.43683359911591,11.5173711213241,14,1503.01235607484,17000.9359676819,-15478.3914231759,1.9991170244822,1.5418159808907,1.55221538922079,-0.0103994083300896,5.34776868769076,0.47809986025168,1.9991170244822,0,267.161443506003,60.6481711487664,6.67480391743341e-10,1,0.986774910105215,0,-0.00193064943741161,-0.0207988166601791,0,0,0
95.565,9501.62822525297,1.99873298991829,9500,9501.38870970667,2.12173848831499,1.99873298991829,0,3.17336501406067,11.5247526395231,14,1503.01235607484,16999.5777662189,-15478.5305324728,1.99873298991829,1.5418159808907,1.55197301037932,-0.0101570294886257,5.13449419394798,0.477231068004844,1.99873298991829,0,267.161443506003,60.6481711487664,6.19971879572311e-10,1,0.986780264029015,0,-0.00202672848774954,-0.0203140589772515,0,0,0
95.58,9501.67582572818,1.99833889019055,9500,9501.45078315444,2.11912066680047,1.99833889019055,0,2.90735583389071,11.5322566694377,14,1503.01235607484,16998.1591371407,-15478.6236767599,1.99833889019055,1.5418159808907,1.55171404633345,-0.00989806544275362,4.91412130149083,0.476319040185357,1.99833889019055,0,267.161443506003,60.6481711487664,5.72051884189395e-10,1,0.986785207519581,0,-0.00211744011995862,-0.0197961308855072,0,0,0
95.595,9501.71943606569,1.99793564420181,9500,9501.50910575045,2.11655153909392,1.99793564420181,0,2.63936568031942,11.5398668205518,14,1503.01235607484,16996.6837226714,-15478.6713160261,1.99793564420181,1.5418159808907,1.55143924530083,-0.00962326441013261,4.68718235560559,0.475366192131376,1.99793564420181,0,267.161443506003,60.6481711487664,5.23814479261447e-10,1,0.986789736619157,0,-0.00220267965752186,-0.0192465288202652,0,0,0
95.61,9501.75902655089,1.99752417642015,9500,9501.56361548078,2.11403549311241,1.99752417642015,0,2.36995049773905,11.5475667091955,14,1503.01235607484,16995.1552283164,-15478.6739943162,1.99752417642015,1.5418159808907,1.55114937626872,-0.00933339537801814,4.45421526642549,0.474374986285491,1.99752417642015,0,267.161443506003,60.6481711487664,4.75351219490565e-10,1,0.986793848241767,0,-0.00228235471364657,-0.0186667907560363,0,0,0
95.625,9501.79457580836,1.99710541500622,9500,9501.61425870224,2.11157675071642,1.99710541500622,0,2.09966326704558,11.555339992044,13,1503.01235607484,16993.5774032585,-15478.6323160906,1.99710541500622,1.5418159808907,1.55084522716511,-0.00902924627441326,4.21576239942283,0.47334792666435,1.99710541500622,0,267.161443506003,60.6481711487664,9.51874644742853e-10,1,0.986797540167491,0,-0.00235638522318449,-0.0180584925488265,0,0,0
95.64,9501.82607075736,1.99668028989044,9500,9501.66099013425,2.10917936163979,1.99668028989044,0,1.82904577527024,11.5631703871297,13,1503.01235607484,16991.9540797945,-15478.5470324592,1.99668028989044,1.5418159808907,1.55052760304778,-0.00871162215708665,3.97236946910333,0.472287553313917,1.99668028989044,0,267.161443506003,60.6481711487664,8.43505190099356e-10,1,0.986800811037847,0,-0.00242470343421131,-0.0174232443141733,0,0,0
95.655,9501.85350644399,1.99624973061641,9500,9501.70377284124,2.10684719766456,1.99624973061641,0,1.55863856831566,11.5710417259872,13,1503.01235607484,16990.2890901641,-15478.4189014652,1.99624973061641,1.5418159808907,1.5501973244121,-0.00838134352140685,3.72458453876142,0.471196436768522,1.99624973061641,0,267.161443506003,60.6481711487664,7.35109190899469e-10,1,0.986803660338352,0,-0.00248725390073523,-0.0167626870428137,0,0,0
95.67,9501.87688602252,1.99581466533653,9500,9501.74257817606,2.10458394779805,1.99581466533653,0,1.28897282388479,11.5789379578825,13,1503.01235607484,16988.5863125499,-15478.2487802952,1.99581466533653,1.5418159808907,1.54985522492438,-0.00803924403368073,3.47295666710798,0.470077172513191,1.99581466533653,0,267.161443506003,60.6481711487664,6.26982217240341e-10,1,0.986806088396588,0,-0.00254399340086664,-0.0160784880673615,0,0,0
95.685,9501.89622061488,1.99537601845555,9500,9501.77738573332,2.10239311324289,1.99537601845555,0,1.02057105671797,11.5868431917441,13,1503.01235607484,16986.849647713,-15478.0375979271,1.99537601845555,1.5418159808907,1.54950214984967,-0.00768616895897489,3.21803499913908,0.468932375482801,1.99537601845555,0,267.161443506003,60.6481711487664,5.19313962919332e-10,1,0.986808096367611,0,-0.00259489087844855,-0.0153723379179498,0,0,0
95.7,9501.91152918073,1.99493470880415,9500,9501.80818327831,2.1002780030194,1.99493470880415,0,0.753944378158929,11.5947417089892,12,1503.01235607484,16985.0830220307,-15477.7863737632,1.99493470880415,1.5418159808907,1.54913895422772,-0.00732297333702236,2.96036769965552,0.467764674587499,1.99493470880415,0,267.161443506003,60.6481711487664,9.2027740194921e-10,1,0.986809686220455,0,-0.0026399273475981,-0.0146459466740447,0,0,0
95.715,9501.9228383464,1.99449164790662,9500,9501.83496666074,2.09824173002908,1.99449164790662,0,0.489599282275019,11.6026180602537,12,1503.01235607484,16983.2903315288,-15477.4961231116,1.99449164790662,1.5418159808907,1.54876650102327,-0.00695052013257769,2.70050089741966,0.46657670728108,1.99449164790662,0,267.161443506003,60.6481711487664,6.83138134318599e-10,1,0.986810860720364,0,-0.00267909576509284,-0.0139010402651554,0,0,0
95.73,9501.93018233563,1.99404773861708,9500,9501.85773970648,2.09628720774027,1.99404773861708,0,0.228024793701774,11.6104569820226,12,1503.01235607484,16981.4755121177,-15477.1680004875,1.99404773861708,1.5418159808907,1.5483856591209,-0.00656967823020183,2.43897753915266,0.465371114186788,1.99404773861708,0,267.161443506003,60.6481711487664,4.48464413611845e-10,1,0.986811623421605,0,-0.00271240088353597,-0.0131393564604037,0,0,0
95.745,9501.93360270754,1.9936038724812,9500,9501.87651411936,2.0944171466988,1.9936038724812,0,-0.030299693204173,11.6182434792588,11,1503.01235607484,16979.6424678838,-15476.8031833679,1.9936038724812,1.5418159808907,1.54799730199004,-0.00618132109934733,2.17633664584579,0.464150533789197,1.9936038724812,0,267.161443506003,60.6481711487664,7.45447319483545e-10,1,0.986811978640249,0,-0.0027398591019332,-0.0123626421986947,0,0,0
95.76,9501.93314821214,1.99316092879691,9500,9501.89130934059,2.09263405219034,1.99316092879691,0,-0.284910461862879,11.6259629473383,11,1503.01235607484,16977.7951096499,-15476.4029451394,1.99316092879691,1.5418159808907,1.54760230553425,-0.00578632464355544,1.91311210745089,0.462917597193327,1.99316092879691,0,267.161443506003,60.6481711487664,3.94156408900035e-10,1,0.986811931439171,0,-0.00276149826714867,-0.0115726492871109,0,0,0
95.775,9501.92887455521,1.99271977290593,9500,9501.90215240714,2.09094022203391,1.99271977290593,0,-0.535353760405835,11.6336010140977,11,1503.01235607484,16975.9372937813,-15475.9685614495,1.99271977290593,1.5418159808907,1.54720154636964,-0.00538556547893876,1.6498317293506,0.46167492297311,1.99271977290593,0,267.161443506003,60.6481711487664,5.33040244936563e-10,1,0.98681148760363,0,-0.00277735745927643,-0.0107711309578775,0,0,0
95.79,9501.92084424881,1.99228125512377,9500,9501.90907778584,2.08933774509674,1.99228125512377,0,-0.781189410387542,11.6411437168857,12,1503.01235607484,16974.0728459007,-15475.5013544461,1.99228125512377,1.5418159808907,1.54679589983238,-0.00497991894168037,1.38701613245391,0.460425112116436,1.99228125512377,0,267.161443506003,60.6481711487664,4.60523610667548e-10,1,0.986810653625738,0,-0.00278748675887797,-0.00995983788336074,0,0,0
95.805,9501.90912640765,1.99184620878694,9500,9501.9121272118,2.08782849982605,1.99184620878694,0,-1.02199802216542,11.6485773484844,12,1503.01235607484,16972.2055845993,-15475.0027575116,1.99184620878694,1.5418159808907,1.54638623848004,-0.00457025758934693,1.12517795903578,0.459170743074941,1.99184620878694,0,267.161443506003,60.6481711487664,6.78353398570224e-10,1,0.986809436683324,0,-0.0027919469944051,-0.00914051517869385,0,0,0
95.82,9501.89379643732,1.99141544835513,9500,9501.91134951589,2.08641415317817,1.99141544835513,0,-1.25737146092251,11.6558887175931,12,1503.01235607484,16970.33925375,-15474.4741933993,1.99141544835513,1.5418159808907,1.54597343062221,-0.00415744973151289,0.864821093917765,0.457914366927458,1.99141544835513,0,267.161443506003,60.6481711487664,8.91898862469945e-10,1,0.986807844607543,0,-0.00279080949618438,-0.00831489946302577,0,0,0
95.835,9501.87493586541,1.9909897689073,9500,9501.90680041617,2.085096160594,1.9909897689073,0,-1.48692096120764,11.6630650066995,13,1503.01235607484,16968.477565685,-15473.9171635423,1.9909897689073,1.5418159808907,1.54555833820949,-0.0037423573187878,0.606439525360451,0.456658502654175,1.9909897689073,0,267.161443506003,60.6481711487664,4.93368178061859e-10,1,0.986805885865347,0,-0.0027841557838475,-0.00748471463757561,0,0,0
95.85,9501.85263205099,1.99056994440177,9500,9501.89854231953,2.08387576586928,1.99056994440177,0,-1.71026913334845,11.6700938254889,13,1503.01235607484,16966.624134906,-15473.3331363399,1.99056994440177,1.5418159808907,1.54514181541088,-0.00332583452018342,0.350516609936866,0.455405632551444,1.99056994440177,0,267.161443506003,60.6481711487664,5.84795111359632e-10,1,0.986803569529309,0,-0.00277207726914619,-0.00665166904036685,0,0,0
95.865,9501.82697801399,1.99015672677168,9500,9501.88664409956,2.08275400178039,1.99015672677168,0,-1.92706100429226,11.6769632439403,13,1503.01235607484,16964.7825460876,-15472.7236779195,1.99015672677168,1.5418159808907,1.54472470684037,-0.00290872594967295,0.0975241476024183,0.454158197780328,1.99015672677168,0,267.161443506003,60.6481711487664,6.73749694933993e-10,1,0.986800905259901,0,-0.00275467492566617,-0.0058174518993459,0,0,0
95.88,9501.79807209892,1.98975084382556,9500,9501.87118088766,2.08173169053771,1.98975084382556,0,-2.13695824080496,11.683661811113,13,1503.01235607484,16962.9562978302,-15472.0903630636,1.98975084382556,1.5418159808907,1.54430784645515,-0.00249186556445546,-0.152078141753655,0.452918594063778,1.98975084382556,0,267.161443506003,60.6481711487664,7.60189634923102e-10,1,0.986797903270577,0,-0.00273205897415751,-0.00498373112891093,0,0,0
95.895,9501.76601772531,1.98935299856671,9500,9501.8522338312,2.08080944523387,1.98935299856671,0,-2.33964091781426,11.6901785684922,13,1503.01235607484,16961.1488093935,-15471.4347919974,1.98935299856671,1.5418159808907,1.5438920558154,-0.00207607492469819,-0.397843512690746,0.451689167525407,1.98935299856671,0,267.161443506003,60.6481711487664,8.43991890382004e-10,1,0.986794574301846,0,-0.00270434852734014,-0.00415214984939638,0,0,0
95.91,9501.73092311154,1.98896386811057,9500,9501.82988984966,2.07998767152458,1.98896386811057,0,-2.53480791848336,11.6965030661059,13,1503.01235607484,16959.3634148218,-15470.758586791,1.98896386811057,1.5418159808907,1.54347814262481,-0.00166216173411482,-0.63933892056402,0.450472210688104,1.98896386811057,0,267.161443506003,60.6481711487664,9.25039407591881e-10,1,0.9867909295926,0,-0.0026716712158783,-0.00332432346822964,0,0,0
95.925,9501.69290099277,1.98858410270547,9500,9501.80424138239,2.07926656970442,1.98858410270547,0,-2.72217538992888,11.7026253853445,14,1503.01235607484,16957.6033452428,-15470.0633648829,1.98858410270547,1.5418159808907,1.54306689930379,-0.0012509184130951,-0.876145710299189,0.449269958640959,1.98858410270547,0,267.161443506003,60.6481711487664,4.49592227344902e-10,1,0.986786980850815,0,-0.00263416281773088,-0.00250183682619021,0,0,0
95.94,9501.65206836192,1.98821432478164,9500,9501.77538612866,2.07864613716867,1.98821432478164,0,-2.90148446378422,11.7085361192904,14,1503.01235607484,16955.8717716142,-15469.3508257067,1.98821432478164,1.5418159808907,1.54265910163172,-0.000843120741018666,-1.10786026716127,0.44808458537298,1.98821432478164,0,267.161443506003,60.6481711487664,4.83278221112981e-10,1,0.98678274022665,0,-0.00259196686336383,-0.00168624148203733,0,0,0
95.955,9501.60854609496,1.98785512771146,9500,9501.74342678794,2.07812617106352,1.98785512771146,0,-3.07249080736457,11.7142264404924,14,1503.01235607484,16954.1717271512,-15468.6226137301,1.98785512771146,1.5418159808907,1.54225550762255,-0.000439526731852213,-1.33409451971118,0.446918200284467,1.98785512771146,0,267.161443506003,60.6481711487664,5.15633406483202e-10,1,0.986778220273537,0,-0.00254523425000608,-0.000879053463704427,0,0,0
95.97,9501.56245873285,1.98750707588325,9500,9501.70847077035,2.07770627188818,1.98750707588325,0,-3.2349715003093,11.7196880647515,14,1503.01235607484,16952.5061526331,-15467.8804028435,1.98750707588325,1.5418159808907,1.5418568558304,-4.08749397053931e-05,-1.55447677123345,0.445772844871964,1.98750707588325,0,267.161443506003,60.6481711487664,5.46575349535856e-10,1,0.986773433925527,0,-0.00249412280171146,-8.17498794107863e-05,0,0,0
95.985,9501.51393416034,1.98717070342618,9500,9501.67062992568,2.07738584684354,1.98717070342618,0,-3.38872377324088,11.7249132782874,14,1503.01235607484,16950.8778782429,-15467.1258710257,1.98717070342618,1.5418159808907,1.54146386442855,0.000352116462144503,-1.76865207391694,0.444650489611194,1.98717070342618,0,267.161443506003,60.6481711487664,5.76065701925517e-10,1,0.986768394463938,0,-0.00243879687400184,0.000704232924289006,0,0,0
96,9501.46310330375,1.98684651354598,9500,9501.6300202594,2.07716411371465,1.98684651354598,0,-3.53356514664417,11.7298949463275,14,1503.01235607484,16949.2896193195,-15466.3606968805,1.98684651354598,1.5418159808907,1.541077230072,0.000738750818696898,-1.97628271224595,0.443553031017893,1.98684651354598,0,267.161443506003,60.6481711487664,6.04068301277432e-10,1,0.986763115485967,0,-0.00237942691943172,0.0014775016373938,0,0,0
96.015,9501.41009982655,1.98653497790596,9500,9501.58676164388,2.077040105086,1.98653497790596,0,-3.66933354216798,11.7346265208696,14,1503.01235607484,16947.743972291,-15465.5865561959,1.98653497790596,1.5418159808907,1.54069762683514,0.0011183540555566,-2.17704864907368,0.442482288904149,1.98653497790596,0,267.161443506003,60.6481711487664,6.30549612569759e-10,1,0.986757610873074,0,-0.00231618905203557,0.00223670811111321,0,0,0
96.03,9501.35505982341,1.98623653610412,9500,9501.54097752564,2.07701267287636,1.98623653610412,0,-3.79588733714744,11.7391020467221,14,1503.01235607484,16946.243411005,-15464.8051185766,1.98623653610412,1.5418159808907,1.54032570519935,0.00149027569134574,-2.37064793276156,0.441440003830733,1.98623653610412,0,267.161443506003,60.6481711487664,6.55478875630138e-10,1,0.986751894759211,0,-0.00224926462021591,0.00298055138269149,0,0,0
96.045,9501.29812151335,1.98595159524522,9500,9501.49279462914,2.07708049318014,1.98595159524522,0,-3.91310536354019,11.7433161658505,14,1503.01235607484,16944.7902834551,-15464.018044156,1.98595159524522,1.5418159808907,1.53996209108925,0.00185388980144552,-2.55679706482272,0.440427834751635,1.98595159524522,0,267.161443506003,60.6481711487664,6.78828105744379e-10,1,0.986745981498946,0,-0.00217883975431943,0.00370777960289104,0,0,0
96.06,9501.2394249329,1.98568052955979,9500,9501.44234265777,2.07724207140092,1.98568052955979,0,-4.02088687982627,11.747264120869,14,1503.01235607484,16943.3868087084,-15463.226980354,1.98568052955979,1.5418159808907,1.53960738498725,0.00220859590344813,-2.73523132685452,0.439447356862192,1.98568052955979,0,267.161443506003,60.6481711487664,7.00573270703264e-10,1,0.986739885635608,0,-0.00210510492306804,0.00441719180689626,0,0,0
96.075,9501.1791116297,1.98542368012866,9500,9501.3897539929,2.07749574766082,1.98542368012866,0,-4.11915148259897,11.7509417566512,14,1503.01235607484,16942.0350742769,-15462.4335587364,1.98542368012866,1.5418159808907,1.53926216109512,0.00255381979557723,-2.90570506514297,0.438500059646811,1.98542368012866,0,267.161443506003,60.6481711487664,7.20691056850064e-10,1,0.986733621869457,0,-0.00202825448081367,0.00510763959115446,0,0,0
96.09,9501.11732435746,1.98518135467405,9500,9501.33516339145,2.07783970247121,1.98518135467405,0,-4.2078389802884,11.7543455207522,14,1503.01235607484,16940.7370337814,-15461.6393919495,1.98518135467405,1.5418159808907,1.53892696656425,0.00288901432645172,-3.06799193296735,0.437587345130445,1.98518135467405,0,267.161443506003,60.6481711487664,7.39164016416243e-10,1,0.98672720502601,0,-0.00194848622321686,0.00577802865290344,0,0,0
96.105,9501.05420677276,1.98495382739737,9500,9501.2787076828,2.07827196264764,1.98495382739737,0,-4.28690924184657,11.7574724629815,14,1503.01235607484,16939.4945048205,-15460.8460707174,1.98495382739737,1.5418159808907,1.53860232080236,0.00321366008833568,-3.2218850894198,0.436710526329997,1.98495382739737,0,267.161443506003,60.6481711487664,7.55975128115359e-10,1,0.986720650024549,0,-0.00186600092943245,0.00642732017667136,0,0,0
96.12,9500.98990313413,1.98474133892153,9500,9501.2205254657,2.07879040745279,1.98474133892153,0,-4.35634198648884,11.7603202331257,14,1503.01235607484,16938.3091672939,-15460.0551609589,1.98474133892153,1.5418159808907,1.53828871483116,0.00352726605954223,-3.36719735470226,0.435870825911753,1.98474133892153,0,267.161443506003,60.6481711487664,7.71111915500907e-10,1,0.986713971846872,0,-0.00178100190879382,0.00705453211908447,0,0,0
96.135,9500.92455800434,1.98454409629772,9500,9501.1607568057,2.07939277495235,1.98454409629772,0,-4.41613653855613,11.7628870775198,14,1503.01235607484,16937.1825620155,-15459.2682009941,1.98454409629772,1.5418159808907,1.53798661071358,0.00382937017711571,-3.50376132262223,0.435069375052795,1.98454409629772,0,267.161443506003,60.6481711487664,7.8456453667982e-10,1,0.986707185506373,0,-0.0016936945561361,0.00765874035423142,0,0,0
96.15,9500.85831595626,1.9843622730418,9500,9501.09954293384,2.08007666856592,1.9843622730418,0,-4.46631156856837,11.7651718350858,14,1503.01235607484,16936.1160894689,-15458.486698816,1.9843622730418,1.5418159808907,1.53769644106641,0.00411953982428503,-3.63142942977655,0.434307212502534,1.9843622730418,0,267.161443506003,60.6481711487664,7.96325638541795e-10,1,0.986700306017496,0,-0.0016042859086014,0.00823907964857007,0,0,0
96.165,9500.79132128273,1.98419600928719,9500,9501.03702594726,2.08083956379674,1.98419600928719,0,-4.50690476939774,11.7671739313141,14,1503.01235607484,16935.1110090771,-15457.7121295071,1.98419600928719,1.5418159808907,1.53741860861428,0.00439737227641346,-3.7500739819641,0.433585283843664,1.98419600928719,0,267.161443506003,60.6481711487664,8.0639256405003e-10,1,0.9866933483656,0,-0.00151298418494106,0.00879474455282692,0,0,0
96.18,9500.72371771119,1.98404541197597,9500,9500.97334851214,2.08167881512495,1.98404541197597,0,-4.53797251460866,11.7688933715698,14,1503.01235607484,16934.1684386572,-15456.9459327387,1.98404541197597,1.5418159808907,1.53715348582828,0.00466249506241567,-3.85958713940202,0.43290444096044,1.98404541197597,0,267.161443506003,60.6481711487664,8.14762941867799e-10,1,0.986686327477328,0,-0.00141999836469497,0.00932499012483134,0,0,0
96.195,9500.65564812347,1.98391055512519,9500,9500.90865356969,2.08259166304672,1.98391055512519,0,-4.55958947679267,11.7703307330777,14,1503.01235607484,16933.2893542197,-15456.189510389,1.98391055512519,1.5418159808907,1.53690141462161,0.0049145662690846,-3.95988086046981,0.432265441696327,1.98391055512519,0,267.161443506003,60.6481711487664,8.21440570362509e-10,1,0.986679258191501,0,-0.00132553774291733,0.00982913253816919,0,0,0
96.21,9500.58725428132,1.98379148016352,9500,9500.84308404573,2.08357524124315,1.98379148016352,0,-4.57184821048472,11.7714871556764,14,1503.01235607484,16932.4745900911,-15455.444224282,1.98379148016352,1.5418159808907,1.5366627061103,0.00515327478040217,-4.05088680524182,0.431668949712015,1.98379148016352,0,267.161443506003,60.6481711487664,8.26431301416881e-10,1,0.986672155230617,0,-0.00122981150229351,0.0103065495608043,0,0,0
96.225,9500.51867655816,1.98368819630554,9500,9500.77678256441,2.08462658386186,1.98368819630554,0,-4.5748587171669,11.7723643319209,14,1503.01235607484,16931.724839232,-15454.7113940215,1.98368819630554,1.5418159808907,1.53643764045127,0.00537834043942831,-4.13255619933376,0.431115534535983,1.98368819630554,0,267.161443506003,60.6481711487664,8.29742159352333e-10,1,0.986665033172991,0,-0.00113302829714779,0.0107566808788566,0,0,0
96.24,9500.4500536774,1.98360068102856,9500,9500.70989116657,2.08574263289473,1.98360068102856,0,-4.56874795716142,11.7729644954035,14,1503.01235607484,16931.0406540142,-15453.9922949814,1.98360068102856,1.5418159808907,1.5362264667229,0.00558951416779596,-4.20485965895563,0.430605671802266,1.98360068102856,0,267.161443506003,60.6481711487664,8.31386048908121e-10,1,0.986657906425576,0,-0.00103539583026624,0.0111790283355919,0,0,0
96.255,9500.38152245804,1.98352888056877,9500,9500.64255103328,2.08692024563562,1.98352888056877,0,-4.55365935529486,11.7732904087573,14,1503.01235607484,16930.4224471204,-15453.2881563853,1.98352888056877,1.5418159808907,1.53602940289098,0.00578657799971394,-4.2677869784828,0.430139743678646,1.98352888056877,0,267.161443506003,60.6481711487664,8.31377197436465e-10,1,0.986650789197546,0,-0.000937120458507135,0.0115731559994279,0,0,0
96.27,9500.31321756771,1.98347271050519,9500,9500.57490221515,2.08815620219998,1.98347271050519,0,-4.52975226209946,11.7733453501478,14,1503.01235607484,16929.8704928481,-15452.6001595363,1.98347271050519,1.5418159808907,1.53584663581961,0.00596934507108671,-4.32134688057446,0.429718039472318,1.98347271050519,0,267.161443506003,60.6481711487664,8.29734098037728e-10,1,0.986643695474648,0,-0.000838406784019918,0.0119386901421734,0,0,0
96.285,9500.24527128378,1.98343205638001,9500,9500.50708336771,2.08944721309163,1.98343205638001,0,-4.49720140021677,11.7731330991637,14,1503.01235607484,16929.3849286072,-15451.9294361581,1.98343205638001,1.5418159808907,1.5356783213558,0.00613765953490097,-4.36556673098124,0.429340756419509,1.98343205638001,0,267.161443506003,60.6481711487664,8.26476275106149e-10,1,0.986636638994389,0,-0.000739457278752687,0.0122753190698019,0,0,0
96.3,9500.17781326278,1.98340677438115,9500,9500.43923149351,2.0907899267983,1.98340677438115,0,-4.45619628112969,11.7726579216589,14,1503.01235607484,16928.965756722,-15451.2770668728,1.98340677438115,1.5418159808907,1.53552458446751,0.00629139642318965,-4.4004922179933,0.42900800064407,1.98340677438115,0,267.161443506003,60.6481711487664,8.21628698537109e-10,1,0.986629633222094,0,-0.00064047190066252,0.0125827928463793,0,0,0
96.315,9500.11097031856,1.98339669206686,9500,9500.37148169129,2.0921809374012,1.98339669206686,0,-4.40694060518987,11.7719245539094,14,1503.01235607484,16928.6128464485,-15450.6440797987,1.98339669206686,1.5418159808907,1.535385519447,0.00643046144369697,-4.42618699850282,0.428719788288772,1.98339669206686,0,267.161443506003,60.6481711487664,8.15217519443793e-10,1,0.986622691327865,0,-0.000541647733158568,0.0128609228873939,0,0,0
96.33,9500.04486620948,1.98340160915294,9500,9500.30396691265,2.09361679218153,1.98340160915294,0,-4.34965163190476,11.7709381857301,14,1503.01235607484,16928.3259363028,-15450.0314492923,1.98340160915294,1.5418159808907,1.535261190164,0.00655479072669451,-4.44273231144021,0.428476046808851,1.98340160915294,0,267.161443506003,60.6481711487664,8.07272866337777e-10,1,0.986615826164478,0,-0.000443178626383434,0.013109581453389,0,0,0
96.345,9499.97962143501,1.98342129831826,9500,9500.23681772667,2.09509399920907,1.98342129831826,0,-4.2845595475991,11.7697044433368,14,1503.01235607484,16928.1046365102,-15449.4400947953,1.98342129831826,1.5418159808907,1.53515163039041,0.00666435050029035,-4.45022656027522,0.428276616426978,1.98342129831826,0,267.161443506003,60.6481711487664,7.97826345643252e-10,1,0.986609050246261,0,-0.000345254867581524,0.0133287010005807,0,0,0
96.36,9499.91535304179,1.98345550609694,9500,9500.17016209273,2.09660903489643,1.98345550609694,0,-4.21190679023931,11.7682293707643,14,1503.01235607484,16927.9484318637,-15448.8708798503,1.98345550609694,1.5418159808907,1.53505684415586,0.00675913673483652,-4.44878486539036,0.428121251736567,1.98345550609694,0,267.161443506003,60.6481711487664,7.86913396596028e-10,1,0.986602375728955,0,-0.000248062836144314,0.013518273469673,0,0,0
96.375,9499.85217443994,1.98350395376284,9500,9500.10412514207,2.09815835150503,1.98350395376284,0,-4.13194738738318,11.7665194115021,14,1503.01235607484,16927.8566845973,-15448.3246112053,1.98350395376284,1.5418159808907,1.53497680618478,0.00683917470591822,-4.43853858856499,0.428009623460302,1.98350395376284,0,267.161443506003,60.6481711487664,7.74571821303637e-10,1,0.986595814390631,0,-0.000151784703121161,0.0136783494118364,0,0,0
96.39,9499.79019522913,1.98356633827089,9500,9500.03882896823,2.09973838458647,1.98356633827089,0,-4.04494626854166,11.7645813892221,14,1503.01235607484,16927.8286375478,-15447.802038063,1.98356633827089,1.5418159808907,1.53491146237255,0.00690451851814777,-4.41963482991829,0.427941320343897,1.98356633827089,0,267.161443506003,60.6481711487664,7.6084134435763e-10,1,0.986589377613632,0,-5.6598124566154e-05,0.0138090370362955,0,0,0
96.405,9499.7295210351,1.98364233324479,9500,9499.97439242682,2.1013455603463,1.98364233324479,0,-3.95117855957602,11.7624224877922,14,1503.01235607484,16927.8634175567,-15447.3038514682,1.98364233324479,1.5418159808907,1.53486073030757,0.00695525058312541,-4.3922358998356,0.427915851187842,1.98364233324479,0,267.161443506003,60.6481711487664,7.45765673487782e-10,1,0.986583076367595,0,3.73240481499337e-05,0.0139105011662508,0,0,0
96.42,9499.67025335671,1.98373158999373,9500,9499.91093094476,2.10297630291623,1.98373158999373,0,-3.85092886877041,11.7600502308857,14,1503.01235607484,16927.9600390433,-15446.8306838217,1.98373158999373,1.5418159808907,1.53482449984394,0.00699148104676173,-4.35651876728102,0.42793264700951,1.98373158999373,0,267.161443506003,60.6481711487664,7.29389852192651e-10,1,0.986576921193561,0,0.000129814033367648,0.0139829620935235,0,0,0
96.435,9499.61248942367,1.98383373852288,9500,9499.84855633935,2.10462704152054,1.98383373852288,0,-3.74449058513611,11.757472461816,14,1503.01235607484,16928.1174076031,-15446.383108488,1.98383373852288,1.5418159808907,1.53480263373687,0.0070133471538274,-4.31267448569586,0.427991063324525,1.98383373852288,0,267.161443506003,60.6481711487664,7.11760996004225e-10,1,0.986570922189207,0,0.000220709390363227,0.0140266943076548,0,0,0
96.45,9499.5563220649,1.98394838863868,9500,9499.78737664731,2.10629421752353,1.98394838863868,0,-3.63216513038656,11.7546973218246,14,1503.01235607484,16928.3343240505,-15445.9616395862,1.98394838863868,1.5418159808907,1.5347949682918,0.00702101259889476,-4.26090759790031,0.428090382550189,1.98394838863868,0,267.161443506003,60.6481711487664,6.92929175915525e-10,1,0.986565088995168,0,0.000309853245537894,0.0140420251977895,0,0,0
96.465,9499.50183958794,1.98407513100082,9500,9499.7274959641,2.10797429134719,1.98407513100082,0,-3.51426125110473,11.7517332294361,14,1503.01235607484,16928.6094882898,-15445.5667318382,1.98407513100082,1.5418159808907,1.53480131409098,0.00701466679972174,-4.20143552292595,0.428229816510681,1.98407513100082,0,267.161443506003,60.6481711487664,6.72946830397061e-10,1,0.986559430782521,0,0.000397094532773146,0.0140293335994435,0,0,0
96.48,9499.44912566918,1.98421353826507,9500,9499.66901429351,2.10966374924439,1.98421353826507,0,-3.39109426699336,11.74858885835,14,1503.01235607484,16928.9415036146,-15445.1987805964,1.98421353826507,1.5418159808907,1.53482145672873,0.00699452416197133,-4.13448792448431,0.428408509050429,1.98421353826507,0,267.161443506003,60.6481711487664,6.51867000037128e-10,1,0.986553956241374,0,0.000482288204443515,0.0139890483239427,0,0,0
96.495,9499.39825925517,1.98436316618101,9500,9499.61202740791,2.11135910991863,1.98436316618101,0,-3.26298535452574,11.7452731162657,14,1503.01235607484,16929.3288808694,-15444.8581219358,1.98436316618101,1.5418159808907,1.53485515761675,0.00696082327394443,-4.06030606459688,0.428625538742428,1.98436316618101,0,267.161443506003,60.6481711487664,6.29744946310128e-10,1,0.986548673570631,0,0.000565295419790335,0.0139216465478889,0,0,0
96.51,9499.34931447485,1.98452355477488,9500,9499.55662671902,2.11305693097717,1.98452355477488,0,-3.13026078988305,11.7417951223585,14,1503.01235607484,16929.7700430173,-15444.5450329221,1.98452355477488,1.5418159808907,1.53490215478927,0.00691382610142366,-3.97914214253064,0.428879921681334,1.98452355477488,0,267.161443506003,60.6481711487664,6.06639034707107e-10,1,0.986543590468861,0,0.000645983736836664,0.0138276522028473,0,0,0
96.525,9499.30236056301,1.98469422948888,9500,9499.50289915954,2.11475381520933,1.98469422948888,0,-2.99325122696756,11.7381641856732,14,1503.01235607484,16930.2633295732,-15444.2597319445,1.98469422948888,1.5418159808907,1.53496216377306,0.00685381711763844,-3.89125862218215,0.429170614362911,1.98469422948888,0,267.161443506003,60.6481711487664,5.82607055979637e-10,1,0.986538714126362,0,0.000724227267568711,0.0137076342352769,0,0,0
96.54,9499.2574617946,1.98487470233255,9500,9499.45092707552,2.11644641667765,1.98487470233255,0,-2.85229097699698,11.7343897834609,14,1503.01235607484,16930.8070011385,-15444.0023791605,1.98487470233255,1.5418159808907,1.53503487848643,0.0067811024042661,-3.7969275479975,0.429496516633316,1.98487470233255,0,267.161443506003,60.6481711487664,5.57710346344413e-10,1,0.986534051218333,0,0.00079990683751241,0.0135622048085322,0,0,0
96.555,9499.21467742995,1.98506447310013,9500,9499.40078812965,2.11813144661368,1.98506447310013,0,-2.70771725915167,11.7304815385147,14,1503.01235607484,16931.3992442573,-15443.7730770981,1.98506447310013,1.5418159808907,1.53511997214108,0.00669600874961995,-3.69642985185682,0.429856474710197,1.98506447310013,0,267.161443506003,60.6481711487664,5.32009666929406e-10,1,0.986529607899183,0,0.000872910111626268,0.0133920174992399,0,0,0
96.57,9499.17406167106,1.98526303053309,9500,9499.35255521544,2.119805679111,1.98526303053309,0,-2.55986949193666,11.7264491976393,14,1503.01235607484,16932.0381760951,-15443.5718713125,1.98526303053309,1.5418159808907,1.53521709819972,0.00659888269098086,-3.59005465345832,0.430249284260429,1.98526303053309,0,267.161443506003,60.6481711487664,5.05568293807935e-10,1,0.986525389797997,0,0.000943131714340018,0.0131977653819617,0,0,0
96.585,9499.13566362868,1.98546985349638,9500,9499.30629638224,2.12146595660461,1.98546985349638,0,-2.40908858598176,11.7223026100399,14,1503.01235607484,16932.7218492188,-15443.398751153,1.98546985349638,1.5418159808907,1.5353258913538,0.00649008953690045,-3.4780985539768,0.430673693531882,1.98546985349638,0,267.161443506003,60.6481711487664,4.78449221521658e-10,1,0.986521402015114,0,0.00101047333083781,0.0129801790738009,0,0,0
96.6,9499.09952729989,1.98568441218166,9500,9499.26207477125,2.12310919513053,1.98568441218166,0,-2.25571622949283,11.7180517054112,14,1503.01235607484,16933.4482565384,-15443.2536506498,1.98568441218166,1.5418159808907,1.5354459685106,0.00637001238010093,-3.36086492569128,0.431128406530759,1.98568441218166,0,267.161443506003,60.6481711487664,4.50716928556313e-10,1,0.986517649119798,0,0.00107484380120892,0.0127400247602019,0,0,0
96.615,9499.06569155645,1.98590616929471,9500,9499.2199485622,2.12473238935914,1.98590616929471,0,-2.10009591988514,11.7137064683216,13,1503.01235607484,16934.2153476513,-15443.136470727,1.98590616929471,1.5418159808907,1.53557692980934,0.00623905108135503,-3.23866319946595,0.431612086241303,1.98590616929471,0,267.161443506003,60.6481711487664,9.39203842721976e-10,1,0.986514135149028,0,0.00113615917545462,0.0124781021627101,0,0,0
96.63,9499.03419011765,1.9861345812154,9500,9499.17997093095,2.12633261739505,1.9861345812154,0,-1.94256524153288,11.7092769340863,13,1503.01235607484,16935.0209870997,-15443.0469935878,1.9861345812154,1.5418159808907,1.53571835966348,0.00609762122722124,-3.11180815106886,0.432123357870257,1.9861345812154,0,267.161443506003,60.6481711487664,8.75301654961645e-10,1,0.986510863604683,0,0.00119434278571817,0.0121952424544425,0,0,0
96.645,9499.00505163902,1.98636909952963,9500,9499.14219001092,2.12790704550743,1.98636909952963,0,-1.78346577432124,11.7047731365281,13,1503.01235607484,16935.8630320539,-15442.9850167056,1.98636909952963,1.5418159808907,1.53586982763315,0.00594615325755044,-2.98061928647789,0.432660812123831,1.98636909952963,0,267.161443506003,60.6481711487664,8.1038254119255e-10,1,0.986507837462747,0,0.00124932528782495,0.0118923065151009,0,0,0
96.66,9498.97829965241,1.98660917133625,9500,9499.10664888761,2.12945293205257,1.98660917133625,0,-1.62313560269092,11.7002051192485,13,1503.01235607484,16936.7392853251,-15442.9502632799,1.98660917133625,1.5418159808907,1.5360308899196,0.00578509097110191,-2.84541987729453,0.433223008503352,1.98660917133625,0,267.161443506003,60.6481711487664,7.44694033257025e-10,1,0.986505059167092,0,0.00130104465821668,0.0115701819422038,0,0,0
96.675,9498.95395261837,1.98685424094201,9500,9499.07338557894,2.13096763175832,1.98685424094201,0,-1.46191022467688,11.6955829017232,13,1503.01235607484,16937.6475148723,-15442.9424069159,1.98685424094201,1.5418159808907,1.53620109016482,0.00561489072588062,-2.70653641727483,0.433808478599549,1.98685424094201,0,267.161443506003,60.6481711487664,6.78382278376472e-10,1,0.986502530634917,0,0.00134944623376776,0.0112297814517612,0,0,0
96.69,9498.932023965,1.98710375102561,9500,9499.0424330343,2.13244859954909,1.98710375102561,0,-1.30012191166842,11.6909164591208,13,1503.01235607484,16938.5854588452,-15442.9610730368,1.98710375102561,1.5418159808907,1.53637996052561,0.00543602036508584,-2.56429792370068,0.434415729404745,1.98710375102561,0,267.161443506003,60.6481711487664,6.11593735366499e-10,1,0.986500253260782,0,0.00139448269226539,0.0108720407301717,0,0,0
96.705,9498.91252213632,1.98735714376493,9500,9499.01381914387,2.13389339410986,1.98735714376493,0,-1.13809909751327,11.6862157029433,13,1503.01235607484,16939.5508305127,-15443.0058403489,1.98735714376493,1.5418159808907,1.53656702276171,0.00524895812898452,-2.41903524132973,0.435043246616264,1.98735714376493,0,267.161443506003,60.6481711487664,5.44473259181853e-10,1,0.98649822792163,0,0.00143611404134258,0.010497916257969,0,0,0
96.72,9498.89545064986,1.98761386193018,9500,9498.98756675815,2.13529968118632,1.98761386193018,0,-0.976165795036231,11.6814904624297,13,1503.01235607484,16940.5413230885,-15443.0762423593,1.98761386193018,1.5418159808907,1.53676178933839,0.00505419155230902,-2.271080351143,0.435689497934868,1.98761386193018,0,267.161443506003,60.6481711487664,4.77166306585469e-10,1,0.986496454982769,0,0.00147430758625933,0.010108383104618,0,0,0
96.735,9498.88080816293,1.98787334998824,9500,9498.96369371724,2.13666523661954,1.98787334998824,0,-0.814639273474234,11.676750477806,12,1503.01235607484,16941.554603523,-15443.1717479786,1.98787334998824,1.5418159808907,1.53696376451627,0.00485221637442779,-2.12076568631633,0.436352936348685,1.98787334998824,0,267.161443506003,60.6481711487664,9.10978331799809e-10,1,0.986494934304758,0,0.00150903788061796,0.00970443274885557,0,0,0
96.75,9498.86858857383,1.98813505512509,9500,9498.94221288977,2.13798794911539,1.98813505512509,0,-0.65383678952906,11.6720053351321,12,1503.01235607484,16942.5883635272,-15443.291850797,1.98813505512509,1.5418159808907,1.53717244547098,0.00464353541971385,-1.96842345821662,0.437032003394963,1.98813505512509,0,267.161443506003,60.6481711487664,7.61270858554727e-10,1,0.98649366525391,0,0.00154028666917472,0.0092870708394277,0,0,0
96.765,9498.85878102199,1.98839842798116,9500,9498.92313222799,2.13926582257505,1.98839842798116,0,-0.494063889004592,11.6672645275056,12,1503.01235607484,16943.6402504451,-15443.4359334958,1.98839842798116,1.5418159808907,1.53738732354351,0.00442865734718323,-1.81438489361258,0.437725132396092,1.98839842798116,0,267.161443506003,60.6481711487664,6.12336591982951e-10,1,0.986492646702313,0,0.00156804280816214,0.00885731469436646,0,0,0
96.78,9498.85137006365,1.98866292452221,9500,9498.90645480856,2.14049697874564,1.98866292452221,0,-0.335621268965449,11.6625373742267,12,1503.01235607484,16944.7079258125,-15443.6033654024,1.98866292452221,1.5418159808907,1.53760788490482,0.0042080959858759,-1.65897985043066,0.438430751659765,1.98866292452221,0,267.161443506003,60.6481711487664,4.6423929086363e-10,1,0.986491877046076,0,0.00159230219729345,0.00841619197175181,0,0,0
96.795,9498.84633574462,1.9889280064488,9500,9498.89217890836,2.14167965895247,1.9889280064488,0,-0.178803730570494,11.6578330426522,11,1503.01235607484,16945.7890629229,-15443.7934941129,1.9889280064488,1.5418159808907,1.53783361193592,0.00398236895477599,-1.50253600300312,0.439147287648547,1.9889280064488,0,267.161443506003,60.6481711487664,7.08991298492125e-10,1,0.986491354212879,0,0.00161306767094938,0.00796473790955199,0,0,0
96.81,9498.84365368866,1.98919314215503,9500,9498.88029807944,2.1428122257948,1.98919314215503,0,-0.0238924077926286,11.6531605437331,10,1503.01235607484,16946.8813027015,-15444.005557218,1.98919314215503,1.5418159808907,1.53806398430877,0.00375199658192926,-1.34537821936786,0.439873168100474,1.98919314215503,0,267.161443506003,60.6481711487664,8.49401357499417e-10,1,0.986491075671157,0,0.00163034889277758,0.00750399316385852,0,0,0
96.825,9498.84329530254,1.98945780788794,9500,9498.87080122751,2.1438931646966,1.98945780788794,0,0.128827306948151,11.6485285144413,10,1503.01235607484,16947.982373498,-15444.2389039516,1.98945780788794,1.5418159808907,1.53829847994319,0.00351750094750947,-1.1878280246999,0.440606825102224,1.98945780788794,0,267.161443506003,60.6481711487664,6.67039807295698e-10,1,0.986491038451395,0,0.00164416222963681,0.00703500189501893,0,0,0
96.84,9498.84522771215,1.98972148761267,9500,9498.86367272323,2.14492108456598,1.98972148761267,0,0.27908928493005,11.6439455420261,11,1503.01235607484,16949.0899478027,-15444.4927182636,1.98972148761267,1.5418159808907,1.53853657658249,0.00327940430820584,-1.0302027000908,0.441346698105561,1.98972148761267,0,267.161443506003,60.6481711487664,2.5360801219081e-10,1,0.986491239139489,0,0.00165453060060705,0.00655880861641167,0,0,0
96.855,9498.84941405142,1.98998367566141,9500,9498.85889246805,2.14589471952354,1.98998367566141,0,0.426632916517226,11.6394200802106,11,1503.01235607484,16950.2017536994,-15444.766208373,1.98998367566141,1.5418159808907,1.53877775194326,0.0030382289474391,-0.872815249800489,0.442091236875834,1.98998367566141,0,267.161443506003,60.6481711487664,5.63919309311059e-10,1,0.98649167390676,0,0.00166148337794936,0.00607645789487821,0,0,0
96.87,9498.85581354517,1.99024387651293,9500,9498.8564360179,2.14681292911333,1.99024387651293,0,0.571205687100357,11.6349601587126,11,1503.01235607484,16951.3155409379,-15445.0585582085,1.99024387651293,1.5418159808907,1.53902148527753,0.0027944956131627,-0.715973523315122,0.442838904395911,1.99024387651293,0,267.161443506003,60.6481711487664,8.68724086669448e-10,1,0.986492338518549,0,0.00166505620550605,0.00558899122632539,0,0,0
96.885,9498.86438163048,1.99050160562195,9500,9498.85627469631,2.14767469869019,1.99050160562195,0,0.71256300995492,11.6305735985399,12,1503.01235607484,16952.4290999341,-15445.3689473626,1.99050160562195,1.5418159808907,1.53926725836927,0.00254872252143179,-0.559979687881279,0.443588179688389,1.99050160562195,0,267.161443506003,60.6481711487664,5.25157841786454e-10,1,0.986493228346826,0,0.00166529084410971,0.00509744504286358,0,0,0
96.9,9498.87507007563,1.99075639041569,9500,9498.85837570964,2.14847913966749,1.99075639041569,0,0.850476630431824,11.6262680305521,12,1503.01235607484,16953.5402148003,-15445.696456375,1.99075639041569,1.5418159808907,1.53951455641232,0.00230142447837922,-0.405129785928833,0.444337560568238,1.99075639041569,0,267.161443506003,60.6481711487664,6.56301727879263e-10,1,0.986494338382546,0,0.00166223498648477,0.00460284895675844,0,0,0
96.915,9498.88782722508,1.9910077715086,9500,9498.86270226326,2.14922548965419,1.9910077715086,0,0.984722889287754,11.6220507319006,12,1503.01235607484,16954.6467445648,-15446.0402146407,1.9910077715086,1.5418159808907,1.53976286873783,0.00205311215287129,-0.251713376255318,0.445085566312156,1.9910077715086,0,267.161443506003,60.6481711487664,7.84416329019186e-10,1,0.986495663261084,0,0.00165594211820275,0.00410622430574259,0,0,0
96.93,9498.90259806842,1.99125530239493,9500,9498.86921371118,2.14991311165726,1.99125530239493,0,1.1150900884945,11.6179287284108,12,1503.01235607484,16955.7465758129,-15446.3993112021,1.99125530239493,1.5418159808907,1.54001169027125,0.00180429061944309,-0.100012762521763,0.445830740265347,1.99125530239493,0,267.161443506003,60.6481711487664,9.09087407225158e-10,1,0.986497197269397,0,0.00164647127380424,0.00360858123888619,0,0,0
96.945,9498.91932441975,1.99149855064838,9500,9498.87786568466,2.15054149370257,1.99149855064838,0,1.24137914660365,11.613908754645,13,1503.01235607484,16956.8376266423,-15446.7727949834,1.99149855064838,1.5418159808907,1.54026052218114,0.0015554587095612,0.0496972995224648,0.446571652338559,1.99149855064838,0,267.161443506003,60.6481711487664,4.63555883673514e-10,1,0.98649893436466,0,0.00163388687648669,0.00311091741912239,0,0,0
96.96,9498.93794510695,1.99173709857153,9500,9498.88861023409,2.15111024802553,1.99173709857153,0,1.36339653849689,11.6099972390416,13,1503.01235607484,16957.9178988634,-15447.1597671077,1.99173709857153,1.5418159808907,1.54050887276677,0.00130710812392487,0.197150023829279,0.447306901432978,1.99173709857153,0,267.161443506003,60.6481711487664,5.1637437757651e-10,1,0.986500868193915,0,0.00161825851516362,0.00261421624784974,0,0,0
96.975,9498.95839605502,1.99197054344734,9500,9498.90139598308,2.15161910984313,1.99197054344734,0,1.48096494995912,11.6062003092508,13,1503.01235607484,16958.9854086356,-15447.5592509966,1.99197054344734,1.5418159808907,1.54075625849478,0.00105972239592189,0.34208710384495,0.448035117764802,1.99197054344734,0,267.161443506003,60.6481711487664,5.67283524268008e-10,1,0.98650299210273,0,0.00159966074105156,0.00211944479184378,0,0,0
96.99,9498.98061052927,1.99219849893789,9500,9498.91616826423,2.15206793647609,1.99219849893789,0,1.59391705689702,11.6025237668161,13,1503.01235607484,16960.0382390848,-15447.9702803337,1.99219849893789,1.5418159808907,1.54100220441624,0.000813776474459127,0.484258839125254,0.448754965098275,1.99219849893789,0,267.161443506003,60.6481711487664,6.16295898660644e-10,1,0.986505299160452,0,0.00157817285582462,0.00162755294891825,0,0,0
97.005,9499.00451928513,1.99242059512019,9500,9498.93286928274,2.15245670566253,1.99242059512019,0,1.70209706826326,11.5989730898649,13,1503.01235607484,16961.0745300811,-15448.3918800761,1.99242059512019,1.5418159808907,1.54124624521765,0.000569735673050298,0.623424644296014,0.449465142883396,1.99242059512019,0,267.161443506003,60.6481711487664,6.63339454670772e-10,1,0.986507782175768,0,0.00155387869509105,0.0011394713461006,0,0,0
97.02,9499.03005074115,1.99263647894641,9500,9498.95143827648,2.15278551383948,1.99263647894641,0,1.80536084724655,11.5955534278094,13,1503.01235607484,16962.0924809347,-15448.823068461,1.99263647894641,1.5418159808907,1.54148792601094,0.000328054879760398,0.759353392830235,0.450164388296187,1.99263647894641,0,267.161443506003,60.6481711487664,7.08345990118974e-10,1,0.986510433714675,0,0.00152686638384747,0.000656109759520795,0,0,0
97.035,9499.05713115386,1.99284581464355,9500,9498.97181167936,2.15305457421893,1.99284581464355,0,1.90357599549993,11.5922695971307,13,1503.01235607484,16963.0903528471,-15449.2628589772,1.99284581464355,1.5418159808907,1.54172680309873,8.91777919689307e-05,0.891823734433101,0.450851478168919,1.99284581464355,0,267.161443506003,60.6481711487664,7.5125409065063e-10,1,0.98651324611863,0,0.00149722811385811,0.000178355583937861,0,0,0
97.05,9499.08568479379,1.99304828413526,9500,9498.99392328767,2.15326421466656,1.99304828413526,0,1.99662194932612,11.5891260767993,13,1503.01235607484,16964.0664714625,-15449.7102623688,1.99304828413526,1.5418159808907,1.54196244467849,-0.000146463787794371,1.0206243856228,0.451525230820155,1.99304828413526,0,267.161443506003,60.6481711487664,7.92007510515237e-10,1,0.986516211522841,0,0.00146505989838497,-0.000292927575588742,0,0,0
97.065,9499.11563412303,1.99324358737531,9500,9499.017704429,2.15341487539129,1.99324358737531,0,2.0843900236732,11.5861270052544,13,1503.01235607484,16965.0192290588,-15450.1642885748,1.99324358737531,1.5418159808907,1.5421944315356,-0.000378450644907602,1.14555439340082,0.452184507774428,1.99324358737531,0,267.161443506003,60.6481711487664,8.3055576108629e-10,1,0.9865193218747,0,0.00143046133687985,-0.000756901289815204,0,0,0
97.08,9499.14689997339,1.99343144269678,9500,9499.04308413333,2.1535071064516,1.99343144269678,0,2.16678346461206,11.5832761771156,13,1503.01235607484,16965.9470868077,-15450.6239486879,1.99343144269678,1.5418159808907,1.54242235767567,-0.000606376784968887,1.26642337353841,0.452828215376024,1.99343144269678,0,267.161443506003,60.6481711487664,8.66852932981713e-10,1,0.986522568952289,0,0.00139353536007691,-0.00121275356993777,0,0,0
97.095,9499.17940172536,1.99361158707935,9500,9499.06998930598,2.15354156508693,1.99361158707935,0,2.24371745434292,11.5805770413295,13,1503.01235607484,16966.8485767011,-15451.0882568507,1.99361158707935,1.5418159808907,1.5426458309404,-0.00082985004970193,1.38305172311228,0.453455306288059,1.99361158707935,0,267.161443506003,60.6481711487664,9.00860492087976e-10,1,0.986525944382966,0,0.00135438799521737,-0.00165970009940386,0,0,0
97.11,9499.21305748717,1.99378377641522,9500,9499.09834490212,2.15351901287981,1.99378377641522,0,2.31511911477836,11.5780326993307,13,1503.01235607484,16967.7223034695,-15451.5562321503,1.99378377641522,1.5418159808907,1.54286447357139,-0.0010484926806904,1.49527080906934,0.454064780885906,1.99378377641522,0,267.161443506003,60.6481711487664,9.32544187987683e-10,1,0.986529439661958,0,0.00131312810489947,-0.00209698536138081,0,0,0
97.125,9499.2477842739,1.9939477857072,9500,9499.12807410244,2.15344031275712,1.9939477857072,0,2.38092747251419,11.5756459043775,13,1503.01235607484,16968.5669462229,-15452.026900455,1.9939477857072,1.5418159808907,1.543077922749,-0.00126194185830175,1.60292313246299,0.454655688533111,1.9939477857072,0,267.161443506003,60.6481711487664,9.61875525068023e-10,1,0.986533046170965,0,0.00126986714165001,-0.0025238837166035,0,0,0
97.14,9499.28349818598,1.99410340924383,9500,9499.15909848975,2.15330642583722,1.99410340924383,0,2.44109341111233,11.5734190612676,13,1503.01235607484,16969.3812599953,-15452.4992962265,1.99410340924383,1.5418159808907,1.54328583108756,-0.00146985019686219,1.70586246934326,0.455227128746854,1.99410340924383,0,267.161443506003,60.6481711487664,9.88832203167843e-10,1,0.986536755196698,0,0.00122471889047904,-0.00293970039372438,0,0,0
97.155,9499.32011458715,1.99425046073246,9500,9499.19133822603,2.15311840813156,1.99425046073246,0,2.49557771259238,11.5713542197343,14,1503.01235607484,16970.1640894518,-15452.9724873516,1.99425046073246,1.5418159808907,1.5434878670936,-0.00167188620290171,1.80395398812696,0.455778252247569,1.99425046073246,0,267.161443506003,60.6481711487664,4.55790880862041e-10,1,0.986540557949359,0,0.00117779922218242,-0.00334377240580341,0,0,0
97.17,9499.35754825284,1.99438877336063,9500,9499.22471222972,2.15287740710818,1.99438877336063,0,2.5443584762586,11.5694531037331,14,1503.01235607484,16970.9143207275,-15453.4454848223,1.99438877336063,1.5418159808907,1.54368371560451,-0.00186773471380919,1.89707434403676,0.456308261897551,1.99438877336063,0,267.161443506003,60.6481711487664,4.65691226620052e-10,1,0.986544445578051,0,0.00112922582357156,-0.00373546942761838,0,0,0
97.185,9499.39571362998,1.9945182002431,9500,9499.25913834556,2.1525846583121,1.9945182002431,0,2.58741996486724,11.5677170655536,14,1503.01235607484,16971.6309576948,-15453.9173823762,1.9945182002431,1.5418159808907,1.54387307797357,-0.0020570970828766,1.98511164243088,0.456816413518158,1.9945182002431,0,267.161443506003,60.6481711487664,4.74551024709825e-10,1,0.986548409197764,0,0.00107911797218541,-0.0041141941657532,0,0,0
97.2,9499.43452492946,1.99463861349216,9500,9499.29453353771,2.15224148126624,1.99463861349216,0,2.62475940961813,11.5661471314018,14,1503.01235607484,16972.3130700161,-15454.3872658785,1.99463861349216,1.5418159808907,1.54405567289278,-0.00223969200208707,2.06796575404657,0.457302016605642,1.99463861349216,0,267.161443506003,60.6481711487664,4.82323966990625e-10,1,0.986552439898969,0,0.00102759624553928,-0.00447938400417414,0,0,0
97.215,9499.4738963206,1.99474990477386,9500,9499.33081405677,2.15184927589022,1.99474990477386,0,2.65638532653297,11.5647439876555,14,1503.01235607484,16972.9598084002,-15454.8542381397,1.99474990477386,1.5418159808907,1.54423123640718,-0.00241525551648381,2.1455481757227,0.457764434916135,1.99474990477386,0,267.161443506003,60.6481711487664,4.8901275872654e-10,1,0.986556528767827,0,0.00097478228167458,-0.00483051103296761,0,0,0
97.23,9499.5137421005,1.99485198522067,9500,9499.36789561397,2.15140951861276,1.99485198522067,0,2.68231732558567,11.5635079849116,14,1503.01235607484,16973.5704050191,-15455.3174204136,1.99485198522067,1.5418159808907,1.54439952219716,-0.00258354130645788,2.21778202705329,0.458203086942888,1.99485198522067,0,267.161443506003,60.6481711487664,4.94621285816063e-10,1,0.986560666903763,0,0.000920798535839484,-0.00516708261291576,0,0,0
97.245,9499.55397686038,1.99494478535651,9500,9499.40569355404,2.15092375838596,1.99494478535651,0,2.70258592991253,11.5624391417529,14,1503.01235607484,16974.14417397,-15455.7759538807,1.99494478535651,1.5418159808907,1.5445603017998,-0.00274432090910048,2.28460202892417,0.458617446284016,1.99494478535651,0,267.161443506003,60.6481711487664,4.99155791583054e-10,1,0.986564845436751,0,0.00086576802044358,-0.00548864181820097,0,0,0
97.26,9499.59451564933,1.99502825494167,9500,9499.44412302642,2.1503936126121,1.99502825494167,0,2.71723235013969,11.5615371498524,14,1503.01235607484,16974.6805113855,-15456.229001037,1.99502825494167,1.5418159808907,1.54471336481182,-0.00289738392111949,2.34595446230698,0.459007041893216,1.99502825494167,0,267.161443506003,60.6481711487664,5.02624287519256e-10,1,0.986569055544315,0,0.000809814065337644,-0.00579476784223898,0,0,0
97.275,9499.63527413458,1.99510236279339,9500,9499.48309915455,2.14982076299203,1.99510236279339,0,2.72630824844838,11.5608013794266,14,1503.01235607484,16975.1788954337,-15456.6757470303,1.99510236279339,1.5418159808907,1.54485851905066,-0.00304253815996192,2.40179710714446,0.459371458222617,1.99510236279339,0,267.161443506003,60.6481711487664,5.05037877133503e-10,1,0.986573288468177,0,0.000753060070953326,-0.00608507631992383,0,0,0
97.29,9499.67616875831,1.99516709656979,9500,9499.52253720282,2.14920695130517,1.99516709656979,0,2.72987548446602,11.560230885256,14,1503.01235607484,16975.6388861506,-15457.1154009314,1.99516709656979,1.5418159808907,1.54499559067842,-0.00317960978772591,2.4520991606878,0.459710335254546,1.99516709656979,0,267.161443506003,60.6481711487664,5.06408695085139e-10,1,0.986577535530537,0,0.000695629263131492,-0.00635921957545182,0,0,0
97.305,9499.71711689058,1.99522246250493,9500,9499.56235274082,2.14855397513142,1.99522246250493,0,2.72800583604738,11.5598244134786,14,1503.01235607484,16976.0601250514,-15457.5471969282,1.99522246250493,1.5418159808907,1.54512442429506,-0.00330844340436043,2.49684113500308,0.460023368422956,1.99522246250493,0,267.161443506003,60.6481711487664,5.06751083895803e-10,1,0.986581788149964,0,0.000637644460895093,-0.00661688680872086,0,0,0
97.32,9499.75803697812,1.9952684851486,9500,9499.60246180478,2.14786368352433,1.9952684851486,0,2.72078072611453,11.5595804082182,14,1503.01235607484,16976.4423347424,-15457.9703954856,1.9952684851486,1.5418159808907,1.54524488297692,-0.00342890208622548,2.53601473382849,0.460310308430358,1.9952684851486,0,267.161443506003,60.6481711487664,5.06081151891707e-10,1,0.986586037856838,0,0.000579227833636731,-0.00685780417245097,0,0,0
97.335,9499.79884868901,1.99530520703461,9500,9499.64278105564,2.14713797264638,1.99530520703461,0,2.70829091274625,11.5594970193774,14,1503.01235607484,16976.7853182227,-15458.3842844037,1.99530520703461,1.5418159808907,1.54535684829649,-0.00354086740579262,2.5696227084144,0.460570960955495,1.99530520703461,0,267.161443506003,60.6481711487664,5.04417066941695e-10,1,0.986590276308385,0,0.000520500687660741,-0.00708173481158525,0,0,0
97.35,9499.8394730527,1.99533268834045,9500,9499.68322793367,2.1463787813739,1.99533268834045,0,2.69063617709634,11.559572110493,14,1503.01235607484,16977.0889581236,-15458.7881798274,1.99533268834045,1.5418159808907,1.54546022029829,-0.00364423940759639,2.59767869404461,0.460805186264942,1.99533268834045,0,267.161443506003,60.6481711487664,5.01778173012143e-10,1,0.986594495303212,0,0.000461583215618733,-0.00728847881519279,0,0,0
97.365,9499.87983259536,1.99535100654228,9500,9499.72372080933,2.14558808688203,1.99535100654228,0,2.66792501331206,11.5598032665845,14,1503.01235607484,16977.3532159118,-15459.1814272074,1.99535100654228,1.5418159808907,1.54555491742089,-0.00373893653019364,2.62020702689832,0.461012898711971,1.99535100654228,0,267.161443506003,60.6481711487664,4.98186019693253e-10,1,0.986598686795366,0,0.000402594301998738,-0.00747787306038727,0,0,0
97.38,9499.91985147056,1.99536025600763,9500,9499.76417913008,2.14476790021873,1.99536025600763,0,2.64027428650731,11.5601878030018,14,1503.01235607484,16977.5781308128,-15459.563402164,1.99536025600763,1.5418159808907,1.54564087640617,-0.00382489551547072,2.63724254216807,0.46119406614787,1.99536025600763,0,267.161443506003,60.6481711487664,4.93663331667864e-10,1,0.986602842907908,0,0.00034365129301861,-0.00764979103094143,0,0,0
97.395,9499.95945558485,1.99536054757021,9500,9499.80452356302,2.1439202618747,1.99536054757021,0,2.60780888430894,11.5607227744916,14,1503.01235607484,16977.7638186343,-15459.9335112876,1.99536054757021,1.5418159808907,1.5457180521658,-0.00390207127510589,2.64883035521922,0.461348709229728,1.99536054757021,0,267.161443506003,60.6481711487664,4.88234596831027e-10,1,0.986606955945951,0,0.000284869795268206,-0.00780414255021178,0,0,0
97.41,9499.99857271812,1.99535200810691,9500,9499.84467613313,2.14304723735861,1.99535200810691,0,2.57066137461121,11.5614049841344,14,1503.01235607484,16977.9104705789,-15460.2911928927,1.99535200810691,1.5418159808907,1.54578641760139,-0.00397043671069275,2.65502562592098,0.461476900637599,1.99535200810691,0,267.161443506003,60.6481711487664,4.81925330152104e-10,1,0.98661101840916,0,0.000226363470733126,-0.0079408734213855,0,0,0
97.425,9500.03713263874,1.99533478005735,9500,9499.88456035683,2.14215091278658,1.99533478005735,0,2.5289716342427,11.5622309931918,14,1503.01235607484,16978.0183517915,-15460.6359176736,1.99533478005735,1.5418159808907,1.54584596340708,-0.00402998251638764,2.65589330667935,0.461578764199429,1.99533478005735,0,267.161443506003,60.6481711487664,4.74762514707016e-10,1,0.986615023003715,0,0.000168243839719251,-0.00805996503277528,0,0,0
97.44,9500.07506721325,1.99530902091958,9500,9499.92410137084,2.1412333904923,1.99530902091958,0,2.48288646877615,11.5631971312757,14,1503.01235607484,16978.0877997845,-15460.9671892874,1.99530902091958,1.5418159808907,1.54589669783991,-0.00408071694921164,2.65150787603364,0.461654473927303,1.99530902091958,0,267.161443506003,60.6481711487664,4.66773865647065e-10,1,0.986618962653695,0,0.000110620094681435,-0.00816143389842328,0,0,0
97.455,9500.11231051028,1.99527490275664,9500,9499.96322605598,2.14029678466689,1.99527490275664,0,2.43255924310094,11.5642995062329,14,1503.01235607484,16978.1192228801,-15461.2845448933,1.99527490275664,1.5418159808907,1.54593864644268,-0.00412266555198526,2.64195305776398,0.461704252969909,1.99527490275664,0,267.161443506003,60.6481711487664,4.57989154074348e-10,1,0.986622830511878,0,5.35989187400165e-05,-0.00824533110397052,0,0,0
97.47,9500.14879889893,1.99523261164145,9500,9500.00186315587,2.13934321703667,1.99523261164145,0,2.37815133028674,11.5655340206545,13,1503.01235607484,16978.113086223,-15461.5875329309,1.99523261164145,1.5418159808907,1.54597185175699,-0.0041558708662961,2.62732152622046,0.461728372483342,1.99523261164145,0,267.161443506003,60.6481711487664,9.98127499819149e-10,1,0.98662661996995,0,-2.71569117638037e-06,-0.00831174173259219,0,0,0
97.485,9500.18447116888,1.99518234710017,9500,9500.03994339038,2.13837481258596,1.99518234710017,0,2.31982425501208,11.5668963603024,13,1503.01235607484,16978.0699589119,-15461.8758048957,1.99518234710017,1.5418159808907,1.54599637299712,-0.00418039210642052,2.60771459896319,0.461727150422313,1.99518234710017,0,267.161443506003,60.6481711487664,9.75380736603588e-10,1,0.98663032467099,0,-5.82225953684734e-05,-0.00836078421284103,0,0,0
97.5,9500.21926853271,1.99512432118775,9500,9500.07739957078,2.13739369515033,1.99512432118775,0,2.25775037779953,11.5683820444852,13,1503.01235607484,16977.9904364669,-15462.1489770912,1.99512432118775,1.5418159808907,1.54601228586937,-0.00419630497866974,2.58324202324852,0.461700950254397,1.99512432118775,0,267.161443506003,60.6481711487664,9.50966291735777e-10,1,0.986633938509697,0,-0.000112823671376328,-0.00839260995733948,0,0,0
97.515,9500.25313478838,1.9950587587733,9500,9500.11416668562,2.13640198366674,1.9950587587733,0,2.19210540914708,11.5699864000022,13,1503.01235607484,16977.8751921772,-15462.4067245155,1.9950587587733,1.5418159808907,1.54601968175053,-0.00420370085983657,2.55402137809355,0.461650179602278,1.9950587587733,0,267.161443506003,60.6481711487664,9.2505652548122e-10,1,0.986637455649278,0,-0.000166423947372429,-0.00840740171967314,0,0,0
97.53,9500.28601636951,1.99498589637237,9500,9500.15018200655,2.13540178785451,1.99498589637237,0,2.12306958485721,11.5717045878089,13,1503.01235607484,16977.7249600847,-15462.648757165,1.99498589637237,1.5418159808907,1.54601866756284,-0.0042026866721423,2.52017790173542,0.46157528882596,1.99498589637237,0,267.161443506003,60.6481711487664,8.97726978084558e-10,1,0.98664087052666,0,-0.000218931763355856,-0.00840537334428459,0,0,0
97.545,9500.31786241329,1.99490598150335,9500,9500.18538517964,2.13439520418283,1.99490598150335,0,2.05082724071879,11.5735316149633,13,1503.01235607484,16977.5405326344,-15462.8748201023,1.99490598150335,1.5418159808907,1.5460093653506,-0.00419338445989825,2.48184414475731,0.46147676953245,1.99490598150335,0,267.161443506003,60.6481711487664,8.69052884649115e-10,1,0.986644177859544,0,-0.000270258897899112,-0.00838676891979651,0,0,0
97.56,9500.3486248219,1.99481927205306,9500,9500.21971831071,2.13338431192394,1.99481927205306,0,1.97556639725195,11.5754623463186,13,1503.01235607484,16977.3227583329,-15463.0846934739,1.99481927205306,1.5418159808907,1.54599191182371,-0.00417593093301405,2.43915961045801,0.461355153028396,1.99481927205306,0,267.161443506003,60.6481711487664,8.39111823206426e-10,1,0.986647372652791,0,-0.000320320697020149,-0.0083518618660281,0,0,0
97.575,9500.37825831786,1.99472603563039,9500,9500.25312604441,2.13237116929912,1.99472603563039,0,1.89747834311767,11.5774915163379,13,1503.01235607484,16977.0725393292,-15463.2781924595,1.99472603563039,1.5418159808907,1.54596645787822,-0.00415047698752358,2.39227038367742,0.461211008714736,1.99472603563039,0,267.161443506003,60.6481711487664,8.07981655076167e-10,1,0.986650450204161,0,-0.000369036198090367,-0.00830095397504715,0,0,0
97.59,9500.406720493,1.99462654889548,9500,9500.28555563723,2.13135780972235,1.99462654889548,0,1.81675720944198,11.5796137412473,13,1503.01235607484,16976.7908288631,-15463.4551671399,1.99462654889548,1.5418159808907,1.5459331681011,-0.00411718721040533,2.34132875055095,0.461044942425596,1.99462654889548,0,267.161443506003,60.6481711487664,7.75742731632492e-10,1,0.986653406109406,0,-0.000416328229881024,-0.00823437442081065,0,0,0
97.605,9500.43397185115,1.99452109692919,9500,9500.31695702416,2.13034623814659,1.99452109692919,0,1.73359957266787,11.5818235304032,13,1503.01235607484,16976.4786288519,-15463.6155023414,1.99452109692919,1.5418159808907,1.54589222023253,-0.00407623934182877,2.28649281103848,0.460857594722149,1.99452109692919,0,267.161443506003,60.6481711487664,7.4247377535452e-10,1,0.986656236266696,0,-0.000462123523148339,-0.00815247868365754,0,0,0
97.62,9500.45997584473,1.99440997255359,9500,9500.34728287926,2.12933842751853,1.99440997255359,0,1.64820403422162,11.584115298432,13,1503.01235607484,16976.1369872439,-15463.7591173799,1.99440997255359,1.5418159808907,1.54584380462762,-0.00402782373692201,2.22792608507503,0.460649639136733,1.99440997255359,0,267.161443506003,60.6481711487664,7.08255999159158e-10,1,0.986658936880427,0,-0.000506352788853803,-0.00805564747384402,0,0,0
97.635,9500.48469890525,1.99429347566247,9500,9500.37648866993,2.12833631534503,1.99429347566247,0,1.56077081064392,11.5864833771149,13,1503.01235607484,16975.7669953826,-15463.8859657548,1.99429347566247,1.5418159808907,1.54578812369568,-0.0039721428049877,2.16579711466604,0.460421780381748,1.99429347566247,0,267.161443506003,60.6481711487664,6.73169870304061e-10,1,0.986661504464383,0,-0.000548950809486026,-0.0079442856099754,0,0,0
97.65,9500.50811046741,1.99417191254104,9500,9500.40453270504,2.12734180037611,1.99417191254104,0,1.47150132344027,11.5889220273836,13,1503.01235607484,16975.3697853,-15463.9960347756,1.99417191254104,1.5418159808907,1.54572539132427,-0.00390941043356907,2.10027906260972,0.46017475251748,1.99417191254104,0,267.161443506003,60.6481711487664,6.37297317353843e-10,1,0.986663935844241,0,-0.000589856504984443,-0.00781882086713814,0,0,0
97.665,9500.53018298726,1.99404559517822,9500,9500.43137617688,2.12635673940915,1.99404559517822,0,1.38059778886666,11.5914254513666,13,1503.01235607484,16974.9465269447,-15464.089345123,1.99404559517822,1.5418159808907,1.54565583229205,-0.00383985140135668,2.03154930867301,0.459909317090237,1.99404559517822,0,267.161443506003,60.6481711487664,6.00719671138036e-10,1,0.986666228159458,0,-0.000629013006431922,-0.00767970280271335,0,0,0
97.68,9500.55089195409,1.99391484057065,9500,9500.45698319687,2.1253829442188,1.99391484057065,0,1.2882628084257,11.5939878045063,13,1503.01235607484,16974.4984253494,-15464.1659503448,1.99391484057065,1.5418159808907,1.54557968166939,-0.00376370077869415,1.9597890438381,0.459626261237342,1.99391484057065,0,267.161443506003,60.6481711487664,5.63517076883236e-10,1,0.986668378864503,0,-0.000666367695849823,-0.00752740155738829,0,0,0
97.695,9500.57021589622,1.99377997002739,9500,9500.48132082517,2.12442217861665,1.99377997002739,0,1.19469896471295,11.5966032075903,13,1503.01235607484,16974.0267177696,-15464.2259362948,1.99377997002739,1.5418159808907,1.54549718420945,-0.00368120331875743,1.8851828633413,0.45932639577421,1.99377997002739,0,267.161443506003,60.6481711487664,5.25771878041681e-10,1,0.98667038572946,0,-0.000701872267494741,-0.00736240663751486,0,0,0
97.71,9500.58813638069,1.99364130848393,9500,9500.50435909402,2.12347615564533,1.99364130848393,0,1.10010842758992,11.5992657585481,13,1503.01235607484,16973.5326708333,-15464.2694205217,1.99364130848393,1.5418159808907,1.545408593721,-0.00359261283030121,1.80791835882509,0.459010553253837,1.99364130848393,0,267.161443506003,60.6481711487664,4.875646451676e-10,1,0.986672246839995,0,-0.0007354827470063,-0.00718522566060242,0,0,0
97.725,9500.6046380071,1.99349918379443,9500,9500.52607102507,2.12254653491105,1.99349918379443,0,1.00469255260201,11.6019695445595,13,1503.01235607484,16973.0175775704,-15464.2965515839,1.99349918379443,1.5418159808907,1.54531417244767,-0.0034981915569734,1.7281857100946,0.458679586017684,1.99349918379443,0,267.161443506003,60.6481711487664,4.48975794647657e-10,1,0.98667396059672,0,-0.000767159537243378,-0.00699638311394679,0,0,0
97.74,9500.61970839539,1.99335392605045,9500,9500.54643264055,2.12163492005743,1.99335392605045,0,0.908649771421246,11.6047086439746,12,1503.01235607484,16972.4827656659,-15464.3075292932,1.99335392605045,1.5418159808907,1.54521419042379,-0.00339820953308845,1.64617727761207,0.458334364225925,1.99335392605045,0,267.161443506003,60.6481711487664,9.13548157315005e-10,1,0.986675525713917,0,-0.000796867418474401,-0.0067964190661769,0,0,0
97.755,9500.63333814196,1.99320586689588,9500,9500.56542296837,2.12074285638509,1.99320586689588,0,0.81218230899627,11.6074771767142,12,1503.01235607484,16971.9295487737,-15464.3025178585,1.99320586689588,1.5418159808907,1.54510892483191,-0.00329294394121638,1.56208719564657,0.457975773887611,1.99320586689588,0,267.161443506003,60.6481711487664,8.26245859296411e-10,1,0.986676941214987,0,-0.000824575571555242,-0.00658588788243275,0,0,0
97.77,9500.6455208766,1.99305533917785,9500,9500.58302403454,2.11987182878966,1.99305533917785,0,0.715485081494726,11.6102692514578,12,1503.01235607484,16971.3592953699,-15464.2817778333,1.99305533917785,1.5418159808907,1.54499865918733,-0.00318267829663021,1.47611086821446,0.457604714880412,1.99305533917785,0,267.161443506003,60.6481711487664,7.38834592925375e-10,1,0.986678206438359,0,-0.000850257559349643,-0.00636535659326043,0,0,0
97.785,9500.65625315282,1.99290267542711,9500,9500.59922087237,2.11902325928106,1.99290267542711,0,0.618752310684543,11.6130790308029,12,1503.01235607484,16970.7733741648,-15464.2455739417,1.99290267542711,1.5418159808907,1.54488368311185,-0.00306770222114783,1.3884448230294,0.457222098978704,1.99290267542711,0,267.161443506003,60.6481711487664,6.51267437583887e-10,1,0.986679321026103,0,-0.000873891347346722,-0.00613540444229566,0,0,0
97.8,9500.66553443748,1.99274820775342,9500,9500.61400150075,2.11819850527785,1.99274820775342,0,0.522175582231377,11.6159007226758,12,1503.01235607484,16970.1731658196,-15464.1941978324,1.99274820775342,1.5418159808907,1.54476429139554,-0.00294831050483824,1.29928614368288,0.456828847872398,1.99274820775342,0,267.161443506003,60.6481711487664,5.63715897988025e-10,1,0.986680284922848,0,-0.000895459270362942,-0.00589662100967647,0,0,0
97.815,9500.67336707121,1.99259226719495,9500,9500.62735690547,2.11739885784365,1.99259226719495,0,0.425943504783972,11.618728591079,12,1503.01235607484,16969.5600600528,-15464.1279671244,1.99259226719495,1.5418159808907,1.54464078333894,-0.00282480244824179,1.20883207045161,0.456425891200735,1.99259226719495,0,267.161443506003,60.6481711487664,4.76346765489424e-10,1,0.986681098371681,0,-0.000914948006776495,-0.00564960489648358,0,0,0
97.83,9500.67975622378,1.99243518309882,9500,9500.63928101505,2.11662554007469,1.99243518309882,0,0.330242897313747,11.6215569590358,11,1503.01235607484,16968.9354423542,-15464.0472053771,1.99243518309882,1.5418159808907,1.54451346208548,-0.00269748119478197,1.11727960984618,0.456014164597685,1.99243518309882,0,267.161443506003,60.6481711487664,8.66990217058384e-10,1,0.986681761909499,0,-0.000932348540783945,-0.00539496238956394,0,0,0
97.845,9500.68470986724,1.99227728248226,9500,9500.64977067133,2.11587970564045,1.99227728248226,0,0.235252059728919,11.6243802470513,11,1503.01235607484,16968.30073552,-15463.9523218692,1.99227728248226,1.5418159808907,1.54438263397208,-0.00256665308138593,1.02482515212092,0.455594607754333,1.99227728248226,0,267.161443506003,60.6481711487664,6.74692632984382e-10,1,0.986682276364231,0,-0.000947656130403818,-0.00513330616277186,0,0,0
97.86,9500.68823864814,1.99211888910039,9500,9500.65882560069,2.11516243732942,1.99211888910039,0,0.141150454559687,11.6271929477289,11,1503.01235607484,16967.657325158,-15463.8436820871,1.99211888910039,1.5418159808907,1.54424860803368,-0.00243262714298154,0.931664183234623,0.455168162495651,1.99211888910039,0,267.161443506003,60.6481711487664,4.83361566192418e-10,1,0.986682642841561,0,-0.00096087025545355,-0.00486525428596307,0,0,0
97.875,9500.69035590496,1.99196032363473,9500,9500.6664483596,2.11447474626787,1.99196032363473,0,0.0481101533171191,11.6299896033445,10,1503.01235607484,16967.0066177604,-15463.7217144088,1.99196032363473,1.5418159808907,1.54411169495903,-0.00229571406832996,0.837990682227395,0.454735770880697,1.99196032363473,0,267.161443506003,60.6481711487664,6.55695768143507e-10,1,0.986682862726742,0,-0.000971994541484777,-0.00459142813665991,0,0,0
97.89,9500.69107755726,1.99180190253972,9500,9500.67264429882,2.11381757070665,1.99180190253972,0,-0.0436958997602123,11.6327650009427,10,1503.01235607484,16966.3499847183,-15463.5868071593,1.99180190253972,1.5418159808907,1.5439722067347,-0.00215622584400377,0.743996926467075,0.454298373337029,1.99180190253972,0,267.161443506003,60.6481711487664,3.20484142437148e-10,1,0.98668293767308,0,-0.000981036708057159,-0.00431245168800753,0,0,0
97.905,9500.69042211876,1.99164393776732,9500,9500.67742150816,2.11319177532859,1.99164393776732,0,-0.134105698514055,11.6355138986816,10,1503.01235607484,16965.688825667,-15463.4394390769,1.99164393776732,1.5418159808907,1.54383045586159,-0.00201447497088836,0.649873053253943,0.453856906818403,1.99164393776732,0,267.161443506003,60.6481711487664,5.87559332022589e-10,1,0.986682869603297,0,-0.000988008494379855,-0.00402894994177672,0,0,0
97.92,9500.68841053328,1.99148673530236,9500,9500.68079077891,2.11259815014778,1.99148673530236,0,-0.222960325302197,11.6382312381908,10,1503.01235607484,16965.0245134587,-15463.2800796801,1.99148673530236,1.5418159808907,1.54368675518283,-0.00187077429213645,0.555806979448665,0.453412302995932,1.99148673530236,0,267.161443506003,60.6481711487664,8.51365395235241e-10,1,0.986682660692487,0,-0.000992925593825467,-0.00374154858427289,0,0,0
97.935,9500.6850661284,1.99133059533471,9500,9500.6827655335,2.11203741026946,1.99133059533471,0,-0.310107662629555,11.640912124573,11,1503.01235607484,16964.3584197305,-15463.1092359295,1.99133059533471,1.5418159808907,1.54354141690804,-0.00172543601734754,0.461983855484333,0.452965486478711,1.99133059533471,0,267.161443506003,60.6481711487664,4.3900234304836e-10,1,0.986682313363308,0,-0.000995807554808659,-0.00345087203469507,0,0,0
97.95,9500.68041451346,1.99117581174619,9500,9500.68336176143,2.11151019554481,1.99117581174619,0,-0.395397308535855,11.6435517041573,11,1503.01235607484,16963.6918701831,-15462.9273786135,1.99117581174619,1.5418159808907,1.54339475200248,-0.00157877111177784,0.368585731781176,0.452517373079047,1.99117581174619,0,267.161443506003,60.6481711487664,6.14776434250678e-10,1,0.986681830275388,0,-0.000996677693251957,-0.00315754222355569,0,0,0
97.965,9500.67448355383,1.99102267192992,9500,9500.68259794528,2.11101707052312,1.99102267192992,0,-0.478687487228672,11.6461453672218,11,1503.01235607484,16963.0261995864,-15462.7350366273,1.99102267192992,1.5418159808907,1.54324706942963,-0.00143108853893126,0.275791154234949,0.452068868117083,1.99102267192992,0,267.161443506003,60.6481711487664,7.8656153510469e-10,1,0.986681214322651,0,-0.000995562976552566,-0.00286217707786252,0,0,0
97.98,9500.66730324153,1.99087145572049,9500,9500.6804949993,2.1105585241421,1.99087145572049,0,-0.559841759507857,11.6486886284301,11,1503.01235607484,16962.3627143482,-15462.5327408488,1.99087145572049,1.5418159808907,1.54309867586462,-0.00128269497391909,0.183775033409754,0.451620864777635,1.99087145572049,0,267.161443506003,60.6481711487664,9.54360129534149e-10,1,0.986680468619883,0,-0.000992493933788641,-0.00256538994783817,0,0,0
97.995,9500.65890561513,1.99072243515709,9500,9500.67707619038,2.11013496991176,1.99072243515709,0,-0.638727694068869,11.6511771822288,12,1503.01235607484,16961.7026843366,-15462.3210084107,1.99072243515709,1.5418159808907,1.54294987501121,-0.00113389412051768,0.0927082827950297,0.45117424250743,1.99072243515709,0,267.161443506003,60.6481711487664,5.01672150259217e-10,1,0.986679596494412,0,-0.000987504541138495,-0.00226778824103535,0,0,0
98.01,9500.64932469972,1.99057587406746,9500,9500.67236705867,2.10974674616381,1.99057587406746,0,-0.715225400178462,11.653606840939,12,1503.01235607484,16961.047393569,-15462.1004418814,1.99057587406746,1.5418159808907,1.54280096703427,-0.000984986143577338,0.00275753351222031,0.450729865463917,1.99057587406746,0,267.161443506003,60.6481711487664,5.72822855498518e-10,1,0.986678601479872,0,-0.00098063211081123,-0.00196997228715468,0,0,0
98.025,9500.63859631872,1.99043202724979,9500,9500.66639534332,2.10939411623441,1.99043202724979,0,-0.789215778841358,11.6559736482399,12,1503.01235607484,16960.3980598049,-15461.8715820902,1.99043202724979,1.5418159808907,1.54265224821818,-0.000836267327478657,-0.0859150146961942,0.450288581014052,1.99043202724979,0,267.161443506003,60.6481711487664,6.42052511570411e-10,1,0.986677487296661,0,-0.000971917170819792,-0.00167253465495731,0,0,0
98.04,9500.62675808204,1.99029114104846,9500,9500.65919087861,2.10907726945141,1.99029114104846,0,-0.860587922456818,11.6582738020316,12,1503.01235607484,16959.7558856191,-15461.6350012534,1.99029114104846,1.5418159808907,1.54250400995541,-0.00068802906470955,-0.173152144252081,0.449851218287183,1.99029114104846,0,267.161443506003,60.6481711487664,7.09049379716705e-10,1,0.986676257850714,0,-0.000961403319619691,-0.0013760581294191,0,0,0
98.055,9500.6138492632,1.99015345244558,9500,9500.65078551397,2.10879632159434,1.99015345244558,0,-0.929237678519533,11.6605036853267,12,1503.01235607484,16959.1220423561,-15461.391278766,1.99015345244558,1.5418159808907,1.54235653850993,-0.000540557619237214,-0.25880169732701,0.449418586793355,1.99015345244558,0,267.161443506003,60.6481711487664,7.73716159799093e-10,1,0.986674917220733,0,-0.000949137110078491,-0.00108111523847443,0,0,0
98.07,9500.59991069802,1.99001918869891,9500,9500.64121302288,2.10855131569646,1.99001918869891,0,-0.995067775724842,11.6626598713242,12,1503.01235607484,16958.4976681407,-15461.140999929,1.99001918869891,1.5418159808907,1.5422101145335,-0.000394133642803274,-0.342716800079567,0.448991475093819,1.99001918869891,0,267.161443506003,60.6481711487664,8.35961128549655e-10,1,0.986673469647675,0,-0.000935167904236422,-0.000788267285606548,0,0,0
98.085,9500.58498468139,1.98988856701613,9500,9500.63050900911,2.10834222298265,1.98988856701613,0,-1.05798792703361,11.6647391278284,12,1503.01235607484,16957.8838660295,-15460.8847546872,1.98988856701613,1.5418159808907,1.54206501259644,-0.000249031705739755,-0.42475607645449,0.448570649536913,1.98988856701613,0,267.161443506003,60.6481711487664,8.95697256807041e-10,1,0.986671919524024,0,-0.000919547748333027,-0.00049806341147951,0,0,0
98.1,9500.56911486248,1.98976179424275,9500,9500.61871081053,2.10816894393975,1.98976179424275,0,-1.11791492339318,11.6667384214105,12,1503.01235607484,16957.2817022157,-15460.6231363657,1.98976179424275,1.5418159808907,1.54192150073975,-0.000105519849056934,-0.504783850821447,0.448156853050163,1.98976179424275,0,267.161443506003,60.6481711487664,9.52843974440838e-10,1,0.986670271382914,0,-0.000902331227235376,-0.000211039698113868,0,0,0
98.115,9500.55234613863,1.98963906661302,9500,9500.60585740064,2.10803130951532,1.98963906661302,0,-1.17477454317791,11.6686549162563,13,1503.01235607484,16956.6922167376,-15460.356763229,1.98963906661302,1.5418159808907,1.54177984002849,3.61408622069348e-05,-0.582670338408182,0.447750803997907,1.98963906661302,0,267.161443506003,60.6481711487664,4.52223130866558e-10,1,0.986668529887103,0,-0.000883575310398177,7.22817244138696e-05,0,0,0
98.13,9500.53472452048,1.98952056950705,9500,9500.5919892882,2.10792908244131,1.98952056950705,0,-1.22849426923139,11.6704859930399,13,1503.01235607484,16956.1163734485,-15460.0861870632,1.98952056950705,1.5418159808907,1.54164028413664,0.000175696754061594,-0.658291823330916,0.447353195108228,1.98952056950705,0,267.161443506003,60.6481711487664,4.75560714339343e-10,1,0.986666699814973,0,-0.000863339217905157,0.000351393508123188,0,0,0
98.145,9500.51629710644,1.98940647759521,9500,9500.57714840783,2.10786195885917,1.98940647759521,0,-1.27901400233192,11.6722292223942,13,1503.01235607484,16955.5551320836,-15459.812026124,1.98940647759521,1.5418159808907,1.54150307876853,0.000312902122170167,-0.731530928520903,0.446964692460171,1.98940647759521,0,267.161443506003,60.6481711487664,4.97551117312821e-10,1,0.986664786057871,0,-0.000841684249565766,0.000625804244340333,0,0,0
98.16,9500.49711189641,1.9892969538035,9500,9500.56137803244,2.10782956947579,1.9892969538035,0,-1.32627939721082,11.673882395978,13,1503.01235607484,16955.0093960214,-15459.5348750277,1.9892969538035,1.5418159808907,1.54136846170823,0.000447519182466216,-0.802276505880251,0.446585934547866,1.9892969538035,0,267.161443506003,60.6481711487664,5.18262729703747e-10,1,0.986662793600771,0,-0.000818673659204849,0.000895038364932432,0,0,0
98.175,9500.47721770545,1.98919214967128,9500,9500.54472265996,2.10783148143427,1.98919214967128,0,-1.37024333563331,11.6754435154563,13,1503.01235607484,16954.4800249529,-15459.2553257903,1.98919214967128,1.5418159808907,1.54123666220102,0.0005793186896772,-0.870423927691941,0.446217531401224,1.98919214967128,0,267.161443506003,60.6481711487664,5.3767215191679e-10,1,0.986660727513302,0,-0.000794372490419137,0.0011586373793544,0,0,0
98.19,9500.45666405541,1.98909220522804,9500,9500.52722790718,2.1078672000926,1.98909220522804,0,-1.41086590900296,11.6769107933049,13,1503.01235607484,16953.9678338553,-15458.9739667012,1.98909220522804,1.5418159808907,1.54110790061229,0.000708080278402301,-0.935875210754051,0.445860063780535,1.98909220522804,0,267.161443506003,60.6481711487664,5.55759803581435e-10,1,0.986658592938498,0,-0.000768847414121199,0.0014161605568046,0,0,0
98.205,9500.43550106678,1.98899724888385,9500,9500.50894040295,2.1079361708963,1.98899724888385,0,-1.4481143929502,11.6782826533771,13,1503.01235607484,16953.4735920258,-15458.6913812115,1.98899724888385,1.5418159808907,1.54098238811621,0.000833592774484249,-0.998539121397815,0.445514082444181,1.98899724888385,0,267.161443506003,60.6481711487664,5.72508599983826e-10,1,0.986656395081561,0,-0.000742166578322712,0.0016671855489685,0,0,0
98.22,9500.41377935089,1.9889073973578,9500,9500.48990768099,2.10803778134033,1.9889073973578,0,-1.48196320017535,11.6795577308037,13,1503.01235607484,16952.9980222766,-15458.4081468594,1.9889073973578,1.5418159808907,1.54086032639912,0.000955654491581193,-1.05833126258692,0.445180107483935,1.9889073973578,0,267.161443506003,60.6481711487664,5.87903658155212e-10,1,0.98665413919867,0,-0.000714399446594793,0.00191130898316239,0,0,0
98.235,9500.39154990288,1.98882275558509,9500,9500.47017807264,2.10817136301503,1.98882275558509,0,-1.5123938466289,11.680734872272,13,1503.01235607484,16952.5418000424,-15458.1248341844,1.98882275558509,1.5418159808907,1.54074190740999,0.00107407348071131,-1.11517414386959,0.444858627732968,1.98882275558509,0,267.161443506003,60.6481711487664,6.01933032664568e-10,1,0.986651830585868,0,-0.000685616639644726,0.00214814696142263,0,0,0
98.25,9500.36886399518,1.98874341668482,9500,9500.44980059959,2.10833619373139,1.98874341668482,0,-1.53939488245686,11.6818131352431,13,1503.01235607484,16952.1055527471,-15457.8420057,1.98874341668482,1.5418159808907,1.5406273131162,0.00118866777449544,-1.16899723521356,0.444550100245128,1.98874341668482,0,267.161443506003,60.6481711487664,6.14588451475774e-10,1,0.986649474567987,0,-0.000655889779730412,0.00237733554899089,0,0,0
98.265,9500.34577307195,1.98866946191343,9500,9500.42882486685,2.10853149972168,1.98866946191343,0,-1.5629618329631,11.6827917874259,13,1503.01235607484,16951.6898591118,-15457.5602148646,1.98866946191343,1.5418159808907,1.54051671530145,0.00129926558924387,-1.21973700598213,0.444254949844249,1.98866946191343,0,267.161443506003,60.6481711487664,6.2586296275025e-10,1,0.986647076487702,0,-0.000625291333592681,0.00259853117848774,0,0,0
98.28,9500.32232864445,1.98860096067253,9500,9500.40730095605,2.10875645791069,1.98860096067253,0,-1.58309710769391,11.6836703053069,13,1503.01235607484,16951.295248701,-15457.2800051091,1.98860096067253,1.5418159808907,1.54041027537185,0.00140570551885122,-1.2673369496558,0.443973568744132,1.98860096067253,0,267.161443506003,60.6481711487664,6.35753288820305e-10,1,0.986644641694653,0,-0.000593894456334843,0.00281141103770244,0,0,0
98.295,9500.29858218784,1.9885379705369,9500,9500.38527931935,2.10901019825321,1.9885379705369,0,-1.5998099002663,11.6844483723343,13,1503.01235607484,16950.922201552,-15457.0019088961,1.9885379705369,1.5418159808907,1.54030814418699,0.00150783670371091,-1.31174759511866,0.443706316238782,1.9885379705369,0,267.161443506003,60.6481711487664,6.44257767198799e-10,1,0.98664217553473,0,-0.000561772831323637,0.00301567340742181,0,0,0
98.31,9500.27458503933,1.98848053728407,9500,9500.362810674,2.10929180613261,1.98848053728407,0,-1.61311608775886,11.6851258770887,13,1503.01235607484,16950.5711478241,-15456.7264467955,1.98848053728407,1.5418159808907,1.54021046192635,0.00160551896434469,-1.35292650466516,0.443453518464686,1.98848053728407,0,267.161443506003,60.6481711487664,6.51378851745837e-10,1,0.986639683339501,0,-0.000529000524100542,0.00321103792868938,0,0,0
98.325,9500.25038829801,1.98842869500728,9500,9500.33994589796,2.10960032481413,1.98842869500728,0,-1.6230380831912,11.6857029100063,13,1503.01235607484,16950.2424678024,-15456.4541266479,1.98842869500728,1.5418159808907,1.54011735794683,0.00169862294386869,-1.39083825836511,0.443215468228841,1.98842869500728,0,267.161443506003,60.6481711487664,6.5712090658432e-10,1,0.986637170415798,0,-0.000495651816451614,0.00339724588773738,0,0,0
98.34,9500.22604272677,1.98838246617567,9500,9500.31673592646,2.10993475794927,1.98838246617567,0,-1.62960472082343,11.6861797610453,13,1503.01235607484,16949.9364916894,-15456.1854427033,1.98838246617567,1.5418159808907,1.54002895070393,0.00178703018676574,-1.42545442606106,0.442992424911438,1.98838246617567,0,267.161443506003,60.6481711487664,6.61490794947297e-10,1,0.98663464203554,0,-0.000461801068597723,0.00357406037353147,0,0,0
98.355,9500.20159865595,1.9883418617888,9500,9500.2932316501,2.11029407212246,1.9883418617888,0,-1.63285108759395,11.6865569157176,13,1503.01235607484,16949.6534998039,-15455.9208748601,1.9883418617888,1.5418159808907,1.53994534765693,0.00187063323376724,-1.45675352503951,0.442784614430569,1.9883418617888,0,267.161443506003,60.6481711487664,6.64497585409086e-10,1,0.986632103425727,0,-0.000427522563794192,0.00374126646753448,0,0,0
98.37,9500.17710588964,1.9883068815144,9500,9500.26948381425,2.11067719943696,1.9883068815144,0,-1.63281836725518,11.686835051438,13,1503.01235607484,16949.3937227158,-15455.6608879131,1.9883068815144,1.5418159808907,1.53986664521728,0.00194933567342215,-1.48472096552558,0.442592229276861,1.9883068815144,0,267.161443506003,60.6481711487664,6.66153729207901e-10,1,0.986629559758701,0,-0.000392890359322218,0.0038986713468443,0,0,0
98.385,9500.15261361413,1.9882775138454,9500,9500.24554292037,2.11108304013218,1.9882775138454,0,-1.62955367463077,11.6870150335589,13,1503.01235607484,16949.1573414778,-15455.4059308412,1.9882775138454,1.5418159808907,1.53979292872093,0.00202305216976839,-1.50934898261741,0.442415428615166,1.9882775138454,0,267.161443506003,60.6481711487664,6.66473589618121e-10,1,0.986627016142647,0,-0.000357978145000715,0.00404610433953678,0,0,0
98.4,9500.12817030901,1.9882537363025,9500,9500.22145912904,2.11151046522642,1.9882537363025,0,-1.62310986560927,11.6870979106321,13,1503.01235607484,16948.9444880579,-15455.1564361592,1.9882537363025,1.5418159808907,1.53972427240975,0.00209170848094398,-1.53063655505776,0.442254338449916,1.9882537363025,0,267.161443506003,60.6481711487664,6.65474325049816e-10,1,0.986624477612354,0,-0.000322859102769968,0.00418341696188795,0,0,0
98.415,9500.10382366103,1.98823551562886,9500,9500.19728216522,2.1119583191806,1.98823551562886,0,-1.61354535438816,11.6870849098397,13,1503.01235607484,16948.7552457519,-15454.9128192902,1.98823551562886,1.5418159808907,1.53966073944845,0.00215524144224633,-1.54858931198421,0.442109051853669,1.98823551562886,0,267.161443506003,60.6481711487664,6.6317471258156e-10,1,0.986621949120273,0,-0.000287605763590326,0.00431048288449265,0,0,0
98.43,9500.07962048071,1.98822280802304,9500,9500.17306122563,2.11242542257567,1.98822280802304,0,-1.60092391051082,11.6869774317825,13,1503.01235607484,16948.5896497697,-15454.6754779967,1.98822280802304,1.5418159808907,1.53960238195455,0.00221359893614603,-1.56321942691021,0.441979629260054,1.98822280802304,0,267.161443506003,60.6481711487664,6.59597649328599e-10,1,0.986619435527855,0,-0.000252289876077061,0.00442719787229207,0,0,0
98.445,9500.05560662206,1.98821555937579,9500,9500.14884488857,2.11291057479883,1.98821555937579,0,-1.58531445661206,11.6867770452353,13,1503.01235607484,16948.4476878502,-15454.4447918462,1.98821555937579,1.5418159808907,1.53954924105606,0.00226673983463743,-1.57454549999139,0.441866098815819,1.98821555937579,0,267.161443506003,60.6481711487664,6.5476588651546e-10,1,0.986616941597213,0,-0.000216982275875299,0.00453347966927486,0,0,0
98.46,9500.03182690521,1.98821370551628,9500,9500.12468102633,2.11341255673283,1.98821370551628,0,-1.56679086256506,11.6864854817689,13,1503.01235607484,16948.3293009337,-15454.2211217111,1.98821370551628,1.5418159808907,1.53950134697374,0.00231463391695264,-1.58259242883455,0.441768456791675,1.98821370551628,0,267.161443506003,60.6481711487664,6.48705266375574e-10,1,0.986614471983088,0,-0.000181752760242349,0.00462926783390527,0,0,0
98.475,9500.00832504227,1.98821717250472,9500,9500.10061672016,2.11393013344262,1.98821717250472,0,-1.54543171586692,11.6861046295956,13,1503.01235607484,16948.2343840399,-15454.0048093419,1.98821717250472,1.5418159808907,1.53945871910847,0.00235726178222695,-1.5873912681573,0.441686668049566,1.98821717250472,0,267.161443506003,60.6481711487664,6.41444869686587e-10,1,0.98661203122515,0,-0.000146669950839007,0.0047145235644539,0,0,0
98.49,9499.98514356653,1.98822587691145,9500,9500.07669817819,2.1144620568553,1.98822587691145,0,-1.52132010280364,11.6856365276908,13,1503.01235607484,16948.1627871039,-15453.7961769584,1.98822587691145,1.5418159808907,1.53942136616616,0.00239461472453328,-1.58897907963816,0.441620666571689,1.98822587691145,0,267.161443506003,60.6481711487664,6.33014073720409e-10,1,0.986609623740643,0,-0.000111801194418559,0.00478922944906657,0,0,0
98.505,9499.96232376499,1.98823972611908,9500,9500.05297065615,2.11500706842639,1.98823972611908,0,-1.49454337801008,11.6850833595487,13,1503.01235607484,16948.1143159308,-15453.5955268942,1.98823972611908,1.5418159808907,1.5393892862936,0.00242669459709299,-1.58739877122969,0.4415703560342,1.98823972611908,0,267.161443506003,60.6481711487664,6.23445642080578e-10,1,0.986607253817377,0,-7.72124283177078e-05,0.00485338919418599,0,0,0
98.52,9499.93990561432,1.98825861864933,9500,9500.02947838122,2.11556390178857,1.98825861864933,0,-1.46519292401508,11.6844474465474,13,1503.01235607484,16948.0887332611,-15453.4031412942,1.98825861864933,1.5418159808907,1.53936246723211,0.00245351365858681,-1.58269892730011,0.441535610441457,1.98825861864933,0,267.161443506003,60.6481711487664,6.12773518183919e-10,1,0.986604925607084,0,-4.29680913305308e-05,0.00490702731717363,0,0,0
98.535,9499.91792772046,1.9882824444746,9500,9500.00626447902,2.11613128537735,1.9882824444746,0,-1.43336392143693,11.6837312416233,13,1503.01235607484,16948.0857597952,-15453.2192818334,1.9882824444746,1.5418159808907,1.53934088649892,0.00247509439177307,-1.57493362986142,0.441516274800358,1.9882824444746,0,267.161443506003,60.6481711487664,6.01032825490234e-10,1,0.986602643119136,0,-9.13099449006971e-06,0.00495018878354614,0,0,0
98.55,9499.89642726164,1.98831108539428,9500,9499.98337090382,2.11670794502881,1.98831108539428,0,-1.39915508513756,11.6829373218569,13,1503.01235607484,16948.1050755019,-15453.0441895257,1.98831108539428,1.5418159808907,1.53932451156532,0.00249146932537481,-1.56416227121966,0.441512165852838,1.98831108539428,0,267.161443506003,60.6481711487664,5.88262221760174e-10,1,0.986600410214635,0,2.42377651313852e-05,0.00498293865074961,0,0,0
98.565,9499.87543993536,1.98834441535685,9500,9499.96083837216,2.11729260654515,1.98834441535685,0,-1.36266843476639,11.6820683820541,13,1503.01235607484,16948.1463207198,-15452.87808452,1.98834441535685,1.5418159808907,1.5393133000812,0.002502680809501,-1.5504493590595,0.441523072847147,1.98834441535685,0,267.161443506003,60.6481711487664,5.74499338326018e-10,1,0.986598230600902,0,5.70789008291772e-05,0.005005361619002,0,0,0
98.58,9499.85499990884,1.9883823008359,9500,9499.93870629978,2.11788399822209,1.9883823008359,0,-1.32400903714035,11.6811272274283,13,1503.01235607484,16948.2090974988,-15452.7211659786,1.9883823008359,1.5418159808907,1.53930720009435,0.00250878079634376,-1.5338643135174,0.44154875835252,1.9883823008359,0,267.161443506003,60.6481711487664,5.59785194070316e-10,1,0.986596107826332,0,8.93350338850851e-05,0.00501756159268751,0,0,0
98.595,9499.83513977328,1.98842460121651,9500,9499.91701274224,2.11848085333517,1.98842460121651,0,-1.28328474577969,11.6801167661521,13,1503.01235607484,16948.2929710035,-15452.5736119999,1.98842460121651,1.5418159808907,1.53930615028667,0.00250983060402232,-1.51448125788165,0.441588959117769,1.98842460121651,0,267.161443506003,60.6481711487664,5.4416287146145e-10,1,0.986594045275647,0,0.000120950775653661,0.00501966120804465,0,0,0
98.61,9499.81589050209,1.9884711691652,9500,9499.89579433892,2.11908191257985,1.9884711691652,0,-1.2406059529512,11.6790400022442,13,1503.01235607484,16948.3974708667,-15452.4355795626,1.9884711691652,1.5418159808907,1.53931008023685,0.00250590065384704,-1.49237880279981,0.441643386966813,1.9884711691652,0,267.161443506003,60.6481711487664,5.27674721149453e-10,1,0.986592046165552,0,0.000151872809484033,0.00501180130769407,0,0,0
98.625,9499.7972814128,1.98852185102173,9500,9499.87508626081,2.11968592646077,1.98852185102173,0,-1.19608533225966,11.6779000281263,13,1503.01235607484,16948.5220926503,-15452.3072045244,1.98852185102173,1.5418159808907,1.53931891069072,0.00249707019997758,-1.46763982441045,0.44171172973108,1.98852185102173,0,267.161443506003,60.6481711487664,5.10364421838725e-10,1,0.986590113540784,0,0.000182049961758191,0.00499414039995516,0,0,0
98.64,9499.77934013281,1.98857648720747,9500,9499.85492216189,2.12029165762691,1.98857648720747,0,-1.14983757519249,11.6767000169393,13,1503.01235607484,16948.6662993926,-15452.1886016722,1.98857648720747,1.5418159808907,1.53933255383925,0.00248342705145177,-1.44035123728722,0.441793652213872,1.98857648720747,0,267.161443506003,60.6481711487664,4.92279187379188e-10,1,0.986588250270554,0,0.000211433280349116,0.00496685410290354,0,0,0
98.655,9499.76209256919,1.98863491262022,9500,9499.83533413428,2.12089788314852,1.98863491262022,0,-1.10197913840358,11.6754432151509,13,1503.01235607484,16948.8295231177,-15452.0798647956,1.98863491262022,1.5418159808907,1.53935091362095,0.00246506726974793,-1.41060376272574,0.441888797190029,1.98863491262022,0,267.161443506003,60.6481711487664,4.73464469934488e-10,1,0.98658645904541,0,0.000239976090373517,0.00493013453949587,0,0,0
98.67,9499.74556288211,1.98869695704228,9500,9499.81635266717,2.12150339673165,1.98869695704228,0,-1.05262798608729,11.6741329349835,13,1503.01235607484,16949.0111664206,-15451.9810668087,1.98869695704228,1.5418159808907,1.53937388603025,0.00244209486044511,-1.37849169243775,0.441996786430697,1.98869695704228,0,267.161443506003,60.6481711487664,4.53968815418876e-10,1,0.986584742374478,0,0.000267634055773902,0.00488418972089022,0,0,0
98.685,9499.72977346232,1.98876244556029,9500,9499.7980066095,2.12210701086764,1.98876244556029,0,-1.001901521902,11.6727725548046,12,1503.01235607484,16949.2105923495,-15451.892237881,1.98876244556029,1.5418159808907,1.5394013594338,0.00241462145689675,-1.34411264888314,0.442117221755795,1.98876244556029,0,267.161443506003,60.6481711487664,9.65403862849411e-10,1,0.986583102583123,0,0.000294365240958383,0.0048292429137935,0,0,0
98.7,9499.71474493949,1.98883119897218,9500,9499.78032313649,2.1227075589135,1.98883119897218,0,-0.949923677788022,11.6713654793433,12,1503.01235607484,16949.4271737637,-15451.8134550774,1.98883119897218,1.5418159808907,1.53943321490707,0.0023827659836293,-1.30756734223246,0.442249686114226,1.98883119897218,0,267.161443506003,60.6481711487664,9.19077805621346e-10,1,0.986581541813813,0,0.000320130140978314,0.0047655319672586,0,0,0
98.715,9499.70049608432,1.98890303386027,9500,9499.76332772701,2.12330389692218,1.98890303386027,0,-0.896813689373921,11.6699151864286,12,1503.01235607484,16949.6602209295,-15451.7447061717,1.98890303386027,1.5418159808907,1.53946932674474,0.0023466541459547,-1.26895922127203,0.442393744677667,1.98890303386027,0,267.161443506003,60.6481711487664,8.71787628516825e-10,1,0.986580062015958,0,0.000344891732713126,0.00469330829190939,0,0,0
98.73,9499.68704387898,1.98897776389212,9500,9499.74704412141,2.12389490598487,1.98897776389212,0,-0.842692888314988,11.6684251719521,12,1503.01235607484,16949.9090359909,-15451.6859827158,1.98897776389212,1.5418159808907,1.53950956236868,0.00230641852201607,-1.22839448900077,0.442548945957388,1.98897776389212,0,267.161443506003,60.6481711487664,8.23421221430116e-10,1,0.986578664953221,0,0.000368615522737592,0.00461283704403215,0,0,0
98.745,9499.67440348566,1.98905519967358,9500,9499.73149430859,2.12447949386426,1.98905519967358,0,-0.787682869048417,11.6668989602964,12,1503.01235607484,16950.1728998986,-15451.6372565512,1.98905519967358,1.5418159808907,1.53955378297056,0.00226219792013227,-1.18598168468202,0.442714822942619,1.98905519967358,0,267.161443506003,60.6481711487664,7.74091016717105e-10,1,0.986577352200252,0,0.000391269571871744,0.00452439584026454,0,0,0
98.76,9499.66258824262,1.98913514916812,9500,9499.71669850819,2.12505659675893,1.98913514916812,0,-0.731905244267666,11.6653400968866,12,1503.01235607484,16950.4510741419,-15451.5984801525,1.98913514916812,1.5418159808907,1.53960184387697,0.00221413701372919,-1.14183142883847,0.442890894249962,1.98913514916812,0,267.161443506003,60.6481711487664,7.23908865189671e-10,1,0.986576125142282,0,0.000412824515331423,0.00442827402745838,0,0,0
98.775,9499.65160966396,1.98921741809573,9500,9499.70267515649,2.1256251809902,1.98921741809573,0,-0.675481414182987,11.6637521411513,12,1503.01235607484,16950.7428024157,-15451.5695869843,1.98921741809573,1.5418159808907,1.53965359492911,0.00216238596158824,-1.09605617189128,0.443076665281861,1.98921741809573,0,267.161443506003,60.6481711487664,6.72986477081717e-10,1,0.986574984975092,0,0.000433253586469284,0.00432477192317648,0,0,0
98.79,9499.64147744275,1.9893018103645,9500,9499.68944089578,2.12618424460817,1.9893018103645,0,-0.618532320841479,11.6621386589674,12,1503.01235607484,16951.0473124325,-15451.550491918,1.9893018103645,1.5418159808907,1.53970888085168,0.00210710003901715,-1.04876994531558,0.443271629395772,1.9893018103645,0,267.161443506003,60.6481711487664,6.21437040172396e-10,1,0.986573932705346,0,0.000452532630598634,0.0042142000780343,0,0,0
98.805,9499.63219945793,1.9893881284882,9500,9499.67701056738,2.12673281891506,1.9893881284882,0,-0.561178212501265,11.660503215401,12,1503.01235607484,16951.3638177,-15451.5410916712,1.9893881284882,1.5418159808907,1.53976754163172,0.00204843925898146,-1.00008811518467,0.443475269079541,1.9893881284882,0,267.161443506003,60.6481711487664,5.69372570671776e-10,1,0.986572969151302,0,0.000470640111167375,0.00409687851796292,0,0,0
98.82,9499.62378178475,1.9894761740217,9500,9499.66539720823,2.12726996990254,1.9894761740217,0,-0.503538401838174,11.6588493671921,12,1503.01235607484,16951.6915193814,-15451.541265295,1.9894761740217,1.5418159808907,1.53982941288998,0.00198656800071717,-0.950127137279648,0.443687057129567,1.9894761740217,0,267.161443506003,60.6481711487664,5.16905972724581e-10,1,0.986572094943895,0,0.000487557119831727,0.00397313600143434,0,0,0
98.835,9499.61622870872,1.98956574796382,9500,9499.65461205104,2.12779479960072,1.98956574796382,0,-0.445731044629673,11.657180655863,12,1503.01235607484,16952.0296080442,-15451.5508746666,1.98956574796382,1.5418159808907,1.53989432627088,0.0019216546198173,-0.899004313498669,0.443906457833491,1.98956574796382,0,267.161443506003,60.6481711487664,4.64146329133233e-10,1,0.986571310528195,0,0.000503267370931093,0.00384330923963461,0,0,0
98.85,9499.60954274305,1.98965665118328,9500,9499.64466452809,2.12830644733565,1.98965665118328,0,-0.387874546165369,11.6555006021519,11,1503.01235607484,16952.3772766122,-15451.5697854332,1.98965665118328,1.5418159808907,1.53996210981961,0.00185387107108848,-0.846837549197754,0.44413292815041,1.98965665118328,0,267.161443506003,60.6481711487664,9.14646618643921e-10,1,0.986570616165206,0,0.000517757201060842,0.00370774214217695,0,0,0
98.865,9499.60372462486,1.98974868480251,9500,9499.63556227847,2.12880409089469,1.98974868480251,0,-0.330080570225226,11.6538126932323,11,1503.01235607484,16952.7336761232,-15451.5977830463,1.98974868480251,1.5418159808907,1.54003258838024,0.00178339251046067,-0.793745112249711,0.444365918890887,1.98974868480251,0,267.161443506003,60.6481711487664,7.9714957969022e-10,1,0.986570011931482,0,0.000531015545266467,0.00356678502092134,0,0,0
98.88,9499.5987734163,1.98984165091886,9500,9499.62731115257,2.12928694775894,1.98984165091886,0,-0.272464183626393,11.6521203793474,11,1503.01235607484,16953.0979900871,-15451.6347047646,1.98984165091886,1.5418159808907,1.54010558381974,0.00171039707095333,-0.739845487593069,0.444604875886257,1.98984165091886,0,267.161443506003,60.6481711487664,6.79226748672474e-10,1,0.986569497729625,0,0.000543033950068494,0.00342079414190666,0,0,0
98.895,9499.59468645355,1.98993535216586,9500,9499.61991524149,2.12975427569588,1.98993535216586,0,-0.215136865553018,11.6504270762443,11,1503.01235607484,16953.4693837445,-15451.6803491904,1.98993535216586,1.5418159808907,1.54018091583501,0.00163506505568689,-0.685256894294023,0.444849241163788,1.98993535216586,0,267.161443506003,60.6481711487664,5.61622091309232e-10,1,0.986569073282984,0,0.000553806509421273,0.00327013011137378,0,0,0
98.91,9499.59145940057,1.99002959261862,9500,9499.61337688574,2.13020537386022,1.99002959261862,0,-0.158205849425704,11.6487361815909,10,1503.01235607484,16953.8470084396,-15451.7344769041,1.99002959261862,1.5418159808907,1.54025840207325,0.00155757881744734,-0.63009721742632,0.445098454093028,1.99002959261862,0,267.161443506003,60.6481711487664,9.89513014789768e-10,1,0.986568738141246,0,0.000563329869977869,0.00311515763489467,0,0,0
98.925,9499.58908631283,1.99012417819207,9500,9499.60769669549,2.13063958359042,1.99012417819207,0,-0.101782567085497,11.647050944681,10,1503.01235607484,16954.2300553968,-15451.7969122237,1.99012417819207,1.5418159808907,1.54033785850727,0.00147812238342704,-0.574483782031707,0.445351952534518,1.99012417819207,0,267.161443506003,60.6481711487664,7.29748109155213e-10,1,0.98656849168705,0,0.000571603185405056,0.00295624476685408,0,0,0
98.94,9499.58755957432,1.99021891656459,9500,9499.60287358219,2.13105628890498,1.99021891656459,0,-0.045968979283376,11.6453746560102,10,1503.01235607484,16954.6176726028,-15451.8673824139,1.99021891656459,1.5418159808907,1.54041910003773,0.00139688085297207,-0.518533011603291,0.44560917396795,1.99021891656459,0,267.161443506003,60.6481711487664,4.73580576012033e-10,1,0.986568333129443,0,0.000578628080834642,0.00279376170594414,0,0,0
98.955,9499.58687003963,1.99031361862137,9500,9499.59890476563,2.13145491759696,1.99031361862137,0,0.0091335389798299,11.643710496064,10,1503.01235607484,16955.0090296992,-15451.9456330682,1.99031361862137,1.5418159808907,1.54050194032752,0.00131404056317241,-0.462360523242754,0.445869556604326,1.99031361862137,0,267.161443506003,60.6481711487664,2.20124711239104e-10,1,0.986568261518641,0,0.000584408640619705,0.00262808112634483,0,0,0
98.97,9499.58700704272,1.99040809800039,9500,9499.59578581595,2.13183494143492,1.99040809800039,0,0.0634272062328171,11.6420616529712,9,1503.01235607484,16955.4032995396,-15452.0313925758,1.99040809800039,1.5418159808907,1.54058619258215,0.00122978830854459,-0.40608068594459,0.446132540492604,1.99040809800039,0,267.161443506003,60.6481711487664,8.68924828513403e-10,1,0.986568275746933,0,0.000588951344416611,0.00245957661708918,0,0,0
98.985,9499.58795845081,1.99050217142315,9500,9499.59351068713,2.13219587655128,1.99050217142315,0,0.116815983964369,11.6404310109929,9,1503.01235607484,16955.7996579964,-15452.124382445,1.99050217142315,1.5418159808907,1.54067166992327,0.00114431096743184,-0.349806403732976,0.446397568597592,1.99050217142315,0,267.161443506003,60.6481711487664,6.17529739163034e-10,1,0.986568374554285,0,0.000592265018581895,0.00228862193486368,0,0,0
99,9499.58971069057,1.99059565883802,9500,9499.59207175569,2.1325372836707,1.99059565883802,0,0.169204352374648,11.6388215236333,10,1503.01235607484,16956.1973119985,-15452.2243522974,1.99059565883802,1.5418159808907,1.54075818584501,0.00105779504568249,-0.29364886841588,0.446664087855954,1.99059565883802,0,267.161443506003,60.6481711487664,6.14879527983744e-10,1,0.986568556531055,0,0.000594360783692016,0.00211559009136497,0,0,0
99.015,9499.59224875585,1.99068838390217,9500,9499.59145985615,2.1328587683924,1.99068838390217,0,0.22050766008672,11.6372362262843,10,1503.01235607484,16956.5954348052,-15452.3309563326,1.99068838390217,1.5418159808907,1.54084555448927,0.000970426401427193,-0.237717415259207,0.446931550208615,1.99068838390217,0,267.161443506003,60.6481711487664,7.68837309617759e-10,1,0.986568820118798,0,0.000595251996488244,0.00194085280285439,0,0,0
99.03,9499.59555637076,1.990780174877,9500,9499.59166430937,2.13315998162807,1.990780174877,0,0.270638669419921,11.6356778161779,10,1503.01235607484,16956.9932433411,-15452.4439071178,1.990780174877,1.5418159808907,1.54093359070107,0.000882390189631543,-0.182119516352486,0.447199413607035,1.990780174877,0,267.161443506003,60.6481711487664,9.90521326061972e-10,1,0.986569163627197,0,0.000594954216506904,0.00176478037926309,0,0,0
99.045,9499.5996159508,1.99087086380406,9500,9499.59267298573,2.13344061913192,1.99087086380406,0,0.319517256384255,11.6341489724455,11,1503.01235607484,16957.3899415796,-15452.5628638525,1.99087086380406,1.5418159808907,1.54102211093625,0.000793869954451853,-0.126960260556617,0.447467143004463,1.99087086380406,0,267.161443506003,60.6481711487664,5.47876590045214e-10,1,0.986569585230039,0,0.000593485108852265,0.00158773990890371,0,0,0
99.06,9499.60440870964,1.99096028728475,9500,9499.59447234191,2.13370042165465,1.99096028728475,0,0.367061049492597,11.6326523182849,11,1503.01235607484,16957.784788412,-15452.6875534321,1.99096028728475,1.5418159808907,1.54111093334539,0.000705047545305426,-0.0723423383995041,0.447734211303446,1.99096028728475,0,267.161443506003,60.6481711487664,6.48314773943943e-10,1,0.986570082976292,0,0.000590864391720736,0.00141009509061085,0,0,0
99.075,9499.60991462539,1.99104828637075,9500,9499.59704747581,2.13393917460964,1.99104828637075,0,0.41319669616804,11.6311903391225,11,1503.01235607484,16958.1770168479,-15452.8176256286,1.99104828637075,1.5418159808907,1.54119987829053,0.000616102600167201,-0.0183657629585868,0.448000100279721,1.99104828637075,0,267.161443506003,60.6481711487664,7.45536553190692e-10,1,0.986570654786603,0,0.000587113759645819,0.0012322052003344,0,0,0
99.09,9499.61611257583,1.99113470772792,9500,9499.60038215847,2.13415670828094,1.99113470772792,0,0.457853320579712,11.6297654217348,11,1503.01235607484,16958.5658901253,-15452.9527463765,1.99113470772792,1.5418159808907,1.54128876820787,0.000527212682831513,0.0348720088370438,0.448264301471561,1.99113470772792,0,267.161443506003,60.6481711487664,8.39872646984945e-10,1,0.986571298467352,0,0.000582256830698125,0.00105442536566303,0,0,0
99.105,9499.62298037564,1.99121940339749,9500,9499.60445889275,2.13435289732757,1.99121940339749,0,0.500964019901919,11.6283798440708,11,1503.01235607484,16958.9506889482,-15453.0925765075,1.99121940339749,1.5418159808907,1.54137742815999,0.000438552730709363,0.0872763766116227,0.448526317045376,1.99121940339749,0,267.161443506003,60.6481711487664,9.31175540028337e-10,1,0.986572011714508,0,0.000576319073149367,0.000877105461418726,0,0,0
99.12,9499.63049483593,1.991302230972,9500,9499.60925896656,2.13452766038517,1.991302230972,0,0.542463982136177,11.6270357613667,12,1503.01235607484,16959.330724924,-15453.2367958836,1.991302230972,1.5418159808907,1.54146568616419,0.000350294726503941,0.138755748282977,0.448785660628293,1.991302230972,0,267.161443506003,60.6481711487664,4.58146345914939e-10,1,0.986572792119817,0,0.000569327713761947,0.000700589453007883,0,0,0
99.135,9499.63863179567,1.99138305378332,9500,9499.61476250756,2.13468095958578,1.99138305378332,0,0.582298151645034,11.6257352497045,12,1503.01235607484,16959.7052927774,-15453.3850120535,1.99138305378332,1.5418159808907,1.54155337349413,0.000262607396568137,0.189221682674573,0.449041858099486,1.99138305378332,0,267.161443506003,60.6481711487664,4.96051247843767e-10,1,0.986573637174063,0,0.000561311668102915,0.000525214793136275,0,0,0
99.15,9499.64736626794,1.99146174146018,9500,9499.62094853194,2.13481280019052,1.99146174146018,0,0.620410293659021,11.6244802292666,12,1503.01235607484,16960.0737448336,-15453.5368968732,1.99146174146018,1.5418159808907,1.54164032478102,0.000175656109675515,0.238588911204529,0.449294448350132,1.99146174146018,0,267.161443506003,60.6481711487664,5.32622639965983e-10,1,0.986574544282261,0,0.000552301473496053,0.00035131221935103,0,0,0
99.165,9499.65667242234,1.99153816917995,9500,9499.62779501844,2.13492322954315,1.99153816917995,0,0.656749838586893,11.6232725228909,12,1503.01235607484,16960.4354412404,-15453.6920978385,1.99153816917995,1.5418159808907,1.54172637875267,8.96021380227818e-05,0.286775727817519,0.449542984013205,1.99153816917995,0,267.161443506003,60.6481711487664,5.67603583626666e-10,1,0.986575510761824,0,0.000542329166359101,0.000179204276045564,0,0,0
99.18,9499.66652366992,1.99161221836276,9500,9499.63527895863,2.13501233657217,1.99161221836276,0,0.691270437380585,11.6221138338261,12,1503.01235607484,16960.7897646223,-15453.8502609463,1.99161221836276,1.5418159808907,1.5418113782237,4.60266699819911e-06,0.333703941994721,0.449787032138067,1.99161221836276,0,267.161443506003,60.6481711487664,6.00947276340389e-10,1,0.986576533851389,0,0.000531428226105746,9.20533399639822e-06,0,0,0
99.195,9499.67689272648,1.99168377683074,9500,9499.64337641612,2.13508025102619,1.99168377683074,0,0.723930001276081,11.6210057438641,12,1503.01235607484,16961.1361210337,-15454.0110314224,1.99168377683074,1.5418159808907,1.54189517034058,-7.91894498870516e-05,0.379298975070543,0.450026174839814,1.99168377683074,0,267.161443506003,60.6481711487664,6.32611629107529e-10,1,0.986577610717388,0,0.000519633480424275,-0.000158378899774103,0,0,0
99.21,9499.6877516765,1.99175273894964,9500,9499.65206258691,2.13512714263869,1.99175273894964,0,0.754690730564152,11.6199497117865,12,1503.01235607484,16961.4739408445,-15454.1740544433,1.99175273894964,1.5418159808907,1.54197760681423,-0.000161625923530861,0.423489950506972,0.450260009906005,1.99175273894964,0,267.161443506003,60.6481711487664,6.62556470512874e-10,1,0.986578738460688,0,0.000506981015461427,-0.000323251847061723,0,0,0
99.225,9499.69907203746,1.99181900574839,9500,9499.66131186059,2.13515322022346,1.99181900574839,0,0.783519129849634,11.6189470722025,12,1503.01235607484,16961.8026795321,-15454.3389758414,1.99181900574839,1.5418159808907,1.54205854414333,-0.000242563252637495,0.466209778120937,0.450488151362963,1.99181900574839,0,267.161443506003,60.6481711487664,6.90747813936152e-10,1,0.98657991412327,0,0.000493508098627693,-0.000485126505274991,0,0,0
99.24,9499.71082482441,1.99188248502027,9500,9499.67109788243,2.13515873070398,1.99188248502027,0,0.810386013329575,11.6179990347091,12,1503.01235607484,16962.1218184036,-15454.5054427964,1.99188248502027,1.5418159808907,1.54213784382958,-0.000321862938883921,0.507395231456349,0.450710230007345,1.99188248502027,0,267.161443506003,60.6481711487664,7.17155355864525e-10,1,0.986581134694938,0,0.000479253076832498,-0.000643725877767842,0,0,0
99.255,9499.72298061461,1.99194309139669,9500,9499.68139361603,2.13514395807967,1.99194309139669,0,0.835266493312384,11.6171066835314,12,1503.01235607484,16962.4308651984,-15454.6731045031,1.99194309139669,1.5418159808907,1.54221537258366,-0.000399391692965212,0.546987017590834,0.45092589389192,1.99194309139669,0,267.161443506003,60.6481711487664,7.4175232857133e-10,1,0.986582397120027,0,0.000464255293139315,-0.000798783385930424,0,0,0
99.27,9499.73550961201,1.9920007464155,9500,9499.69217140655,2.13510922233202,1.9920007464155,0,0.858139966580658,11.6162709772514,12,1503.01235607484,16962.7293546731,-15454.8416128332,1.9920007464155,1.5418159808907,1.54229100251521,-0.000475021624512628,0.584929839172906,0.451134808773833,1.9920007464155,0,267.161443506003,60.6481711487664,7.64516824225677e-10,1,0.986583698304106,0,0.000448554991222982,-0.000950043249025256,0,0,0
99.285,9499.74838171151,1.99205537856615,9500,9499.70340304422,2.13505487827538,1.99205537856615,0,0.878990087158857,11.6154927489401,12,1503.01235607484,16963.0168490853,-15455.0106229737,1.99205537856615,1.5418159808907,1.54236461131291,-0.00054863042221287,0.621172447323471,0.451336658519883,1.99205537856615,0,267.161443506003,60.6481711487664,7.85429734600813e-10,1,0.986585035120643,0,0.000432193221314492,-0.00109726084442574,0,0,0
99.3,9499.76156656281,1.992106923329,9500,9499.71505982808,2.13498131435487,1.992106923329,0,0.897804736035576,11.6147727063807,12,1503.01235607484,16963.2929386531,-15455.1797940572,1.992106923329,1.5418159808907,1.54243608240628,-0.00062010151558467,0.655667685866652,0.451531145469475,1.992106923329,0,267.161443506003,60.6481711487664,8.04477105143435e-10,1,0.986586404417646,0,0.000415211755882439,-0.00124020303116934,0,0,0
99.315,9499.77503363386,1.99215532318587,9500,9499.72711262972,2.13488895139587,1.99215532318587,0,0.914575974877665,11.6141114327872,12,1503.01235607484,16963.5572418925,-15455.3487897625,1.99215532318587,1.5418159808907,1.54250530512292,-0.000689324232224342,0.688372526152339,0.451717990759622,1.99215532318587,0,267.161443506003,60.6481711487664,8.2164881036108e-10,1,0.986587803024243,0,0.000397652989682307,-0.00137864846444868,0,0,0
99.33,9499.78875227348,1.99220052764236,9500,9499.73953195696,2.13477824130773,1.99220052764236,0,0.929300007077593,11.6135093873052,12,1503.01235607484,16963.8094060009,-15455.5172789189,1.99220052764236,1.5418159808907,1.54257217481735,-0.000756193926655602,0.719248092995752,0.451896934604979,1.99220052764236,0,267.161443506003,60.6481711487664,8.369381120838e-10,1,0.986589227757195,0,0.000379559848343813,-0.0015123878533112,0,0,0
99.345,9499.80269177358,1.9922424932183,9500,9499.75228801724,2.13464966574629,1.9922424932183,0,0.941977120674572,11.6129669060588,12,1503.01235607484,16964.0491071043,-15455.6849360765,1.9922424932183,1.5418159808907,1.54263659299526,-0.000820612104564855,0.748259681070203,0.452067736536734,1.9922424932183,0,267.161443506003,60.6481711487664,8.50343277709737e-10,1,0.986590675427348,0,0.000360975703894928,-0.00164122420912971,0,0,0
99.36,9499.8168214304,1.99228118344234,9500,9499.76535078074,2.13450373473725,1.99228118344234,0,0.952611635000682,11.6124842031086,12,1503.01235607484,16964.2760505213,-15455.8514420736,1.99228118344234,1.5418159808907,1.54269846741662,-0.000882486525920267,0.775376762765006,0.452230175603486,1.99228118344234,0,267.161443506003,60.6481711487664,8.61864931287958e-10,1,0.986592142846,0,0.000341944271085692,-0.00176497305184053,0,0,0
99.375,9499.83111060492,1.99231656881278,9500,9499.77869004298,2.13434098526403,1.99231656881278,0,0.961211827789879,11.6120613719882,12,1503.01235607484,16964.4899708784,-15456.0164845651,1.99231656881278,1.5418159808907,1.54275771219239,-0.000941731301695947,0.80057298749195,0.452384050525475,1.99231656881278,0,267.161443506003,60.6481711487664,8.71508996009689e-10,1,0.986593626831174,0,0.000322509522953762,-0.00188346260339189,0,0,0
99.39,9499.84552878234,1.99234862676091,9500,9499.79227548687,2.13416197982297,1.99234862676091,0,0.967789865177192,11.6116983871758,12,1503.01235607484,16964.6906322345,-15456.1797585441,1.99234862676091,1.5418159808907,1.54281424786099,-0.000998266970295036,0.82382617280293,0.452529179810804,1.99234862676091,0,267.161443506003,60.6481711487664,8.79283456730536e-10,1,0.986595124213789,0,0.000302715604439285,-0.00199653394059007,0,0,0
99.405,9499.86004563032,1.99237734160223,9500,9499.80607674405,2.13396730494949,1.99237734160223,0,0.972361725420957,11.611395105762,12,1503.01235607484,16964.8778281484,-15456.3409668428,1.99237734160223,1.5418159808907,1.54286800145133,-0.00105202056063569,0.845118287332905,0.452665401832802,1.99237734160223,0,267.161443506003,60.6481711487664,8.85201890975855e-10,1,0.986596631843717,0,0.0002826067370445,-0.00210404112127138,0,0,0
99.42,9499.8746310562,1.99240270447086,9500,9499.82006345554,2.1337575697183,1.99240270447086,0,0.974947114006533,11.6111512693906,12,1503.01235607484,16965.0513816725,-15456.4998206079,1.99240270447086,1.5418159808907,1.54291890653285,-0.00110292564215309,0.86443542584745,0.452792574864472,1.99240270447086,0,267.161443506003,60.6481711487664,8.89278318687103e-10,1,0.986598146595722,0,0.000262227130741977,-0.00220585128430617,0,0,0
99.435,9499.88925526291,1.99242471324199,9500,9499.83420533134,2.13353340422055,1.99242471324199,0,0.975569372614689,11.6109665063891,12,1503.01235607484,16965.2111452891,-15456.656039753,1.99242471324199,1.5418159808907,1.5429669032517,-0.00115092236100578,0.881767776826987,0.452910577073306,1.99242471324199,0,267.161443506003,60.6481711487664,8.91535000200851e-10,1,0.986599665375263,0,0.000241620900780282,-0.00230184472201156,0,0,0
99.45,9499.9038888035,1.99244337242685,9500,9499.84847220923,2.13329545802089,1.99244337242685,0,0.974255373996934,11.6108403343548,12,1503.01235607484,16965.357000729,-15456.8093533746,1.99244337242685,1.5418159808907,1.54301193836195,-0.00119595747125434,0.897109582870544,0.453019306478657,1.99244337242685,0,267.161443506003,60.6481711487664,8.9199257762082e-10,1,0.986601185124163,0,0.000220831980574765,-0.00239191494250868,0,0,0
99.465,9499.91850263411,1.99245869308469,9500,9499.86283411234,2.13304439859826,1.99245869308469,0,0.971035427105296,11.6107721624207,12,1503.01235607484,16965.4888588494,-15456.9595001688,1.99245869308469,1.5418159808907,1.54305396522866,-0.00123798433796063,0.910459093763824,0.453118680869915,1.99245869308469,0,267.161443506003,60.6481711487664,8.90676989959958e-10,1,0.986602702826107,0,0.000199904040966148,-0.00247596867592126,0,0,0
99.48,9499.93306816551,1.99247069270238,9500,9499.87726130562,2.13278090977407,1.99247069270238,0,0.965943165838336,11.6107612940637,12,1503.01235607484,16965.6066593765,-15457.1062288047,1.99247069270238,1.5418159808907,1.54309294382903,-0.00127696293833157,0.921818512117474,0.45320863768835,1.99247069270238,0,267.161443506003,60.6481711487664,8.87618442787275e-10,1,0.986604215511995,0,0.000178880400631298,-0.00255392587666314,0,0,0
99.495,9499.947557313,1.99247939507226,9500,9499.89172435094,2.13250569013004,1.99247939507226,0,0.959015437138708,11.610806929917,12,1503.01235607484,16965.7103706272,-15457.2492982822,1.99247939507226,1.5418159808907,1.54312884073423,-0.00131285984353413,0.931193932494797,0.453289133868634,1.99247939507226,0,267.161443506003,60.6481711487664,8.82848906585198e-10,1,0.986605720265122,0,0.000157803951000179,-0.00262571968706826,0,0,0
99.51,9499.96194254456,1.99248483014256,9500,9499.90619416097,2.13221945141965,1.99248483014256,0,0.950292175395833,11.6109081710354,12,1503.01235607484,16965.799989113,-15457.3884782492,1.99248483014256,1.5418159808907,1.54316162908806,-0.00134564819735838,0.938595273644994,0.453360145646584,1.99248483014256,0,267.161443506003,60.6481711487664,8.76403440654192e-10,1,0.986607214226184,0,0.000136717077781956,-0.00269129639471677,0,0,0
99.525,9499.97619692719,1.99248703388585,9500,9499.92064205143,2.13192291697587,1.99248703388585,0,0.9398162883206,11.6110640218173,12,1503.01235607484,16965.8755392079,-15457.5235493168,1.99248703388585,1.5418159808907,1.54319128855891,-0.00137530766821525,0.944036204508627,0.453421668331586,1.99248703388585,0,267.161443506003,60.6481711487664,8.68319751402516e-10,1,0.986608694598087,0,0.000115661583165894,-0.00275061533643051,0,0,0
99.54,9499.99029417151,1.99248604813663,9500,9499.93503979192,2.13161682011951,1.99248604813663,0,0.927633526995137,11.6112733934393,12,1503.01235607484,16965.9370726822,-15457.6543033323,1.99248604813663,1.5418159808907,1.54321780528974,-0.00140182439904057,0.94753406341474,0.453473716044011,1.99248604813663,0,267.161443506003,60.6481711487664,8.58637162142817e-10,1,0.986610158650579,0,9.46786155442414e-05,-0.00280364879808115,0,0,0
99.555,9500.00420867442,1.99248192042223,9500,9499.94935965507,2.13130190256999,1.99248192042223,0,0.913792353240678,11.6115351073775,12,1503.01235607484,16965.9846681978,-15457.7805436268,1.99248192042223,1.5418159808907,1.54324117183543,-0.00142519094473514,0.949109771600091,0.453516321421006,1.99248192042223,0,267.161443506003,60.6481711487664,8.47400585358415e-10,1,0.986611603724678,0,7.38085892610929e-05,-0.00285038188947029,0,0,0
99.57,9500.01791555972,1.99247470379068,9500,9499.96357446405,2.13097891286221,1.99247470379068,0,0.898343806999403,11.6118478989542,12,1503.01235607484,16966.0184307819,-15457.9020852428,1.99247470379068,1.5418159808907,1.54326138708379,-0.00144540619309286,0.948787740965257,0.453549535286173,1.99247470379068,0,267.161443506003,60.6481711487664,8.34654637199887e-10,1,0.986613027236898,0,5.30911241134469e-05,-0.00289081238618571,0,0,0
99.585,9500.03139071682,1.99246445663247,9500,9499.97765763825,2.13064860477278,1.99246445663247,0,0.881341372037997,11.6122104209585,12,1503.01235607484,16966.0384912667,-15458.0187551364,1.99246445663247,1.5418159808907,1.54327845616582,-0.001462475275124,0.94659577605485,0.453573426292024,1.99246445663247,0,267.161443506003,60.6481711487664,8.2044702128465e-10,1,0.986614426683264,0,3.25649713592835e-05,-0.002924950550248,0,0,0
99.6,9500.0446108374,1.99245124248127,9500,9499.99158323723,2.13031173575824,1.99245124248127,0,0.862840830990734,11.6126212476076,12,1503.01235607484,16966.0450056318,-15458.1303923435,1.99245124248127,1.5418159808907,1.54329239035998,-0.00147640946928251,0.942564970868878,0.453588080529136,1.99245124248127,0,267.161443506003,60.6481711487664,8.04827792831169e-10,1,0.986615799643115,0,1.22679594924957e-05,-0.00295281893856503,0,0,0
99.615,9500.05755344987,1.99243512982112,9500,9500.00532600266,2.12996906540802,1.99243512982112,0,0.842900126057994,11.6130788783617,12,1503.01235607484,16966.0381543637,-15458.2368481306,1.99243512982112,1.5418159808907,1.54330320698094,-0.00148722609024166,0.936729600843869,0.453593601110908,1.99243512982112,0,267.161443506003,60.6481711487664,7.87848328587006e-10,1,0.986617143782692,0,-7.76308032923723e-06,-0.00297445218048331,0,0,0
99.63,9500.07019695176,1.99241619188541,9500,9500.01886139844,2.12962135391542,1.99241619188541,0,0.82157921651883,11.6135817418536,12,1503.01235607484,16966.0181417705,-15458.3379861186,1.99241619188541,1.5418159808907,1.54331092925572,-0.00149494836502573,0.929127009918785,0.453590107724759,1.99241619188541,0,267.161443506003,60.6481711487664,7.69563533577507e-10,1,0.986618456858498,0,-2.7492362687509e-05,-0.00298989673005146,0,0,0
99.645,9500.08252064,1.99239450643992,9500,9500.03216564878,2.12926936056907,1.99239450643992,0,0.798939929188565,11.6141282000635,12,1503.01235607484,16965.9851952218,-15458.4336823731,1.99239450643992,1.5418159808907,1.54331558619686,-0.00149960530616178,0.919797493290125,0.45357773616155,1.99239450643992,0,267.161443506003,60.6481711487664,7.5002757430898e-10,1,0.986619736720439,0,-4.68852057660119e-05,-0.00299921061232356,0,0,0
99.66,9500.09450473894,1.99237015555991,9500,9500.04521577419,2.12891384226726,1.99237015555991,0,0.775045807012255,11.6147165525695,12,1503.01235607484,16965.9395643526,-15458.523825468,1.99237015555991,1.5418159808907,1.54331721246557,-0.00150123157486992,0.908784176192825,0.453556637818955,1.99237015555991,0,267.161443506003,60.6481711487664,7.29298292453711e-10,1,0.986620981314737,0,-6.59080894414021e-05,-0.00300246314973984,0,0,0
99.675,9500.10613042605,1.99234322542255,9500,9500.05798962552,2.12855555205823,1.99234322542255,0,0.749961968361486,11.6153450404949,12,1503.01235607484,16965.8815203194,-15458.6083165416,1.99234322542255,1.5418159808907,1.54331584821413,-0.00149986732342855,0.896132888754489,0.453526979178707,1.99234322542255,0,267.161443506003,60.6481711487664,7.07433820879787e-10,1,0.986622188686602,0,-8.45286998347738e-05,-0.0029997346468571,0,0,0
99.69,9500.11737985557,1.99231380606285,9500,9500.07046591574,2.12819523770879,1.99231380606285,0,0.723754947424353,11.6160118510642,12,1503.01235607484,16965.811354898,-15458.6870693007,1.99231380606285,1.5418159808907,1.54331153893651,-0.00149555804581625,0.881892037255067,0.453488941263781,1.99231380606285,0,267.161443506003,60.6481711487664,6.84494496221314e-10,1,0.986623356982685,0,-0.000102715973572476,-0.0029911160916325,0,0,0
99.705,9500.12823617979,1.99228199116033,9500,9500.08262424967,2.12783364030362,1.99228199116033,0,0.696492553432555,11.6167151215912,12,1503.01235607484,16965.7293796911,-15458.760010029,1.99228199116033,1.5418159808907,1.54330433529372,-0.00148835440302264,0.866112472211543,0.453442719075673,1.99228199116033,0,267.161443506003,60.6481711487664,6.60540652001316e-10,1,0.986624484453285,0,-0.000120440154197876,-0.00297670880604528,0,0,0
99.72,9500.13868356809,1.99224787777683,9500,9500.09444515151,2.12747149287742,1.99224787777683,0,0.668243704828002,11.6174529442885,12,1503.01235607484,16965.6359251326,-15458.8270775333,1.99224787777683,1.5418159808907,1.54329429295077,-0.00147831206007565,0.848847353587582,0.453388521006284,1.99224787777683,0,267.161443506003,60.6481711487664,6.35635708199393e-10,1,0.986625569454333,0,-0.00013767281157695,-0.0029566241201513,0,0,0
99.735,9500.14870722366,1.99221156614727,9500,9500.10591009014,2.12710951908204,1.99221156614727,0,0.639078294624192,11.6182233701199,12,1503.01235607484,16965.5313396914,-15458.8882231126,1.99221156614727,1.5418159808907,1.54328147238295,-0.0014654914922525,0.830152013576332,0.453326568241075,1.99221156614727,0,267.161443506003,60.6481711487664,6.09841169131212e-10,1,0.986626610449125,0,-0.000154386901316084,-0.002930982984505,0,0,0
99.75,9500.15829339808,1.99217315941296,9500,9500.11700150226,2.12674843189173,1.99217315941296,0,0.60906702507865,11.619024413628,12,1503.01235607484,16965.4159888309,-15458.9434104574,1.99217315941296,1.5418159808907,1.54326593869731,-0.00144995780660917,0.810083816527528,0.453257094135483,1.99217315941296,0,267.161443506003,60.6481711487664,5.83221919866163e-10,1,0.986627606009833,0,-0.000170556785977327,-0.00289991561321834,0,0,0
99.765,9500.16742940345,1.99213276338846,9500,9500.12770281321,2.1263889323468,1.99213276338846,0,0.578281263785845,11.6198540571435,12,1503.01235607484,16965.2902540974,-15458.9926155561,1.99213276338846,1.5418159808907,1.54324776143271,-0.00143178054201298,0.788702017482118,0.453180343581793,1.99213276338846,0,267.161443506003,60.6481711487664,5.55841665542965e-10,1,0.986628554818772,0,-0.000186158264036784,-0.00286356108402597,0,0,0
99.78,9500.17610362241,1.9920904863128,9500,9500.13799845565,2.12603170833919,1.9920904863128,0,0.546792891956877,11.6207102552378,12,1503.01235607484,16965.1545321297,-15459.0358265662,1.9920904863128,1.5418159808907,1.54322701436114,-0.00141103347043892,0.766067618603126,0.453096572362976,1.9920904863128,0,267.161443506003,60.6481711487664,5.27765579626765e-10,1,0.986629455669433,0,-0.000201168608757296,-0.00282206694087783,0,0,0
99.795,9500.18430551579,1.99204643859699,9500,9500.14787388593,2.12567743344108,1.99204643859699,0,0.51467415330052,11.6215909392097,12,1503.01235607484,16965.0092336468,-15459.0730436624,1.99204643859699,1.5418159808907,1.54320377528207,-0.00138779439137116,0.742243224236329,0.453006046489035,1.99204643859699,0,267.161443506003,60.6481711487664,4.99059274168733e-10,1,0.986630307467286,0,-0.000215566581225346,-0.00277558878274231,0,0,0
99.81,9500.19202562809,1.99200073258228,9500,9500.15731559821,2.1253267657781,1.99200073258228,0,0.481997509939262,11.6224940213574,12,1503.01235607484,16964.8547824651,-15459.1042788713,1.99200073258228,1.5418159808907,1.54317812580865,-0.00136214491795283,0.717292895011138,0.452909041527484,1.99200073258228,0,267.161443506003,60.6481711487664,4.69788358576601e-10,1,0.986631109230339,0,-0.000229332455589093,-0.00272428983590567,0,0,0
99.825,9500.19925559074,1.99195348229141,9500,9500.16631113633,2.12498034694936,1.99195348229141,0,0.448837280044855,11.6234174011295,11,1503.01235607484,16964.6916025764,-15459.1295338447,1.99195348229141,1.5418159808907,1.54315015115157,-0.0013341702608769,0.691282000845272,0.452805841922469,1.99195348229141,0,267.161443506003,60.6481711487664,9.79505841275933e-10,1,0.986631860089484,0,-0.000242448037137688,-0.0026683405217538,0,0,0
99.84,9500.20598814994,1.99190480317132,9500,9500.17484910349,2.12463880099504,1.99190480317132,0,0.415262210118212,11.6243589623486,11,1503.01235607484,16964.5201656378,-15459.148889558,1.99190480317132,1.5418159808907,1.54311993990326,-0.00130395901256519,0.664277073685838,0.452696740305757,1.99190480317132,0,267.161443506003,60.6481711487664,9.12750205661585e-10,1,0.986632559291388,0,-0.000254896677757355,-0.00260791802513038,0,0,0
99.855,9500.21221708309,1.99185481151387,9500,9500.18291917662,2.12430273323727,1.99185481151387,0,0.381346280021411,11.6253165943139,11,1503.01235607484,16964.3409143138,-15459.1623682525,1.99185481151387,1.5418159808907,1.5430875839795,-0.00127160308879914,0.636345762217482,0.452582036800766,1.99185481151387,0,267.161443506003,60.6481711487664,8.4466160255488e-10,1,0.98663320618981,0,-0.000266663292362246,-0.00254320617759829,0,0,0
99.87,9500.21793727729,1.99180362506175,9500,9500.19051209531,2.12397272975447,1.99180362506175,0,0.347161486745275,11.6262881737035,11,1503.01235607484,16964.154315195,-15459.1700273606,1.99180362506175,1.5418159808907,1.54305317796477,-0.00123719707407299,0.607556422448818,0.452462038319203,1.99180362506175,0,267.161443506003,60.6481711487664,7.75896583288133e-10,1,0.986633800253754,0,-0.000277734349861891,-0.00247439414814599,0,0,0
99.885,9500.22314469959,1.99175136222353,9500,9500.19761967403,2.12364935627514,1.99175136222353,0,0.312779320813811,11.6272715801138,11,1503.01235607484,16963.9608426945,-15459.1719350133,1.99175136222353,1.5418159808907,1.54301681915516,-0.00120083826446438,0.577978140812345,0.452337057861765,1.99175136222353,0,267.161443506003,60.6481711487664,7.06599729175383e-10,1,0.986634341064385,0,-0.000288097886190775,-0.00240167652892875,0,0,0
99.9,9500.22783638941,1.99169814180585,9500,9500.20423480347,2.12333315733809,1.99169814180585,0,0.278270619103739,11.6282647006167,11,1503.01235607484,16963.7609778933,-15459.1681697221,1.99169814180585,1.5418159808907,1.54297860733961,-0.00116262644891529,0.547680592096253,0.452207413812979,1.99169814180585,0,267.161443506003,60.6481711487664,6.36913852557737e-10,1,0.986634828314233,0,-0.000297743505798476,-0.00232525289783059,0,0,0
99.915,9500.23201044869,1.99164408276696,9500,9500.21035144948,2.12302465551071,1.99164408276696,0,0.243705431386629,11.6292654339161,11,1503.01235607484,16963.5552074697,-15459.1588200673,1.99164408276696,1.5418159808907,1.54293864457025,-0.00112266367955205,0.516733894574265,0.45207342923537,1.99164408276696,0,267.161443506003,60.6481711487664,5.66982056859921e-10,1,0.986635261806181,0,-0.000306662381734935,-0.0022453273591041,0,0,0
99.93,9500.23566603016,1.99158930398632,9500,9500.21596464987,2.12272435066557,1.99158930398632,0,0.209152896975027,11.6302716941988,11,1503.01235607484,16963.3440226821,-15459.1439843818,1.99158930398632,1.5418159808907,1.54289703492468,-0.00108105403398207,0.485208463677553,0.451935431163589,1.99158930398632,0,267.161443506003,60.6481711487664,4.96944647645176e-10,1,0.986635641452233,0,-0.000314847258524598,-0.00216210806796413,0,0,0
99.945,9500.23880332362,1.99153392404575,9500,9500.22107050884,2.12243271931611,1.99153392404575,0,0.174679242960174,11.6312813937202,10,1503.01235607484,16963.1279300481,-15459.1237928059,1.99153392404575,1.5418159808907,1.5428538842618,-0.00103790337110232,0.453174865201805,0.451793749897253,1.99153392404575,0,267.161443506003,60.6481711487664,9.50925118978442e-10,1,0.986635967272102,0,-0.000322292427524129,-0.00207580674220464,0,0,0
99.96,9500.24142351226,1.99147806100789,9500,9500.22566618945,2.12215021400968,1.99147806100789,0,0.140355533203363,11.6322925313008,10,1503.01235607484,16962.907401707,-15459.0983136159,1.99147806100789,1.5418159808907,1.54280929998454,-0.000993319093838485,0.420703670029958,0.451648718304867,1.99147806100789,0,267.161443506003,60.6481711487664,7.94410175735644e-10,1,0.986636239388668,0,-0.000328993735531746,-0.00198663818767697,0,0,0
99.975,9500.24352884526,1.99142183256005,9500,9500.22974989662,2.12187726296407,1.99142183256005,0,0.106245491719163,11.6333030613561,10,1503.01235607484,16962.6829519928,-15459.067698992,1.99142183256005,1.5418159808907,1.54276339061796,-0.000947409727261705,0.387865202927354,0.451500671123878,1.99142183256005,0,267.161443506003,60.6481711487664,6.39771496748575e-10,1,0.986636458035515,0,-0.00033494854476368,-0.00189481945452341,0,0,0
99.99,9500.24512252764,1.99136535486784,9500,9500.2333208834,2.12161426912764,1.99136535486784,0,0.0724133616915108,11.6343109997561,10,1503.01235607484,16962.455079789,-15459.032082714,1.99136535486784,1.5418159808907,1.54271626604149,-0.000900285150796654,0.354729689015684,0.451349944278735,1.99136535486784,0,267.161443506003,60.6481711487664,4.86098346582323e-10,1,0.986636623545497,0,-0.000340155747816873,-0.00180057030159331,0,0,0
100.005,9500.24620872806,1.99130874297748,9500,9500.23637942702,2.12136161000035,1.99130874297748,0,264.53036793266,11.6353143948024,10,0,16962.2242838277,-15458.9916065884,1.99130874297748,1.5418159808907,1.54266803694341,-0.000852056052715211,0.321366923240271,0.451196874192217,1.99130874297748,0,267.161443506003,60.6481711487664,3.3367881568434e-10,1,0.986636736351547,0,-0.000344615733398612,-0.00170411210543042,0,0,0
100.02,9504.21416424705,1.99125211063718,9500,9500.23892681326,2.12111963726409,1.99125211063718,0,261.116787780227,11.6902911646641,19,0,16980.4610764358,-15496.0068186579,1.99125211063718,1.5418159808907,1.54261881457355,-0.00080283368285472,0.287846134114663,0.451041797112188,1.99125211063718,0,267.161443506003,60.6481711487664,8.05089264640941e-10,1,0.987048823638258,0,-0.00034833036584625,-0.00160566736570944,0,0,0
100.035,9508.13091606376,1.9399229429493,9500,9501.26915928469,2.09477878347145,1.9399229429493,0,228.153477866184,12.6513001067165,19,0,16783.7014272055,-15486.1097316372,1.9399229429493,1.5418159808907,1.56820502408517,-0.0263890431944751,15.4166158570792,0.450885048447557,1.9399229429493,0,267.161443506003,60.6481711487664,7.00753486047961e-10,1,0.987455593225554,0,-0.00185205095758723,-0.0527780863889502,0,0,0
100.05,9511.55321823175,1.85985016496481,9500,9503.04746932595,2.04866862049541,1.85985016496481,0,178.692783942916,14.1634361365991,19,0,16460.1295515673,-15443.4729889362,1.85985016496481,1.5418159808907,1.60782470161196,-0.066008720721263,38.2305250739193,0.450051625516642,1.85985016496481,0,267.161443506003,60.6481711487664,5.32822372738779e-10,1,0.987811012334454,0,-0.00445422898852188,-0.132017441442526,0,0,0
100.065,9514.2336099909,1.77157882818109,9500,9505.25184047675,1.99040535592856,1.77157882818109,0,124.562507091887,15.8855635595264,18,0,16093.0768771914,-15384.1899576069,1.77157882818109,1.5418159808907,1.6509581684814,-0.109142187590706,62.280974356615,0.448047222471808,1.77157882818109,1,267.161443506003,60.6481711487664,7.19974992697404e-10,1,0.988089381222931,0,-0.00769104062413883,-0.218284375181411,0,0,0
100.08,9516.10204759727,1.69170831132572,9500,9507.57957831846,1.92735604699693,1.69170831132572,0,75.2382533412663,17.4930569891898,18,0,15753.6310142835,-15325.3650048584,1.69170831132572,1.5418159808907,1.68916294276866,-0.147346961877959,82.8307241194644,0.444586254190945,1.69170831132572,1,267.161443506003,60.6481711487664,7.6497657350931e-10,1,0.988283425581522,0,-0.0111218167531963,-0.294693923755918,0,0,0
100.095,9517.23062139739,1.63117883359866,9500,9509.78828276293,1.86558366129838,1.63117883359866,0,38.0956671455287,18.7573102780943,18,0,15493.0537822505,-15276.1825295694,1.63117883359866,1.5418159808907,1.71692527286272,-0.175109291972023,97.079545709518,0.439581436652007,1.63117883359866,1,267.161443506003,60.6481711487664,4.82514467646028e-10,1,0.988400632267162,0,-0.0143886112584197,-0.350218583944047,0,0,0
100.11,9517.80205640457,1.59468544858804,9500,9511.71705784928,1.80926325580739,1.59468544858804,0,15.822628482801,19.540166143979,17,0,15334.7616638949,-15244.6810969973,1.59468544858804,1.5418159808907,1.73193452783489,-0.190118546944189,104.04852880097,0.433106561585718,1.59468544858804,1,267.161443506003,60.6481711487664,5.98382207234586e-10,1,0.988459977968119,0,-0.0172498881003473,-0.380237093888378,0,0,0
100.125,9518.03939583182,1.58116537237833,9500,9513.29406128737,1.76042913614703,1.58116537237833,0,6.99122838411159,19.8268903914685,16,0,15273.2641840626,-15233.4610931217,1.58116537237833,1.5418159808907,1.73481334111716,-0.192997360226464,104.288537414174,0.425344111940562,1.58116537237833,1,267.161443506003,60.6481711487664,5.4551746552319e-10,1,0.988484626571193,0,-0.0195948090685547,-0.385994720452927,0,0,0
100.14,9518.14426425758,1.58555011222495,9500,9514.52387405124,1.71922880208598,1.58555011222495,0,9.72239902218904,19.7362053697338,13,0,15294.1329994294,-15238.7799520263,1.58555011222495,1.5418159808907,1.72821213915343,-0.18639615826273,99.3555692927275,0.416526447859712,1.58555011222495,1,267.161443506003,60.6481711487664,7.90474088799147e-10,1,0.988495517556444,0,-0.0214266722893499,-0.372792316525461,0,0,0
100.155,9518.29010024291,1.60101547265945,9500,9515.46214342809,1.68450954291369,1.60101547265945,0,19.1826795316341,19.4103977645563,13,0,15364.8536174828,-15255.6381824756,1.60101547265945,1.5418159808907,1.71565845767107,-0.173842476780375,91.2144919294919,0.406884445329505,1.60101547265945,1,267.161443506003,60.6481711487664,9.07645152560722e-10,1,0.98851066317872,0,-0.0228260391803476,-0.347684953560749,0,0,0
100.17,9518.57784043589,1.62055286275623,9500,9516.19504378611,1.65430170967606,1.62055286275623,0,30.5975427333614,18.9981307962406,13,0,15452.2516801666,-15278.0411401125,1.62055286275623,1.5418159808907,1.70075390380711,-0.158937922916408,81.8457167608602,0.396612727698348,1.62055286275623,1,267.161443506003,60.6481711487664,5.26241900090953e-10,1,0.988540546093192,0,-0.0239201233720914,-0.317875845832816,0,0,0
100.185,9519.03680357689,1.63850300302502,9500,9516.81257532286,1.62647386977233,1.63850300302502,0,40.9235492964536,18.6260761959335,15,0,15533.2958196251,-15300.2817686436,1.63850300302502,1.5418159808907,1.68639680591399,-0.144580825023292,72.8480077948788,0.385848672180907,1.63850300302502,1,267.161443506003,60.6481711487664,6.8750766240342e-10,1,0.988588211162664,0,-0.0248426418421692,-0.289161650046584,0,0,0
100.2,9519.65065681633,1.65130684248391,9500,9517.38901187774,1.59922644460478,1.65130684248391,0,48.0451036407926,18.366732581386,16,0,15592.3070961027,-15318.7260806618,1.65130684248391,1.5418159808907,1.67440529177005,-0.132589310879357,65.234573152466,0.374669483351931,1.65130684248391,1,267.161443506003,60.6481711487664,5.83704846423066e-10,1,0.988651962158529,0,-0.0257042912345211,-0.265178621758714,0,0,0
100.215,9520.37133337095,1.65742004813781,9500,9517.97514543414,1.5713004469736,1.65742004813781,0,51.0783745724378,18.2489495830758,16,0,15622.3638736201,-15331.4886247769,1.65742004813781,1.5418159808907,1.66556522341534,-0.12374924252464,59.4482222338393,0.363102552296396,1.65742004813781,0,267.161443506003,60.6481711487664,8.24994423208879e-10,1,0.988726807162351,0,-0.0265809322047952,-0.247498485049281,0,0,0
100.23,9521.13750898953,1.65694714688901,9500,9518.59614749031,1.54204940068152,1.65694714688901,0,50.138254437271,18.2682596160678,16,0,15623.6965686912,-15338.1520297347,1.65694714688901,1.5418159808907,1.65982096429366,-0.118004983402961,55.4559999303376,0.351141132804238,1.65694714688901,0,267.161443506003,60.6481711487664,9.76649490614768e-10,1,0.988806377417183,0,-0.0275102474391304,-0.236009966805921,0,0,0
100.245,9521.88958280609,1.65110062920655,9500,9519.25477308985,1.51137719294971,1.65110062920655,0,46.0012453523239,18.3988167940905,17,0,15601.359115064,-15339.3547412095,1.65110062920655,1.5418159808907,1.65655441746108,-0.114738436570386,52.9016739629241,0.33876152145663,1.65110062920655,0,267.161443506003,60.6481711487664,4.41456138771935e-10,1,0.988884483146189,0,-0.0284964272308705,-0.229476873140772,0,0,0
100.26,9522.57960148638,1.64164474008926,9500,9519.93761696294,1.47959601870074,1.64164474008926,0,39.763619661871,18.6043032242963,16,0,15562.8570255548,-15336.3632172637,1.64164474008926,1.5418159808907,1.65487066589279,-0.113054685002089,51.2695004421654,0.325938129202738,1.64164474008926,0,267.161443506003,60.6481711487664,9.9181804879719e-10,1,0.988956144213047,0,-0.0295194488519472,-0.226109370004178,0,0,0
100.275,9523.1760557813,1.63042186433955,9500,9520.62232027699,1.44725549301973,1.63042186433955,0,32.5537838890841,18.8468446558919,16,0,15516.1216396393,-15330.6834834015,1.63042186433955,1.5418159808907,1.65384022777595,-0.112024246885257,50.0257828851937,0.312654377219362,1.63042186433955,0,267.161443506003,60.6481711487664,8.91734473396577e-10,1,0.989018088262286,0,-0.0305458142928221,-0.224048493770513,0,0,0
100.29,9523.66436253964,1.6190109368143,9500,9521.28415275463,1.41498222043695,1.6190109368143,0,25.3273948724925,19.0935880070075,16,0,15468.0264723138,-15323.7450502862,1.6190109368143,1.5418159808907,1.65267288332269,-0.110856902431993,48.7199072708075,0.298908760787592,1.6190109368143,0,267.161443506003,60.6481711487664,7.55011027808678e-10,1,0.98906880077813,0,-0.0315383947015493,-0.221713804863985,0,0,0
100.305,9524.04427346273,1.60853301325908,9500,9521.90101387304,1.38335457336806,1.60853301325908,0,18.7534097164116,19.3207519130189,16,0,15423.5160992493,-15316.6801387458,1.60853301325908,1.5418159808907,1.65081570629245,-0.108999725401756,47.0397150233675,0.284716483171895,1.60853301325908,0,267.161443506003,60.6481711487664,6.06028522382701e-10,1,0.989108255973819,0,-0.0324639417504442,-0.217999450803513,0,0,0
100.32,9524.32557460847,1.59959370989442,9500,9522.45646638645,1.3528236867192,1.59959370989442,0,13.1690120119044,19.5149277865773,16,0,15385.2457946208,-15310.2212725094,1.59959370989442,1.5418159808907,1.64798097108093,-0.106164990190235,44.8256109628661,0.270107709384195,1.59959370989442,0,267.161443506003,60.6481711487664,4.6883548519798e-10,1,0.989137470168722,0,-0.033297668282916,-0.21232998038047,0,0,0
100.335,9524.52310978865,1.59233348974823,9500,9522.94086914604,1.32368044367207,1.59233348974823,0,8.31287246431946,19.6681150852681,15,0,15352.251127561,-15304.8912938552,1.59233348974823,1.5418159808907,1.64411910579037,-0.102303124899677,42.0535216594917,0.255123758656883,1.59233348974823,0,267.161443506003,60.6481711487664,7.94571328222191e-10,1,0.989157984949203,0,-0.0340249800040631,-0.204606249799353,0,0,0
100.35,9524.64780287562,1.58654899802533,9500,9523.35092658658,1.29606181891843,1.58654899802533,0,4.47440683010261,19.7902532723748,15,0,15325.8139176261,-15300.3221350251,1.58654899802533,1.5418159808907,1.63935573115091,-0.0975397502602111,38.7982745822046,0.239812517655054,1.58654899802533,0,267.161443506003,60.6481711487664,5.42627848497176e-10,1,0.989170934800993,0,-0.0346408222385723,-0.195079500520422,0,0,0
100.365,9524.71491897807,1.58190319688991,9500,9523.68702828784,1.27001367848342,1.58190319688991,0,1.42211288180442,19.8882693964476,14,0,15304.4354457262,-15296.3332660972,1.58190319688991,1.5418159808907,1.63388444671494,-0.0920684658242421,35.1724888348766,0.224224147647697,1.58190319688991,0,267.161443506003,60.6481711487664,8.10013716616412e-10,1,0.989177905063745,0,-0.0351456958692513,-0.184136931648484,0,0,0
100.38,9524.7362506713,1.57794502343569,9500,9523.95341900884,1.24548369802723,1.57794502343569,0,-1.14506991660886,19.9715795960713,14,0,15286.0690857673,-15292.592887815,1.57794502343569,1.5418159808907,1.62795575187147,-0.0861397709807725,31.3207231060805,0.208408584506534,1.57794502343569,0,267.161443506003,60.6481711487664,4.64300329827133e-10,1,0.989180120441296,0,-0.0355459151312221,-0.172279541961545,0,0,0
100.395,9524.71907462255,1.57423065090717,9500,9524.15629961956,1.22236669628253,1.57423065090717,0,-3.52092784690071,20.0495114426924,13,0,15268.6702306934,-15288.7299620184,1.57423065090717,1.5418159808907,1.6218151072312,-0.0799991263405062,27.3844058294764,0.192412922697484,1.57423065090717,0,267.161443506003,60.6481711487664,4.73233359177678e-10,1,0.989178336643244,0,-0.0358507533215067,-0.159998252681012,0,0,0
100.41,9524.66626070484,1.57040649006944,9500,9524.30214979627,1.20054576133964,1.57040649006944,0,-5.93448516336504,20.1295272955267,11,0,15250.6090034181,-15284.419272476,1.57040649006944,1.5418159808907,1.61566076815273,-0.0738447872620334,23.4777930290869,0.176280083702806,1.57040649006944,0,267.161443506003,60.6481711487664,1.54876649550172e-10,1,0.989172851716827,0,-0.0360699185514357,-0.147689574524067,0,0,0
100.425,9524.57724342739,1.56625004217572,9500,9524.39651368962,1.17992287821081,1.56625004217572,0,-8.52885419019096,20.2163461397085,13,0,15230.8417311053,-15279.432325227,1.56625004217572,1.5418159808907,1.60962326042552,-0.0678072795348204,19.6760715500836,0.16004862035466,1.56625004217572,0,267.161443506003,60.6481711487664,4.92305712211886e-10,1,0.989163606933674,0,-0.0362117245586331,-0.135614559069641,0,0,0
100.44,9524.44931061454,1.56167301429184,9500,9524.44335206028,1.16043608230027,1.56167301429184,0,-11.3583864403215,20.3118653001016,13,0,15208.9434748465,-15273.6536129146,1.56167301429184,1.5418159808907,1.60376413634176,-0.061948155451067,16.0144473252182,0.143753344303275,1.56167301429184,0,267.161443506003,60.6481711487664,9.79837335365632e-10,1,0.989150320624017,0,-0.0362821135088809,-0.123896310902134,0,0,0
100.455,9524.27893481794,1.55669869550311,9500,9524.4448962941,1.14206435407848,1.55669869550311,0,-14.404898264694,20.4156256968148,14,0,15185.0063046561,-15267.0713308859,1.55669869550311,1.5418159808907,1.59808782019663,-0.0562718393059305,12.4948363380768,0.127426393224278,1.55669869550311,0,267.161443506003,60.6481711487664,6.51208537443662e-10,1,0.989132626448917,0,-0.0362844342160169,-0.112543678611861,0,0,0
100.47,9524.06286134397,1.55142547890437,9500,9524.40188530303,1.12482290026403,1.55142547890437,0,-17.60217971562,20.5255691420237,14,0,15159.4743285735,-15259.7520634246,1.55142547890437,1.5418159808907,1.5925604307974,-0.0507444499067009,9.0967218215582,0.111098397827071,1.55142547890437,0,267.161443506003,60.6481711487664,9.13833548209609e-10,1,0.98911018639605,0,-0.0362197969719971,-0.101488899813402,0,0,0
100.485,9523.79882864823,1.54598771866804,9500,9524.31402300624,1.10875265593387,1.54598771866804,0,-20.8618328205333,20.6388566961056,15,0,15132.9644281605,-15251.8087632731,1.54598771866804,1.5418159808907,1.58712985659686,-0.0453138757061626,5.78886266148184,0.0947994891896719,1.54598771866804,0,267.161443506003,60.6481711487664,5.14703017569866e-10,1,0.989082765595422,0,-0.0360877607645433,-0.0906277514123253,0,0,0
100.5,9523.48590115592,1.54052199307766,9500,9524.18050394843,1.09390771324839,1.54052199307766,0,-24.1847709163321,20.7512432422835,15,0,15106.0949545898,-15243.864660855,1.54052199307766,1.5418159808907,1.58174297322003,-0.0399269923293333,2.53941670503784,0.0785599968456275,1.54052199307766,0,267.161443506003,60.6481711487664,4.57793796285377e-10,1,0.989050266884026,0,-0.0358871234968263,-0.0798539846586666,0,0,0
100.515,9523.12312959218,1.53514330982427,9500,9524.00048895222,1.08034362479628,1.53514330982427,0,-27.4043388961302,20.8616171053066,15,0,15079.4157458336,-15235.5199287563,1.53514330982427,1.5418159808907,1.57635771205994,-0.0345417311692406,-0.676912028110088,0.0624107912720556,1.53514330982427,0,267.161443506003,60.6481711487664,6.01351437960539e-10,1,0.989012591676055,0,-0.0356166374042102,-0.0690834623384813,0,0,0
100.53,9522.71206450874,1.52994982565888,9500,9523.77311030707,1.06811729711793,1.52994982565888,0,-30.4565627716037,20.9678929258246,15,0,15053.3935909004,-15226.8767623369,1.52994982565888,1.5418159808907,1.57094071072669,-0.0291247298359898,-3.88024483440153,0.046383304440161,1.52994982565888,0,267.161443506003,60.6481711487664,7.53160201104422e-10,1,0.988969901002208,0,-0.035275017673297,-0.0582494596719796,0,0,0
100.545,9522.25521606716,1.52499433749152,9500,9523.49812702536,1.05727037257489,1.52499433749152,0,-33.3089704636005,21.0689318968752,15,0,15028.2873925202,-15218.0090184676,1.52499433749152,1.5418159808907,1.56548157583387,-0.0236655949431765,-7.07701015441267,0.0305095464871774,1.52499433749152,0,267.161443506003,60.6481711487664,9.05109741299234e-10,1,0.988922455552322,0,-0.0348619277698876,-0.0473311898863531,0,0,0
100.56,9521.75558151021,1.52028990524682,9500,9523.17601111416,1.0478265685266,1.52028990524682,0,-35.955751635832,21.1644416804867,16,0,15004.1724557314,-15208.958903279,1.52028990524682,1.5418159808907,1.559989858208,-0.0181738773173021,-10.2617002046258,0.014821678990728,1.52028990524682,0,267.161443506003,60.6481711487664,4.50889321975495e-10,1,0.988870566601466,0,-0.0343781094793429,-0.0363477546346043,0,0,0
100.575,9521.21624523567,1.5158212069957,9500,9522.80788902692,1.03979262935668,1.5158212069957,0,-38.4099995198528,21.2547408417005,16,0,14980.9910612189,-15199.7433178867,1.5158212069957,1.5418159808907,1.55448913270071,-0.0126731518100121,-13.4203746503458,-0.000648470274976361,1.5158212069957,0,267.161443506003,60.6481711487664,5.11878054174833e-10,1,0.988814554476095,0,-0.0338252950679496,-0.0253463036200241,0,0,0
100.59,9520.64009524287,1.51155760471457,9500,9522.39539464287,1.03316156907107,1.51155760471457,0,-40.6947657160563,21.3404820883487,16,0,14958.6124504113,-15190.3628607743,1.51155760471457,1.5418159808907,1.54901024245099,-0.00719426156028913,-16.5346939360975,-0.0158698530555537,1.51155760471457,0,267.161443506003,60.6481711487664,5.69977497815494e-10,1,0.988754719105931,0,-0.0332059863439569,-0.0143885231205783,0,0,0
100.605,9520.02967375713,1.50746496846271,9500,9521.94048686212,1.02791692270587,1.50746496846271,0,-42.83503771629,21.4223984376704,16,0,14936.888046606,-15180.8113354148,1.50746496846271,1.5418159808907,1.54358521364952,-0.0017692327588259,-19.5855822437687,-0.0308125469103343,1.50746496846271,0,267.161443506003,60.6481711487664,6.25447207097426e-10,1,0.988691324510754,0,-0.0325231804740995,-0.0035384655176518,0,0,0
100.62,9519.38714819139,1.50351442596207,9500,9521.4452757608,1.02403691716778,1.50351442596207,0,-44.8519691322147,21.5011132217391,16,0,14915.6921436843,-15171.0835711622,1.50351442596207,1.5418159808907,1.53824276929317,0.00357321159752577,-22.5559539768175,-0.0454479781236791,1.50351442596207,0,267.161443506003,60.6481711487664,6.78888281045984e-10,1,0.988624595784647,0,-0.0317801086691514,0.00714642319505154,0,0,0
100.635,9518.7143686544,1.49968735052886,9500,9520.91188627459,1.02149781946389,1.49968735052886,0,-46.7596333003885,21.5770301656533,16,0,14894.9456321392,-15161.1806655256,1.49968735052886,1.5418159808907,1.53300578255922,0.00881019833147811,-25.4322837311961,-0.0597490270247972,1.49968735052886,0,267.161443506003,60.6481711487664,7.31023057481743e-10,1,0.98855472506845,0,-0.0309800313249156,0.0176203966629562,0,0,0
100.65,9518.0129741549,1.4959768404071,9500,9520.34237211435,1.02027611157851,1.4959768404071,0,-48.5641410495483,21.650299205094,16,0,14874.6234834523,-15151.1124565656,1.4959768404071,1.5418159808907,1.52789053057199,0.0139254503187081,-28.2050882368192,-0.0736900411210092,1.4959768404071,0,267.161443506003,60.6481711487664,7.82521251907687e-10,1,0.988481882579457,0,-0.0301261086704618,0.0278509006374161,0,0,0
100.665,9517.28451203916,1.49238650865861,9500,9519.73867951568,1.02034946443233,1.49238650865861,0,-50.2645492572584,21.7208410582783,16,0,14854.7496545918,-15140.8976159073,1.49238650865861,1.5418159808907,1.52290732199538,0.0189086588953171,-30.8685668114724,-0.087246790022717,1.49238650865861,0,267.161443506003,60.6481711487664,8.33882596783451e-10,1,0.988406229015471,0,-0.0292213462544586,0.0378173177906342,0,0,0
100.68,9516.5305438003,1.48892764272116,9500,9519.10265133705,1.02169671442224,1.48892764272116,0,-51.8548359031867,21.788407982499,16,0,14835.3842514814,-15130.5620717272,1.48892764272116,1.5418159808907,1.51806195205686,0.0237540288338414,-33.4197263423005,-0.100396395837223,1.48892764272116,0,267.161443506003,60.6481711487664,8.8538042055302e-10,1,0.988327926543498,0,-0.0282686009374364,0.0475080576676827,0,0,0
100.695,9515.75272126175,1.4856157592863,9500,9518.43605751756,1.02429716751061,1.4856157592863,0,-53.3262490719171,21.8526585352384,16,0,14816.6076925407,-15120.1365561247,1.4856157592863,1.5418159808907,1.51335745856336,0.0284585223273348,-35.8573111041663,-0.11311726625907,1.4856157592863,0,267.161443506003,60.6481711487664,9.37061481543786e-10,1,0.988247146711688,0,-0.0272706262584468,0.0569170446546696,0,0,0
100.71,9514.95282752567,1.48246736794568,9500,9517.74063738516,1.02812957954318,1.48246736794568,0,-54.6694868078956,21.9132285098306,16,0,14798.5056719134,-15109.653982942,1.48246736794568,1.5418159808907,1.50879576332552,0.033020217565179,-38.1807945482389,-0.125389048075371,1.48246736794568,0,267.161443506003,60.6481711487664,9.88780803588834e-10,1,0.988164074701989,0,-0.0262301353028946,0.0660404351303581,0,0,0
100.725,9514.13278522355,1.4794974629231,9500,9517.01814161245,1.03317111378491,1.4794974629231,0,-55.8763684051753,21.9697864536776,17,0,14781.1573933225,-15099.1471949368,1.4794974629231,1.5418159808907,1.50437893539366,0.0374370454970401,-40.3895993029731,-0.137192608961673,1.4794974629231,0,267.161443506003,60.6481711487664,4.49780179656867e-10,1,0.988078910187001,0,-0.0251498627072577,0.0748740909940802,0,0,0
100.74,9513.29463969747,1.47671796700777,9500,9516.27036543731,1.03939648880785,1.47671796700777,0,-56.940843238347,22.0220685673894,17,0,14764.6281071772,-15088.6472384145,1.47671796700777,1.5418159808907,1.50010996424219,0.0417060166485042,-42.4826185236535,-0.148510047179939,1.47671796700777,0,267.161443506003,60.6481711487664,4.72299951938386e-10,1,0.987991865583286,0,-0.0240326132182631,0.0834120332970083,0,0,0
100.755,9512.4405270489,1.47413710978578,9500,9515.49916891526,1.04677743078091,1.47413710978578,0,-57.8593876124035,22.0698930848175,17,0,14748.9660819446,-15078.1825857619,1.47413710978578,1.5418159808907,1.49599305487908,0.0458229260116212,-44.4580343582012,-0.159324723128158,1.47413710978578,0,267.161443506003,60.6481711487664,4.94465348711003e-10,1,0.987903162733112,0,-0.022881290472589,0.0916458520232424,0,0,0
100.77,9511.57263623471,1.47175955800598,9500,9514.70648364257,1.05528245412977,1.47175955800598,0,-58.6308783175498,22.1131579652973,17,0,14734.2029868891,-15067.778789945,1.47175955800598,1.5418159808907,1.49203354041265,0.0497824404780509,-46.3133760779805,-0.169621303840823,1.47175955800598,0,267.161443506003,60.6481711487664,5.16130643380086e-10,1,0.987813028967986,0,-0.0216989052733594,0.0995648809561018,0,0,0
100.785,9510.69317305995,1.46958704222293,9500,9513.89430791373,1.06487693085261,1.46958704222293,0,-59.2561486776024,22.1518274217741,17,0,14720.3566792087,-15057.4587369842,1.46958704222293,1.5418159808907,1.48823754461767,0.0535784362730314,-48.0457359047191,-0.179385811213835,1.46958704222293,0,267.161443506003,60.6481711487664,5.37168015322751e-10,1,0.987721693369158,0,-0.0204885663450567,0.107156872546063,0,0,0
100.8,9509.80433082979,1.4676192121808,9500,9513.06469380219,1.07552336856735,1.4676192121808,0,-59.7373966949236,22.1859131836224,17,0,14707.4350947989,-15047.2431619587,1.4676192121808,1.5418159808907,1.48461153221109,0.0572044486796046,-49.6520562009109,-0.18860566606911,1.4676192121808,0,267.161443506003,60.6481711487664,5.57472245220782e-10,1,0.98762938371972,0,-0.0192534589544617,0.114408897359209,0,0,0
100.815,9508.90826987936,1.46585449890909,9500,9512.21972998335,1.08718180636882,1.46585449890909,0,-60.0775963092441,22.2154554460938,17,0,14695.440215926,-15037.1512616392,1.46585449890909,1.5418159808907,1.48116186058219,0.060654120308504,-51.1294159210068,-0.197269722598618,1.46585449890909,0,267.161443506003,60.6481711487664,5.7695872009216e-10,1,0.987536324378701,0,-0.0179968171313416,0.121308240617008,0,0,0
100.83,9508.00710593472,1.46429083026784,9500,9511.36152370415,1.09981024524133,1.46429083026784,0,-60.280013379594,22.2405069675654,17,0,14684.3713914507,-15027.2012574468,1.46429083026784,1.5418159808907,1.47789441104827,0.0639215698424307,-52.4752662854296,-0.205368290307722,1.46429083026784,0,267.161443506003,60.6481711487664,5.9555939534718e-10,1,0.987442735072307,0,-0.0167218947273093,0.127843139684861,0,0,0
100.845,9507.10290573403,1.46292612117046,9500,9510.49218440898,1.11336504993161,1.46292612117046,0,-60.347877329161,22.2611221263452,17,0,14674.2276293631,-15017.4108178449,1.46292612117046,1.5418159808907,1.47481433928331,0.0670016416073853,-53.6875898974304,-0.212893142935011,1.46292612117046,0,267.161443506003,60.6481711487664,6.13212623853289e-10,1,0.987348830439161,0,-0.0154319390389406,0.134003283214771,0,0,0
100.86,9506.19768757409,1.46175852481682,9500,9509.61381047438,1.12780128415955,1.46175852481682,0,-60.2842155614015,22.2773512879462,17,0,14665.0087853253,-15007.7973036644,1.46175852481682,1.5418159808907,1.47192595117637,0.0698900297143261,-54.7649788202416,-0.219837515502534,1.46175852481682,0,267.161443506003,60.6481711487664,6.29859236606047e-10,1,0.987254820087073,0,-0.0141301692647495,0.139780059428652,0,0,0
100.875,9505.29342434067,1.46078647790892,9500,9508.72847952324,1.14307296487978,1.46078647790892,0,-60.0918267075291,22.2892397749013,17,0,14656.7157910179,-14998.377843344,1.46078647790892,1.5418159808907,1.46923268654575,0.072583294344946,-55.7066425978492,-0.226196091671671,1.46078647790892,0,267.161443506003,60.6481711487664,6.45436279572059e-10,1,0.987160908907739,0,-0.0128197604353226,0.145166588689892,0,0,0
100.89,9504.39204694006,1.46000859909856,9500,9507.83824203449,1.15913324012118,1.46000859909856,0,-59.7733516113819,22.296830125685,17,0,14649.3501922148,-14989.1692737769,1.46000859909856,1.5418159808907,1.46673717985298,0.0750788010377159,-56.5123659036328,-0.231964983867567,1.46000859909856,0,267.161443506003,60.6481711487664,6.5987380298336e-10,1,0.987067297433128,0,-0.0115038324682373,0.150157602075432,0,0,0
100.905,9503.49544666589,1.45942350727359,9500,9506.94511749833,1.17593450697974,1.45942350727359,0,-59.331396576034,22.3001661506066,17,0,14642.9133043941,-14980.1879956201,1.45942350727359,1.5418159808907,1.46444136346011,0.0773746174305823,-57.1824380201879,-0.237141708478273,1.45942350727359,0,267.161443506003,60.6481711487664,6.73092958694725e-10,1,0.986974182081286,0,-0.0101854431915511,0.154749234861165,0,0,0
100.92,9502.60547571725,1.45902961973171,9500,9506.05109218121,1.19342849161532,1.45902961973171,0,-58.7686683163569,22.29929743123,17,0,14637.4052659763,-14971.4497924073,1.45902961973171,1.5418159808907,1.46234658251296,0.079469398377741,-57.7175741786783,-0.241725157914471,1.45902961973171,0,267.161443506003,60.6481711487664,6.85010669065367e-10,1,0.986881755210137,0,-0.00886758396182441,0.158938796755482,0,0,0
100.935,9501.7239456925,1.45882497519047,9500,9505.15811760437,1.21156631280637,1.45882497519047,0,-58.0880905960409,22.2942832458829,17,0,14632.8242007615,-14962.969654366,1.45882497519047,1.5418159808907,1.46045369839216,0.0813622824985341,-58.1188437763345,-0.245715570697292,1.45882497519047,0,267.161443506003,60.6481711487664,6.95537876750655e-10,1,0.986790204961069,0,-0.00755317655796039,0.162724564997068,0,0,0
100.95,9500.85262433356,1.45880710850263,9500,9504.26810902626,1.23029854654447,1.45880710850263,0,-57.2928849211503,22.2851953110717,17,0,14629.1656176974,-14954.7616349867,1.45880710850263,1.5418159808907,1.45876316701054,0.0830528138801525,-58.3876144133872,-0.249114500148374,1.45880710850263,0,267.161443506003,60.6481711487664,7.04584517851171e-10,1,0.98669971492081,0,-0.00624507031927246,0.166105627760305,0,0,0
100.965,9499.99323105974,1.45897298663845,9500,9503.38294347459,1.24957530320691,1.45897298663845,0,-56.3866093895244,22.2721191210426,17,0,14626.4220954474,-14946.8387544577,1.45897298663845,1.5418159808907,1.4572750871208,0.0845408937699013,-58.5255149522832,-0.251924781792047,1.45897298663845,0,267.161443506003,60.6481711487664,7.12062459727662e-10,1,0.986610463657602,0,-0.00494603883806688,0.169081787539803,0,0,0
100.98,9499.1474319189,1.45931900215037,9500,9502.50445713088,1.26934632264563,1.45931900215037,0,-55.3731587456046,22.2551539717935,17,0,14624.5832364909,-14939.2129522237,1.45931900215037,1.5418159808907,1.45598922062627,0.0858267602644254,-58.5344162952691,-0.254150499269177,1.45931900215037,0,267.161443506003,60.6481711487664,7.17888592605469e-10,1,0.986522624196856,0,-0.00365877598894082,0.171653520528851,0,0,0
100.995,9498.31683453772,1.45984101150989,9500,9501.63444208438,1.28956108725269,1.45984101150989,0,-54.2567345256421,22.234411957494,17,0,14623.6358335356,-14931.8950821045,1.45984101150989,1.5418159808907,1.454904991349,0.0869109895416944,-58.4164257141651,-0.2557969484642,1.45984101150989,0,267.161443506003,60.6481711487664,7.2198646487815e-10,1,0.986436363496724,0,-0.00238589126650068,0.173821979083389,0,0,0
101.01,9497.50298351983,1.46053440196564,9500,9500.77464261857,1.31016894933017,1.46053440196564,0,-53.0417965569178,22.2100163131271,17,0,14623.5641727529,-14924.8949386048,1.46053440196564,1.5418159808907,1.45402147058616,0.0877945103045323,-58.1738893273084,-0.256870599534126,1.46053440196564,0,267.161443506003,60.6481711487664,7.24289532386547e-10,1,0.986351841970174,0,-0.00112990471905006,0.175589020609065,0,0,0
101.025,9496.70735657148,1.46139417065889,9500,9499.92675126739,1.33111926709174,1.46139417065889,0,-51.7330068765758,22.1820994753254,17,0,14624.3503980481,-14918.221301558,1.46139417065889,1.5418159808907,1.45333735767775,0.0884786232129433,-57.8093974237847,-0.257379056657698,1.46139417065889,0,267.161443506003,60.6481711487664,7.24738702377407e-10,1,0.986269213082624,0,0.000106758208620494,0.176957246425887,0,0,0
101.04,9495.93136146833,1.46241500263031,9500,9499.09240488951,1.35236154316539,1.46241500263031,0,-50.3351750677028,22.1508011671046,17,0,14625.9748735926,-14911.8819874605,1.46241500263031,1.5418159808907,1.45285096228898,0.0889650186017139,-57.3257883447892,-0.257331015463819,1.46241500263031,0,267.161443506003,60.6481711487664,7.23288514946767e-10,1,0.986188623036937,0,0.00132177152874791,0.177930037203428,0,0,0
101.055,9495.17633384231,1.46359133852062,9500,9498.27318097387,1.37384556016612,1.46359133852062,0,-48.8532111227273,22.1162667167147,17,0,14628.4165010033,-14905.8838985658,1.46359133852062,1.5418159808907,1.45256019293779,0.0892557879529035,-56.7261480950726,-0.256736218275882,1.46359133852062,0,267.161443506003,60.6481711487664,7.19900879169486e-10,1,0.986110210543574,0,0.0025129130317656,0.178511575905807,0,0,0
101.07,9494.44353567547,1.46491742726931,9500,9497.47059432914,1.39552150929085,1.46491742726931,0,-47.292088870044,22.078645717823,17,0,14631.6529684668,-14900.2330642317,1.46491742726931,1.5418159808907,1.4524625539956,0.089353426895098,-56.0138043791973,-0.255605407411588,1.46491742726931,0,267.161443506003,60.6481711487664,7.14550082741415e-10,1,0.986034106664175,0,0.00367806781663105,0.178706853790196,0,0,0
101.085,9493.73415434242,1.466387363098,9500,9496.68609424081,1.41734010952166,1.466387363098,0,-45.6568203085503,22.0380910473445,17,0,14635.6609277463,-14894.9346723607,1.466387363098,1.5418159808907,1.45255515133999,0.0892608295507056,-55.1923150612595,-0.253950276894104,1.466387363098,0,267.161443506003,60.6481711487664,7.07219891137511e-10,1,0.985960434712112,0,0.00481523098282977,0.178521659101411,0,0,0
101.1,9493.04930203779,1.46799510877013,9500,9495.92106211689,1.43925271655292,1.46799510877013,0,-43.9524393903448,21.9947581956879,17,0,14640.4161077634,-14889.9930912833,1.46799510877013,1.5418159808907,1.45283470547507,0.0889812754156296,-54.2654519715709,-0.251783422951831,1.46799510877013,0,267.161443506003,60.6481711487664,6.97904599520762e-10,1,0.985889310193034,0,0.00592250946348005,0.177962550831259,0,0,0
101.115,9492.39001544694,1.46973450874643,9500,9495.17680959539,1.4612114217583,1.46973450874643,0,-42.1839927255639,21.9488048274641,17,0,14645.8933812199,-14885.4118841591,1.46973450874643,1.5418159808907,1.4532975701162,0.0885184107744976,-53.2371814860338,-0.249118293693265,1.46973450874643,0,267.161443506003,60.6481711487664,6.86609790872807e-10,1,0.98582084077066,0,0.00699812308283465,0.177036821548995,0,0,0
101.13,9491.75725555606,1.47159929645777,9500,9494.45457705689,1.48316914228933,1.47159929645777,0,-40.3565343146556,21.9003904775884,17,0,14652.06680371,-14881.1938188778,1.47159929645777,1.5418159808907,1.45393975395416,0.0878762269365332,-52.1116434269286,-0.245969138305989,1.47159929645777,0,267.161443506003,60.6481711487664,6.73350304758834e-10,1,0.985755126247066,0,0.00804040495694114,0.175752453873066,0,0,0
101.145,9491.15190754134,1.47358309939513,9500,9493.75553247343,1.50507970375018,1.47358309939513,0,-38.475121798232,21.8496763000203,17,0,14658.9096424753,-14877.3408763395,1.47358309939513,1.5418159808907,1.4547569436008,0.0870590372898983,-50.8931296720238,-0.242350956075366,1.47358309939513,0,267.161443506003,60.6481711487664,6.58152897453251e-10,1,0.985692258551168,0,0.00904780135950722,0.174118074579797,0,0,0
101.16,9490.57478071436,1.47567944492785,9500,9493.08077052697,1.52689791688962,1.47567944492785,0,-36.5448122712727,21.7968248047669,17,0,14666.3944083804,-14873.8542595899,1.47567944492785,1.5418159808907,1.45574452614033,0.0860714547503698,-49.5860635195977,-0.238279445463587,1.47567944492785,0,267.161443506003,60.6481711487664,6.41054058459235e-10,1,0.985632321733057,0,0.0100188711874853,0.17214290950074,0,0,0
101.175,9490.02660853029,1.47788176865264,9500,9492.43131194216,1.54857964951204,1.47788176865264,0,-34.5706564729924,21.7419995441836,17,0,14674.4928995683,-14870.734405514,1.47788176865264,1.5418159808907,1.45689761029512,0.0849183705955785,-48.1949804576388,-0.233770953429219,1.47788176865264,0,267.161443506003,60.6481711487664,6.22101345499338e-10,1,0.985575391964842,0,0.0109522851255597,0.169836741191157,0,0,0
101.19,9489.5080486832,1.48018342585408,9500,9491.80810299418,1.57008189444382,1.48018342585408,0,-32.5576909905237,21.6853647372238,17,0,14683.1762595828,-14867.9809998147,1.48018342585408,1.5418159808907,1.45821104584765,0.083604935043051,-46.7245106055639,-0.228842425122717,1.48018342585408,0,267.161443506003,60.6481711487664,6.0135559988155e-10,1,0.985521537550556,0,0.0118468245977681,0.167209870086102,0,0,0
101.205,9489.01968331834,1.48257770602046,9500,9491.21201516881,1.59136283400225,1.48257770602046,0,-30.5109285437217,21.6270848346142,17,0,14692.4150497704,-14865.5929954644,1.48257770602046,1.5418159808907,1.45967944129895,0.0821365395917442,-45.1793627944085,-0.223511354053721,1.48257770602046,0,267.161443506003,60.6481711487664,5.78885815735447e-10,1,0.985470818948202,0,0.0127013805628002,0.164273079183488,0,0,0
101.22,9488.56201939019,1.48505784952044,9500,9490.64384496561,1.61238190108545,1.48505784952044,0,-28.4794785628936,21.5666403363542,17,0,14702.1708277259,-14863.8106057241,1.48505784952044,1.5418159808907,1.46129718017559,0.0805188007151036,-43.5643100582556,-0.217795732800461,1.48505784952044,0,267.161443506003,60.6481711487664,5.28149915978579e-10,1,0.98542328880693,0,0.0135149521600029,0.161037601430207,0,0,0
101.235,9488.13482721174,1.48761706551068,9500,9490.10431384492,1.63309983675838,1.48761706551068,0,-26.4438153228008,21.5045577233902,17,0,14712.4150249653,-14862.4943176324,1.48761706551068,1.5418159808907,1.46305843641648,0.0787575444742199,-41.8841762143819,-0.21171400432846,1.48761706551068,0,267.161443506003,60.6481711487664,4.79226942330358e-10,1,0.985378923272872,0,0.0142866452540755,0.15751508894844,0,0,0
101.25,9487.7381699819,1.49025665654626,9500,9489.59389676535,1.65348310063993,1.49025665654626,0,-24.3833906436098,21.4411241726778,17,0,14723.1575777456,-14861.5373459733,1.49025665654626,1.5418159808907,1.46495313608085,0.0768628448098452,-40.1463531212699,-0.205285013964126,1.49025665654626,0,267.161443506003,60.6481711487664,4.52722318883951e-10,1,0.985337728909473,0,0.0150159158548266,0.15372568961969,0,0,0
101.265,9487.37241912225,1.49297792584363,9500,9489.11296197283,1.67350050598512,1.49297792584363,0,-22.2976964825245,21.3763244585577,16,0,14734.4058894821,-14860.9441207263,1.49297792584363,1.5418159808907,1.4669710824995,0.0748448983911956,-38.3581712148649,-0.198527851829454,1.49297792584363,0,267.161443506003,60.6481711487664,9.48348239016693e-10,1,0.985299744290279,0,0.0157023681659727,0.149689796782391,0,0,0
101.28,9487.03795367501,1.49577719179191,9500,9488.66187853632,1.69312056896504,1.49577719179191,0,-20.1894587926874,21.3102545172305,16,0,14746.1440726802,-14860.7141289772,1.49577719179191,1.5418159808907,1.46910448236271,0.0727114985279897,-36.5253273077703,-0.191461786154766,1.49577719179191,0,267.161443506003,60.6481711487664,8.83189814560955e-10,1,0.985265008780268,0,0.016345600039078,0.145422997055979,0,0,0
101.295,9486.73511179312,1.49864675374159,9500,9488.24101810945,1.71231146331335,1.49864675374159,0,-18.0639591939199,21.2430985256016,16,0,14758.3372477626,-14860.8423608694,1.49864675374159,1.5418159808907,1.47134746139666,0.0704685194940351,-34.6522199665516,-0.184106266137181,1.49864675374159,0,267.161443506003,60.6481711487664,8.15375652382717e-10,1,0.985233557497911,0,0.0169452000341164,0.14093703898807,0,0,0
101.31,9486.46415240521,1.50157626036147,9500,9487.85074366374,1.73104130449691,1.50157626036147,0,-15.9281190031431,21.1750973383317,16,0,14770.9378957341,-14861.3204629791,1.50157626036147,1.5418159808907,1.4736953780944,0.0681206027962984,-32.7424028302792,-0.176480926121829,1.50157626036147,0,267.161443506003,60.6481711487664,7.45094718219e-10,1,0.98520541733393,0,0.0175007630379256,0.136241205592597,0,0,0
101.325,9486.22523062016,1.50455412927825,9500,9487.4913912067,1.74927862047637,1.50455412927825,0,-13.7895127465214,21.106516250937,16,0,14783.8926670219,-14862.1379496759,1.50455412927825,1.5418159808907,1.47614411531954,0.0656718655711586,-30.7990411037503,-0.168605582754762,1.50455412927825,0,267.161443506003,60.6481711487664,6.72663318212173e-10,1,0.985180604396974,0,0.0180119158202035,0.131343731142317,0,0,0
101.34,9486.01838792897,1.50756876465812,9500,9487.1632498637,1.76699287772894,1.50756876465812,0,-11.6557422148978,21.0376177199302,16,0,14797.1470831373,-14863.2833545944,1.50756876465812,1.5418159808907,1.47868947868915,0.0631265022015477,-28.8252912038092,-0.160500220635671,1.50756876465812,0,267.161443506003,60.6481711487664,5.98475273136196e-10,1,0.98515912299604,0,0.0184783448331007,0.126253004403095,0,0,0
101.355,9485.84355179574,1.5106094191593,9500,9486.86654458254,1.78415495560827,1.5106094191593,0,-9.53369868489989,20.9686423321793,16,0,14810.6505870505,-14864.7450969891,1.5106094191593,1.5418159808907,1.48132677902601,0.060489201864689,-26.8245577518396,-0.152184965460775,1.5106094191593,0,267.161443506003,60.6481711487664,5.22966150558095e-10,1,0.985140965598001,0,0.0188998202401791,0.120978403729378,0,0,0
101.37,9485.70054631547,1.51366669251136,9500,9486.60142321443,1.80073752254388,1.51366669251136,0,-7.42931358411951,20.8997981082574,15,0,14824.358570261,-14866.5120966212,1.51366669251136,1.5418159808907,1.48405060190402,0.0577653789866812,-24.8006291837702,-0.143680046352695,1.51366669251136,0,267.161443506003,60.6481711487664,9.93725193670153e-10,1,0.985126113934451,0,0.0192762137236653,0.115530757973362,0,0,0
101.385,9485.58910661171,1.51673265766147,9500,9486.3679497051,1.81671526676712,1.51673265766147,0,-5.34748149713686,20.8312581649039,15,0,14838.2329654499,-14868.573931877,1.51673265766147,1.5418159808907,1.48685476741679,0.0549612134739088,-22.7576932580879,-0.135005750177045,1.51673265766147,0,267.161443506003,60.6481711487664,8.22508179296148e-10,1,0.985114540496963,0,0.0196075076895388,0.109922426947818,0,0,0
101.4,9485.50889438925,1.51980071637671,9500,9486.16610278191,1.83206499258015,1.51980071637671,0,-3.29217979174423,20.7631643349151,15,0,14852.241691101,-14870.9209650569,1.51980071637671,1.5418159808907,1.48973242728932,0.0520835536013817,-20.7002680869266,-0.126182371716753,1.51980071637671,0,267.161443506003,60.6481711487664,6.51157709275925e-10,1,0.985106210152291,0,0.0198937967555053,0.104167107202763,0,0,0
101.415,9485.45951169238,1.52286528877093,9500,9485.99577901185,1.84676560661465,1.52286528877093,0,-1.26667265299847,20.6956343853718,15,0,14866.3571987148,-14873.5440487093,1.52286528877093,1.5418159808907,1.49267624536219,0.049139735528503,-18.6330839667184,-0.117230163176776,1.52286528877093,0,267.161443506003,60.6481711487664,4.80414912863794e-10,1,0.98510108157122,0,0.0201352831631978,0.0982794710570061,0,0,0
101.43,9485.44051160258,1.52592144245613,9500,9485.85679863267,1.86079803137698,1.52592144245613,0,0.726238852584692,20.6287704350883,14,0,14880.5547807688,-14876.434253475,1.52592144245613,1.5418159808907,1.49567860723131,0.0461373736593838,-16.5609504538911,-0.108169285753337,1.52592144245613,0,267.161443506003,60.6481711487664,6.91387330419723e-10,1,0.985099108339561,0,0.0203322683974694,0.0922747473187675,0,0,0
101.445,9485.45140518537,1.5289645422708,9500,9485.74891264523,1.87414508239231,1.5289645422708,0,2.68397672270135,20.5626667850883,13,0,14894.8109983465,-14879.5826585193,1.5289645422708,1.5418159808907,1.49873181771341,0.0430841631772882,-14.4886342444314,-0.0990197649744754,1.5289645422708,0,267.161443506003,60.6481711487664,7.07969598493543e-10,1,0.985100239679606,0,0.0204851431291018,0.0861683263545765,0,0,0
101.46,9485.49166483621,1.53198997596182,9500,9485.67180986816,1.88679134098727,1.53198997596182,0,4.60402373587124,20.4974160039621,11,0,14909.1023128506,-14882.9799046313,1.53198997596182,1.5418159808907,1.50182825807195,0.0399877228187497,-12.4207646225344,-0.0898014505663796,1.53198997596182,0,267.161443506003,60.6481711487664,5.42672726780649e-10,1,0.985104420797615,0,0.020594377330674,0.0799754456374995,0,0,0
101.475,9485.56072519225,1.53499298323145,9500,9485.62512303132,1.8987230461891,1.53499298323145,0,6.48378843443683,20.4331126204717,13,0,14923.4044182008,-14886.6162930424,1.53499298323145,1.5418159808907,1.50496048933653,0.0368554915541666,-10.361773997759,-0.0805339807675763,1.53499298323145,0,267.161443506003,60.6481711487664,9.13591337630685e-10,1,0.985111592978503,0,0.0206605118472873,0.0737109831083331,0,0,0
101.49,9485.65798201877,1.53796858496946,9500,9485.60843352635,1.90992801615669,1.53796858496946,0,8.32057553102455,20.3698546713514,14,0,14937.6918235362,-14890.4815365887,1.53796858496946,1.5418159808907,1.50812130363317,0.0336946772575286,-8.31587139878492,-0.071236750436297,1.53796858496946,0,267.161443506003,60.6481711487664,7.65154876556008e-10,1,0.985121693470195,0,0.0206841519358893,0.0673893545150572,0,0,0
101.505,9485.78279065173,1.54091160099526,9500,9485.62127463752,1.92039560464144,1.54091160099526,0,10.1116037205352,20.3077432537915,15,0,14951.9379009655,-14894.5647069551,1.54091160099526,1.5418159808907,1.51130372980584,0.0305122510848528,-6.28704424170194,-0.0619288820651468,1.54091160099526,0,267.161443506003,60.6481711487664,4.99662430984742e-10,1,0.985134655321877,0,0.0206659630302883,0.0610245021697056,0,0,0
101.52,9485.93446470754,1.54381672551803,9500,9485.66313353155,1.93011668653688,1.54381672551803,0,11.8540353121525,20.2468808602515,15,0,14966.1153424839,-14898.8545240056,1.54381672551803,1.5418159808907,1.51450100922627,0.0273149716644245,-4.27907800652388,-0.052629198701517,1.54381672551803,0,267.161443506003,60.6481711487664,6.51073003213786e-10,1,0.985150407249998,0,0.020606668323861,0.0546299433288491,0,0,0
101.535,9486.11227523722,1.54667863035606,9500,9485.73345239745,1.93908366352354,1.54667863035606,0,13.5450629249531,20.1873691714596,15,0,14980.1965321257,-14903.3392365269,1.54667863035606,1.5418159808907,1.51770655718013,0.024109423710569,-2.29558409751982,-0.0433561979557796,1.54667863035606,0,267.161443506003,60.6481711487664,7.97829930571262e-10,1,0.985168873550433,0,0.0205070475801188,0.048218847421138,0,0,0
101.55,9486.31545118109,1.54949207468997,9500,9485.83162907166,1.94729048192587,1.54949207468997,0,15.181971728759,20.1293067242465,15,0,14994.1541034208,-14908.0068269422,1.54949207468997,1.5418159808907,1.5209139207187,0.0209020601719985,-0.340029129004463,-0.0341280265447261,1.54949207468997,0,267.161443506003,60.6481711487664,9.39521746431343e-10,1,0.985189974145698,0,0.0203679367450647,0.0418041203439969,0,0,0
101.565,9486.54318075703,1.55225199758137,9500,9485.9570176191,1.95473265122273,1.55225199758137,0,16.7621975710444,20.072786996395,16,0,15007.9613772085,-14912.8451196107,1.55225199758137,1.5418159808907,1.52411674504064,0.0176992358500612,1.58424161504374,-0.024962455009447,1.55225199758137,0,267.161443506003,60.6481711487664,4.83394850604305e-10,1,0.985213624729128,0,0.0201902276363166,0.0353984717001223,0,0,0
101.58,9486.79461372059,1.55495358461741,9500,9486.10892912333,1.9614072568097,1.55495358461741,0,18.283376353991,20.0178970884798,16,0,15021.5926343424,-14917.8417735346,1.55495358461741,1.5418159808907,1.52730875274079,0.0145072281499106,3.47398899563439,-0.0158768525731045,1.55495358461741,0,267.161443506003,60.6481711487664,5.4183638007779e-10,1,0.985239736999603,0,0.0199748673992779,0.0290144562998211,0,0,0
101.595,9487.0688643659,1.55759230545723,9500,9486.28663285777,1.9673129624944,1.55759230545723,0,19.7458574100837,19.9647170278987,16,0,15035.0375710263,-14922.984474937,1.55759230545723,1.5418159808907,1.53048373748572,0.0113322434049818,5.32607381038237,-0.00688816224342948,1.55759230545723,0,267.161443506003,60.6481711487664,5.97480232519106e-10,1,0.985268218973195,0,0.0197228574413162,0.0226644868099637,0,0,0
101.61,9487.36505222705,1.56016392331023,9500,9486.48935793099,1.97245000007239,1.56016392331023,0,21.0823938360535,19.9124957454975,16,0,15047.9407511267,-14928.2993901,1.56016392331023,1.5418159808907,1.53363557148351,0.00818040940718268,7.13745895085109,0.0019871236051628,1.56016392331023,0,267.161443506003,60.6481711487664,6.42520122717498e-10,1,0.985298979210167,0,0.0194352517295937,0.0163608188143654,0,0,0
101.625,9487.68128813459,1.56266400308667,9500,9486.716305054,1.97681990063453,1.56266400308667,0,22.3102179206243,19.8614563929068,16,0,15060.3711739877,-14933.7577623872,1.56266400308667,1.5418159808907,1.53675846323445,0.00505751765624884,8.90536034622546,0.01073298688348,1.56266400308667,0,267.161443506003,60.6481711487664,6.88608748011993e-10,1,0.98533182151308,0,0.019113140744387,0.0101150353124977,0,0,0
101.64,9488.0159414034,1.56510071957639,9500,9486.96639248162,1.98043196741198,1.56510071957639,0,23.4845294190289,19.8121269445815,16,0,15072.6016876193,-14939.3192032845,1.56510071957639,1.5418159808907,1.53984056165708,0.00197541923361721,10.6234444881523,0.0193339002184541,1.56510071957639,0,267.161443506003,60.6481711487664,7.30707739328814e-10,1,0.985366576529076,0,0.0187580129940672,0.00395083846723443,0,0,0
101.655,9488.36820934469,1.56748566040059,9500,9487.23839620406,1.98329992760451,1.56748566040059,0,24.6129197469348,19.7642367643629,16,0,15084.6800476764,-14944.9883881876,1.56748566040059,1.5418159808907,1.54286864416864,-0.00105266327794551,12.2846809133263,0.0277750060657843,1.56748566040059,0,267.161443506003,60.6481711487664,7.69753635264043e-10,1,0.985403160895867,0,0.0183715574353649,-0.00210532655589102,0,0,0
101.67,9488.73740314089,1.5698209060672,9500,9487.53120140212,1.98543565363969,1.5698209060672,0,25.6971971580648,19.7177263860318,16,0,15096.6125288259,-14950.7613324921,1.5698209060672,1.5418159808907,1.5458346217583,-0.00401864086759929,13.885204483284,0.0360422069116986,1.5698209060672,0,267.161443506003,60.6481711487664,8.06303360870654e-10,1,0.985441503077129,0,0.017955307219941,-0.00803728173519858,0,0,0
101.685,9489.12286109827,1.57210104466462,9500,9487.84380366025,1.98684905047619,1.57210104466462,0,26.7346642543406,19.6727008016954,16,0,15108.3724617958,-14956.6266842149,1.57210104466462,1.5418159808907,1.54873449658407,-0.00691851569337554,15.4236331051859,0.044122095160672,1.57210104466462,0,267.161443506003,60.6481711487664,8.40641324757112e-10,1,0.985481534353446,0,0.0175106382489079,-0.0138370313867511,0,0,0
101.7,9489.52388106208,1.57431586999239,9500,9488.17528738353,1.98754852087867,1.57431586999239,0,27.7197893863963,19.6293685585026,16,0,15119.9118597271,-14962.567869173,1.57431586999239,1.5418159808907,1.55156697752619,-0.00975099663549273,16.9002002077478,0.0520018823726805,1.57431586999239,0,267.161443506003,60.6481711487664,8.72816061399994e-10,1,0.985523181803377,0,0.0170388000246751,-0.0195019932709855,0,0,0
101.715,9489.93967790288,1.5764531065983,9500,9488.52479229275,1.9875417496247,1.5764531065983,0,28.6458737587458,19.5879811672209,16,0,15131.1732619474,-14968.565475898,1.5764531065983,1.5418159808907,1.55433208922879,-0.0125161083380891,18.3159033046391,0.0596693423837843,1.5764531065983,0,267.161443506003,60.6481711487664,9.02704804958586e-10,1,0.985566363888239,0,0.0165409635375695,-0.0250322166761783,0,0,0
101.73,9490.36936600926,1.57850069691955,9500,9488.89147758468,1.98683657212898,1.57850069691955,0,29.5064357547819,19.5487829081073,16,0,15142.0997458621,-14974.5994113709,1.57850069691955,1.5418159808907,1.55703001086412,-0.0152140299734178,19.6718064653439,0.0671127759756906,1.57850069691955,0,267.161443506003,60.6481711487664,9.3009022127378e-10,1,0.985610988633915,0,0.0160182725804412,-0.0304280599468356,0,0,0
101.745,9490.81196254558,1.58044839816687,9500,9489.27449084352,1.98544174929824,1.58044839816687,0,30.2961646759939,19.5119763296309,16,0,15152.6419783704,-14980.6505382304,1.58044839816687,1.5418159808907,1.55966027157106,-0.0178442906803578,20.9685671414843,0.0743209986368891,1.58044839816687,0,267.161443506003,60.6481711487664,9.5473457268097e-10,1,0.985656953969184,0,0.015471888472377,-0.0356885813607155,0,0,0
101.76,9491.26640501572,1.58228862797649,9500,9489.6729458535,1.98336753966435,1.58228862797649,0,31.0114125973418,19.4777044970118,16,0,15162.7620133287,-14986.7016782844,1.58228862797649,1.5418159808907,1.56222133157253,-0.0204053506818314,22.2061989223625,0.0812833484494588,1.58228862797649,0,267.161443506003,60.6481711487664,9.76434555115401e-10,1,0.985704149549777,0,0.0149030222664588,-0.0408107013636627,0,0,0
101.775,9491.73157620468,1.58401664229941,9500,9490.08591071363,1.98062602654967,1.58401664229941,0,31.6502800189687,19.446047912252,16,0,15172.4341761699,-14992.7380081645,1.58401664229941,1.5418159808907,1.56471050442103,-0.0228945235303286,23.384038688403,0.0879897084693652,1.58401664229941,0,267.161443506003,60.6481711487664,9.950537368527e-10,1,0.985752459348664,0,0.0143129523581091,-0.0457890470606572,0,0,0
101.79,9492.20633040497,1.58563021633102,9500,9490.51240549646,1.97723121178264,1.58563021633102,0,32.2124045290252,19.4170321930646,17,0,15181.6437528371,-14998.7469450635,1.58563021633102,1.5418159808907,1.56712413168579,-0.0253081507950965,24.5008617742097,0.0944305370305143,1.58563021633102,0,267.161443506003,60.6481711487664,4.50768935876138e-10,1,0.98580176437976,0,0.0137030285509523,-0.050616301590193,0,0,0
101.805,9492.6895164729,1.58712903170143,9500,9490.95140731056,1.97319892316161,1.58712903170143,0,32.698566902556,19.3906419447237,17,0,15190.3844304434,-15004.7178209825,1.58712903170143,1.5418159808907,1.56945790542455,-0.0276419245338531,25.5550808363197,0.100596899878443,1.58712903170143,0,267.161443506003,60.6481711487664,4.56015463709664e-10,1,0.985851945092411,0,0.0130746655225777,-0.0552838490677061,0,0,0
101.82,9493.17999497644,1.58851396138319,9500,9491.40186002634,1.96854659970175,1.58851396138319,0,33.110259216004,19.3668366852496,17,0,15198.6551478858,-15010.6411832553,1.58851396138319,1.5418159808907,1.57170724032625,-0.0298912594355556,26.5449694997939,0.106480499363603,1.58851396138319,0,267.161443506003,60.6481711487664,4.59895778146561e-10,1,0.985902883152262,0,0.0124293295754598,-0.0597825188711112,0,0,0
101.835,9493.67664886468,1.589786405425,9500,9491.86268592535,1.96329302074182,1.589786405425,0,33.4492705461026,19.3455654257258,17,0,15206.457259771,-15016.5083093338,1.589786405425,1.5418159808907,1.57386761745983,-0.0320516365691286,27.4688648997298,0.11207369767256,1.589786405425,0,267.161443506003,60.6481711487664,4.62475410205841e-10,1,0.985954462549325,0,0.0117685225389028,-0.0641032731382571,0,0,0
101.85,9494.17838792287,1.59094777246401,9500,9492.33279709561,1.95745803276234,1.59094777246401,0,33.7173743529053,19.3267779549071,17,0,15213.7922594927,-15022.3107041067,1.59094777246401,1.5418159808907,1.57593485151157,-0.0341188706208746,28.3253216761291,0.117369532815066,1.59094777246401,0,267.161443506003,60.6481711487664,4.63824567557901e-10,1,0.986006570060645,0,0.0110937659146446,-0.0682377412417492,0,0,0
101.865,9494.68414853816,1.59199915233678,9500,9492.81110502838,1.9510623133329,1.59199915233678,0,33.9161324781448,19.3104318792995,17,0,15220.6603361649,-15028.0397694614,1.59199915233678,1.5418159808907,1.57790525890598,-0.0360892780152877,29.113205380721,0.122361727476656,1.59199915233678,0,267.161443506003,60.6481711487664,4.64017386424012e-10,1,0.986059095225982,0,0.0104065874745463,-0.0721785560305754,0,0,0
101.88,9495.19289052534,1.59294117731361,9500,9493.29652766699,1.94412719256071,1.59294117731361,0,34.0468146099995,19.2964955326814,17,0,15227.0597501041,-15033.6866370478,1.59294117731361,1.5418159808907,1.57977572859934,-0.0379597477086469,29.8317276507878,0.127044691840202,1.59294117731361,0,267.161443506003,60.6481711487664,4.63125024769458e-10,1,0.986111930018138,0,0.00970851142175078,-0.0759194954172937,0,0,0
101.895,9495.70359274448,1.59377403843095,9500,9493.78799380626,1.93667453653296,1.59377403843095,0,34.1104116593267,19.2849475251553,17,0,15232.9868863584,-15039.2421458929,1.59377403843095,1.5418159808907,1.58154371311057,-0.039727732219869,30.4804345318161,0.13141352197999,1.59377403843095,0,267.161443506003,60.6481711487664,4.61212872542765e-10,1,0.986164968387847,0,0.00900105224830128,-0.0794554644397381,0,0,0
101.91,9496.21524891937,1.59449760703737,9500,9494.28444521609,1.9287266852535,1.59449760703737,0,34.1077119637775,19.2757740395546,17,0,15238.4367724838,-15044.6969273944,1.59449760703737,1.5418159808907,1.58320716556322,-0.041391184672527,31.059163821516,0.135463995491725,1.59449760703737,0,267.161443506003,60.6481711487664,4.58339966384792e-10,1,0.986218105829492,0,0.00828571179935644,-0.082782369345054,0,0,0
101.925,9496.72686459883,1.59511160869742,9500,9494.78483713084,1.92030643048202,1.59511160869742,0,34.0394078580223,19.2689650312747,17,0,15243.4038318179,-15050.0415531766,1.59511160869742,1.5418159808907,1.58476444988806,-0.0429484689973583,31.567987752457,0.139192565801436,1.59511160869742,0,267.161443506003,60.6481711487664,4.54559578834516e-10,1,0.986271239065532,0,0.00756397863617342,-0.0858969379947165,0,0,0
101.94,9497.2374557167,1.59561580345011,9500,9495.28813782451,1.91143701642528,1.59561580345011,0,33.9062046699007,19.2645103265167,17,0,15247.8826716497,-15055.2667038517,1.59561580345011,1.5418159808907,1.58621424770485,-0.0443982668141525,32.0071548695918,0.142596356187714,1.59561580345011,0,267.161443506003,60.6481711487664,4.49919074254033e-10,1,0.98632426589695,0,0.00683732864833098,-0.088796533628305,0,0,0
101.955,9497.74604878675,1.59601013908348,9500,9495.79332792275,1.90214214742748,1.59601013908348,0,33.7089121500368,19.2623963317436,17,0,15251.8687596855,-15060.3633256566,1.59601013908348,1.5418159808907,1.58755547883404,-0.0457394979433419,32.3770408849608,0.145673154079463,1.59601013908348,0,267.161443506003,60.6481711487664,4.444654807868e-10,1,0.986377085223496,0,0.0061072260442343,-0.0914789958866837,0,0,0
101.97,9498.251682469,1.59629485877723,9500,9496.29939994367,1.8924459903668,1.59629485877723,0,33.4485055895434,19.2626037413946,16,0,15255.3589170508,-15065.3227756631,1.59629485877723,1.5418159808907,1.58878724484711,-0.0469712639564177,32.6781137771586,0.148421405799368,1.59629485877723,0,267.161443506003,60.6481711487664,9.90141102035692e-10,1,0.986429597206353,0,0.00537512393368056,-0.0939425279128354,0,0,0
101.985,9498.75341005284,1.59647055771552,9500,9496.80535836364,1.88237316406568,1.59647055771552,0,33.1261646738695,19.2651063749752,16,0,15258.3515332742,-15070.1368153586,1.59647055771552,1.5418159808907,1.58990879826305,-0.0480928173723507,32.9109143520248,0.150840211569524,1.59647055771552,0,267.161443506003,60.6481711487664,9.75088081423059e-10,1,0.986481703526019,0,0.00464246414652214,-0.0961856347447014,0,0,0
102,9499.25030252295,1.59653819406017,9500,9497.31022030954,1.87194871274319,1.59653819406017,0,32.7432663189881,19.2698709531323,16,0,15260.8466980846,-15074.797782462,1.59653819406017,1.5418159808907,1.59091953452369,-0.0491035536329925,33.0760503416995,0.152929320435459,1.59653819406017,0,267.161443506003,60.6481711487664,9.58481603012278e-10,1,0.986533307700716,0,0.00391067608296192,-0.0982071072659849,0,0,0
102.015,9499.74145151774,1.59649906397337,9500,9497.81301686618,1.86119806332673,1.59649906397337,0,32.3013743364849,19.2768576825705,16,0,15262.846059082,-15079.2985066808,1.59649906397337,1.5418159808907,1.59181900168576,-0.0500030207950606,33.1742008804694,0.154689124672792,1.59649906397337,0,267.161443506003,60.6481711487664,9.40414456804633e-10,1,0.986584315393636,0,0.00318117464016909,-0.100006041590121,0,0,0
102.03,9500.22597213278,1.59635475725778,9500,9498.31279481156,1.85014697091723,1.59635475725778,0,31.8022084948596,19.2860212262279,16,0,15264.3526513318,-15083.6323145363,1.59635475725778,1.5418159808907,1.59260691933759,-0.0507909384468932,33.20612630065,0.156120653260868,1.59635475725778,0,267.161443506003,60.6481711487664,9.20987219344573e-10,1,0.986634634704086,0,0.00245535747271708,-0.101581876893786,0,0,0
102.045,9500.70300526021,1.59610710478394,9500,9498.80861862907,1.83882145592364,1.59610710478394,0,31.2476109106667,19.2973118425242,16,0,15265.3706772146,-15087.7929997245,1.59610710478394,1.5418159808907,1.59328320100587,-0.0514672201151727,33.1726798435845,0.157225564123591,1.59610710478394,0,267.161443506003,60.6481711487664,9.00303117967391e-10,1,0.986684176410441,0,0.00173460179315721,-0.102934440230345,0,0,0
102.06,9501.17171942387,1.59575812880323,9500,9499.29957260436,1.82724773753442,1.59575812880323,0,30.6395146132454,19.310676451633,16,0,15265.9052968168,-15091.7747917753,1.59575812880323,1.5418159808907,1.59384797439969,-0.0520319935089908,33.0748180309266,0.158006134930512,1.59575812880323,0,267.161443506003,60.6481711487664,8.78462170843343e-10,1,0.986732854160739,0,0.00102026103321928,-0.104063987017982,0,0,0
102.075,9501.63131214307,1.5953100029076,9500,9499.78476285447,1.81545216733908,1.5953100029076,0,29.9799182987228,19.3260594852731,16,0,15265.9624587568,-15095.5723300764,1.5953100029076,1.5418159808907,1.59430159607998,-0.0524856151892807,32.9136077414579,0.15846525239546,1.5953100029076,0,267.161443506003,60.6481711487664,8.55563968325465e-10,1,0.986780584614304,0,0.000313661530228826,-0.104971230378561,0,0,0
102.09,9502.08101091755,1.59476502467874,9500,9500.26331918448,1.80346116580668,1.59476502467874,0,29.2708690125059,19.3434034568204,16,0,15265.548785255,-15099.1806471668,1.59476502467874,1.5418159808907,1.59464465903871,-0.0528286781480081,32.6902291796369,0.158606400084063,1.59476502467874,0,267.161443506003,60.6481711487664,8.31703722648876e-10,1,0.986827287544043,0,-0.000383900537159754,-0.105657356296016,0,0,0
102.105,9502.52007395274,1.59412560095644,9500,9500.73439671825,1.79130116310865,1.59412560095644,0,28.5144526131332,19.3626492552993,16,0,15264.671511661,-15102.5951623311,1.59412560095644,1.5418159808907,1.59487799327899,-0.0530620123882974,32.4059748560815,0.158433644842342,1.59412560095644,0,267.161443506003,60.6481711487664,8.06973150035521e-10,1,0.986872885911767,0,-0.00107116193691814,-0.106124024776595,0,0,0
102.12,9502.94779074193,1.59339424343751,9500,9501.19717729453,1.77899854467773,1.59339424343751,0,27.7127905443414,19.3837362140872,16,0,15263.3384708659,-15105.8116842767,1.59339424343751,1.5418159808907,1.59500266060266,-0.0531866797119593,32.0622453330123,0.157951621970728,1.59339424343751,0,267.161443506003,60.6481711487664,7.81458135287285e-10,1,0.986917305928649,0,-0.00174689483247703,-0.106373359423919,0,0,0
102.135,9503.3634826001,1.59257357120261,9500,9501.65087065209,1.76657960107614,1.59257357120261,0,26.8680407981729,19.4066020286102,16,0,15261.5581080387,-15108.8264203536,1.59257357120261,1.5418159808907,1.5950199453828,-0.0532039644921001,31.66054280027,0.157165519296114,1.59257357120261,0,267.161443506003,60.6481711487664,7.55241224665578e-10,1,0.986960477110664,0,-0.00240990894549653,-0.1064079289842,0,0,0
102.15,9503.76650321207,1.59166631660305,9500,9502.09471544607,1.75407048126166,1.59166631660305,0,25.9824008779438,19.4311826004153,16,0,15259.3395102322,-15111.6359893085,1.59166631660305,1.5418159808907,1.59493134316984,-0.0531153622791434,31.2024635829714,0.15608106027064,1.59166631660305,0,267.161443506003,60.6481711487664,7.2839958464651e-10,1,0.987002332335523,0,-0.00305905348226654,-0.106230724558287,0,0,0
102.165,9504.15623922524,1.59067533130171,9500,9502.52798014298,1.7414971481722,1.59067533130171,0,25.0581108194187,19.4574118769013,16,0,15256.6924368657,-15114.237434616,1.59067533130171,1.5418159808907,1.594738548787,-0.0529225678963048,30.6896905174162,0.15470448620362,1.59067533130171,0,267.161443506003,60.6481711487664,7.01005594153997e-10,1,0.987042807904221,0,-0.00369321887873864,-0.10584513579261,0,0,0
102.18,9504.53211088753,1.58960359037142,9500,9502.94996383738,1.72888533562912,1.58960359037142,0,24.0974550144577,19.4852217319395,16,0,15253.6273418304,-15116.6282362715,1.58960359037142,1.5418159808907,1.59444344500443,-0.0526274641137334,30.1239858578087,0.153042537708188,1.58960359037142,0,267.161443506003,60.6481711487664,6.7312772868671e-10,1,0.987081843607299,0,-0.00431133843879383,-0.105254928227467,0,0,0
102.195,9504.89357271275,1.58845419311585,9500,9503.35999702227,1.71626050580358,1.58845419311585,0,23.1027620559805,19.5145419161722,16,0,15250.1553812419,-15118.8063195114,1.58845419311585,1.5418159808907,1.59404809248349,-0.0522321115927888,29.5071850693655,0.151102435410731,1.58845419311585,0,267.161443506003,60.6481711487664,6.44830128698337e-10,1,0.987119382793938,0,-0.00491238988741993,-0.104464223185578,0,0,0
102.21,9505.24011414359,1.5872303603183,9500,9503.75744233215,1.7036478067966,1.5872303603183,0,22.0764024544921,19.5453000833878,16,0,15246.2884053903,-15120.7700598685,1.5872303603183,1.5418159808907,1.59355472115759,-0.051738740266897,28.8411915928272,0.148891859961392,1.5872303603183,0,267.161443506003,60.6481711487664,6.16174359987831e-10,1,0.987155372440819,0,-0.00549539688489942,-0.103477480533794,0,0,0
102.225,9505.5712601804,1.58593542831357,9500,9504.14169526548,1.69107203018897,1.58593542831357,0,21.0207844905513,19.5774218845675,16,0,15242.0389364697,-15122.518284642,1.58593542831357,1.5418159808907,1.59296572286085,-0.0511497419701559,28.1279724608888,0.146418931363187,1.58593542831357,0,267.161443506003,60.6481711487664,5.87217666840497e-10,1,0.98718976321742,0,-0.00605943049284829,-0.102299483940312,0,0,0
102.24,9505.88657194776,1.58457284064816,9500,9504.51218488275,1.67855756866523,1.58457284064816,0,19.9383486860588,19.6108311132908,16,0,15237.4201353241,-15124.0502712746,1.58457284064816,1.5418159808907,1.59228364483267,-0.050467663941973,27.3695545266819,0.143692187641405,1.58457284064816,0,267.161443506003,60.6481711487664,5.58014147927163e-10,1,0.987222509544857,0,-0.00660361058387982,-0.100935327883946,0,0,0
102.255,9506.18564717805,1.58314613828427,9500,9504.86837447048,1.66612837398032,1.58314613828427,0,18.83156148269,19.6454498821218,16,0,15232.4457613132,-15125.3657433941,1.58314613828427,1.5418159808907,1.59151118363324,-0.0496952027425419,26.568021023404,0.140720562878659,1.58314613828427,0,267.161443506003,60.6481711487664,5.28615055045679e-10,1,0.987253569646106,0,-0.00712710719622844,-0.0993904054850838,0,0,0
102.27,9506.46812060029,1.58165894924256,9500,9505.20976215856,1.65380791561509,1.58165894924256,0,17.7029086743908,19.6811988109388,16,0,15227.1301291897,-15126.4648653017,1.58165894924256,1.5418159808907,1.59065117903494,-0.048835198144245,25.7255081957678,0.137513364640357,1.58165894924256,0,267.161443506003,60.6481711487664,4.99068069590152e-10,1,0.987282905586386,0,-0.00762914179412855,-0.0976703962884899,0,0,0
102.285,9506.73366423041,1.58011497833822,9500,9505.53588147821,1.64161914047262,1.58011497833822,0,16.5441394838576,19.7178454101264,16,0,15221.4340630122,-15127.3553600339,1.58011497833822,1.5418159808907,1.58970660758343,-0.0478906266927361,24.8442018033177,0.134080250832999,1.58011497833822,0,267.161443506003,60.6481711487664,4.7474167443835e-10,1,0.987310483303303,0,-0.00810898840554652,-0.0957812533854723,0,0,0
102.3,9506.98182632267,1.57851799754748,9500,9505.84630185073,1.6295844339182,1.57851799754748,0,15.2887756394536,19.7543287983082,16,0,15215.0249236602,-15128.0826121501,1.57851799754748,1.5418159808907,1.58868057558756,-0.0468645946968591,23.926333373824,0.130431206050503,1.57851799754748,0,267.161443506003,60.6481711487664,4.43458528662565e-10,1,0.98733625588134,0,-0.00856597466187869,-0.0937291893937182,0,0,0
102.315,9507.21115795726,1.57687395558236,9500,9506.14058721169,1.61772664355463,1.57687395558236,0,14.0201961625213,19.7916142815056,15,0,15208.3173302924,-15128.5870958412,1.57687395558236,1.5418159808907,1.5875752522712,-0.0457592713804988,22.9735599273979,0.126576517452657,1.57687395558236,0,267.161443506003,60.6481711487664,9.39858923953819e-10,1,0.987360072844661,0,-0.00899942110830665,-0.0915185427609977,0,0,0
102.33,9507.4214608997,1.57520358419506,9500,9506.41803900254,1.60607560979258,1.57520358419506,0,12.7519581445273,19.8292656549954,15,0,15201.4070282883,-15128.8874222195,1.57520358419506,1.5418159808907,1.58638556821547,-0.044569587324776,21.9833010528143,0.122526777953919,1.57520358419506,0,267.161443506003,60.6481711487664,8.65618729035726e-10,1,0.98738191360586,0,-0.0094082625291334,-0.089139174649552,0,0,0
102.345,9507.61274027186,1.5735196363776,9500,9506.67808832996,1.59465840425081,1.5735196363776,0,11.4922864756775,19.8670158320911,15,0,15194.3534433513,-15128.9961981298,1.5735196363776,1.5418159808907,1.58511068305515,-0.0432947021644545,20.955459246999,0.118293059815809,1.5735196363776,0,267.161443506003,60.6481711487664,7.91746755130131e-10,1,0.987401778696863,0,-0.00979162551922763,-0.086589404328909,0,0,0
102.36,9507.785124569,1.57182763995335,9500,9506.92031506385,1.58349874753431,1.57182763995335,0,10.244627179393,19.9047507558016,15,0,15187.182879968,-15128.9200832555,1.57182763995335,1.5418159808907,1.58375356552545,-0.0419375846347545,19.8921523282765,0.113886828332157,1.57182763995335,0,267.161443506003,60.6481711487664,7.18974171459307e-10,1,0.98741968146239,0,-0.0101488572653525,-0.083875169269509,0,0,0
102.375,9507.93879397669,1.5701277454806,9500,9507.14444125723,1.57261706475656,1.5701277454806,0,9.00890871785056,19.9424702260705,15,0,15179.8968048055,-15128.6609041261,1.5701277454806,1.5418159808907,1.58232001987712,-0.040504038986422,18.7971263747936,0.109319842562748,1.5701277454806,0,267.161443506003,60.6481711487664,6.47656312547258e-10,1,0.9874356406154,0,-0.0104795164263098,-0.0810080779728439,0,0,0
102.39,9508.07392760746,1.56841700487646,9500,9507.35030769389,1.56203097444929,1.56841700487646,0,7.78581447322808,19.9802396244316,15,0,15172.4978921676,-15128.2174027995,1.56841700487646,1.5418159808907,1.58081749898327,-0.0390015180925742,17.6750497121928,0.104604060170909,1.56841700487646,0,267.161443506003,60.6481711487664,5.77840470605324e-10,1,0.987449674757411,0,-0.0107833389804013,-0.0780030361851485,0,0,0
102.405,9508.19071482456,1.56669153441843,9500,9507.53784283974,1.55175598796204,1.56669153441843,0,6.56440663284304,20.0181444867994,15,0,15164.9218800581,-15127.5874804957,1.56669153441843,1.5418159808907,1.5792539829417,-0.0374380020509981,16.530851050606,0.0997515576297282,1.56669153441843,0,267.161443506003,60.6481711487664,5.09533309588292e-10,1,0.987461803554517,0,-0.0110601926863203,-0.0748760041019962,0,0,0
102.42,9508.28918092405,1.56494766169427,9500,9507.7070427755,1.54180595328893,1.56494766169427,0,5.35052603775023,20.0562643699931,15,0,15157.1986029027,-15126.7677114572,1.56494766169427,1.5418159808907,1.57763737594935,-0.035821395058657,15.3693659627468,0.0947744709208841,1.56494766169427,0,267.161443506003,60.6481711487664,4.42037448254198e-10,1,0.987472029633812,0,-0.0113100476400905,-0.071642790117314,0,0,0
102.435,9508.36943881461,1.56318483828671,9500,9507.85791115343,1.53219452909262,1.56318483828671,0,4.14096502596792,20.0946137903958,14,0,15149.3103654586,-15125.7586025193,1.56318483828671,1.5418159808907,1.57597402693411,-0.034158046043417,14.1944720508213,0.0896849494828434,1.56318483828671,0,267.161443506003,60.6481711487664,8.59979585783934e-10,1,0.98748036472129,0,-0.0115328876543244,-0.068316092086834,0,0,0
102.45,9508.43155329,1.56140389828118,9500,9507.99047994092,1.52293465226309,1.56140389828118,0,2.93619805337962,20.1331773928249,14,0,15141.2612838344,-15124.5615310449,1.56140389828118,1.5418159808907,1.57426959721465,-0.0324536163239555,13.0096067472968,0.0844951500383974,1.56140389828118,0,267.161443506003,60.6481711487664,7.08909955365868e-10,1,0.98748681554603,0,-0.0117287408704021,-0.064907232647911,0,0,0
102.465,9508.47559626081,1.5596077159233,9500,9508.10478961275,1.51403901967933,1.5596077159233,0,1.73800284862664,20.1718964130765,14,0,15133.0650539337,-15123.1800421492,1.5596077159233,1.5418159808907,1.57252872169775,-0.0307127408070571,11.8175725820389,0.0792172166467165,1.5596077159233,0,267.161443506003,60.6481711487664,5.58875063619647e-10,1,0.98749138957622,0,-0.0118976504712911,-0.0614254816141142,0,0,0
102.48,9508.50166630353,1.55780075799853,9500,9508.20088879068,1.50552009098038,1.55780075799853,0,0.549163199984596,20.2106782111346,13,0,15124.7428988953,-15121.6194865307,1.55780075799853,1.5418159808907,1.5707552293041,-0.0289392484134003,10.6206723078846,0.0738632739346355,1.55780075799853,0,267.161443506003,60.6481711487664,9.38717702904247e-10,1,0.987494097049406,0,-0.0120396740998161,-0.0578784968268007,0,0,0
102.495,9508.50990375153,1.55598847578463,9500,9508.27883904285,1.49738996057876,1.55598847578463,0,-0.626946950559959,20.2494092109284,13,0,15116.3208540315,-15119.8866711762,1.55598847578463,1.5418159808907,1.56895244373859,-0.0271364628478947,9.42089022617875,0.0684454205897182,1.55598847578463,0,267.161443506003,60.6481711487664,5.99462835781358e-10,1,0.987494952539741,0,-0.0121548909040126,-0.0542729256957895,0,0,0
102.51,9508.50049954728,1.5541766920194,9500,9508.33872235042,1.48966015834492,1.5541766920194,0,-1.78675494988206,20.2879679779843,12,0,15107.8268812271,-15117.9892005856,1.5541766920194,1.5418159808907,1.5671234851678,-0.0253075042771043,8.22007273472374,0.0629757196829126,1.5541766920194,0,267.161443506003,60.6481711487664,6.02940483308022e-10,1,0.987493975877327,0,-0.0122434125337372,-0.0506150085542085,0,0,0
102.525,9508.47369822303,1.55237109623148,9500,9508.3806489332,1.48234143557191,1.55237109623148,0,-2.92681975494382,20.326235966216,10,0,15099.2885392277,-15115.9350263243,1.55237109623148,1.5418159808907,1.56527151524167,-0.0234555343509721,7.02007423467501,0.0574661840427309,1.55237109623148,0,267.161443506003,60.6481711487664,8.35601921102362e-10,1,0.987491192457771,0,-0.0123053946632881,-0.0469110687019443,0,0,0
102.54,9508.4297959267,1.5505769035429,9500,9508.40476381977,1.47544357695669,1.5505769035429,0,-4.04406267463186,20.3641049271405,12,0,15090.7314557268,-15113.7322319761,1.5505769035429,1.5418159808907,1.56339989778672,-0.0215839168960248,5.82285224630228,0.0519287564442512,1.5505769035429,0,267.161443506003,60.6481711487664,9.12929427549277e-10,1,0.987486633037161,0,-0.0123410466630622,-0.0431678337920496,0,0,0
102.555,9508.36913498658,1.54879868862589,9500,9508.41125120319,1.46897526388488,1.54879868862589,0,-5.13585593080376,20.401480205584,13,0,15082.1784469294,-15111.3886568078,1.54879868862589,1.5418159808907,1.56151226974604,-0.0196962888553418,4.63050883118155,0.0463752854458732,1.54879868862589,0,267.161443506003,60.6481711487664,7.22064514939874e-10,1,0.987480333167592,0,-0.0123506379800149,-0.0393925777106836,0,0,0
102.57,9508.29209714762,1.54704037314769,9500,9508.4003362592,1.4629439988846,1.54704037314769,0,-6.20002082077561,20.4382812828073,14,0,15073.6494176895,-15108.911785743,1.54704037314769,1.5418159808907,1.55961253393963,-0.0177965530489348,3.44528543292357,0.0408174983548665,1.54704037314769,0,267.161443506003,60.6481711487664,4.53804198919843e-10,1,0.987472332494732,0,-0.012334500758119,-0.0355931060978696,0,0,0
102.585,9508.19909683531,1.54530531877605,9500,9508.37228474045,1.45735608519588,1.54530531877605,0,-7.23478047595264,20.4744396327243,14,0,15065.1618647129,-15106.3089840578,1.54530531877605,1.5418159808907,1.55770479845488,-0.0158888175641803,2.26952606091311,0.035266973013713,1.54530531877605,0,267.161443506003,60.6481711487664,5.89741915868413e-10,1,0.987462674058245,0,-0.0122930291517491,-0.0317776351283605,0,0,0
102.6,9508.09057512817,1.54359647516134,9500,9508.32740092998,1.45221664830488,1.54359647516134,0,-8.23864058692835,20.5098955864161,14,0,15056.7314421759,-15103.5873847253,1.54359647516134,1.5418159808907,1.55579328870309,-0.0139773078123893,1.10562442492021,0.0297351098954259,1.54359647516134,0,267.161443506003,60.6481711487664,7.22825645493829e-10,1,0.987451403665814,0,-0.0122266761936909,-0.0279546156247785,0,0,0
102.615,9507.96699551937,1.54191654201369,9500,9508.26602456312,1.44752968521316,1.54191654201369,0,-9.21028905470201,20.544594843107,14,0,15048.3727436023,-15100.7540996258,1.54191654201369,1.5418159808907,1.55388225313333,-0.0120662722426352,-0.0440324512835577,0.024233105608265,1.54191654201369,0,267.161443506003,60.6481711487664,8.52915853765628e-10,1,0.987438569452971,0,-0.0121359491274071,-0.0241325444852705,0,0,0
102.63,9507.82884118355,1.54026810720909,9500,9508.18852744857,1.44329812365104,1.54026810720909,0,-10.1485029877748,20.5784855024199,14,0,15040.0999269646,-15097.8163157461,1.54026810720909,1.5418159808907,1.55197588198197,-0.0101599010912681,-1.17711257773514,0.0187719285009318,1.54026810720909,0,267.161443506003,60.6481711487664,9.79920189066797e-10,1,0.98742422159924,0,-0.0120214042829883,-0.0203198021825362,0,0,0
102.645,9507.67661363873,1.53865374373143,9500,9508.09531025691,1.43952387957571,1.53865374373143,0,-11.0520870965705,20.6115159786264,15,0,15031.9271731266,-15094.7814032957,1.53865374373143,1.5418159808907,1.55007824775712,-0.00826226686642739,-2.29137418392433,0.013362296573587,1.53865374373143,0,267.161443506003,60.6481711487664,4.82034809427825e-10,1,0.987408412189179,0,-0.011883642189179,-0.0165245337328548,0,0,0
102.66,9507.51083233228,1.53707605929117,9500,9507.9867997946,1.43620790474862,1.53707605929117,0,-11.9198328614572,20.6436339447136,15,0,15023.8688699141,-15091.6568676032,1.53707605929117,1.5418159808907,1.54819327048469,-0.00637728959399153,-3.38468596150264,0.00801465758845647,1.53707605929117,0,267.161443506003,60.6481711487664,5.34809363730355e-10,1,0.987391195169372,0,-0.0117233033959308,-0.0127545791879831,0,0,0
102.675,9507.33203483936,1.53553770345445,9500,9507.86344687715,1.43335022114211,1.53553770345445,0,-12.750526326828,20.6747861770477,15,0,15015.9397124175,-15088.4504937895,1.53553770345445,1.5418159808907,1.54632470513897,-0.00450872424826843,-4.45503399370427,0.00273917106028763,1.53553770345445,0,267.161443506003,60.6481711487664,5.86139628951386e-10,1,0.987372626369047,0,-0.0115410651741783,-0.00901744849653685,0,0,0
102.69,9507.14077694446,1.53404134142965,9500,9507.7257248049,1.43094994163804,1.53404134142965,0,-13.542957096156,20.7049191387867,15,0,15008.1545374113,-15085.1702323692,1.53404134142965,1.5418159808907,1.54447614648717,-0.00266016559647508,-5.5005182651611,-0.0024543082680926,1.53404134142965,0,267.161443506003,60.6481711487664,6.35992543880327e-10,1,0.98735276350854,0,-0.0113376391091287,-0.00532033119295017,0,0,0
102.705,9506.93763258801,1.53258961085271,9500,9507.57412825502,1.42900528130209,1.53258961085271,0,-14.2959480194415,20.7339799251237,15,0,15000.5281310383,-15081.8241757676,1.53258961085271,1.5418159808907,1.54265104297609,-0.000835062085391858,-6.51934380709809,-0.0075562458672005,1.53258961085271,0,267.161443506003,60.6481711487664,6.8431437079611e-10,1,0.98733166619375,0,-0.0111137692955348,-0.00167012417078372,0,0,0
102.72,9506.72319336772,1.53118507220645,9500,9507.40917244672,1.42751356254785,1.53118507220645,0,-15.0083866705758,20.7619173493634,15,0,14993.0749942986,-15078.4205027777,1.53118507220645,1.5418159808907,1.54085271420773,0.000963266682971309,-7.50980977034482,-0.0125574420501911,1.53118507220645,0,267.161443506003,60.6481711487664,7.31045279787218e-10,1,0.98730939586435,0,-0.010870230929009,0.00192653336594262,0,0,0
102.735,9506.49806756766,1.52983016336084,9500,9507.23139239366,1.42647121871591,1.52983016336084,0,-15.6792537524299,20.7886829406987,15,0,14985.8091256834,-15074.9674226431,1.52983016336084,1.5418159808907,1.5390843666715,0.00273161421919466,-8.47029963135351,-0.0174490459682452,1.52983016336084,0,267.161443506003,60.6481711487664,7.76120512506365e-10,1,0.987286015692956,0,-0.0106078290331888,0.00546322843838931,0,0,0
102.75,9506.26287876138,1.52852716450619,9500,9507.04134209844,1.42587379968256,1.52852716450619,0,-16.3076444306144,20.8142317169111,15,0,14978.7438505121,-15071.4731255847,1.52852716450619,1.5418159808907,1.53734910456636,0.00446687632433829,-9.3992744176928,-0.0222225690331801,1.52852716450619,0,267.161443506003,60.6481711487664,8.19474027879731e-10,1,0.987261590440056,0,-0.0103273970873348,0.00893375264867657,0,0,0
102.765,9506.01826409492,1.52727817605193,9500,9506.83959359385,1.42571598196481,1.52727817605193,0,-16.8927810337623,20.8385226753446,15,0,14971.891709504,-15067.9457434228,1.52727817605193,1.5418159808907,1.53564993444884,0.00616604644185603,-10.2952696922688,-0.0268698977224808,1.52727817605193,0,267.161443506003,60.6481711487664,8.61038792990961e-10,1,0.987236186275693,0,-0.0100297954218553,0.0123320928837121,0,0,0
102.78,9505.76487237941,1.52608510900146,9500,9506.62673578758,1.4259915845346,1.52608510900146,0,-17.4340175518346,20.861519012102,15,0,14965.264404897,-15064.3933210712,1.52608510900146,1.5418159808907,1.53398976400416,0.00782621688653795,-11.1568961024773,-0.0313833056623157,1.52608510900146,0,267.161443506003,60.6481711487664,9.00749410471842e-10,1,0.987209870581372,0,-0.00971590933805189,0.0156524337730759,0,0,0
102.795,9505.50336211613,1.52494968538639,9500,9506.40337311206,1.42669359044925,1.52494968538639,0,-17.9308376006705,20.8831881215218,15,0,14958.8727933657,-15060.823797652,1.52494968538639,1.5418159808907,1.53237139621063,0.00944458468006459,-11.982842682337,-0.035755464864439,1.52494968538639,0,267.161443506003,60.6481711487664,9.38540952365112e-10,1,0.987182711744957,0,-0.00938664691881197,0.0188891693601292,0,0,0
102.81,9505.23439955212,1.52387344527226,9500,9506.17012401233,1.42781417360613,1.52387344527226,0,-18.382848187403,20.903501451549,15,0,14952.7269098724,-15057.2449946468,1.52387344527226,1.5418159808907,1.53079752071096,0.0110184601797347,-12.7718818117652,-0.0399794559779044,1.52387344527226,0,267.161443506003,60.6481711487664,9.74353196316512e-10,1,0.98715477895874,0,-0.0090429366195286,0.0220369203594695,0,0,0
102.825,9504.95865682931,1.52285775689877,9500,9505.92761932191,1.42934472947647,1.52285775689877,0,-18.7897695731769,20.9224342914141,16,0,14946.8359959741,-15053.6645863036,1.52285775689877,1.5418159808907,1.52927070415832,0.0125452767323802,-13.5228747311123,-0.0440487774566923,1.52285775689877,0,267.161443506003,60.6481711487664,4.41684582300333e-10,1,0.98712614202722,0,-0.00868572468166384,0.0250905534647603,0,0,0
102.84,9504.67681028571,1.52190382704913,9500,9505.67650057992,1.43127590854921,1.52190382704913,0,-19.1514349411086,20.9399655451452,16,0,14941.2085829826,-15050.0901806387,1.52190382704913,1.5418159808907,1.52779338102976,0.0140225998609345,-14.2347767022189,-0.047957353563441,1.52190382704913,0,267.161443506003,60.6481711487664,4.55717226221005e-10,1,0.987096871190673,0,-0.00831597248097893,0.0280451997218689,0,0,0
102.855,9504.3895387616,1.52101270925284,9500,9505.41741834405,1.43359765114205,1.52101270925284,0,-19.4677719802034,20.9560775665838,16,0,14935.8524596675,-15046.529182157,1.52101270925284,1.5418159808907,1.52636784611968,0.0154481347710131,-14.9066410888749,-0.0516995411798815,1.52101270925284,0,267.161443506003,60.6481711487664,4.68827905923808e-10,1,0.987067036949247,0,-0.00793465385830494,0.0308962695420263,0,0,0
102.87,9504.0975221819,1.52018531059772,9500,9505.15103050176,1.43629922352234,1.52018531059772,0,-19.7388049772408,20.9707560089721,16,0,14930.774739402,-15042.988870616,1.52018531059772,1.5418159808907,1.52499624832913,0.0168197325615722,-15.5376225605429,-0.0552701354161187,1.52018531059772,0,267.161443506003,60.6481711487664,4.80986359977956e-10,1,0.987036709915733,0,-0.00754275247448422,0.0336394651231444,0,0,0
102.885,9503.80144010724,1.51942239412378,9500,9504.87800065182,1.43936925350975,1.51942239412378,0,-19.9646501217932,20.9839897766778,16,0,14925.9818545913,-15039.4763684797,1.51942239412378,1.5418159808907,1.52368058725934,0.0181353936313589,-16.1269785509972,-0.0586643740296366,1.51942239412378,0,267.161443506003,60.6481711487664,4.92169296919477e-10,1,0.987005960665091,0,-0.00714125926119835,0.0362707872627177,0,0,0
102.9,9503.50197035541,1.51872457945818,9500,9504.59899652968,1.44279576617734,1.51872457945818,0,-20.1455139192796,20.9957710125912,16,0,14921.4795535651,-15035.9986285063,1.51872457945818,1.5418159808907,1.52242271125837,0.0193932696323293,-16.6740697464882,-0.0618779406971759,1.51872457945818,0,267.161443506003,60.6481711487664,5.02354995601417e-10,1,0.986974859591278,0,-0.00673116996170053,0.0387865392646587,0,0,0
102.915,9503.19978764662,1.51809234185515,9500,9504.31468848379,1.4465662194433,1.51809234185515,0,-20.2816926573429,21.006095118793,16,0,14917.2728901743,-15032.5624200268,1.51809234185515,1.5418159808907,1.5212243168185,0.020591664072197,-17.1783597167056,-0.0649069671799411,1.51809234185515,0,267.161443506003,60.6481711487664,5.11520824497304e-10,1,0.986943476766557,0,-0.00631348274216137,0.0411833281443941,0,0,0
102.93,9502.89556225676,1.51752601068363,9500,9504.02574799558,1.45066753969314,1.51752601068363,0,-20.373572236496,21.0149607875554,16,0,14913.3662109161,-15029.1743148223,1.51752601068363,1.5418159808907,1.52008694878727,0.0217290321034225,-17.6394139813719,-0.0677480344139138,1.51752601068363,0,267.161443506003,60.6481711487664,5.19647773941973e-10,1,0.986911881801629,0,-0.00588919590057335,0.0434580642068449,0,0,0
102.945,9502.58995867321,1.51702576808213,9500,9503.73284623404,1.45508615763515,1.51702576808213,0,-20.4216278971492,21.0223700268326,16,0,14909.7631429251,-15025.8406732811,1.51702576808213,1.5418159808907,1.51901200101039,0.0228039798803044,-18.0568987742124,-0.0703981725691718,1.51702576808213,0,267.161443506003,60.6481711487664,5.26715930264092e-10,1,0.98688014370604,0,-0.0054593056272696,0.0456079597606087,0,0,0
102.96,9502.28363425476,1.51659164839694,9500,9503.43665263656,1.45980804457363,1.51659164839694,0,-20.4264234457061,21.028328166702,16,0,14906.4665857257,-15022.567631473,1.51659164839694,1.5418159808907,1.51800071708685,0.0238152638038427,-18.4305796933731,-0.0728548601014431,1.51659164839694,0,267.161443506003,60.6481711487664,5.3270827856382e-10,1,0.986848330749002,0,-0.0050248038145726,0.0476305276076854,0,0,0
102.975,9501.97723790307,1.51622353881153,9500,9503.13783351018,1.46481874922597,1.51622353881153,0,-20.3886097224432,21.0328438378227,16,0,14903.4787086871,-15019.3610896237,1.51622353881153,1.5418159808907,1.51705419102128,0.0247617898694161,-18.7603203481389,-0.0751160218180008,1.51622353881153,0,267.161443506003,60.6481711487664,5.37609537951105e-10,1,0.986816510321424,0,-0.00458667593290718,0.0495235797388323,0,0,0
102.99,9501.67140875723,1.51592118111988,9500,9502.83705065115,1.47010343512682,1.51592118111988,0,-20.3089223517959,21.035928923006,16,0,14900.8009540032,-15016.2267020443,1.51592118111988,1.5418159808907,1.5161733677822,0.0256426131084941,-19.0460810366503,-0.077180025987809,1.51592118111988,0,267.161443506003,60.6481711487664,5.41405288459774e-10,1,0.986784748800333,0,-0.00414589892874329,0.0512852262169883,0,0,0
103.005,9501.36677492196,1.51568417465447,9500,9502.53495998382,1.47564691857391,1.51568417465447,0,-20.1881787761804,21.0375984817502,16,0,14898.434045294,-15013.169868623,1.51568417465447,1.5418159808907,1.51535904375594,0.0264569371347594,-19.2879174294946,-0.0790456805057435,1.51568417465447,0,267.161443506003,60.6481711487664,5.44085337895887e-10,1,0.986753111416794,0,-0.00370343918346272,0.0529138742695188,0,0,0
103.02,9501.06395224032,1.51551198011407,9500,9502.23221022273,1.48143370700707,1.51551198011407,0,-20.0272747480793,21.0378706534562,16,0,14896.3780006692,-15010.1957277148,1.51551198011407,1.5418159808907,1.51461186720986,0.0272041136808392,-19.4859792032044,-0.0807122281383017,1.51551198011407,0,267.161443506003,60.6481711487664,5.45639632841478e-10,1,0.986721662128455,0,-0.00326025051597645,0.0544082273616784,0,0,0
103.035,9500.7635431191,1.51540392404316,9500,9501.92944156336,1.48744803766258,1.51540392404316,0,-19.827180445317,21.036766544899,16,0,14894.632149132,-15007.3091502456,1.51540392404316,1.5418159808907,1.51393233887922,0.0278836420114768,-19.6405085531998,-0.0821793408704911,1.51540392404316,0,267.161443506003,60.6481711487664,5.46062503482511e-10,1,0.986690463497555,0,-0.0028172722517763,0.0557672840229535,0,0,0
103.05,9500.46613541242,1.51535920366837,9500,9501.6272844078,1.49367391632341,1.51535920366837,0,-19.5889364061348,21.0343101085654,16,0,14893.1951489491,-15004.5147347779,1.51535920366837,1.5418159808907,1.51332081280997,0.0284951680807293,-19.7518385211298,-0.0834471133837904,1.51535920366837,0,267.161443506003,60.6481711487664,5.45350036450358e-10,1,0.986659576574981,0,-0.00237542735121932,0.0569903361614585,0,0,0
103.065,9500.17230136632,1.51537689196972,9500,9501.32635813128,1.50009515598569,1.51537689196972,0,-19.3136493629952,21.0305280146785,16,0,14892.0650074318,-15001.8168034316,1.51537689196972,1.5418159808907,1.51277749750527,0.0290384833854294,-19.8203910885852,-0.0845160556918391,1.51537689196972,0,267.161443506003,60.6481711487664,5.43501103055679e-10,1,0.986629060790664,0,-0.00193562063776564,0.0580769667708587,0,0,0
103.08,9499.88259662588,1.51545594276,9500,9501.02726989493,1.50669541527878,1.51545594276,0,-19.0024881246221,21.025449522025,16,0,14891.2391010543,-14999.2193984356,1.51545594276,1.5418159808907,1.51230245746663,0.0295135234240698,-19.846675012092,-0.0853870849788337,1.51545594276,0,267.161443506003,60.6481711487664,5.40518680782659e-10,1,0.986598973850458,0,-0.00149873708050507,0.0590270468481395,0,0,0
103.095,9499.59755930401,1.51559519576984,9500,9500.73061350884,1.51345823649644,1.51559519576984,0,-18.6566795051164,21.0191063477746,16,0,14890.7141958972,-14996.7262792951,1.51559519576984,1.5418159808907,1.51189561511859,0.0299203657721028,-19.8312833941399,-0.0860615166650609,1.51559519576984,0,267.161443506003,60.6481711487664,5.36406639342259e-10,1,0.986569371639441,0,-0.00106564019884137,0.0598407315442055,0,0,0
103.11,9499.31770911143,1.51579338165221,9500,9500.43696834848,1.52036708312654,1.51579338165221,0,-18.2775043561781,21.0115325383227,16,0,14890.4864679979,-14994.340920471,1.51579338165221,1.5418159808907,1.51155675313267,0.0302592277580245,-19.7748910051011,-0.0865410547545396,1.51579338165221,0,267.161443506003,60.6481711487664,5.31173402578989e-10,1,0.986540308131548,0,-0.000637170534862008,0.060518455516049,0,0,0
103.125,9499.04354654609,1.51604912701762,9500,9500.14689832646,1.52740537678845,1.51604912701762,0,-17.8662936285198,21.00276433886,16,0,14890.5515241176,-14992.0665096649,1.51604912701762,1.5418159808907,1.51128551707962,0.0305304638110737,-19.6782513816338,-0.0868277814952275,1.51604912701762,0,267.161443506003,60.6481711487664,5.2483063636273e-10,1,0.986511835305396,0,-0.000214144243160685,0.0610609276221474,0,0,0
103.14,9498.77555214166,1.51636095942116,9500,9499.86095092068,1.53455653350894,1.51636095942116,0,-17.4244245139624,20.9928400635464,16,0,14890.9044225412,-14989.905946617,1.51636095942116,1.5418159808907,1.51108141842314,0.0307345624675559,-19.5421937349191,-0.0869241464046498,1.51636095942116,0,267.161443506003,60.6481711487664,5.17392228064685e-10,1,0.986484003066238,0,0.000202648230387403,0.0614691249351118,0,0,0
103.155,9498.51418577395,1.51672731246413,9500,9499.57965625961,1.54180399927674,1.51672731246413,0,-16.9533165609753,20.9817999628741,16,0,14891.5396946672,-14987.8618425639,1.51672731246413,1.5418159808907,1.51094383775349,0.0308721431372043,-19.3676197006562,-0.0868329547009754,1.51672731246413,0,267.161443506003,60.6481711487664,5.08876339398721e-10,1,0.986456859173925,0,0.000612443381198924,0.0617442862744086,0,0,0
103.17,9498.25988602554,1.51714653095715,9500,9499.30352626487,1.54913128482791,1.51714653095715,0,-16.4544277990631,20.9696860895489,16,0,14892.451367129,-14985.9365203001,1.51714653095715,1.5418159808907,1.51087202826775,0.0309439526229434,-19.1554999628945,-0.0865573551794359,1.51714653095715,0,267.161443506003,60.6481711487664,4.99303360774784e-10,1,0.98643044917693,0,0.00101450576479811,0.0618879052458867,0,0,0
103.185,9498.01306960855,1.517616876203,9500,9499.03305385134,1.55652199961313,1.517616876203,0,-15.9292508339637,20.9565421617823,16,0,14893.6329847153,-14984.1320148929,1.517616876203,1.5418159808907,1.51086511944191,0.0309508614487908,-18.9068707760961,-0.0861008275852768,1.517616876203,0,267.161443506003,60.6481711487664,4.88697671107466e-10,1,0.986404816352392,0,0.00140812904061205,0.0619017228975816,0,0,0
103.2,9497.77413084604,1.5181365313984,9500,9498.76871218502,1.56395988489899,1.5181365313984,0,-15.3793089152738,20.9424134241823,16,0,14895.077634077,-14982.4500750485,1.5181365313984,1.5418159808907,1.51092212087835,0.0308938600123521,-18.6228304053391,-0.0854671695170013,1.5181365313984,0,267.161443506003,60.6481711487664,4.77085737323207e-10,1,0.986380001652262,0,0.0017926369064265,0.0617877200247041,0,0,0
103.215,9497.54344121231,1.51870360714705,9500,9498.51095399876,1.57142884595541,1.51870360714705,0,-14.8061519812854,20.9273465065786,16,0,14896.7779681855,-14980.8921651183,1.51870360714705,1.5418159808907,1.51104192630797,0.0307740545827302,-18.3045354999233,-0.0846604829091094,1.51870360714705,0,267.161443506003,60.6481711487664,4.64499631251605e-10,1,0.986356043655561,0,0.00216738395388161,0.0615481091654604,0,0,0
103.23,9497.32134893259,1.5193161470108,9500,9498.26021096624,1.5789129832778,1.5193161470108,0,-14.2113527287694,20.9113892825516,16,0,14898.7262311934,-14979.4594676695,1.5193161470108,1.5418159808907,1.51122331776571,0.0305926631249835,-17.9531974106326,-0.0836851601298627,1.5193161470108,0,267.161443506003,60.6481711487664,4.50972199333256e-10,1,0.986332978526803,0,0.00253175641637871,0.0611853262499671,0,0,0
103.245,9497.10817864166,1.51997213317399,9500,9498.01689313445,1.58639662279374,1.51997213317399,0,-13.5965045873379,20.8945907244417,15,0,14900.9142944776,-14978.152908075,1.51997213317399,1.5418159808907,1.51146496987781,0.0303510110128919,-17.570078459226,-0.0825458697424923,1.51997213317399,0,267.161443506003,60.6481711487664,9.86074840227754e-10,1,0.986310839980548,0,0.00288517284822243,0.0607020220257839,0,0,0
103.26,9496.90423107285,1.52066949206627,9500,9497.78138841471,1.59386434500656,1.52066949206627,0,-12.9632100374258,20.8770007685085,15,0,14903.3336400303,-14976.9730716109,1.52066949206627,1.5418159808907,1.51176545432252,0.0300505265681801,-17.1564881685792,-0.0812475419607922,1.52066949206627,0,267.161443506003,60.6481711487664,9.51259707640757e-10,1,0.986289659249095,0,0.0032270847017335,0.0601010531363602,0,0,0
103.275,9496.70978292229,1.52140610037041,9500,9497.5540621251,1.60130101321812,1.52140610037041,0,-12.3130883809282,20.8586701564595,15,0,14905.9754521599,-14975.9203393888,1.52140610037041,1.5418159808907,1.51212324422834,0.0296927366623614,-16.7137795703608,-0.0797953538450121,1.52140610037041,0,267.161443506003,60.6481711487664,9.14601327260756e-10,1,0.986269465068393,0,0.00355697683138989,0.0593854733247228,0,0,0
103.29,9496.52508659658,1.52217978970553,9500,9497.3352566162,1.60869179997663,1.52217978970553,0,-11.6477645834068,20.8396503226261,15,0,14908.8305959618,-14974.9948035404,1.52217978970553,1.5418159808907,1.51253671934784,0.029279261542859,-16.243345099356,-0.0781947142708866,1.52217978970553,0,267.161443506003,60.6481711487664,8.76218909874101e-10,1,0.986250283651826,0,0.00387436786973772,0.058558523085718,0,0,0
103.305,9496.35037012782,1.5229883527435,9500,9497.12529092849,1.61602221300269,1.5229883527435,0,-10.9688672390749,20.8199932434756,15,0,14911.8896567363,-14974.1962951882,1.5229883527435,1.5418159808907,1.51300417059954,0.0288118102911541,-15.7466129299776,-0.0764512487295047,1.5229883527435,0,267.161443506003,60.6481711487664,8.36219462228978e-10,1,0.986232138681398,0,0.00417881058396041,0.0576236205823082,0,0,0
103.32,9496.18583711924,1.5238295486892,9500,9496.92446051649,1.62327811967688,1.5238295486892,0,-10.2780249795088,20.7997513038238,15,0,14915.1429657272,-14973.5243899079,1.5238295486892,1.5418159808907,1.51352380500808,0.0282921758826136,-15.2250431386183,-0.0745707839667225,1.5238295486892,0,267.161443506003,60.6481711487664,7.94714924125516e-10,1,0.986215051302076,0,0.00446989210394766,0.0565843517652271,0,0,0
103.335,9496.03166674454,1.52470110868771,9500,9496.7330370303,1.63044577027675,1.52470110868771,0,-9.57686297494868,20.778977166042,15,0,14918.580625698,-14972.978413563,1.52470110868771,1.5418159808907,1.51409375073222,0.0277222301584783,-14.6801238684589,-0.072559332519946,1.52470110868771,0,267.161443506003,60.6481711487664,7.51823484918743e-10,1,0.986199040121736,0,0.00474723409852373,0.0554444603169566,0,0,0
103.35,9495.88801379992,1.52560074109849,9500,9496.55126815361,1.63751181994369,1.52560074109849,0,-8.86699956675887,20.7577236436319,15,0,14922.1925360548,-14972.557448441,1.52560074109849,1.5418159808907,1.514712062199,0.0271039186917017,-14.1133675099491,-0.0704230771756104,1.52560074109849,0,267.161443506003,60.6481711487664,7.07664890543121e-10,1,0.986184121216548,0,0.00501049286074129,0.0542078373834034,0,0,0
103.365,9495.75500880642,1.52652613672248,9500,9496.37937749717,1.64446334936366,1.52652613672248,0,-8.15004297344354,20.7360435773573,15,0,14925.9684179106,-14972.260339754,1.52652613672248,1.5418159808907,1.51537672528067,0.0264392556100299,-13.5263069086498,-0.0681683553882768,1.52652613672248,0,267.161443506003,60.6481711487664,6.62363809625124e-10,1,0.98617030814162,0,0.00525935932853283,0.0528785112200598,0,0,0
103.38,9495.63275816182,1.52747497387058,9500,9496.21756454636,1.65128788415227,1.52747497387058,0,-7.42758814162925,20.7139897164067,15,0,14929.897838564,-14972.0857023842,1.52747497387058,1.5418159808907,1.51608566255554,0.0257303183351603,-12.9204916131887,-0.065801643690437,1.52747497387058,0,267.161443506003,60.6481711487664,6.16048216410855e-10,1,0.986157611946769,0,0.00549355902673465,0.0514606366703205,0,0,0
103.395,9495.52134433969,1.52844492337742,9500,9496.06600466172,1.65797341293514,1.52844492337742,0,-6.70121367285439,20.6916146023628,15,0,14933.9702358719,-14972.0319279566,1.52844492337742,1.5418159808907,1.51683673858313,0.0249792423075634,-12.2974841725877,-0.0633295421284064,1.52844492337742,0,267.161443506003,60.6481711487664,5.68847039527681e-10,1,0.986146041197187,0,0.00571285194527893,0.0499584846151269,0,0,0
103.41,9495.4208261346,1.52943365348921,9500,9495.92484913102,1.66450840412129,1.52943365348921,0,-5.97247887159197,20.6689704575508,15,0,14938.1749421765,-14972.0971921578,1.52943365348921,1.5418159808907,1.51762776521493,0.0241882156757722,-11.6588564939316,-0.0607587587530309,1.52943365348921,0,267.161443506003,60.6481711487664,5.20892500728131e-10,1,0.986135601998914,0,0.00591703235280439,0.0483764313515445,0,0,0
103.425,9495.33123895153,1.53043883465641,9500,9495.79422527121,1.67088182136602,1.53043883465641,0,-5.24292089299848,20.646109077115,15,0,14942.5012079263,-14972.2794623157,1.53043883465641,1.5418159808907,1.51845650691071,0.0233594739799916,-11.0061862673074,-0.0580960941942689,1.53043883465641,0,267.161443506003,60.6481711487664,4.72318202349363e-10,1,0.986126298028892,0,0.00610592854825565,0.0467189479599832,0,0,0
103.44,9495.25259513813,1.53145814419916,9500,9495.67423657913,1.67708313772407,1.53145814419916,0,-4.51405014627538,20.6230817273835,14,0,14946.9382147215,-14972.5764844962,1.53145814419916,1.5418159808907,1.51932068606269,0.0224952948280093,-10.3410534654259,-0.0553484263475539,1.53145814419916,0,267.161443506003,60.6481711487664,9.53425476740403e-10,1,0.986118130569473,0,0.0062794025475954,0.0449905896560185,0,0,0
103.455,9495.18488438594,1.53248927088767,9500,9495.56496292918,1.68310234849443,1.53248927088767,0,-3.7873553492846,20.5999390385361,14,0,14951.4751399583,-14972.9858770129,1.53248927088767,1.5418159808907,1.52021798829164,0.0215979925990535,-9.6650369233746,-0.052522695201136,1.53248927088767,0,267.161443506003,60.6481711487664,8.41985579728388e-10,1,0.986111098550082,0,0.00643734971918852,0.043195985198107,0,0,0
103.47,9495.1280740557,1.53352991899755,9500,9495.46646082372,1.68892998257788,1.53352991899755,0,-3.06428934671488,20.5767309283964,14,0,14956.1011128104,-14973.5050060137,1.53352991899755,1.5418159808907,1.52114606792352,0.0206699129671775,-8.97971089727385,-0.0496258878275011,1.53352991899755,0,267.161443506003,60.6481711487664,7.3013284563985e-10,1,0.986105198581009,0,0.00657969835264138,0.0413398259343549,0,0,0
103.485,9495.0821097155,1.53457781354584,9500,9495.37876366295,1.69455711315336,1.53457781354584,0,-2.34627429610706,20.5535064844384,14,0,14960.8052847712,-14974.1310856283,1.53457781354584,1.5418159808907,1.52210255277872,0.0197134281119766,-8.28664209778301,-0.0466650235688125,1.53457781354584,0,267.161443506003,60.6481711487664,6.18122809006035e-10,1,0.986100425009292,0,0.00670640921111998,0.0394268562239533,0,0,0
103.5,9495.04691560106,1.53563070385187,9500,9495.30188208429,1.69997536638649,1.53563070385187,0,-1.634697678538,20.5303138924817,14,0,14965.5768367489,-14974.8611625498,1.53563070385187,1.5418159808907,1.52308504969821,0.0187309311924915,-7.58738635444801,-0.0436471394238085,1.53563070385187,0,267.161443506003,60.6481711487664,5.06247117021621e-10,1,0.986096769966523,0,0.00681747498887186,0.0374618623849829,0,0,0
103.515,9495.02239513588,1.53668636755219,9500,9495.23580433308,1.70517692908795,1.53668636755219,0,-0.930911886355872,20.5072003535538,13,0,14970.4050092247,-14975.6921439888,1.53668636755219,1.5418159808907,1.52409114972054,0.0177248311701541,-6.88348555593068,-0.0405792756788162,1.53668636755219,0,267.161443506003,60.6481711487664,8.8888614249708e-10,1,0.986094223422864,0,0.00691291974953012,0.0354496623403082,0,0,0
103.53,9495.00843145758,1.53774261446414,9500,9495.18049667201,1.71015455511012,1.53774261446414,0,-0.236224742099001,20.4842120143457,13,0,14975.2790818572,-14976.620723561,1.53774261446414,1.5418159808907,1.52511843320821,0.0166975476824853,-6.17646469581451,-0.0374684617915276,1.53774261446414,0,267.161443506003,60.6481711487664,6.39578804220924e-10,1,0.986092773241713,0,0.00699279830094013,0.0333950953649707,0,0,0
103.545,9495.00488808645,1.53879729065433,9500,9495.13590382088,1.71490157066746,1.53879729065433,0,0.448092394328296,20.4613938787534,12,0,14980.1884502228,-14977.643504195,1.53879729065433,1.5418159808907,1.52616447473083,0.0156515061598679,-5.46782912514998,-0.0343217025561046,1.53879729065433,0,267.161443506003,60.6481711487664,8.83595475994503e-10,1,0.986092405249132,0,0.00705719555760354,0.0313030123197358,0,0,0
103.56,9495.01160947237,1.53984828113969,9500,9495.1019494556,1.71941187782128,1.53984828113969,0,1.12080487429897,20.4387897571502,11,0,14985.1226460711,-14978.7570170892,1.53984828113969,1.5418159808907,1.52722684848861,0.014589132402087,-4.75906153835493,-0.031145964555183,1.53984828113969,0,267.161443506003,60.6481711487664,7.49865701103777e-10,1,0.986093103290647,0,0.00710622580602371,0.0291782648041741,0,0,0
103.575,9495.02842154548,1.5408935136111,9500,9495.0785367197,1.72367995727487,1.5408935136111,0,1.78073629105672,20.4164422122698,11,0,14990.0712500441,-14979.9575122524,1.5408935136111,1.5418159808907,1.52830313305926,0.0135128478314379,-4.05161944265071,-0.0279481629424723,1.5408935136111,0,267.161443506003,60.6481711487664,4.70659037328241e-10,1,0.986094849288444,0,0.0071400319825965,0.0270256956628758,0,0,0
103.59,9495.05513258985,1.54193096305357,9500,9495.06554874586,1.72770087052711,1.54193096305357,0,2.42674132798106,20.3943924492358,12,0,14995.0240764992,-14981.2412976299,1.54193096305357,1.5418159808907,1.52939091553411,0.0124250653565869,-3.34693303747225,-0.0247351485503039,1.54193096305357,0,267.161443506003,60.6481711487664,7.42385886350628e-10,1,0.986097623332091,0,0.00715878493673516,0.0248501307131739,0,0,0
103.605,9495.09153370977,1.54295865292496,9500,9495.06284926883,1.73147025931796,1.54295865292496,0,3.05773526953432,20.3726803310188,13,0,14999.971022151,-14982.6044202218,1.54295865292496,1.5418159808907,1.53048779720918,0.0113281836815169,-2.64640221751601,-0.0215136953287731,1.54295865292496,0,267.161443506003,60.6481711487664,5.62157761209334e-10,1,0.986101403726974,0,0.00716268257279706,0.0226563673630338,0,0,0
103.62,9495.13739973881,1.54397465982254,9500,9495.07028320025,1.73498434557856,1.54397465982254,0,3.67267076195479,20.3513442613349,13,0,15004.9022296281,-14984.0429617009,1.54397465982254,1.5418159808907,1.53159139733927,0.0102245835514292,-1.95139479866099,-0.0182904881710144,1.54397465982254,0,267.161443506003,60.6481711487664,7.89649020290186e-10,1,0.986106167088703,0,0.00715194905292194,0.0204491671028584,0,0,0
103.635,9495.19248980024,1.54497711469812,9500,9495.08767729018,1.73823992875117,1.54497711469812,0,4.27055404882712,20.330421192161,14,0,15009.8080086334,-14985.5528674255,1.54497711469812,1.5418159808907,1.53269935843839,0.0091166224523096,-1.26324385925395,-0.0150721110971995,1.54497711469812,0,267.161443506003,60.6481711487664,4.49264373285955e-10,1,0.986111888401311,0,0.00712683389275948,0.0182332449046192,0,0,0
103.65,9495.25654811097,1.54596420674944,9500,9495.11484076232,1.74123438327785,1.54596420674944,0,4.85044650587968,20.3099465559344,14,0,15014.6788586231,-14987.1299604525,1.54596420674944,1.5418159808907,1.5338093500386,0.00800663085209807,-0.583246055711186,-0.0118650358454578,1.54596420674944,0,267.161443506003,60.6481711487664,5.45110249078589e-10,1,0.986118541100751,0,0.00708761109045741,0.0160132617041961,0,0,0
103.665,9495.32930480856,1.54693418586001,9500,9495.15156599306,1.74396565450284,1.54693418586001,0,5.41145636040906,20.289954219708,14,0,15019.5055330323,-14988.770052833,1.54693418586001,1.5418159808907,1.53491907297867,0.00689690791203201,0.0873403339248506,-0.00867561085475192,1.54693418586001,0,267.161443506003,60.6481711487664,6.38127169340432e-10,1,0.986126097160781,0,0.00703457820734954,0.013793815824064,0,0,0
103.68,9495.41047665396,1.54788536406808,9500,9495.19762922883,1.74643225309155,1.54788536406808,0,5.95274564984102,20.2704764769358,14,0,15024.2790127158,-14990.4688795605,1.54788536406808,1.5418159808907,1.53602626397128,0.00578971691941566,0.747297499247926,-0.00551005066144463,1.54788536406808,0,267.161443506003,60.6481711487664,7.28103043133379e-10,1,0.986134527165949,0,0.00696805539482148,0.0115794338388313,0,0,0
103.695,9495.49976783871,1.54881611816884,9500,9495.25279129965,1.74863324900773,1.54881611816884,0,6.47352965524734,20.25154400745,14,0,15028.9905295404,-14992.2221253986,1.54881611816884,1.5418159808907,1.53712869938474,0.00468728150595732,1.39544966884022,-0.00237442573377496,1.54881611816884,0,267.161443506003,60.6481711487664,8.14867986970222e-10,1,0.986143800395418,0,0.00688838443239059,0.00937456301191464,0,0,0
103.71,9495.59687078354,1.5497248917506,9500,9495.31679835695,1.75056826433934,1.5497248917506,0,6.97307751886567,20.2331858515368,14,0,15033.6315789032,-14994.0254338994,1.5497248917506,1.5418159808907,1.53822419909115,0.00359178179954989,2.0306646917398,0.000725347260800807,1.5497248917506,0,267.161443506003,60.6481711487664,8.98266760454663e-10,1,0.986153884905911,0,0.00679592774200222,0.00718356359909977,0,0,0
103.725,9495.70146694632,1.55061019706578,9500,9495.38938262721,1.75223746517093,1.55061019706578,0,7.4507127458132,20.2154293879067,14,0,15038.1939315299,-14995.8744163486,1.55061019706578,1.5418159808907,1.53931063017551,0.00250535071518887,2.65185550154501,0.0037835147447018,1.55061019706578,0,267.161443506003,60.6481711487664,9.78157448591112e-10,1,0.986164747615615,0,0.00669106736702352,0.00501070143037774,0,0,0
103.74,9495.81322763751,1.55147061674696,9500,9495.47026317956,1.75364155253326,1.55147061674696,0,7.90581565763146,20.1983003175345,15,0,15042.6696333542,-14997.7646376955,1.55147061674696,1.5418159808907,1.5403859104925,0.00143007039819998,3.25798146419685,0.00679449505986239,1.55147061674696,0,267.161443506003,60.6481711487664,4.67994047371382e-10,1,0.986176354388869,0,0.0065742039533252,0.00286014079639996,0,0,0
103.755,9495.93181487237,1.5523048053587,9500,9495.55914670589,1.75478175246266,1.5523048053587,0,8.33781554435646,20.1818226402335,15,0,15047.0510602002,-14999.6917157881,1.5523048053587,1.5418159808907,1.54144801207613,0.000367968814569686,3.84804961038444,0.00975288683885873,1.5523048053587,0,267.161443506003,60.6481711487664,5.00124189858737e-10,1,0.986188670124673,0,0.00644575570000372,0.000735937629139372,0,0,0
103.77,9496.05688210554,1.55311149038274,9500,9495.65572831959,1.75565980500022,1.55311149038274,0,8.7462025859568,20.1660186642772,15,0,15051.3308601342,-15001.65119598,1.55311149038274,1.5418159808907,1.5424949645966,-0.000678983705907132,4.42111587114707,0.0126534769038604,1.55311149038274,0,267.161443506003,60.6481711487664,5.30514028319065e-10,1,0.98620165883297,0,0.00630615728314443,-0.00135796741181426,0,0,0
103.785,9496.18807514433,1.55388947440759,9500,9495.75969233764,1.7562779530149,1.55388947440759,0,9.13052065618145,20.1509089703634,15,0,15055.502009771,-15003.6386482682,1.55388947440759,1.5418159808907,1.54352485797289,-0.00170887708219114,4.97628579461573,0.0154912476812754,1.55388947440759,0,267.161443506003,60.6481711487664,5.59143660165339e-10,1,0.986215283729502,0,0.00615585881954916,-0.00341775416438228,0,0,0
103.8,9496.32503295417,1.55463763563405,9500,9495.87071309678,1.75663892957607,1.55463763563405,0,9.49036884735308,20.1365124210485,15,0,15059.5578093375,-15005.6496536475,1.55463763563405,1.5418159808907,1.54453584559406,-0.00271986470335883,5.51271560590003,0.0182613841500725,1.55463763563405,0,267.161443506003,60.6481711487664,5.85979455005473e-10,1,0.986229507319455,0,0.00599532476093234,-0.00543972940671766,0,0,0
103.815,9496.46738848688,1.55535492877025,9500,9495.98845576682,1.7567459447845,1.55535492877025,0,9.82540131274915,20.1228461598042,15,0,15063.4918900851,-15007.6798123608,1.55535492877025,1.5418159808907,1.54552614709717,-0.00371016620647158,6.02961299154205,0.0209592802924921,1.55535492877025,0,267.161443506003,60.6481711487664,6.10996189471127e-10,1,0.986244291483476,0,0.00582503280972624,-0.00742033241294315,0,0,0
103.83,9496.61476950657,1.55604038579611,9500,9496.11257716788,1.75660267189544,1.55604038579611,0,10.1353270250404,20.1099256126033,15,0,15067.2982211017,-15009.7247520205,1.55604038579611,1.5418159808907,1.54649405096642,-0.00467807007572563,6.52623776736991,0.0235805450568689,1.55604038579611,0,267.161443506003,60.6481711487664,6.34173525889878e-10,1,0.986259597563453,0,0.00564547280748307,-0.00935614015145125,0,0,0
103.845,9496.76679941195,1.5566931165557,9500,9496.24272658986,1.75621323277107,1.5566931165557,0,10.4199094241886,20.0977644928583,15,0,15070.9711153207,-15011.780135547,1.5566931165557,1.5418159808907,1.54743791696831,-0.00562193607761752,7.00190243204532,0.0261210078202363,1.5566931165557,0,267.161443506003,60.6481711487664,6.55497621207069e-10,1,0.986275386447906,0,0.00545714563560962,-0.011243872155235,0,0,0
103.86,9496.92309805331,1.55731230925365,9500,9496.37854661261,1.75558218270012,1.55731230925365,0,10.6789660063884,20.0863748080099,15,0,15074.5052350812,-15013.8416689897,1.55731230925365,1.5418159808907,1.54835617838735,-0.00654019749665169,7.45597260884283,0.0285767233562606,1.55731230925365,0,267.161443506003,60.6481711487664,6.74959217783519e-10,1,0.986291618656843,0,0.00526056209602332,-0.0130803949933034,0,0,0
103.875,9497.08328254341,1.55789723079173,9500,9496.51967392536,1.75471449462324,1.55789723079173,0,10.9123678127395,20.0757668690806,15,0,15077.8955969314,-15015.905109155,1.55789723079173,1.5418159808907,1.54924734408992,-0.00743136319922089,7.88786737750285,0.0309439762994711,1.55789723079173,0,267.161443506003,60.6481711487664,6.92555691160893e-10,1,0.986308254425964,0,0.00505624180884579,-0.0148627263984418,0,0,0
103.89,9497.2469680606,1.55844722694649,9500,9496.66574014384,1.75361554280006,1.55844722694649,0,11.1200388206328,20.0659493031061,15,0,15081.137575682,-15017.9662710331,1.55844722694649,1.5418159808907,1.55011000041953,-0.00829401952883102,8.29705950008805,0.0332192851134517,1.55844722694649,0,267.161443506003,60.6481711487664,7.08289286954045e-10,1,0.986325253790078,0,0.00484471207915549,-0.016588039057662,0,0,0
103.905,9497.41376864291,1.55896172241454,9500,9496.81637262381,1.75229108595511,1.55896172241454,0,11.3019552547484,20.0569290678301,15,0,15084.2269078148,-15020.0210350349,1.55896172241454,1.5418159808907,1.55094281290331,-0.00912683201261522,8.68307554352768,0.0353994055490717,1.55896172241454,0,267.161443506003,60.6481711487664,7.22167262952786e-10,1,0.986342576665563,0,0.0046265067985527,-0.0182536640252304,0,0,0
103.92,9497.58329797173,1.55944022074265,9500,9496.97119526961,1.75074724994248,1.55944022074265,0,11.4581448315377,20.0487114682433,15,0,15087.1596943346,-15022.0653540462,1.55944022074265,1.5418159808907,1.55174452776893,-0.00992854687823375,9.04549590032363,0.0374813336084204,1.55944022074265,0,267.161443506003,60.6481711487664,7.34201298416175e-10,1,0.986360182931762,0,0.00440216532028059,-0.0198570937564675,0,0,0
103.935,9497.7551701442,1.5598823040766,9500,9497.12982933615,1.74899050996657,1.5598823040766,0,11.5886858946546,20.0413001763386,15,0,15089.9324027436,-15024.0952602233,1.5598823040766,1.5418159808907,1.55251397329902,-0.0106979924083221,9.38395471020255,0.0394623080025466,1.5598823040766,0,267.161443506003,60.6481711487664,7.44408515006489e-10,1,0.986378032511193,0,0.00417223135903533,-0.0213959848166443,0,0,0
103.95,9497.92900043262,1.56028763276888,9500,9497.29189422332,1.74702767239717,1.56028763276888,0,11.6937064685031,20.0346972531823,15,0,15092.5418683191,-15026.1068715562,1.56028763276888,1.5418159808907,1.55325006100866,-0.0114340801179658,9.69813968547213,0.0413398121141125,1.56028763276888,0,267.161443506003,60.6481711487664,7.52809420829037e-10,1,0.98639608544842,0,0.00393725187389626,-0.0228681602359315,0,0,0
103.965,9498.10440602965,1.56065594488896,9500,9497.45700826129,1.7448658562184,1.56065594488896,0,11.7733832602102,20.0289031723391,15,0,15094.9852948962,-15028.0963982297,1.56065594488896,1.5418159808907,1.55395178662025,-0.0121358057295535,9.98779184155946,0.0431115754573659,1.56065594488896,0,267.161443506003,60.6481711487664,7.59429224390599e-10,1,0.986414301987443,0,0.00369777598105347,-0.0242716114591071,0,0,0
103.98,9498.28100677855,1.56098705556797,9500,9497.62478948543,1.74251247415294,1.56098705556797,0,11.8279405658071,20.0239168460775,15,0,15097.2602548292,-15030.0601487081,1.56098705556797,1.5418159808907,1.55461823087648,-0.0128022499857812,10.252705133748,0.0447755746488399,1.56098705556797,0,267.161443506003,60.6481711487664,7.64296511467065e-10,1,0.986432642647538,0,0.00345435386177972,-0.0256044999715623,0,0,0
103.995,9498.45842588704,1.56128085622063,9500,9497.79485639966,1.73997521349884,1.56128085622063,0,11.8576491105602,20.0197356534204,15,0,15099.3646883285,-15031.9945355712,1.56128085622063,1.5418159808907,1.55524856016905,-0.0134325792783543,10.4927260036408,0.0463300338866408,1.56128085622063,0,267.161443506003,60.6481711487664,7.67443240717807e-10,1,0.986451068297391,0,0.00320753568051124,-0.0268651585567086,0,0,0
104.01,9498.6362906237,1.56153731365041,9500,9497.96682872693,1.73726201671988,1.56153731365041,0,11.8628248279872,20.0163554698915,15,0,15101.2969021955,-15033.8960810983,1.56153731365041,1.5418159808907,1.55584202698228,-0.0140260460915809,10.7077528366228,0.0477734249428709,1.56153731365041,0,267.161443506003,60.6481711487664,7.68905910995049e-10,1,0.986469540227427,0,0.00295787052003504,-0.0280520921831617,0,0,0
104.025,9498.81423299612,1.56175646901599,9500,9498.14032814576,1.73438106182864,1.56175646901599,0,11.8438275641781,20.0137706994216,15,0,15103.0555678465,-15035.7614225687,1.56175646901599,1.5418159808907,1.55639797016649,-0.014581989275795,10.8977353328141,0.0491044666768866,1.56175646901599,0,267.161443506003,60.6481711487664,7.68721749162321e-10,1,0.986488020220232,0,0.00270590533133408,-0.02916397855159,0,0,0
104.04,9498.99189040958,1.56193843671055,9500,9498.31497901154,1.73134074260142,1.56193843671055,0,11.8010597421374,20.0119743073031,15,0,15104.6397188614,-15037.5873173173,1.56193843671055,1.5418159808907,1.55691581501877,-0.015099834128069,11.0626737940466,0.050322124075987,1.56193843671055,0,267.161443506003,60.6481711487664,7.66933246346163e-10,1,0.986506470618964,0,0.00245218388727131,-0.0301996682561381,0,0,0
104.055,9499.16890630571,1.56208340309096,9500,9498.49040906173,1.72814964866482,1.56208340309096,0,11.7349649465398,20.0109578555337,15,0,15106.0487477645,-15039.370647478,1.56208340309096,1.5418159808907,1.5573950732032,-0.0155790923124988,11.2026183289426,0.051425606825259,1.56208340309096,0,267.161443506003,60.6481711487664,7.63582882071648e-10,1,0.98652485439368,0,0.00219724577218727,-0.0311581846249975,0,0,0
104.07,9499.34493077991,1.56219162511344,9500,9498.66625010373,1.72481654549068,1.56219162511344,0,11.6460264656371,20.0107115393487,15,0,15107.2824022866,-15041.1084244568,1.56219162511344,1.5418159808907,1.5578353424907,-0.0160193616000015,11.3176679798872,0.0524143674227433,1.56219162511344,0,267.161443506003,60.6481711487664,7.58717660446548e-10,1,0.986543135205453,0,0.00194162537274289,-0.032038723200003,0,0,0
104.085,9499.5196211769,1.56226342886265,9500,9498.84213868447,1.72135035433907,1.56226342886265,0,11.534765784084,20.0112242252224,15,0,15108.3407810542,-15042.7977931153,1.56226342886265,1.5418159808907,1.55823630632496,-0.0164203254342603,11.4079697737211,0.0532880988404776,1.56226342886265,0,267.161443506003,60.6481711487664,7.52385006877659e-10,1,0.986561277468229,0,0.00168585089884354,-0.0328406508685206,0,0,0
104.1,9499.69264266366,1.5622992079711,9500,9499.01771674091,1.71776013218641,1.5622992079711,0,11.4017410242967,20.01248349042,15,0,15109.2243286789,-15044.4360356517,1.5622992079711,1.5418159808907,1.55859773322297,-0.0167817523322771,11.4737176993729,0.0540467317449572,1.5622992079711,0,267.161443506003,60.6481711487664,7.44634961579438e-10,1,0.986579246408324,0,0.00143044342328635,-0.0335635046645542,0,0,0
104.115,9499.86366877902,1.5622994219336,9500,9499.19263223037,1.71405505167597,1.5622994219336,0,11.2475453414519,20.0144756640102,15,0,15109.9338302724,-15046.0205751774,1.5622994219336,1.5418159808907,1.55891947601197,-0.0171034951212681,11.5151516153948,0.0546904312854361,1.5622994219336,0,267.161443506003,60.6481711487664,7.35517834542402e-10,1,0.986597008121504,0,0.00117591595000754,-0.0342069902425362,0,0,0
104.13,9500.03238195914,1.56226459432651,9500,9499.36653973991,1.71024438112703,1.56226459432651,0,11.0728052775575,20.0171858691519,15,0,15110.4704054191,-15047.5489789884,1.56226459432651,1.5418159808907,1.55920147090426,-0.0173854900135648,11.5325560904883,0.0552195934629395,1.56226459432651,0,267.161443506003,60.6481711487664,7.25086691965246e-10,1,0.986614529627553,0,0.000922772497711,-0.0347709800271296,0,0,0
104.145,9500.19847403831,1.56219531094324,9500,9499.53910107405,1.70633746463947,1.56219531094324,0,10.8781790850745,20.0205980664317,15,0,15110.8355016688,-15049.0189615365,1.56219531094324,1.5418159808907,1.55944373640788,-0.0176277555171851,11.5262591797159,0.0556348410869094,1.56219531094324,0,267.161443506003,60.6481711487664,7.13395304683174e-10,1,0.986631778922289,0,0.000671507222900658,-0.0352555110343702,0,0,0
104.16,9500.36164672458,1.56209221780488,9500,9499.7099858199,1.70234370232911,1.56209221780488,0,10.6643549920137,20.0246950991524,15,0,15111.0308873436,-15050.4283870539,1.56209221780488,1.5418159808907,1.55964637210221,-0.0178303912115159,11.4966311395226,0.0559370193372147,1.56209221780488,0,267.161443506003,60.6481711487664,7.00497561198818e-10,1,0.986648725026959,0,0.000422603557132417,-0.0356607824230317,0,0,0
104.175,9500.52161204946,1.56195601913499,9500,9499.87887188911,1.69827253072844,1.56195601913499,0,10.4320494681472,20.0294587387037,15,0,15111.0586440756,-15051.7752719078,1.56195601913499,1.5418159808907,1.55980955723751,-0.0179935763468173,11.444083084773,0.0561271909379243,1.56195601913499,0,267.161443506003,60.6481711487664,6.86449368990934e-10,1,0.986665338034939,0,0.000176533385650712,-0.0359871526936346,0,0,0
104.19,9500.67809279149,1.56178747519828,9500,9500.04544603592,1.69413340338816,1.56178747519828,0,10.182005427507,20.0348697321819,15,0,15110.9211586064,-15053.0577865861,1.56178747519828,1.5418159808907,1.55993354921764,-0.0181175683269437,11.3690655902505,0.0562066309614671,1.56178747519828,0,267.161443506003,60.6481711487664,6.71305872677086e-10,1,0.986681589155722,0,-6.62437411782513e-05,-0.0362351366538873,0,0,0
104.205,9500.8308228729,1.56158740009758,9500,9500.20940435071,1.68993577171178,1.56158740009758,0,9.91499042918041,20.0409078502789,15,0,15110.6211142823,-15054.274257395,1.56158740009758,1.5418159808907,1.56001868192623,-0.0182027010355288,11.272067240507,0.0561768212779369,1.56158740009758,0,267.161443506003,60.6481711487664,6.55122916864831e-10,1,0.986697450756122,0,-0.000305281380823308,-0.0364054020710576,0,0,0
104.22,9500.97954772934,1.5613566594865,9500,9500.37045272846,1.68568906605758,1.5613566594865,0,9.63179484881149,20.0475519363826,15,0,15110.1614820466,-15055.4231678258,1.5613566594865,1.5418159808907,1.56006536392108,-0.0182493830303818,11.1536131302345,0.0560394446565664,1.5613566594865,0,267.161443506003,60.6481711487664,6.37957630775904e-10,1,0.986712896398661,0,-0.000540146916373718,-0.0364987660607636,0,0,0
104.235,9501.12402465207,1.56109616820736,9500,9500.52830731163,1.6814026771394,1.56109616820736,0,9.33323002778752,20.0547799567222,15,0,15109.5455109689,-15056.5031595934,1.56109616820736,1.5418159808907,1.56007407650446,-0.0182580956137657,11.0142633188592,0.0557963785441983,1.56109616820736,0,267.161443506003,60.6481711487664,6.19865501582561e-10,1,0.986727900877113,0,-0.000770422256587633,-0.0365161912275314,0,0,0
104.25,9501.26402310249,1.56080688785323,9500,9500.68269490687,1.67708593775742,1.56080688785323,0,9.02012640036792,20.0625690516179,15,0,15108.7767183104,-15057.513033341,1.56080688785323,1.5418159808907,1.5600453716738,-0.0182293907831019,10.854611242404,0.0554496885287338,1.56080688785323,0,267.161443506003,60.6481711487664,6.00903300858644e-10,1,0.986742440249164,0,-0.000995704482335436,-0.0364587815662039,0,0,0
104.265,9501.39932499849,1.56048982431323,9500,9500.83335337536,1.67274810488941,1.56048982431323,0,8.6933316356392,20.0708955866116,15,0,15107.8588793862,-15058.4517490653,1.56048982431323,1.5418159808907,1.55997986993527,-0.018163889044577,10.675282085848,0.0550016215116829,1.56048982431323,0,267.161443506003,60.6481711487664,5.81127328989223e-10,1,0.986756491866161,0,-0.00121560648005059,-0.036327778089154,0,0,0
104.28,9501.52972497302,1.56014602519213,9500,9500.98003199614,1.66839834217302,1.56014602519213,0,8.35370872628451,20.0797352058473,15,0,15106.7960167321,-15059.3184261528,1.56014602519213,1.5418159808907,1.55987825803781,-0.0180622771471151,10.4769311183898,0.0544545985956601,1.56014602519213,0,267.161443506003,60.6481711487664,5.60592830635183e-10,1,0.986770034399951,0,-0.00142975750585217,-0.0361245542942301,0,0,0
104.295,9501.65503060392,1.55977657725003,9500,9501.12249180226,1.66404570280555,1.55977657725003,0,8.00213411672362,20.0890628846224,15,0,15105.5923892379,-15060.1123431657,1.55977657725003,1.5418159808907,1.55974128657004,-0.0179253056793447,10.2602419963614,0.0538112077180266,1.55977657725003,0,267.161443506003,60.6481711487664,5.39355750896371e-10,1,0.986783047866759,0,-0.00163780373663069,-0.0358506113586894,0,0,0
104.31,9501.77506261567,1.55938260373308,9500,9501.26050588945,1.65969911289096,1.55938260373308,0,7.63949578849348,20.0988529839104,15,0,15104.2524806552,-15060.8329372507,1.55938260373308,1.5418159808907,1.55956976748777,-0.0177537865970776,10.0259250352868,0.0530741960365428,1.55938260373308,0,267.161443506003,60.6481711487664,5.17471712071552e-10,1,0.986795513648144,0,-0.00183940877326072,-0.0355075731941552,0,0,0
104.325,9501.8896550525,1.55896526171309,9500,9501.39385969701,1.65536735525912,1.55896526171309,0,7.26669137920703,20.1090793043737,15,0,15102.7809880252,-15061.4798032816,1.55896526171309,1.5418159808907,1.55936457152379,-0.0175485906330903,9.77471545560543,0.0522464620885755,1.55896526171309,0,267.161443506003,60.6481711487664,4.94993820877648e-10,1,0.986807414508963,0,-0.0020342540883167,-0.0350971812661807,0,0,0
104.34,9501.99865542319,1.55852573934702,9500,9501.52235126082,1.65105905378386,1.55852573934702,0,6.88462627640171,20.11971514181,15,0,15101.1828096076,-15062.0526926505,1.55852573934702,1.5418159808907,1.55912662553695,-0.0173106446462532,9.50737160434357,0.051331047748833,1.55852573934702,0,267.161443506003,60.6481711487664,4.71977496375028e-10,1,0.986818734612425,0,-0.00222203945819888,-0.0346212892925064,0,0,0
104.355,9502.10192481733,1.55806525314919,9500,9501.6457914383,1.64678265822321,1.55806525314919,0,6.49421174759587,20.1307333420862,15,0,15099.4630327465,-15062.5515117957,1.55806525314919,1.5418159808907,1.55885690975777,-0.0170409288670776,9.22467315679373,0.0503311299926435,1.55806525314919,0,267.161443506003,60.6481711487664,4.48475205950676e-10,1,0.986829459532155,0,-0.00240248333386162,-0.0340818577341553,0,0,0
104.37,9502.19933799354,1.55758504517615,9500,9501.76400410515,1.64254642960625,1.55758504517615,0,6.0963611537533,20.142106355646,14,0,15097.6269315011,-15062.97634139,1.55758504517615,1.5418159808907,1.55855645499417,-0.016740474103476,8.92741930053235,0.0492500124924058,1.55758504517615,0,267.161443506003,60.6481711487664,9.64543780430115e-10,1,0.986839576261358,0,-0.00257532316863607,-0.033480948206952,0,0,0
104.385,9502.29078341085,1.55708638026635,9500,9501.876826324,1.63835842618691,1.55708638026635,0,5.69199579568889,20.1538063009171,14,0,15095.6799122308,-15063.3273487377,1.55708638026635,1.5418159808907,1.55822633973613,-0.0164103588454334,8.61642690621853,0.0480911170665195,1.55708638026635,0,267.161443506003,60.6481711487664,9.09386917882803e-10,1,0.98684907321608,0,-0.00274031571871181,-0.0328207176908668,0,0,0
104.4,9502.37616334779,1.5565705435534,9500,9501.98410847752,1.63422649017453,1.5565705435534,0,5.28203155592494,20.1658050017109,14,0,15093.6275660984,-15063.604916245,1.5565705435534,1.5418159808907,1.5578676870559,-0.0160517061651986,8.29252857846862,0.0468579749930992,1.5565705435534,0,267.161443506003,60.6481711487664,8.5349256799852e-10,1,0.986857940247573,0,-0.00289723727793589,-0.0321034123303972,0,0,0
104.415,9502.45539382113,1.55603883673014,9500,9502.08571439784,1.63015823445659,1.55603883673014,0,4.8673844331542,20.1780740707953,14,0,15091.4756084608,-15063.8095494014,1.55603883673014,1.5418159808907,1.55748166207999,-0.0156656811892943,7.95657108449625,0.0455542182180281,1.55603883673014,0,267.161443506003,60.6481711487664,7.96940742097112e-10,1,0.986866168633861,0,-0.00304588390401817,-0.0313313623785887,0,0,0
104.43,9502.52840458762,1.55549257578011,9500,9502.18152144137,1.62616103061111,1.55549257578011,0,4.44896708693645,20.1905849524508,14,0,15089.2298792401,-15063.941896838,1.55549257578011,1.5418159808907,1.5570694686766,-0.0152534877859021,7.60941332497406,0.0441835704612199,1.55549257578011,0,267.161443506003,60.6481711487664,7.39844459124422e-10,1,0.986873751079915,0,-0.00318607156061956,-0.0305069755718042,0,0,0
104.445,9502.59513909393,1.55493308819369,9500,9502.27142054476,1.62224199734412,1.55493308819369,0,4.02768709168346,20.2033089779001,14,0,15086.8963297913,-15064.0027471701,1.55493308819369,1.5418159808907,1.55663234636867,-0.0148163654779734,7.25192447436795,0.0427498382589411,1.55493308819369,0,267.161443506003,60.6481711487664,6.82315384699579e-10,1,0.986880681712454,0,-0.00331763624879455,-0.0296327309559468,0,0,0
104.46,9502.6555544003,1.55436171010947,9500,9502.35531625326,1.61840798958247,1.55436171010947,0,3.60444516743293,20.2162174223244,14,0,15084.4810093058,-15063.9930255074,1.55436171010947,1.5418159808907,1.5561715672548,-0.0143555863641038,6.88498212764017,0.0412569019469836,1.55436171010947,0,267.161443506003,60.6481711487664,6.24462812023593e-10,1,0.986886956072023,0,-0.00344043406645622,-0.0287111727282077,0,0,0
104.475,9502.70962107782,1.55377978350748,9500,9502.43312672205,1.61466558823461,1.55377978350748,0,3.18013346944898,20.2292815607871,14,0,15081.9900513359,-15063.913789754,1.55377978350748,1.5418159808907,1.55568843289085,-0.0138724520001496,6.50947045668712,0.0397087066170783,1.55377978350748,0,267.161443506003,60.6481711487664,5.66393520216074e-10,1,0.986892571102315,0,-0.00355434124371024,-0.0277449040002993,0,0,0
104.49,9502.75732307986,1.55318865339004,9500,9502.50478369052,1.61102109063551,1.55318865339004,0,2.75563389392652,20.2424727244574,14,0,15079.4296601457,-15063.7662266406,1.55318865339004,1.5418159808907,1.55518427116973,-0.0133682902790313,6.12627837669223,0.0381092530574086,1.55318865339004,0,267.161443506003,60.6481711487664,5.08213971795166e-10,1,0.986897525136829,0,-0.0036592541350926,-0.0267365805580626,0,0,0
104.505,9502.79865758827,1.55258966496789,9500,9502.57023243001,1.6074805016871,1.55258966496789,0,2.33181641127461,20.2557623567798,14,0,15076.8060969702,-15063.5516475109,1.55258966496789,1.5418159808907,1.55466043320041,-0.012844452309714,5.73629772535089,0.036462588696617,1.55258966496789,0,267.161443506003,60.6481711487664,4.50026077381599e-10,1,0.986901817882889,0,-0.00375508915739697,-0.025688904619428,0,0,0
104.52,9502.83363483444,1.55198416091143,9500,9502.62943166509,1.60404952570668,1.55198416091143,0,1.9095392091862,20.2691220701109,13,0,15074.1256569675,-15063.2714645126,1.55198416091143,1.5418159808907,1.55411829016823,-0.0123023092775281,5.34042145654614,0.0347727985757883,1.55198416091143,0,267.161443506003,60.6481711487664,8.91318453247954e-10,1,0.986905450403062,0,-0.00384178270141922,-0.0246046185550561,0,0,0
104.535,9502.86227792257,1.5513734785882,9500,9502.68235346896,1.60073355899365,1.5513734785882,0,1.48963984693031,20.2825236938193,13,0,15071.394695002,-15062.9272667111,1.5513734785882,1.5418159808907,1.55355923022202,-0.0117432493313212,4.93954185067018,0.0330439963601497,1.5513734785882,0,267.161443506003,60.6481711487664,7.59748440112193e-10,1,0.98690842509681,0,-0.00391929099038668,-0.0234864986626424,0,0,0
104.55,9502.88462252028,1.55075894706143,9500,9502.72898314017,1.59753768294956,1.55075894706143,0,1.07294484947362,20.2959393453534,13,0,15068.6195491441,-15062.5206891048,1.55075894706143,1.5418159808907,1.55298465551257,-0.0111686746218722,4.53454884509813,0.0312803154144757,1.55075894706143,0,267.161443506003,60.6481711487664,6.28741492235217e-10,1,0.986910745668348,0,-0.00398758991526238,-0.0223373492437444,0,0,0
104.565,9502.90071669302,1.55014188529976,9500,9502.76931903102,1.59446665851531,1.55014188529976,0,0.660260963198814,20.3093414578497,13,0,15065.8065738327,-15062.05349554,1.55014188529976,1.5418159808907,1.55239597866247,-0.0105799977717744,4.12632802272306,0.0294858999526076,1.55014188529976,0,267.161443506003,60.6481711487664,4.98594064533372e-10,1,0.986912417109458,0,-0.00404667479399778,-0.0211599955435489,0,0,0
104.58,9502.91062060747,1.54952359900777,9500,9502.8033723776,1.59152492069753,1.54952359900777,0,0.252373747001436,20.3227028441907,12,0,15062.9621218858,-15061.527568775,1.54952359900777,1.5418159808907,1.55179461997981,-0.009978639089117,3.71575906844041,0.0276648962953086,1.54952359900777,0,267.161443506003,60.6481711487664,8.4063436240733e-10,1,0.986913445668678,0,-0.00409656012276827,-0.019957278178234,0,0,0
104.595,9502.91440621367,1.54890537808288,9500,9502.83116709697,1.58871657405602,1.54890537808288,0,-0.149946609835799,20.3359967562687,12,0,15060.0924923632,-15060.9448253172,1.54890537808288,1.5418159808907,1.55118200441464,-0.00936602352394122,3.30371408288483,0.0258214442400629,1.54890537808288,0,267.161443506003,60.6481711487664,5.49829680868283e-10,1,0.986913838818294,0,-0.00413727928851659,-0.0187320470478824,0,0,0
104.61,9502.91215701453,1.54828849442317,9500,9502.85273955455,1.58604538910015,1.54828849442317,0,-0.545956919378497,20.3491969157177,11,0,15057.2039760586,-15060.3073270726,1.54828849442317,1.5418159808907,1.55055955840458,-0.00874357751388066,2.89105582976421,0.0239596685602304,1.54828849442317,0,267.161443506003,60.6481711487664,5.96761110786566e-10,1,0.9869136052304,0,-0.00416888423159456,-0.0174871550277613,0,0,0
104.625,9502.90396766074,1.54767419866311,9500,9502.86813833202,1.58351479884618,1.54767419866311,0,-0.934940844974766,20.3622775520837,9,0,15054.3028273747,-15059.617252407,1.54767419866311,1.5418159808907,1.5499287073325,-0.00811272644180017,2.47863637866098,0.0220836706560129,1.54767419866311,0,267.161443506003,60.6481711487664,2.53556595790002e-10,1,0.986912754734831,0,-0.00419144509243052,-0.0162254528836003,0,0,0
104.64,9502.88994354806,1.54706371824525,9500,9502.87742395043,1.58112789668658,1.54706371824525,0,-1.31619856613577,20.3752136237116,11,0,15051.3951980572,-15058.8767711665,1.54706371824525,1.5418159808907,1.54929087239563,-0.00747489150493497,2.06729538726391,0.0201975203644191,1.54706371824525,0,267.161443506003,60.6481711487664,6.82873984669925e-10,1,0.98691129827734,0,-0.00420504981372938,-0.0149497830098699,0,0,0
104.655,9502.87020056957,1.54645825608957,9500,9502.88066856065,1.57888743529551,1.54645825608957,0,-1.68905862112708,20.3879804799653,12,0,15048.4871798484,-15058.0881546792,1.54645825608957,1.5418159808907,1.54864746726538,-0.00683148637468434,1.6578582824816,0.0183052479482409,1.54645825608957,0,267.161443506003,60.6481711487664,5.74471287435818e-10,1,0.986909247893862,0,-0.00420980367120971,-0.0136629727493687,0,0,0
104.67,9502.84486469025,1.54585898733341,9500,9502.87795564991,1.57679582535995,1.54585898733341,0,-2.05288091588787,20.4005542798348,12,0,15045.5848056056,-15057.2537940049,1.54585898733341,1.5418159808907,1.54799989581744,-0.00618391492674197,1.25113507988919,0.0164108362961965,1.54585898733341,0,267.161443506003,60.6481711487664,8.43625466153702e-10,1,0.986906616666341,0,-0.00420582883409448,-0.0123678298534839,0,0,0
104.685,9502.81407147652,1.54526705715541,9500,9502.86937971408,1.57485513539847,1.54526705715541,0,-2.40705074199451,20.4129118698053,13,0,15042.6939939095,-15056.3761105637,1.54526705715541,1.5418159808907,1.54734954941877,-0.00553356852806841,0.84791896058588,0.014518213320854,1.54526705715541,0,267.161443506003,60.6481711487664,4.86879265650911e-10,1,0.986903418673864,0,-0.00419326387509944,-0.0110671370561368,0,0,0
104.7,9502.77796571539,1.54468357958211,9500,9502.85504589296,1.57306709276625,1.54468357958211,0,-2.75097712272769,20.4250308394328,13,0,15039.8205315481,-15055.45752924,1.54468357958211,1.5418159808907,1.54669780383352,-0.00488182294282158,0.448984616688304,0.0126312445770593,1.54468357958211,0,267.161443506003,60.6481711487664,6.00309750099275e-10,1,0.986899668953116,0,-0.00417226322430486,-0.00976364588564316,0,0,0
104.715,9502.73670105855,1.54410963558036,9500,9502.83506960144,1.57143308503891,1.54410963558036,0,-3.08410383635635,20.4368895526944,13,0,15036.9701181753,-15054.5005857158,1.54410963558036,1.5418159808907,1.54604601660893,-0.004230035718231,0.0550869016408911,0.0107537261261221,1.54410963558036,0,267.161443506003,60.6481711487664,7.10904826746337e-10,1,0.986895383461408,0,-0.00414299660257389,-0.00846007143646199,0,0,0
104.73,9502.690439501,1.54354627025775,9500,9502.80957616394,1.56995416158872,1.54354627025775,0,-3.40590361670467,20.4484672109503,13,0,15034.1483122196,-15053.507839427,1.54354627025775,1.5418159808907,1.54539552503465,-0.003579544143955,-0.333040171969796,0.00888937765496385,1.54354627025775,0,267.161443506003,60.6481711487664,8.18567871384223e-10,1,0.986890579022538,0,-0.00410564847604467,-0.00715908828791001,0,0,0
104.745,9502.63935094675,1.54299449158069,9500,9502.77870040853,1.56863103645971,1.54299449158069,0,-3.71588022871555,20.4597438766886,13,0,15031.3605319842,-15052.4818864705,1.54299449158069,1.5418159808907,1.54474764346607,-0.00293166257537725,-0.714684807980225,0.00704183584074375,1.54299449158069,0,267.161443506003,60.6481711487664,9.23142983592763e-10,1,0.986885273281684,0,-0.00406041743664898,-0.00586332515075449,0,0,0
104.76,9502.58361274332,1.54245526877039,9500,9502.74258625364,1.56746409173465,1.54245526877039,0,-4.01356706998167,20.4707005074882,14,0,15028.6120352399,-15051.4253312526,1.54245526877039,1.5418159808907,1.54410366094798,-0.00228768005727931,-1.08915860687312,0.00521464799425171,1.54245526877039,0,267.161443506003,60.6481711487664,4.50504342597231e-10,1,0.986879484657062,0,-0.00400751558146695,-0.00457536011455861,0,0,0
104.775,9502.52340923727,1.54192953075388,9500,9502.70138628127,1.56645338155547,1.54192953075388,0,-4.29853559271449,20.4813189791456,14,0,15025.9079525994,-15050.340867736,1.54192953075388,1.5418159808907,1.5434648389504,-0.00164885805970272,-1.45579768429173,0.00341126598259158,1.54192953075388,0,267.161443506003,60.6481711487664,4.93580690902145e-10,1,0.986873232293763,0,-0.00394716785714655,-0.00329771611940544,0,0,0
104.79,9502.45893120338,1.54141816440188,9500,9502.65526130561,1.56559863658001,1.54141816440188,0,-4.57038446815032,20.4915821317477,14,0,15023.2532146111,-15049.2311449404,1.54141816440188,1.5418159808907,1.54283240935854,-0.00101642846784444,-1.81396360973592,0.00163504044687564,1.54141816440188,0,267.161443506003,60.6481711487664,5.35150983425456e-10,1,0.986866536004475,0,-0.00387961141077375,-0.00203285693568889,0,0,0
104.805,9502.39037543636,1.54092201410772,9500,9502.60437990549,1.56489926968015,1.54092201410772,0,-4.82874691851383,20.5014737695195,14,0,15020.6525883977,-15048.0988452509,1.54092201410772,1.5418159808907,1.5422075719382,-0.000391591047502526,-2.16304467055738,-0.000110784687972553,1.54092201410772,0,267.161443506003,60.6481711487664,5.7512803661493e-10,1,0.986859416227077,0,-0.00380509487656822,-0.000783182095005053,0,0,0
104.82,9502.31794423258,1.54044188007446,9500,9502.54891797226,1.56435438160057,1.54044188007446,0,-5.07328954347594,20.5109786967215,14,0,15018.1106575952,-15046.9466576762,1.54044188007446,1.5418159808907,1.5415914926076,0.000224488283096402,-2.50245662991242,-0.00182307738242825,1.54044188007446,0,267.161443506003,60.6481711487664,6.13457085520407e-10,1,0.986851893970818,0,-0.00372387769194615,0.000448976566192805,0,0,0
104.835,9502.24184488943,1.53997851719538,9500,9502.48905824045,1.56396276739185,1.53997851719538,0,-5.30371258795686,20.5200827391632,14,0,15015.6318149583,-15045.7772719645,1.53997851719538,1.5418159808907,1.54098530156646,0.000830679324241412,-2.83164356976451,-0.00349882234380402,1.53997851719538,0,267.161443506003,60.6481711487664,6.50088008024267e-10,1,0.98684399076432,0,-0.00363622938216968,0.00166135864848282,0,0,0
104.85,9502.16228920061,1.53953263406929,9500,9502.42498981036,1.56372292340165,1.53953263406929,0,-5.51975011999618,20.5287727627648,14,0,15013.2202555846,-15044.5933728217,1.53953263406929,1.5418159808907,1.54039009151851,0.00142588937218702,-3.15007866713052,-0.00513512556578037,1.53953263406929,0,267.161443506003,60.6481711487664,6.84972108870268e-10,1,0.986835728603166,0,-0.0035424288396928,0.00285177874437403,0,0,0
104.865,9502.07949294881,1.53910489214839,9500,9502.35690766359,1.56363305480365,1.53910489214839,0,-5.72117012224738,20.5370366892104,14,0,15010.8799707452,-15043.3976342441,1.53910489214839,1.5418159808907,1.53980691599003,0.00200906490066544,-3.45726490294016,-0.00672921854364213,1.53910489214839,0,267.161443506003,60.6481711487664,7.18065483112308e-10,1,0.986827129897211,0,-0.0034427635818326,0.00401812980133087,0,0,0
104.88,9501.99367539698,1.53869590498942,9500,9502.28501217257,1.56369108363997,1.53869590498942,0,-5.90777451611818,20.5448635093055,14,0,15008.6147422,-15042.1927139493,1.53869590498942,1.5418159808907,1.5392367877636,0.00257919312709243,-3.75273570130098,-0.0082784621554668,1.53869590498942,0,267.161443506003,60.6481711487664,7.49325069397529e-10,1,0.986818217417744,0,-0.00333752902060058,0.00515838625418485,0,0,0
104.895,9501.90505877923,1.53830623765534,9500,9502.20950860547,1.56389465735209,1.53830623765534,0,-6.07939908987698,20.5522432930106,14,0,15006.4281372159,-15040.9812479619,1.53830623765534,1.5418159808907,1.53868067740101,0.00313530348969016,-4.03605549742245,-0.00978035021473707,1.53830623765534,0,267.161443506003,60.6481711487664,7.78712891338803e-10,1,0.986809014244627,0,-0.00322702769888972,0.00627060697938031,0,0,0
104.91,9501.81386779289,1.53793640620875,9500,9502.13060662737,1.56424115777472,1.53793640620875,0,-6.23591336893261,20.5591671974099,14,0,15004.3235040272,-15039.7658453111,1.53793640620875,1.5418159808907,1.53813951189205,0.00367646899864704,-4.30682023310762,-0.0112325126792374,1.53793640620875,0,267.161443506003,60.6481711487664,8.06193280893398e-10,1,0.986799543713529,0,-0.00311156854705796,0.00735293799729408,0,0,0
104.925,9501.72032909235,1.53758687736325,9500,9502.04851979918,1.56472771056441,1.53758687736325,0,-6.37722038729286,20.5656274711736,14,0,15002.3039680436,-15038.5490829117,1.53758687736325,1.5418159808907,1.53761417339172,0.00420180749898091,-4.56465777786222,-0.0126327185254135,1.53758687736325,0,267.161443506003,60.6481711487664,8.31734780916526e-10,1,0.986789829363376,0,-0.0029914661214967,0.00840361499796183,0,0,0
104.94,9501.62467078654,1.53725806819023,9500,9501.96346507512,1.56535119503647,1.53725806819023,0,-6.5032564268403,20.571617457723,14,0,15000.3724283407,-15037.333500544,1.53725806819023,1.5418159808907,1.53710549810089,0.00471048278980835,-4.80922827571197,-0.013978878280087,1.53725806819023,0,267.161443506003,60.6481711487664,8.55308977257643e-10,1,0.986779894884145,0,-0.00286703984850023,0.00942096557961669,0,0,0
104.955,9501.52712194014,1.53695034600605,9500,9501.87566230031,1.56610825437986,1.53695034600605,0,-6.61399064460475,20.5771315943903,14,0,14998.5315550149,-15036.1215960591,1.53695034600605,1.5418159808907,1.53661427522706,0.0052017056636342,-5.04022441594798,-0.0152690462119121,1.53695034600605,0,267.161443506003,60.6481711487664,8.76890646996067e-10,1,0.986769764065076,0,-0.00273861326721159,0.0104034113272684,0,0,0
104.97,9501.42791208047,1.53666402830901,9500,9501.78533370922,1.56699530622432,1.53666402830901,0,-6.70942467370683,20.5821654103916,14,0,14996.7837868,-15034.9158206966,1.53666402830901,1.5418159808907,1.53614124609046,0.00567473480023328,-5.25737162971309,-0.0165014221821574,1.53666402830901,0,267.161443506003,60.6481711487664,8.96459076868803e-10,1,0.986759460743456,0,-0.00260651328079531,0.0113494696004666,0,0,0
104.985,9501.32727071037,1.53639938288369,9500,9501.69270342636,1.5680085535283,1.53639938288369,0,-6.78959212213411,20.5867155210651,14,0,14995.1313295,-15033.7185746359,1.53639938288369,1.5418159808907,1.53568710331494,0.00612887757575531,-5.46042821094164,-0.0176743531585152,1.53639938288369,0,267.161443506003,60.6481711487664,9.13995725724954e-10,1,0.986749008754027,0,-0.00247106940057185,0.0122577551515106,0,0,0
105,9501.22542682853,1.53615662795741,9500,9501.5979969701,1.56914399576135,1.53615662795741,0,-6.85455804538936,20.5907796208729,14,0,14993.5761547017,-15032.5322026795,1.53615662795741,1.5418159808907,1.53525249016296,0.00656349072774076,-5.64918536408832,-0.0187863343887726,1.53615662795741,0,267.161443506003,60.6481711487664,9.29487883315407e-10,1,0.986738431879178,0,-0.00233261300817267,0.0131269814554815,0,0,0
105.015,9501.12260845785,1.53593593251462,9500,9501.50144076079,1.5703974403495,1.53593593251462,0,-6.90441832465881,20.594356472866,14,0,14992.1199992673,-15031.3589901785,1.53593593251462,1.5418159808907,1.53483799995751,0.00697798093318491,-5.82346717791459,-0.0198360102424503,1.53593593251462,0,267.161443506003,60.6481711487664,9.429250166368e-10,1,0.986727753799952,0,-0.0021914766239115,0.0139559618663698,0,0,0
105.03,9501.01904218298,1.53573741668951,9500,9501.40326163408,1.57176451435703,1.53573741668951,0,-6.93929900356501,20.5974458963529,14,0,14990.7643652365,-15030.2011591326,1.53573741668951,1.5418159808907,1.53444417562968,0.007371805261013,-5.98313052811548,-0.0208221747232105,1.53573741668951,0,267.161443506003,60.6481711487664,9.54301112725621e-10,1,0.986716998048028,0,-0.00204799317526838,0.014743610522026,0,0,0
105.045,9500.91495269793,1.53556115226479,9500,9501.30368636058,1.57324067637341,1.53556115226479,0,-6.95935556532588,20.600048752162,14,0,14989.5105202759,-15029.0608644994,1.53556115226479,1.5418159808907,1.53407150937761,0.00774447151308832,-6.12806490867465,-0.0217437716520812,1.53556115226479,0,267.161443506003,60.6481711487664,9.63612926233158e-10,1,0.986706187958735,0,-0.00190249528868636,0.0154889430261766,0,0,0
105.06,9500.81056236445,1.53540716328459,9500,9501.20294117274,1.57482122857652,1.53540716328459,0,-6.9647721469102,20.6021669253334,14,0,14988.3594987099,-15027.9401907271,1.53540716328459,1.5418159808907,1.53372044242775,0.00809553846294309,-6.25819219365685,-0.0225998945319901,1.53540716328459,0,267.161443506003,60.6481711487664,9.70863931768471e-10,1,0.986695346625188,0,-0.001755314587637,0.0161910769258862,0,0,0
105.075,9500.70609078225,1.53527542675216,9500,9501.10125129983,1.57650132894346,1.53527542675216,0,-6.9557607083673,20.6038033058866,14,0,14987.3121030096,-15026.8411484925,1.53527542675216,1.5418159808907,1.53339136491175,0.00842461597894673,-6.37346633138646,-0.0233897860964267,1.53527542675216,0,267.161443506003,60.6481711487664,9.76058475665502e-10,1,0.986684496853651,0,-0.0016067810037721,0.0168492319578935,0,0,0
105.09,9500.60175437162,1.53516587341619,9500,9500.99884051219,1.57827600357867,1.53516587341619,0,-6.93256015742365,20.6049617675864,14,0,14986.368905747,-15025.7656716502,1.53516587341619,1.5418159808907,1.53308461585389,0.00873136503680949,-6.47387297183188,-0.0241128375481242,1.53516587341619,0,267.161443506003,60.6481711487664,9.79206898663568e-10,1,0.986673661120197,0,-0.0014572221041782,0.017462730073619,0,0,0
105.105,9500.49776596926,1.53507838867577,9500,9500.89593067529,1.58014015913037,1.53507838867577,0,-6.89543540832671,20.6056471440686,14,0,14985.5302521714,-15024.7156144322,1.53507838867577,1.5418159808907,1.53280048325066,0.00901549764003717,-6.55942902917564,-0.0247685874950044,1.53507838867577,0,267.161443506003,60.6481711487664,9.80322905711705e-10,1,0.986662861528727,0,-0.00130696244506301,0.0180309952800743,0,0,0
105.12,9500.39433443814,1.5350128135458,9500,9500.79274131466,1.58208859526749,1.5350128135458,0,-6.84467641523826,20.6058652036015,14,0,14984.7962631275,-15023.6927488464,1.5350128135458,1.5418159808907,1.53253920426551,0.00927677662519111,-6.63018218213134,-0.0253567205952827,1.5350128135458,0,267.161443506003,60.6481711487664,9.79423276041453e-10,1,0.986652119770454,0,-0.00115632292131118,0.0185535532503822,0,0,0
105.135,9500.29166429191,1.53496894571009,9500,9500.68948919252,1.58411601718701,1.53496894571009,0,-6.78059716157197,20.6056226219031,14,0,14984.1668384515,-15022.6987623036,1.53496894571009,1.5418159808907,1.53230096552607,0.0095150153646304,-6.68621031290239,-0.0258770659098728,1.53496894571009,0,267.161443506003,60.6481711487664,9.76530938385011e-10,1,0.986641457084902,0,-0.00100562016118966,0.0190300307292608,0,0,0
105.15,9500.18995533448,1.53494654067145,9500,9500.58638789672,1.58621704812373,1.53494654067145,0,-6.70353460037745,20.6049269528287,14,0,14983.6416608883,-15021.7352554904,1.53494654067145,1.5418159808907,1.53208590350912,0.00973007738157983,-6.72762088724964,-0.0263295949824081,1.53494654067145,0,267.161443506003,60.6481711487664,9.71671462364638e-10,1,0.986630894222466,0,-0.000855165916366918,0.0194601547631597,0,0,0
105.165,9500.08940231548,1.53494531292711,9500,9500.48364744281,1.58838624183586,1.53494531292711,0,-6.6138475924182,20.6037865984985,14,0,14983.2202001976,-15020.8037404188,1.53494531292711,1.5418159808907,1.5318941050501,0.00992187584059412,-6.7545502786626,-0.0267144196447732,1.53494531292711,0,267.161443506003,60.6481711487664,9.64874085096252e-10,1,0.986620451408635,0,-0.000705266499178014,0.0198437516811882,0,0,0
105.18,9499.99019460159,1.53496493728457,9500,9500.38147388999,1.59061809503752,1.53496493728457,0,-6.51191576815991,20.6022107763853,14,0,14982.9017179842,-15019.9056387709,1.53496493728457,1.5418159808907,1.53172560790906,0.0100903729816384,-6.76716303783968,-0.0270317895694033,1.53496493728457,0,267.161443506003,60.6481711487664,9.5617215259703e-10,1,0.986610148309863,0,-0.000556222215216007,0.0201807459632768,0,0,0
105.195,9499.89251586507,1.53500505017998,9500,9500.28006897141,1.59290705975441,1.53500505017998,0,-6.39813840255246,20.6002094863717,14,0,14982.6852726179,-15019.0422804073,1.53500505017998,1.5418159808907,1.53158040146293,0.010235579427768,-6.76565111190329,-0.0272820895662505,1.53500505017998,0,267.161443506003,60.6481711487664,9.45603414830325e-10,1,0.986600004001211,0,-0.000408326834283379,0.020471158855536,0,0,0
105.21,9499.79654378903,1.53506525109147,9500,9500.17962973949,1.59524755557388,1.53506525109147,0,-6.27293324399194,20.5977934757899,14,0,14982.5697246673,-15018.2149021317,1.53506525109147,1.5418159808907,1.53145842746947,0.0103575534212266,-6.75023301395361,-0.027465836641678,1.53506525109147,0,267.161443506003,60.6481711487664,9.33208857213267e-10,1,0.986590036935747,0,-0.000261867089131229,0.0207151068424531,0,0,0
105.225,9499.70244979037,1.53514510399267,9500,9500.08034822685,1.5976339817664,1.53514510399267,0,-6.13673533266029,20.5949742036487,14,0,14982.5537425966,-15017.4246466603,1.53514510399267,1.5418159808907,1.53135958092382,0.0104563999668783,-6.72115294721317,-0.0275836768317871,1.53514510399267,0,267.161443506003,60.6481711487664,9.19033873319413e-10,1,0.986580264915769,0,-0.000117122180432139,0.0209127999337566,0,0,0
105.24,9499.61039876038,1.5352441388712,9500,9499.98241112331,1.60006072925338,1.5352441388712,0,-5.98999579214638,20.5917638035324,14,0,14982.6358088441,-15016.6725618239,1.5352441388712,1.5418159808907,1.53128371099396,0.0105322698967401,-6.67867988592045,-0.0276363818129816,1.5352441388712,0,267.161443506003,60.6481711487664,9.03126803251238e-10,1,0.986570705065865,0,2.5636671087792e-05,0.0210645397934801,0,0,0
105.255,9499.5205488235,1.5353618532747,9500,9499.8859994693,1.60252219239825,1.5353618532747,0,-5.83318062006587,20.5881750459983,14,0,14982.8142261,-15015.9595999652,1.5353618532747,1.5418159808907,1.5312306220432,0.0105853588474991,-6.62310661631653,-0.0276248453109921,1.5353618532747,0,267.161443506003,60.6481711487664,8.85538935126732e-10,1,0.98656137380786,0,0.000166146672249567,0.0211707176949982,0,0,0
105.27,9499.4330511142,1.5354977139236,9500,9499.79128836631,1.60501278059796,1.5354977139236,0,-5.66676945050113,20.5842212996455,14,0,14983.0871239782,-15015.2866175734,1.5354977139236,1.5418159808907,1.53120007472001,0.0106159061706905,-6.55474874024845,-0.0275500793084798,1.5354977139236,0,267.161443506003,60.6481711487664,8.66326848286697e-10,1,0.986552286837644,0,0.00030415385050464,0.0212318123413811,0,0,0
105.285,9499.34804957244,1.53565115833725,9500,9499.69844670446,1.60752692965393,1.53565115833725,0,-5.49125432477992,20.5799164920266,14,0,14983.4524658227,-15014.6543751023,1.53565115833725,1.5418159808907,1.53119178712955,0.010624193761152,-6.47394364504478,-0.0274132100757527,1.53565115833725,0,267.161443506003,60.6481711487664,8.45548316371366e-10,1,0.98654345910393,0,0.000439413447087311,0.021248387522304,0,0,0
105.3,9499.26568075757,1.53582159652096,9500,9499.60763690773,1.61005911290093,1.53582159652096,0,-5.30713843889128,20.5752750693948,14,0,14983.9080558761,-15014.0635370204,1.53582159652096,1.5418159808907,1.53120543606329,0.010610544827411,-6.38104944200059,-0.0272154740245634,1.53582159652096,0,267.161443506003,60.6481711487664,8.23264942748083e-10,1,0.986534904788927,0,0.000571690266678138,0.0212210896548219,0,0,0
105.315,9499.18607368099,1.53600841265301,9500,9499.51901469697,1.61260385207502,1.53600841265301,0,-5.11493490723286,20.5703119566212,14,0,14984.4515465249,-15013.5146720329,1.53600841265301,1.5418159808907,1.53124065830726,0.0105753225834331,-6.27644387719644,-0.0269582134045582,1.53600841265301,0,267.161443506003,60.6481711487664,7.99541575859999e-10,1,0.986526637290958,0,0.000700759008370522,0.0211506451668662,0,0,0
105.33,9499.10934965738,1.53621096680444,9500,9499.43272887091,1.61515572790048,1.53621096680444,0,-4.91516552158253,20.5650425165892,14,0,14985.0804457727,-15013.0082535065,1.53621096680444,1.5418159808907,1.53129705200843,0.0105189288822658,-6.16052321680131,-0.0266428718507915,1.53621096680444,0,267.161443506003,60.6481711487664,7.74446163415666e-10,1,0.986518669209017,0,0.000826404565269501,0.0210378577645316,0,0,0
105.345,9499.03562217455,1.53642859669839,9500,9499.34892110549,1.61770939037958,1.53642859669839,0,-4.70835950086104,20.5594825089358,14,0,14985.7921249727,-15012.544660103,1.53642859669839,1.5418159808907,1.53137417808864,0.0104418028020545,-6.0337011110549,-0.0262709897964202,1.53642859669839,0,267.161443506003,60.6481711487664,7.4804784962173e-10,1,0.986511012329244,0,0.000948422304708263,0.0208836056041091,0,0,0
105.36,9498.96499678204,1.53666061945999,9500,9499.2677257713,1.62025956876787,1.53666061945999,0,-4.49505226308548,20.5536480492175,14,0,14986.5838265925,-15012.1241765742,1.53666061945999,1.5418159808907,1.5314715617264,0.0103444191642976,-5.89640743947285,-0.0258441997593015,1.53666061945999,0,267.161443506003,60.6481711487664,7.2041917101454e-10,1,0.98650367761336,0,0.00106661831062116,0.0206888383285952,0,0,0
105.375,9498.8975709981,1.53690633338809,9500,9499.18926976962,1.6228010812191,1.53690633338809,0,-4.27578419996066,20.5475555678369,14,0,14987.4526721518,-15011.7469947447,1.53690633338809,1.5418159808907,1.53158869388224,0.0102272870084557,-5.74908714014068,-0.025364221519522,1.53690633338809,0,267.161443506003,60.6481711487664,6.9163547086849e-10,1,0.986496675189006,0,0.00118080960639655,0.0204545740169113,0,0,0
105.39,9498.8334342351,1.53716501974545,9500,9499.11367238674,1.62532884408525,1.53716501974545,0,-4.0510994546603,20.5412217688149,14,0,14988.3956703235,-15011.4132146801,1.53716501974545,1.5418159808907,1.531725032865,0.0100909480256957,-5.59219902629422,-0.0248328571966435,1.53716501974545,0,267.161443506003,60.6481711487664,6.61772702825389e-10,1,0.986490014341999,0,0.00129082435074235,0.0201818960513913,0,0,0
105.405,9498.77266774327,1.53743594451167,9500,9499.04104516677,1.62783788085842,1.53743594451167,0,-3.82154474080004,20.5346635896302,14,0,14989.4097249271,-15011.1228459816,1.53743594451167,1.5418159808907,1.5318800059608,0.00993597492989307,-5.42621459321323,-0.0242519862388095,1.53743594451167,0,267.161443506003,60.6481711487664,6.30909919128344e-10,1,0.986483703510484,0,0.00139650200189578,0.0198719498597861,0,0,0
105.42,9498.71534457216,1.53771836019531,9500,9498.97149180275,1.63032333074131,1.53771836019531,0,-3.58766813782553,20.5278981600451,14,0,14990.4916432742,-15010.8758093003,1.53771836019531,1.5418159808907,1.53205301106941,0.00976296982128688,-5.25161681797344,-0.0236235603379564,1.53771836019531,0,267.161443506003,60.6481711487664,5.99126634587357e-10,1,0.986477750280934,0,0.00149769346324424,0.0195259396425738,0,0,0
105.435,9498.6615295501,1.53801150759264,9500,9498.9051080461,1.63278045683677,1.53801150759264,0,-3.35001793732073,20.5209427623657,14,0,14991.6381443299,-15010.6719379582,1.53801150759264,1.5418159808907,1.53224341839998,0.00957256249072191,-5.0688989560507,-0.0229495982794964,1.53801150759264,0,267.161443506003,60.6481711487664,5.66504875364535e-10,1,0.986472161386018,0,0.0015942611986639,0.0191451249814438,0,0,0
105.45,9498.61127928104,1.53831461755035,9500,9498.84198163413,1.63520465394355,1.53831461755035,0,-3.10914150141517,20.513814791903,14,0,14992.8458669641,-15010.5109797295,1.53831461755035,1.5418159808907,1.53245057219082,0.0093654086998769,-4.87856333598336,-0.0222321807400977,1.53831461755035,0,267.161443506003,60.6481711487664,5.33127128112935e-10,1,0.986466942704273,0,0.00168607931581577,0.0187308173997538,0,0,0
105.465,9498.56464215852,1.53862691274126,9500,9498.78219223555,1.63759145595089,1.53862691274126,0,-2.86558412810438,20.5065317174455,14,0,14994.1113783285,-15010.3925987863,1.53862691274126,1.5418159808907,1.53267379244142,0.00914218844927306,-4.68112015614349,-0.0214734450479806,1.53862691274126,0,267.161443506003,60.6481711487664,4.99076485069093e-10,1,0.986462099261551,0,0.00177303363705783,0.0182843768985461,0,0,0
105.48,9498.52165839659,1.53894760938372,9500,9498.72581141371,1.63993654282339,1.53894760938372,0,-2.61988796802461,20.4991110432494,14,0,14995.4311820346,-15010.3163777397,1.53894760938372,1.5418159808907,1.53291237668854,0.00890360420216174,-4.47708628596712,-0.0206755799113046,1.53894760938372,0,267.161443506003,60.6481711487664,4.64436642634477e-10,1,0.986457635234235,0,0.00185502173494956,0.0178072084043235,0,0,0
105.495,9498.48236007707,1.5392759189737,9500,9498.67290260741,1.64223574716764,1.5392759189737,0,-2.37259284562752,20.4915702691477,13,0,14996.8017367766,-15010.2818409456,1.5392759189737,1.5418159808907,1.53316560178391,0.00865037910678823,-4.26698407350038,-0.0198408201305773,1.5392759189737,0,267.161443506003,60.6481711487664,9.70974242812834e-10,1,0.986453553954144,0,0.00193195294911752,0.0173007582135765,0,0,0
105.51,9498.44677118439,1.53961104998128,9500,9498.62352112889,1.64448506037651,1.53961104998128,0,-2.12422744077052,20.4839268610863,13,0,14998.2194222822,-15010.2883703717,1.53961104998128,1.5418159808907,1.53343272569367,0.00838325519702865,-4.05134016306839,-0.0189714413034744,1.53961104998128,0,267.161443506003,60.6481711487664,8.9056725985922e-10,1,0.986449857912151,0,0.00200374837014961,0.0167665103940573,0,0,0
105.525,9498.41490777278,1.53995220988903,9500,9498.5777141714,1.64668063853179,1.53995220988903,0,-1.87531998468848,20.476198196275,13,0,14999.6806139954,-15010.335341068,1.53995220988903,1.5418159808907,1.53371298912307,0.0081029917676223,-3.83068443330053,-0.0180697545369071,1.53995220988903,0,267.161443506003,60.6481711487664,8.09332215537079e-10,1,0.986446548775551,0,0.00207034082473667,0.0162059835352446,0,0,0
105.54,9498.38677797301,1.54029860591597,9500,9498.53552085812,1.6488188072511,1.54029860591597,0,-1.62638973226993,20.4684015549293,13,0,15001.181642674,-15010.4220323317,1.54029860591597,1.5418159808907,1.53400561779517,0.00781036309552574,-3.60554856022141,-0.0171381011657756,1.54029860591597,0,267.161443506003,60.6481711487664,7.27543990227376e-10,1,0.986443627388754,0,0.0021316747935185,0.0156207261910515,0,0,0
105.555,9498.36238212702,1.54064944722294,9500,9498.49697228015,1.6508960667755,1.54064944722294,0,-1.37794771051595,20.460554071532,13,0,15002.7188164072,-15010.547653996,1.54064944722294,1.5418159808907,1.53430982397023,0.00750615692046797,-3.37646505937016,-0.0161788475086922,1.54064944722294,0,267.161443506003,60.6481711487664,6.45391971032574e-10,1,0.986441093787274,0,0.00218770633926768,0.0150123138409359,0,0,0
105.57,9498.34171291137,1.54100394651401,9500,9498.46209155959,1.65290909639286,1.54100394651401,0,-1.13049579323026,20.4526727011873,13,0,15004.2884285992,-15010.7113491739,1.54100394651401,1.5418159808907,1.53462480825103,0.0071911726396694,-3.14396617051694,-0.0151943796560218,1.54100394651401,0,267.161443506003,60.6481711487664,5.63063659721118e-10,1,0.986438947210539,0,0.00223840301587486,0.0143823452793388,0,0,0
105.585,9498.32475547447,1.54136132159117,9500,9498.43089392817,1.65485475841629,1.54136132159117,0,-0.884525817492308,20.4447741872788,13,0,15005.8867657905,-15010.9121970776,1.54136132159117,1.5418159808907,1.53494976139102,0.00686621949967559,-2.90858275823258,-0.0141870982988781,1.54136132159117,0,267.161443506003,60.6481711487664,4.80743936283149e-10,1,0.98643718611616,0,0.00228374374414164,0.0137324389993512,0,0,0
105.6,9498.31148758721,1.54172079687161,9500,9498.40338682116,1.65673010171813,1.54172079687161,0,-0.640516972817244,20.4368750321668,12,0,15007.5101057683,-15011.1491963128,1.54172079687161,1.5418159808907,1.53528386609323,0.00653211479746263,-2.67084323175192,-0.0131594136140144,1.54172079687161,0,267.161443506003,60.6481711487664,9.01384676246549e-10,1,0.986435808195557,0,0.00232371866514769,0.0130642295949253,0,0,0
105.615,9498.30187983261,1.54208160482142,9500,9498.37956998594,1.65853236482019,1.54208160482142,0,-0.398942459229643,20.4289914601696,12,0,15009.1547653365,-15011.4213504924,1.54208160482142,1.5418159808907,1.53562629881799,0.00618968207270854,-2.43127248705198,-0.0121137402146979,1.54208160482142,0,267.161443506003,60.6481711487664,7.16336811612706e-10,1,0.986434810393666,0,0.00235832898398125,0.0123793641454171,0,0,0
105.63,9498.29589569572,1.54244298703615,9500,9498.35943561158,1.66025897836889,1.54244298703615,0,-0.160257196772233,20.4211394080728,12,0,15010.817042294,-15011.7275404024,1.54244298703615,1.5418159808907,1.53597623173202,0.00583974915868191,-2.19039077293737,-0.0110524921719063,1.54244298703615,0,267.161443506003,60.6481711487664,5.3273740673583e-10,1,0.986434188918268,0,0.0023875867791987,0.0116794983173638,0,0,0
105.645,9498.29349183777,1.54280419651751,9500,9498.34296844814,1.66190756777457,1.54280419651751,0,0.075093709183889,20.4133344694344,11,0,15012.493279868,-15012.0666365457,1.54280419651751,1.5418159808907,1.53633283401666,0.00548314687403861,-1.94871295977023,-0.00997807812126692,1.54280419651751,0,267.161443506003,60.6481711487664,7.92857386697135e-10,1,0.986433939268468,0,0.00241151482114299,0.0109662937480772,0,0,0
105.66,9498.29461824341,1.54316449837565,9500,9498.3301459661,1.66347595474202,1.54316449837565,0,0.306686132983237,20.4055918933057,10,0,15014.1798116598,-15012.4373806675,1.54316449837565,1.5418159808907,1.53669527392234,0.00512070696835432,-1.70674737805953,-0.00889289645175258,1.54316449837565,0,267.161443506003,60.6481711487664,8.74691050114661e-10,1,0.986434056249982,0,0.00243014634518768,0.0102414139367086,0,0,0
105.675,9498.2992185354,1.543523171394,9500,9498.32093851267,1.66496215876171,1.543523171394,0,0.5340977316009,20.3979266131515,8,0,15015.8730810797,-15012.8386142712,1.543523171394,1.5418159808907,1.53706272034084,0.00475326054986058,-1.46499496049306,-0.00779933059641812,1.543523171394,0,267.161443506003,60.6481711487664,8.34701173760564e-10,1,0.986434534007819,0,0.00244352482540355,0.00950652109972117,0,0,0
105.69,9498.30723000138,1.54387950804706,9500,9498.31530950906,1.66636439744134,1.54387950804706,0,0.75693003267395,20.3903528474273,10,0,15017.5695080897,-15013.2690198795,1.54387950804706,1.5418159808907,1.53743434510002,0.00438163579067585,-1.22394796844234,-0.00669974442498652,1.54387950804706,0,267.161443506003,60.6481711487664,9.27623223799395e-10,1,0.98643536602906,0,0.00245170368099479,0.00876327158135171,0,0,0
105.705,9498.31858395187,1.54423281744581,9500,9498.31321560365,1.66768108781204,1.54423281744581,0,0.974803344065991,20.3828848962157,11,0,15019.2655677359,-15013.727228499,1.54423281744581,1.5418159808907,1.53780932372887,0.0040066571618258,-0.984089652065766,-0.00559647776853887,1.54423281744581,0,267.161443506003,60.6481711487664,7.99004945043154e-10,1,0.986436545180043,0,0.0024547460732518,0.0080133143236516,0,0,0
105.72,9498.33320600203,1.54458242579742,9500,9498.3146068782,1.66891084617087,1.54458242579742,0,1.18734118684869,20.3755362560108,12,0,15020.9578512987,-15014.2119692231,1.54458242579742,1.5418159808907,1.53818683741955,0.00362914347115062,-0.745893202310896,-0.00449184203557556,1.54458242579742,0,267.161443506003,60.6481711487664,5.21889028926051e-10,1,0.986438063735619,0,0.00245272458763912,0.00725828694230124,0,0,0
105.735,9498.35101611983,1.54492767647934,9500,9498.31942707363,1.67005248727216,1.54492767647934,0,1.3941970399384,20.3683200709928,12,0,15022.6429346556,-15014.721785654,1.54492767647934,1.5418159808907,1.53856607511081,0.0032499057798907,-0.50982064640257,-0.00338811597113795,1.54492767647934,0,267.161443506003,60.6481711487664,6.86389526484966e-10,1,0.986439913384156,0,0.00244572093137507,0.00649981155978141,0,0,0
105.75,9498.37192907543,1.54526793301649,9500,9498.32761376981,1.67110502451809,1.54526793301649,0,1.59503482146109,20.3612489732518,12,0,15024.3175059552,-15015.2552744775,1.54526793301649,1.5418159808907,1.53894623405179,0.00286974683890628,-0.276322666266909,-0.00228754155201917,1.54526793301649,0,267.161443506003,60.6481711487664,8.47015430298819e-10,1,0.986442085274211,0,0.00243382566535932,0.00573949367781257,0,0,0
105.765,9498.39585459775,1.5456025785819,9500,9498.33909863521,1.6720676682402,1.5456025785819,0,1.78953921193614,20.3543351067687,13,0,15025.9783052155,-15015.8109664161,1.5456025785819,1.5418159808907,1.53932652204379,0.00248945884690599,-0.0458374267856105,-0.00119232000260747,1.5456025785819,0,267.161443506003,60.6481711487664,4.43739042498109e-10,1,0.986444570030789,0,0.00241713784453101,0.00497891769381198,0,0,0
105.78,9498.42269768593,1.54593101735752,9500,9498.35380765235,1.67293982440616,1.54593101735752,0,1.97740713870129,20.3475900928795,13,0,15027.6221815282,-15016.3874318186,1.54593101735752,1.5418159808907,1.539706158671,0.00210982221969602,0.181209981048323,-0.000104607972568518,1.54593101735752,0,267.161443506003,60.6481711487664,5.1091020868548e-10,1,0.986447357787688,0,0.00239576471578085,0.00421964443939205,0,0,0
105.795,9498.45235879301,1.54625267504509,9500,9498.37166136568,1.67372109259181,1.54625267504509,0,2.1583588125732,20.3410250332623,13,0,15029.2460370117,-15016.9831619111,1.54625267504509,1.5418159808907,1.54008437688827,0.00173160400242955,0.404408302314068,0.000973486149532862,1.54625267504509,0,267.161443506003,60.6481711487664,5.75866725841601e-10,1,0.986450438206579,0,0.00236982134511798,0.00346320800485911,0,0,0
105.81,9498.4847341752,1.54656700053455,9500,9498.39257511269,1.67441126418929,1.54656700053455,0,2.33213155628212,20.3346504721996,13,0,15030.8468737636,-15017.5966508144,1.54656700053455,1.5418159808907,1.54046042394619,0.00135555694450873,0.623360466661784,0.00203990575483595,1.54656700053455,0,267.161443506003,60.6481711487664,6.38569485759238e-10,1,0.986453800513273,0,0.00233943029416617,0.00271111388901746,0,0,0
105.825,9498.51971614854,1.54687346616311,9500,9498.41645928573,1.67501031966451,1.54687346616311,0,2.49848139850872,20.3284763966683,13,0,15032.4217870889,-15018.226379716,1.54687346616311,1.5418159808907,1.5408335629481,0.000982417942600566,0.837684311116936,0.00309264938721073,1.54687346616311,0,267.161443506003,60.6481711487664,6.98919221710024e-10,1,0.986457433524381,0,0.00230472126186787,0.00196483588520113,0,0,0
105.84,9498.55719336952,1.54717156837455,9500,9498.44321959244,1.67551842565214,1.54717156837455,0,2.65718324923715,20.3225122264818,13,0,15033.9679697053,-15018.8708200781,1.54717156837455,1.5418159808907,1.5412030741263,0.0006129067644014,1.04701312339257,0.00412977395505127,1.54717156837455,0,267.161443506003,60.6481711487664,7.56822995130605e-10,1,0.986461325676456,0,0.00226583070041908,0.0012258135288028,0,0,0
105.855,9498.59705111826,1.54746082833247,9500,9498.47275732144,1.6759359317224,1.54746082833247,0,2.80803104257246,20.3167668054729,13,0,15035.4827157452,-15019.5284368261,1.54746082833247,1.5418159808907,1.54156825605493,0.000247724835766627,1.2509961420865,0.00514939777023986,1.54746082833247,0,267.161443506003,60.6481711487664,8.12195953004355e-10,1,0.986465465055402,0,0.00222290143682002,0.000495449671533255,0,0,0
105.87,9498.6391715839,1.54774079246252,9500,9498.50496961256,1.67626336683354,1.54774079246252,0,2.95083783169859,20.3112483942356,13,0,15036.9634244374,-15020.1976914869,1.54774079246252,1.5418159808907,1.54192842681319,-0.000112445922491711,1.44929901313419,0.00614970341680887,1.54774079246252,0,267.161443506003,60.6481711487664,8.64960448999236e-10,1,0.986469839426112,0,0.00217608230648869,-0.000224891844983421,0,0,0
105.885,9498.68343415137,1.54801103298408,9500,9498.53974973096,1.67650143548171,1.54801103298408,0,3.08543587504906,20.3059646631131,13,0,15038.407603744,-15020.8770453326,1.54801103298408,1.5418159808907,1.54228292507137,-0.000466944180674833,1.6416042032611,0.00712894045472878,1.54801103298408,0,267.161443506003,60.6481711487664,9.15046042982967e-10,1,0.986474436262252,0,0.00212552774712216,-0.000933888361349666,0,0,0
105.9,9498.7297156895,1.54827114834454,9500,9498.57698734456,1.67665101356201,1.54827114834454,0,3.21167665888744,20.3009226872838,13,0,15039.8128735542,-15021.5649624401,1.54827114834454,1.5418159808907,1.54263111113424,-0.000815130243545958,1.82761137034327,0.00808542794093375,1.54827114834454,0,267.161443506003,60.6481711487664,9.62391550279748e-10,1,0.986479242776181,0,0.00207139741266982,-0.00163026048709192,0,0,0
105.915,9498.77789083938,1.54852076362962,9500,9498.61656880426,1.67671314395176,1.54852076362962,0,3.32942893368703,20.2961289402289,14,0,15041.1769794871,-15022.2599346442,1.54852076362962,1.5418159808907,1.54297236790955,-0.00115638701885468,2.00703769232179,0.00901755677663517,1.54852076362962,0,267.161443506003,60.6481711487664,4.45122912297648e-10,1,0.9864842459489,0,0.00201385577217517,-0.00231277403770935,0,0,0
105.93,9498.82783227339,1.54875953091004,9500,9498.65837742619,1.67668903182887,1.54875953091004,0,3.43858650145832,20.2915892987333,14,0,15042.4977531113,-15022.9603975046,1.54875953091004,1.5418159808907,1.54330610181808,-0.00149012092738587,2.17961815517474,0.00992379187411399,1.54875953091004,0,267.161443506003,60.6481711487664,4.63495474077978e-10,1,0.986489432556949,0,0.00195307171369996,-0.00298024185477175,0,0,0
105.945,9498.87941107091,1.54898712989404,9500,9498.70229376802,1.67658003993248,1.54898712989404,0,3.53905673299949,20.2873090217762,14,0,15043.7731794948,-15023.6648630899,1.54898712989404,1.5418159808907,1.54363174346166,-0.00181576257096761,2.34510568770544,0.010802674145279,1.54898712989404,0,267.161443506003,60.6481711487664,4.80624169733633e-10,1,0.986494789211433,0,0.00188921814615806,-0.00363152514193521,0,0,0
105.96,9498.93249692191,1.54920326725772,9500,9498.74819593103,1.67638768296161,1.54920326725772,0,3.63076757413302,20.2832927764321,14,0,15045.0013534048,-15024.371836361,1.54920326725772,1.5418159808907,1.54394874886271,-0.00213276797201578,2.50327164682527,0.0116528223110501,1.54920326725772,0,267.161443506003,60.6481711487664,4.96460736588503e-10,1,0.986500302379157,0,0.00182247156964244,-0.00426553594403156,0,0,0
105.975,9498.98695843552,1.54940767733973,9500,9498.79595983658,1.67611362239539,1.54940767733973,0,3.71366583365832,20.279544625437,14,0,15046.180494057,-15025.0798396385,1.54940767733973,1.5418159808907,1.54425659992488,-0.00244061903417858,2.65390581907213,0.0124729345173892,1.54940767733973,0,267.161443506003,60.6481711487664,5.10994553825966e-10,1,0.986505958414681,0,0.0017530116861717,-0.00488123806835716,0,0,0
105.99,9499.04266342302,1.54960012227484,9500,9498.84545951098,1.67575966089479,1.54960012227484,0,3.78771701444579,20.2760680284771,14,0,15047.308946893,-15025.7874153305,1.54960012227484,1.5418159808907,1.54455480508671,-0.00273882419601001,2.796816544432,0.0132617897761665,1.54960012227484,0,267.161443506003,60.6481711487664,5.24217352811484e-10,1,0.986511743589704,0,0.00168102098619349,-0.00547764839202003,0,0,0
106.005,9499.09947917824,1.54978039206128,9500,9498.89656736983,1.67532773650329,1.54978039206128,0,3.8529051036776,20.2728658448153,14,0,15048.3851850415,-15026.4931285748,1.54978039206128,1.5418159808907,1.54484289991538,-0.00302691902468655,2.9318308054215,0.0140182492199535,1.54978039206128,0,267.161443506003,60.6481711487664,5.36123801850621e-10,1,0.986517644122181,0,0.00160668435281575,-0.00605383804937309,0,0,0
106.02,9499.15727275479,1.54994830456347,9500,9498.94915450138,1.67481991665983,1.54994830456347,0,3.90923232396298,20.269940337207,14,0,15049.4078104656,-15027.1955697901,1.54994830456347,1.5418159808907,1.54512044764367,-0.00330446675297225,3.05879428165869,0.0147412571787206,1.54994830456347,0,267.161443506003,60.6481711487664,5.46713262070238e-10,1,0.986523646205127,0,0.00153018864212129,-0.00660893350594449,0,0,0
106.035,9499.21591123965,1.55010370542469,9500,9499.00309094823,1.67423839203958,1.55010370542469,0,3.95671882946215,20.2672931776452,14,0,15050.3755546781,-15027.8933571074,1.55010370542469,1.5418159808907,1.54538703965754,-0.00357105876684005,3.17757136897233,0.0154298420676752,1.55010370542469,0,267.161443506003,60.6481711487664,5.55985979711713e-10,1,0.986529736035018,0,0.00145172229189305,-0.0071421175336801,0,0,0
106.05,9499.27526202209,1.55024646796082,9500,9499.058245987,1.67358547023739,1.55024646796082,0,3.99540239381624,20.2649254533882,14,0,15051.2872793518,-15028.5851387423,1.55024646796082,1.5418159808907,1.54564229590515,-0.00382631501445307,3.2880451628734,0.0160831170990271,1.55024646796082,0,267.161443506003,60.6481711487664,5.63947330869819e-10,1,0.986535899839724,0,0.00137147491549583,-0.00765263002890615,0,0,0
106.065,9499.335193058,1.55037649296127,9500,9499.1144884052,1.67286356931147,1.55037649296127,0,4.02533804169686,20.2628376748574,14,0,15052.1419764773,-15029.2695952357,1.55037649296127,1.5418159808907,1.54588586526091,-0.00406988437021583,3.39011740512488,0.0167002808110002,1.55037649296127,0,267.161443506003,60.6481711487664,5.70603428258611e-10,1,0.986542123905961,0,0.00128963690422945,-0.00813976874043165,0,0,0
106.08,9499.39557312863,1.55049370848335,9500,9499.17168677478,1.67207521120236,1.55049370848335,0,4.04659768162599,20.2610297835401,14,0,15052.9387684729,-15029.9454416391,1.55049370848335,1.5418159808907,1.54611742580332,-0.00430144491262374,3.48370839390086,0.0172806174179034,1.55049370848335,0,267.161443506003,60.6481711487664,5.75964048199067e-10,1,0.986548394606163,0,0.0012063990369362,-0.00860288982524748,0,0,0
106.095,9499.45627209385,1.55059806956345,9500,9499.22970972196,1.67122301504439,1.55059806956345,0,4.05926968933579,20.2595011615407,14,0,15053.6769078835,-15030.6114295697,1.55059806956345,1.5418159808907,1.54633668504658,-0.00452070415588701,3.56875685713936,0.0178234969845247,1.55059806956345,0,267.161443506003,60.6481711487664,5.80041897461216e-10,1,0.986554698424783,0,0.00112195208072396,-0.00904140831177402,0,0,0
106.11,9499.51716113919,1.55068955790845,9500,9499.28842619266,1.67030969038314,1.55068955790845,0,4.06345848395044,20.2582506414076,14,0,15054.3557769627,-15031.2663491912,1.55068955790845,1.5418159808907,1.54654338009225,-0.00472739920154885,3.64521979098047,0.0183283754208505,1.55068955790845,0,267.161443506003,60.6481711487664,5.82851733822655e-10,1,0.986561021983947,0,0.00103648642479315,-0.00945479840309771,0,0,0
106.125,9499.57811301645,1.55076818152778,9500,9499.34770571324,1.66933803031571,1.55076818152778,0,4.05928407149205,20.2572765170896,14,0,15054.9748869552,-15031.9090310785,1.55076818152778,1.5418159808907,1.54673727772816,-0.00492129683746123,3.71307226315353,0.0187947943120074,1.55076818152778,0,267.161443506003,60.6481711487664,5.84411243346384e-10,1,0.986567352068445,0,0.000950191683797952,-0.00984259367492246,0,0,0
106.14,9499.63900227752,1.55083397434115,9500,9499.40741864596,1.66831090456722,1.55083397434115,0,4.04688157915206,20.2565765552577,14,0,15055.5338772401,-15032.5383479987,1.55083397434115,1.5418159808907,1.54691817445033,-0.00510219355963271,3.77230718332615,0.0192223805697165,1.55083397434115,0,267.161443506003,60.6481711487664,5.84739282735116e-10,1,0.986573675650014,0,0.000863256344673768,-0.0102043871192654,0,0,0
106.155,9499.69970550121,1.55088699572388,9500,9499.46743643888,1.66723125251848,1.55088699572388,0,4.02640075455384,20.2561480078139,14,0,15056.0325141517,-15033.1532165671,1.55088699572388,1.5418159808907,1.54708589643651,-0.00526991554581713,3.82293504133911,0.0196108459248197,1.55088699572388,0,267.161443506003,60.6481711487664,5.83858366837102e-10,1,0.986579979910892,0,0.000775867390726326,-0.0105398310916343,0,0,0
106.17,9499.76010151253,1.55092733001263,9500,9499.52763186974,1.66610207619805,1.55092733001263,0,3.9980054469666,20.2559876250898,14,0,15056.4706895905,-15033.7525987971,1.55092733001263,1.5418159808907,1.54724029945505,-0.00542431856435588,3.86498361520002,0.0199599862506466,1.55092733001263,0,267.161443506003,60.6481711487664,5.81792325564021e-10,1,0.986586252266596,0,0.000688209956238861,-0.0108486371287118,0,0,0
106.185,9499.82007159423,1.55095508597936,9500,9499.58787928354,1.6649264332532,1.55095508597936,0,3.96187307485194,20.2560916695677,14,0,15056.8484194539,-15034.3355035483,1.55095508597936,1.5418159808907,1.54738126871184,-0.00556528782114407,3.8984976496775,0.020269680730954,1.55095508597936,0,267.161443506003,60.6481711487664,5.78566449438944e-10,1,0.986592480387888,0,0.000600466971899971,-0.0111305756422881,0,0,0
106.2,9499.87949969036,1.55097039624976,9500,9499.64805482326,1.66370742991382,1.55097039624976,0,3.918194064245,20.2564559306326,14,0,15057.1658417739,-15034.9009878477,1.55097039624976,1.5418159808907,1.54750871864532,-0.00569273775462453,3.92353850666103,0.020539890868309,1.55097039624976,0,267.161443506003,60.6481711487664,5.74209245170613e-10,1,0.986598652221914,0,0.000512818835780582,-0.0113854755092491,0,0,0
106.215,9499.93827260132,1.55097341670689,9500,9499.70803665363,1.66244821396275,1.55097341670689,0,3.86717128583331,20.2570757394791,14,0,15057.4232147562,-15035.4481581198,1.55097341670689,1.5418159808907,1.54762259265481,-0.00580661176410868,3.94018378856949,0.0207706593444103,1.55097341670689,0,267.161443506003,60.6481711487664,5.68749946557946e-10,1,0.986604756012467,0,0.000425443078647003,-0.0116132235282174,0,0,0
106.23,9499.99628017061,1.5509643258248,9500,9499.76770517742,1.66115196772644,1.5509643258248,0,3.80901945396224,20.2579459853636,14,0,15057.6209144549,-15035.9761712706,1.5509643258248,1.5418159808907,1.54772286278855,-0.00590688189784783,3.94852693586115,0.0209621087298014,1.5509643258248,0,267.161443506003,60.6481711487664,5.6222012380708e-10,1,0.986610780319373,0,0.000338514047169891,-0.0118137637956957,0,0,0
106.245,9500.05341546241,1.55094332397351,9500,9499.82694324409,1.65982190109838,1.55094332397351,0,3.74396451556233,20.2590611323053,14,0,15057.7594322798,-15036.4842356611,1.55094332397351,1.5418159808907,1.54780952937481,-0.00599354848411005,3.9486768002967,0.0211144400510279,1.55094332397351,0,267.161443506003,60.6481711487664,5.54651780180297e-10,1,0.986616714036942,0,0.000252202607501362,-0.0119870969682201,0,0,0
106.26,9500.10957493015,1.55091063273013,9500,9499.88563635037,1.65846124461025,1.55091063273013,0,3.6722430513816,20.2604152354984,14,0,15057.8393724945,-15036.9716120027,1.55091063273013,1.5418159808907,1.54788262058318,-0.00606663969248489,3.94075719406118,0.0212279312244035,1.55091063273013,0,267.161443506003,60.6481711487664,5.4608027853379e-10,1,0.986622546411466,0,0.000166675832257601,-0.0121332793849698,0,0,0
106.275,9500.16465857592,1.55086649408943,9500,9499.94367283255,1.65707324256359,1.55086649408943,0,3.59410162017683,20.2620019597287,14,0,15057.861449208,-15037.4376140711,1.55086649408943,1.5418159808907,1.54794219196579,-0.00612621107509526,3.9249064160612,0.0213029353489194,1.55086649408943,0,267.161443506003,60.6481711487664,5.36539950154315e-10,1,0.986628267057784,0,8.20967322758825e-05,-0.0122524221501905,0,0,0
106.29,9500.21857010022,1.55081116970509,9500,9500.00094405027,1.65566114623308,1.55081116970509,0,3.50979613211726,20.2638145969704,14,0,15057.8264834705,-15037.8816093597,1.55081116970509,1.5418159808907,1.54798832592272,-0.00617234503202768,3.9012767577103,0.0213398788784436,1.55081116970509,0,267.161443506003,60.6481711487664,5.26068045854949e-10,1,0.986633865974825,0,-1.37602370586798e-06,-0.0123446900640554,0,0,0
106.305,9500.2712170422,1.55074494005775,9500,9500.05734456144,1.65422820715654,1.55074494005775,0,3.41959118332681,20.2658460854077,14,0,15057.7353999896,-15038.3030195738,1.55074494005775,1.5418159808907,1.54802113114106,-0.00620515025036172,3.87003398758931,0.0213392596677759,1.55074494005775,0,267.161443506003,60.6481711487664,5.14702686633745e-10,1,0.986639333560177,0,-8.3588370157095e-05,-0.0124103005007234,0,0,0
106.32,9500.32251090995,1.55066810364072,9500,9500.11277228824,1.65277767052201,1.55066810364072,0,3.32375941062191,20.2680890279264,14,0,15057.5892238849,-15038.7013210504,1.55066810364072,1.5418159808907,1.54804074196629,-0.00622476107559078,3.83135681758931,0.0213016449012052,1.55066810364072,0,267.161443506003,60.6481711487664,5.02482424383566e-10,1,0.986644660623619,0,-0.000164391083975479,-0.0124495221511816,0,0,0
106.335,9500.37236730111,1.55058097608984,9500,9500.16712867379,1.65131276866463,1.55058097608984,0,3.22258081960884,20.2705357116611,14,0,15057.3890771458,-15039.0760450327,1.55058097608984,1.5418159808907,1.54804731774783,-0.00623133685713673,3.78543635103858,0.0212276689134163,1.55058097608984,0,267.161443506003,60.6481711487664,4.89446973392537e-10,1,0.986649838399645,0,-0.000243640026020842,-0.0124626737142735,0,0,0
106.35,9500.42070601341,1.55048388929387,9500,9500.22031882954,1.64983671468435,1.55048388929387,0,3.11634210913166,20.273178127819,14,0,15057.1361749543,-15039.4267778314,1.55048388929387,1.5418159808907,1.54804104213996,-0.00622506124926536,3.73247551451888,0.0211180309017069,1.55048388929387,0,267.161443506003,60.6481711487664,4.75636624831202e-10,1,0.986654858558943,0,-0.00032119635330119,-0.0124501224985307,0,0,0
106.365,9500.46745114504,1.55037719049968,9500,9500.27225167308,1.64835269619468,1.55037719049968,0,3.00533600158997,20.27600799148,14,0,15056.8318219417,-15039.7531608868,1.55037719049968,1.5418159808907,1.54802212235757,-0.00620614146687126,3.67268847507421,0.0209734925427214,1.55037719049968,0,267.161443506003,60.6481711487664,4.61093270983826e-10,1,0.986659713218823,0,-0.00039692673582481,-0.0124122829337425,0,0,0
106.38,9500.51253118507,1.55026124139545,9500,9500.32284005623,1.64686386921498,1.55026124139545,0,2.88986056869716,20.2790167617368,14,0,15056.4774083027,-15040.0548907162,1.55026124139545,1.5418159808907,1.54799078839412,-0.00617480750342536,3.60630004295871,0.0207948755116002,1.55026124139545,0,267.161443506003,60.6481711487664,4.45858941886559e-10,1,0.9866643949526,0,-0.000470703541324058,-0.0123496150068507,0,0,0
106.395,9500.5558790936,1.55013641715525,9500,9500.37200088341,1.6453733522147,1.55013641715525,0,2.77022044816221,20.2821956645598,13,0,15056.0743952977,-15040.3316975024,1.55013641715525,1.5418159808907,1.54794729221743,-0.00613131132672784,3.53354506245165,0.0205830589180044,1.55013641715525,0,267.161443506003,60.6481711487664,9.74931132040471e-10,1,0.986668896797927,0,-0.000542405011836333,-0.0122626226534557,0,0,0
106.41,9500.59743240032,1.55000310550714,9500,9500.41965522006,1.64388422031993,1.55000310550714,0,2.64671845087932,20.2855357051798,13,0,15055.62435327,-15040.5834308088,1.55000310550714,1.5418159808907,1.54789190691381,-0.00607592602311557,3.45466779163565,0.020338976662678,1.55000310550714,0,267.161443506003,60.6481711487664,9.3767252768782e-10,1,0.986673212267024,0,-0.000611915439057142,-0.0121518520462311,0,0,0
106.425,9500.63713317708,1.54986170539503,9500,9500.46572839854,1.64239949950388,1.54986170539503,0,2.51966638059693,20.2890277082468,13,0,15055.1288918101,-15040.8099282597,1.54986170539503,1.5418159808907,1.54782492599608,-0.00600894510538597,3.36992138146517,0.0200636147151023,1.54986170539503,0,267.161443506003,60.6481711487664,8.99050466697891e-10,1,0.986677335343832,0,-0.00067912531539438,-0.0120178902107719,0,0,0
106.44,9500.67492817279,1.54971262692159,9500,9500.51015008946,1.64092216157537,1.54971262692159,0,2.3893770327173,20.2926623117446,13,0,15054.5897027667,-15041.0111040248,1.54971262692159,1.5418159808907,1.54774666203684,-0.00593068114614015,3.27956696051719,0.0197580083231748,1.54971262692159,0,267.161443506003,60.6481711487664,8.59243176172256e-10,1,0.986681260498023,0,-0.000743931441226309,-0.0118613622922803,0,0,0
106.455,9500.71076882828,1.54955628978375,9500,9500.55285438948,1.63945511869528,1.54955628978375,0,2.2561651477077,20.2964300022412,13,0,15054.0085422552,-15041.1869254123,1.54955628978375,1.5418159808907,1.54765744603148,-0.00584146514078521,3.18387316527291,0.019423239174623,1.54955628978375,0,267.161443506003,60.6481711487664,8.18348681132235e-10,1,0.986684982686541,0,-0.000806237068904592,-0.0116829302815704,0,0,0
106.47,9500.7446113055,1.54939312228693,9500,9500.59377989023,1.63800121830726,1.54939312228693,0,2.12034674842768,20.3003211358228,13,0,15053.38722619,-15041.3374121725,1.54939312228693,1.5418159808907,1.54755762643939,-0.0057416455486925,3.08311549549262,0.0190604324936159,1.54939312228693,0,267.161443506003,60.6481711487664,7.76466892080337e-10,1,0.986688497356639,0,-0.000865952002865766,-0.011483291097385,0,0,0
106.485,9500.77641650673,1.54922356030508,9500,9500.63286973689,1.63656323827826,1.54922356030508,0,1.98223845158298,20.3043259600942,13,0,15052.7276255238,-15041.4626356543,1.54922356030508,1.5418159808907,1.54744756822967,-0.00563158733897251,2.97757566027739,0.0186707540923263,1.54922356030508,0,267.161443506003,60.6481711487664,7.3369609432849e-10,1,0.986691800447869,0,-0.000922992685872481,-0.011263174677945,0,0,0
106.5,9500.8061500835,1.54904804632089,9500,9500.67007167662,1.6351438822541,1.54904804632089,0,1.842156840248,20.3084346343656,13,0,15052.0316618154,-15041.5627179445,1.54904804632089,1.5418159808907,1.54732765186744,-0.00551167097674443,2.86754091843306,0.0182554073836837,1.54904804632089,0,267.161443506003,60.6481711487664,6.90135289957876e-10,1,0.986694888393014,0,-0.000977282287056624,-0.0110233419534889,0,0,0
106.515,9500.8337824361,1.54886702843144,9500,9500.70533809675,1.63374577523874,1.54886702843144,0,1.70041782285405,20.3126372504987,13,0,15051.3013025976,-15041.6378308833,1.54886702843144,1.5418159808907,1.54719827229758,-0.00538229140688218,2.7533034137534,0.0178156303545082,1.54886702843144,0,267.161443506003,60.6481711487664,6.4588375986701e-10,1,0.986697758118028,0,-0.00102875075525222,-0.0107645828137644,0,0,0
106.53,9500.85928870344,1.54868095936229,9500,9500.73862605284,1.63237145939947,1.54868095936229,0,1.55733600625611,20.3169238534899,13,0,15050.5385567417,-15041.6881949979,1.54868095936229,1.5418159808907,1.54705983791222,-0.00524385702152452,2.6351595094577,0.0173526925146447,1.54868095936229,0,267.161443506003,60.6481711487664,6.01038577690504e-10,1,0.986700407040994,0,-0.00107733485609862,-0.010487714043049,0,0,0
106.545,9500.88264874354,1.54849029549316,9500,9500.76989728703,1.63102339010271,1.54849029549316,0,1.41322408527272,20.3212844617316,13,0,15049.7454698382,-15041.7140783581,1.54849029549316,1.5418159808907,1.54691276950417,-0.00509678861346829,2.5134091237671,0.0168678918294004,1.54849029549316,0,267.161443506003,60.6481711487664,5.55698268571296e-10,1,0.98670283307009,0,-0.00112297822321006,-0.0101935772269366,0,0,0
106.56,9500.90384710482,1.54829549591235,9500,9500.79911823638,1.62970393218474,1.54829549591235,0,1.26839225885885,20.3257090865847,13,0,15048.924119671,-15041.7157953744,1.54829549591235,1.5418159808907,1.54675749919435,-0.00494151830365053,2.38835506800402,0.0163625516289558,1.54829549591235,0,267.161443506003,60.6481711487664,5.0995856756983e-10,1,0.986705034600611,0,-0.00116563135816317,-0.00988303660730105,0,0,0
106.575,9500.9228729887,1.54809702139601,9500,9500.82626003174,1.62841535646039,1.54809702139601,0,1.12314760594024,20.3301877535021,13,0,15048.0766113032,-15041.6937054375,1.54809702139601,1.5418159808907,1.54659446939693,-0.00477848850623652,2.26030238928536,0.0158380175177824,1.54809702139601,0,267.161443506003,60.6481711487664,4.63916078449207e-10,1,0.986707010511084,0,-0.00120525163709018,-0.00955697701247304,0,0,0
106.59,9500.93972020279,1.5478953334839,9500,9500.8512984872,1.6271598364711,1.5478953334839,0,0.977791677236877,20.3347105189767,12,0,15047.205082664,-15041.6482321966,1.5478953334839,1.5418159808907,1.54642413173464,-0.0046081508439455,2.12955772009259,0.0152956542810918,1.5478953334839,0,267.161443506003,60.6481711487664,9.47606548221272e-10,1,0.986708760158405,0,-0.00124180330172119,-0.009216301687891,0,0,0
106.605,9500.95438707795,1.54769089351589,9500,9500.87421408007,1.62593944547951,1.54769089351589,0,0.83262757431367,20.339267498356,12,0,15046.311658229,-15041.5797770158,1.54769089351589,1.5418159808907,1.54624694597576,-0.00443096508506402,1.99642863317084,0.0147368427953173,1.54769089351589,0,267.161443506003,60.6481711487664,8.42268781885113e-10,1,0.986710283369227,0,-0.00127525742708046,-0.00886193017012804,0,0,0
106.62,9500.96687649156,1.54748416204069,9500,9500.89499191463,1.62475615389338,1.54748416204069,0,0.68794780144849,20.3438488657046,12,0,15045.3985102642,-15041.488849262,1.54748416204069,1.5418159808907,1.54606337879227,-0.00424739790157092,1.86122289851313,0.0141629769531311,1.54748416204069,0,267.161443506003,60.6481711487664,7.37058863708164e-10,1,0.986711580442378,0,-0.00130559187909007,-0.00849479580314183,0,0,0
106.635,9500.97719570858,1.54727559695654,9500,9500.9136217013,1.62361182632465,1.54727559695654,0,0.544041247470132,20.3484449004825,12,0,15044.4678057648,-15041.3759735727,1.54727559695654,1.5418159808907,1.54587390316154,-0.004057922270847,1.72424813235377,0.0135754606075406,1.54727559695654,0,267.161443506003,60.6481711487664,6.31997876617198e-10,1,0.986712652132352,0,-0.00133279128153441,-0.00811584454169401,0,0,0
106.65,9500.9853563273,1.54706565320443,9500,9500.93009769996,1.62250821957328,1.54706565320443,0,0.401190976713392,20.3530459911174,12,0,15043.5217160097,-15041.2417119693,1.54706565320443,1.5418159808907,1.54567899699925,-0.00386301610855666,1.58581099585553,0.0129757045308501,1.54706565320443,0,267.161443506003,60.6481711487664,5.27288451041287e-10,1,0.986713499643672,0,-0.00135684693134097,-0.00772603221711332,0,0,0
106.665,9500.99137419195,1.54685478189203,9500,9500.94441866397,1.62144698063766,1.54685478189203,0,0.259675619622226,20.3576426542409,11,0,15042.5624018924,-15041.0866412913,1.54685478189203,1.5418159808907,1.54547914209591,-0.00366316120520827,1.44621658030077,0.0123651234117466,1.54685478189203,0,267.161443506003,60.6481711487664,9.59879376373392e-10,1,0.986714124621827,0,-0.00137775672675744,-0.00732632241041653,0,0,0
106.68,9500.99526932624,1.54664342942146,9500,9500.95658777599,1.62042964497324,1.54664342942146,0,0.119760910914704,20.3622255459596,11,0,15041.5920529277,-15040.911440298,1.54664342942146,1.5418159808907,1.54527482306767,-0.00345884217697146,1.30576780853582,0.0117451328847058,1.54664342942146,0,267.161443506003,60.6481711487664,7.2563832186367e-10,1,0.986714529146352,0,-0.00139552506652296,-0.00691768435394291,0,0,0
106.695,9500.9970657399,1.54643203626666,9500,9500.96661258326,1.61945763481506,1.54643203626666,0,-0.0182882922322173,20.3667854965144,11,0,15040.6128119426,-15040.7167460637,1.54643203626666,1.5418159808907,1.5450665265051,-0.00325054561440496,1.16476495961474,0.0111171466047705,1.54643203626666,0,267.161443506003,60.6481711487664,4.93038159065558e-10,1,0.98671471571075,0,-0.00141016276446448,-0.00650109122880993,0,0,0
106.71,9500.99679141552,1.54622103711326,9500,9500.97450489946,1.61853225839543,1.54622103711326,0,-0.154217971794108,20.3713134963783,10,0,15039.6268304172,-15040.5032659364,1.54622103711326,1.5418159808907,1.5448547394598,-0.00303875856910008,1.02350480698927,0.0104825733607614,1.54622103711326,0,267.161443506003,60.6481711487664,5.97550201093957e-10,1,0.986714687221118,0,-0.00142168689780631,-0.00607751713820015,0,0,0
106.725,9500.99447814594,1.54601085936295,9500,9500.98028072868,1.61765470867641,1.54601085936295,0,-0.28777856611251,20.3758006847706,8,0,15038.6362201106,-15040.2716928942,1.54601085936295,1.5418159808907,1.54463994878294,-0.00282396789224615,0.882280271819632,0.00984281425674861,1.54601085936295,0,267.161443506003,60.6481711487664,4.31659793348289e-10,1,0.986714446979266,0,-0.00143012070410165,-0.0056479357844923,0,0,0
106.74,9500.99016146745,1.54580192255145,9500,9500.98396016683,1.61682606270857,1.54580192255145,0,-0.418733009800578,20.3802386160003,9,0,15037.6431003285,-15040.0227985083,1.54580192255145,1.5418159808907,1.54442264003027,-0.00260665913957303,0.741379822421324,0.00919925993990287,1.54580192255145,0,267.161443506003,60.6481711487664,9.69959260816498e-10,1,0.986713998675771,0,-0.00143549342671512,-0.00521331827914606,0,0,0
106.755,9500.98388047231,1.54559463700037,9500,9500.9855673114,1.61604728085513,1.54559463700037,0,-0.546848585840192,20.3846187825237,10,0,15036.649526615,-15039.7573153338,1.54559463700037,1.5418159808907,1.5442032967848,-0.00238731589410346,0.601087127637114,0.00855328789788106,1.54559463700037,0,267.161443506003,60.6481711487664,9.25097346097959e-10,1,0.986713346370513,0,-0.00143784019328708,-0.00477463178820692,0,0,0
106.77,9500.97567774352,1.54538940353547,9500,9500.98513014597,1.61531920672324,1.54538940353547,0,-0.671912875747095,20.3889330783944,11,0,15035.6575901365,-15039.4761269427,1.54538940353547,1.5418159808907,1.54398239947376,-0.00216641858306588,0.461680415532267,0.00790625981090188,1.54538940353547,0,267.161443506003,60.6481711487664,6.23325557796201e-10,1,0.986712494485901,0,-0.00143720184157625,-0.00433283716613175,0,0,0
106.785,9500.96559905038,1.54518661216809,9500,9500.98268043772,1.6146425668512,1.54518661216809,0,-0.793709011052249,20.3931736524883,11,0,15034.6692663173,-15039.1799759144,1.54518661216809,1.5418159808907,1.5437604247431,-0.001944443852401,0.323432166058931,0.00725951898219257,1.54518661216809,0,267.161443506003,60.6481711487664,8.35063192280338e-10,1,0.986711447775249,0,-0.00143362475995468,-0.003888887704802,0,0,0
106.8,9500.95369341522,1.54498664324635,9500,9500.97825358267,1.61401797180191,1.54498664324635,0,-0.912035575507453,20.3973328848801,12,0,15033.6865331111,-15038.8696952158,1.54498664324635,1.5418159808907,1.54353784363298,-0.00172186274227926,0.186608099575937,0.00661438784021296,1.54498664324635,0,267.161443506003,60.6481711487664,4.58999958948014e-10,1,0.986710211329712,0,-0.00142716067644266,-0.00344372548455851,0,0,0
106.815,9500.94001288158,1.54478986512746,9500,9500.97188850827,1.61344591591449,1.54478986512746,0,-1.02670554130815,20.4014034376078,12,0,15032.7113463736,-15038.5461775301,1.54478986512746,1.5418159808907,1.54331512154022,-0.00149914064952616,0.051467235885217,0.00597216553581376,1.54478986512746,0,267.161443506003,60.6481711487664,5.47565991918937e-10,1,0.986708790554212,0,-0.00141786650143727,-0.00299828129905233,0,0,0
106.83,9500.92461229846,1.5445966337037,9500,9500.96362754117,1.61292677801312,1.5445966337037,0,-1.13753712409758,20.4053782760529,12,0,15031.7455865326,-15038.2102699568,1.5445966337037,1.5418159808907,1.54309271728928,-0.00127673639858039,-0.0817385733348244,0.00533412561016699,1.5445966337037,0,267.161443506003,60.6481711487664,6.33860635764804e-10,1,0.986707191145025,0,-0.00140580413490232,-0.00255347279716078,0,0,0
106.845,9500.9075492416,1.54440729271301,9500,9500.95351625333,1.61246082276563,1.54440729271301,0,-1.24436047079785,20.4092506531065,12,0,15030.7910975138,-15037.8628509464,1.54440729271301,1.5418159808907,1.54287108185427,-0.00105510096357597,-0.212765328385061,0.00470151374946095,1.54440729271301,0,267.161443506003,60.6481711487664,7.17601837563497e-10,1,0.986705419081611,0,-0.00139104024394743,-0.00211020192715194,0,0,0
106.86,9500.88888383454,1.54422217278018,9500,9500.94160332766,1.61204820166215,1.54422217278018,0,-1.34701647953951,20.4130141300604,12,0,15029.8496726186,-15037.5048094719,1.54422217278018,1.5418159808907,1.5426506577658,-0.000834676875099527,-0.341377126419502,0.0040755456396846,1.54422217278018,0,267.161443506003,60.6481711487664,7.98661421615779e-10,1,0.986703480608028,0,-0.00137364605856405,-0.00166935375019905,0,0,0
106.875,9500.86867858735,1.54404159088165,9500,9500.92794041202,1.61168895438803,1.54404159088165,0,-1.44535699862236,20.4166625865838,12,0,15028.9230513503,-15037.1370429859,1.54404159088165,1.5418159808907,1.54243187835189,-0.000615897461187842,-0.467346522673004,0.00345740491333078,1.54404159088165,0,267.161443506003,60.6481711487664,8.76917627183212e-10,1,0.986701382216185,0,-0.00135369716007205,-0.00123179492237568,0,0,0
106.89,9500.84699823237,1.54386584985979,9500,9500.91258196938,1.61138301040685,1.54386584985979,0,-1.53924499149005,20.420190229612,12,0,15028.0129164539,-15036.7604553983,1.54386584985979,1.5418159808907,1.5422151670018,-0.000399186111104566,-0.590454870127755,0.00284824119129836,1.54386584985979,0,267.161443506003,60.6481711487664,9.52256571025926e-10,1,0.986699130628783,0,-0.00133127325279858,-0.000798372222209132,0,0,0
106.905,9500.8239095575,1.54369523802161,9500,9500.89558512414,1.61113019075054,1.54369523802161,0,-1.62855664932534,20.4235915983946,13,0,15027.1209022408,-15036.3759774056,1.54369523802161,1.5418159808907,1.54200093643901,-0.000184955548311994,-0.710492639088511,0.002249168227539,1.54369523802161,0,267.161443506003,60.6481711487664,4.51634587090144e-10,1,0.986696732781999,0,-0.00130645794885442,-0.000369911096623987,0,0,0
106.92,9500.79948120776,1.54353002873294,9500,9500.8770095051,1.61093021001082,1.54353002873294,0,-1.71317359090182,20.4268615791726,13,0,15026.2485490055,-15035.9844765786,1.54353002873294,1.5418159808907,1.54178958804485,2.6392845845713e-05,-0.827259716067861,0.00166126215055451,1.54353002873294,0,267.161443506003,60.6481711487664,4.8222571427123e-10,1,0.986694195804879,0,-0.00127933852260487,5.2785691691426e-05,0,0,0
106.935,9500.77378360389,1.54337048046844,9500,9500.85691707774,1.61078267872059,1.54337048046844,0,-1.79299437094034,20.4299953919116,13,0,15025.3973660571,-15035.5868857947,1.54337048046844,1.5418159808907,1.54158151100952,0.000234469881181587,-0.940565794551284,0.00108555981538232,1.54337048046844,0,267.161443506003,60.6481711487664,5.11327000192334e-10,1,0.986691527010887,0,-0.00125000566667444,0.000468939762363174,0,0,0
106.95,9500.74688868833,1.54321683558646,9500,9500.83537199882,1.61068710529329,1.54321683558646,0,-1.86792744249341,20.4329886216667,13,0,15024.5687836243,-15035.184115146,1.54321683558646,1.5418159808907,1.5413770821755,0.000438898715193092,-1.05023034965911,0.00052305726537882,1.54321683558646,0,267.161443506003,60.6481711487664,5.38973113870972e-10,1,0.986688733871516,0,-0.00121855328560883,0.000877797430386185,0,0,0
106.965,9500.71886977669,1.54306932060059,9500,9500.81244044287,1.61064289878604,1.54306932060059,0,-1.9378927102411,20.4358372095236,13,0,15023.7641636262,-15034.7770715354,1.54306932060059,1.5418159808907,1.54117666517918,0.000639315711520094,-1.15608303340635,-2.52917131451517e-05,1.54306932060059,0,267.161443506003,60.6481711487664,5.65131271840748e-10,1,0.986685824000874,0,-0.00118507822403391,0.00127863142304019,0,0,0
106.98,9500.68980138604,1.54292814598785,9500,9500.7881904351,1.61064937162841,1.54292814598785,0,-2.00282149986063,20.4385374550879,13,0,15022.9847980554,-15034.3666568831,1.54292814598785,1.5418159808907,1.54098060988514,0.000835371005556418,-1.25796388703813,-0.000558576913960411,1.54292814598785,0,267.161443506003,60.6481711487664,5.89769266560612e-10,1,0.986682805137841,0,-0.00114968003653981,0.00167074201111284,0,0,0
106.995,9500.65975906354,1.54279350598256,9500,9500.76269168317,1.61070574250721,1.54279350598256,0,-2.06265653636244,20.4410860192782,13,0,15022.2319072999,-15033.9537663232,1.54279350598256,1.5418159808907,1.54078925187957,0.00102672901113166,-1.35572352420782,-0.00107593293040333,1.54279350598256,0,267.161443506003,60.6481711487664,6.12858831697034e-10,1,0.986679685128278,0,-0.00111246072124005,0.00205345802226331,0,0,0
107.01,9500.6288192155,1.54266557846016,9500,9500.73601540814,1.61081113939782,1.54266557846016,0,-2.11735186510325,20.443479925177,13,0,15021.5066388852,-15033.5392864935,1.54266557846016,1.5418159808907,1.54060291197849,0.00121306891221029,-1.44922328549246,-0.00157654025496135,1.54266557846016,0,267.161443506003,60.6481711487664,6.34376081534678e-10,1,0.98667647190727,0,-0.00107352448734499,0.00242613782442058,0,0,0
107.025,9500.59705893752,1.5425445247805,9500,9500.70823417486,1.61096460273489,1.5425445247805,0,-2.16687280025719,20.4457165597523,13,0,15020.8100660318,-15033.1240937971,1.5425445247805,1.5418159808907,1.54042189580866,0.00139408508203687,-1.53833536597197,-0.00205962627426659,1.5425445247805,0,267.161443506003,60.6481711487664,6.54299755844918e-10,1,0.986673173481491,0,-0.00103297749078068,0.00278817016407373,0,0,0
107.04,9500.56455584552,1.54243048968908,9500,9500.67942172241,1.6111650887118,1.54243048968908,0,-2.21119583641662,20.4477936743279,13,0,15020.143186489,-15032.7090527304,1.54243048968908,1.5418159808907,1.54024649341895,0.0015694874717489,-1.62294291558038,-0.0025244661451179,1.54243048968908,0,267.161443506003,60.6481711487664,6.72610927796405e-10,1,0.986669797911646,0,-0.000990927596140168,0.0031389749434978,0,0,0
107.055,9500.53138790797,1.5423236012711,9500,9500.64965279459,1.61141147270365,1.5423236012711,0,-2.25030852753143,20.4497093839103,13,0,15019.5069216201,-15032.2950142772,1.5423236012711,1.5418159808907,1.54007697891881,0.00173900197189147,-1.70294011505997,-0.00297038356338098,1.5423236012711,0,267.161443506003,60.6481711487664,6.89295930769681e-10,1,0.986666353295061,0,-0.000947484111471386,0.00347800394378295,0,0,0
107.07,9500.49763328006,1.54222397091174,9500,9500.61900297091,1.61170255280544,1.54222397091174,0,-2.28420936362498,20.4514621663884,13,0,15018.9021155252,-15031.882814327,1.54222397091174,1.5418159808907,1.53991361017341,0.00190237071729205,-1.77823222824741,-0.0033967514135431,1.54222397091174,0,267.161443506003,60.6481711487664,7.04342701277224e-10,1,0.986662847748448,0,-0.00090275755736946,0.00380474143458409,0,0,0
107.085,9500.4633701396,1.54213169330959,9500,9500.58754849841,1.61203705347678,1.54213169330959,0,-2.31290761465972,20.4530508605842,13,0,15018.3295344219,-15031.4732721647,1.54213169330959,1.5418159808907,1.53975662852407,0.00205935236662835,-1.84873563099175,-0.00380299231435936,1.54213169330959,0,267.161443506003,60.6481711487664,7.17744144836889e-10,1,0.986659289390872,0,-0.000856859408200572,0.00411870473325671,0,0,0
107.1,9500.42867652538,1.54204684653315,9500,9500.55536612449,1.61241362928515,1.54204684653315,0,-2.33642314908951,20.4544746633848,13,0,15017.789866236,-15031.0671890264,1.54204684653315,1.5418159808907,1.53960625854544,0.00220972234525263,-1.91437781768869,-0.00418857904804962,1.54204684653315,0,267.161443506003,60.6481711487664,7.29495064125571e-10,1,0.986655686326956,0,-0.000809901846606564,0.00441944469050526,0,0,0
107.115,9500.39363017815,1.54196949210507,9500,9500.52253293127,1.61283086873875,1.54196949210507,0,-2.35478623697215,20.4557331262818,13,0,15017.2837203338,-15030.6653467089,1.54196949210507,1.5418159808907,1.539462707844,0.00235327304669952,-1.97509738560777,-0.00455303487902257,1.54196949210507,0,267.161443506003,60.6481711487664,7.39592891246914e-10,1,0.986652046630373,0,-0.000761997521103286,0.00470654609339904,0,0,0
107.13,9500.35830838459,1.54189967512477,9500,9500.48912617151,1.61328729819961,1.54189967512477,0,-2.36803733071338,20.4568261510963,13,0,15016.8116274487,-15030.2685062474,1.54189967512477,1.5418159808907,1.5393261668919,0.00248981399879389,-2.0308439970695,-0.00489593376351905,1.54189967512477,0,267.161443506003,60.6481711487664,7.48041785492342e-10,1,0.986648378327642,0,-0.000713259309940817,0.00497962799758778,0,0,0
107.145,9500.32278782463,1.54183742443801,9500,9500.45522310681,1.61378138586698,1.54183742443801,0,-2.37622681923061,20.4577539847038,13,0,15016.3740398381,-15029.8774066699,1.54183742443801,1.5418159808907,1.53919680889054,0.00261917200015338,-2.08157831946323,-0.00521690045299242,1.54183742443801,0,267.161443506003,60.6481711487664,7.54845610791265e-10,1,0.986644689382263,0,-0.000663800078921861,0.00523834400030676,0,0,0
107.16,9500.28714442234,1.54178275281887,9500,9500.42090084799,1.61431154582191,1.54178275281887,0,-2.37941477638741,20.4585172135119,13,0,15015.9713315181,-15029.4927638009,1.54178275281887,1.5418159808907,1.53907478968236,0.00274119120833771,-2.1272719434742,-0.00551561048850725,1.54178275281887,0,267.161443506003,60.6481711487664,7.60012618712079e-10,1,0.98664098767924,0,-0.00061373244176921,0.00548238241667542,0,0,0
107.175,9500.2514532007,1.54173565719835,9500,9500.38623619833,1.61487614212255,1.54173565719835,0,-2.37767068398261,20.4591167569471,13,0,15015.6037987286,-15029.1152691465,1.54173565719835,1.5418159808907,1.53896024769322,0.00285573319747856,-2.16790727940408,-0.0057917900873034,1.54173565719835,0,267.161443506003,60.6481711487664,7.63555010352381e-10,1,0.986637281009995,0,-0.00056316854631433,0.00571146639495712,0,0,0
107.19,9500.21578814044,1.54169611892592,9500,9500.3513054997,1.61547349294108,1.54169611892592,0,-2.37107313636761,20.4595538602599,13,0,15015.2716605728,-15028.7455888535,1.54169611892592,1.5418159808907,1.53885330390651,0.00296267698418395,-2.20347743232695,-0.00604521593314485,1.54169611892592,0,267.161443506003,60.6481711487664,7.65487327543591e-10,1,0.98663357705771,0,-0.00051221983374683,0.00592535396836791,0,0,0
107.205,9500.18022204339,1.54166410403976,9500,9500.31618448208,1.61610187473223,1.54166410403976,0,-2.35970954367761,20.4598300871638,13,0,15014.9750597153,-15028.3843627172,1.54166410403976,1.5418159808907,1.538754061887,0.0030619190036969,-2.23398605614827,-0.00627571485833092,1.54166410403976,0,267.161443506003,60.6481711487664,7.65827185234033e-10,1,0.986629883383131,0,-0.000460996828696825,0.0061238380073938,0,0,0
107.22,9500.14482640024,1.54163956357597,9500,9500.28094811656,1.61675952642386,1.54163956357597,0,-2.34367581424305,20.4599473116644,13,0,15014.7140632811,-15028.0322032721,1.54163956357597,1.5418159808907,1.53866260783244,0.0031533730582578,-2.25944718723691,-0.00648316343124449,1.54163956357597,0,267.161443506003,60.6481711487664,7.64595564914457e-10,1,0.986626207410838,0,-0.000409608917695925,0.0063067461165156,0,0,0
107.235,9500.10967126302,1.54162243390629,9500,9500.24567047226,1.61744465362058,1.54162243390629,0,-2.32307602250166,20.4599077093046,13,0,15014.4886639081,-15027.6896949551,1.54162243390629,1.5418159808907,1.5385790106608,0.00323697022990221,-2.27988505844694,-0.00666748744420766,1.54162243390629,0,267.161443506003,60.6481711487664,7.61816083689579e-10,1,0.986622556416002,0,-0.000358164146244233,0.00647394045980443,0,0,0
107.25,9500.07482512269,1.5416126371011,9500,9500.21042457719,1.61815543281225,1.5416126371011,0,-2.29802206515565,20.4597137478993,13,0,15014.2987809399,-15027.357393341,1.5416126371011,1.5418159808907,1.53850332213049,0.00331265876020881,-2.29533389470166,-0.00682866131001756,1.5416126371011,0,267.161443506003,60.6481711487664,7.57515580314051e-10,1,0.986618937511668,0,-0.000306769012836217,0.00662531752041762,0,0,0
107.265,9500.04035479171,1.54161008129856,9500,9500.17528228356,1.61889001557689,1.54161008129856,0,-2.2686333184388,20.4593681781745,13,0,15014.1442616662,-15027.0358244332,1.54161008129856,1.5418159808907,1.53843557700387,0.00338040388682903,-2.30583769006059,-0.00696670736579386,1.54161008129856,0,267.161443506003,60.6481711487664,7.51723384178562e-10,1,0.986615357636567,0,-0.000255528273285677,0.00676080777365806,0,0,0
107.28,9500.00632529193,1.54161466111953,9500,9500.14031413746,1.61964653277055,1.54161466111953,0,-2.23503626965214,20.4588740234603,13,0,15014.024882803,-15026.7254840474,1.54161466111953,1.5418159808907,1.5383757932319,0.0034401876588015,-2.31144996776352,-0.00708169508877242,1.54161466111953,0,267.161443506003,60.6481711487664,7.44470876887361e-10,1,0.986611823543465,0,-0.000204544754889513,0.00688037531760299,0,0,0
107.295,9499.97279974789,1.54162625811286,9500,9500.10558925328,1.62042309869559,1.54162625811286,0,-2.19736413459453,20.4582345687723,13,0,15013.9403521349,-15026.426837278,1.54162625811286,1.5418159808907,1.53832397216538,0.00349200872531874,-2.31223352412004,-0.0071737402284727,1.54162625811286,0,267.161443506003,60.6481711487664,7.3579383432178e-10,1,0.986608341788083,0,-0.000153919167132921,0.00698401745063748,0,0,0
107.31,9499.93983928587,1.54164474116691,9500,9500.07117519309,1.62121781523895,1.54164474116691,0,-2.1557565022718,20.4574533506702,13,0,15013.8903100219,-15026.1403179845,1.54164474116691,1.5418159808907,1.53828009882575,0.00353588206494582,-2.30826015692091,-0.00724300385368251,1.54164474116691,0,267.161443506003,60.6481711487664,7.25729061315828e-10,1,0.986604918718622,0,-0.000103749933853425,0.00707176412989163,0,0,0
107.325,9499.90750293833,1.54166996700839,9500,9500.03713785103,1.62202877597078,1.54166996700839,0,-2.11035892674526,20.4565341452772,13,0,15013.8743313439,-15025.8663284147,1.54166996700839,1.5418159808907,1.53824414216989,0.00357183872080591,-2.29961037833482,-0.00728969132391655,1.54166996700839,0,267.161443506003,60.6481711487664,7.14316294582838e-10,1,0.986601560465825,0,-5.41330236540905e-05,0.00714367744161182,0,0,0
107.34,9499.87584755443,1.54170178068258,9500,9500.00354134297,1.62285407019841,1.54170178068258,0,-2.0613225382159,20.455480956761,13,0,15013.8919273727,-15025.6052388657,1.54170178068258,1.5418159808907,1.53821605540247,0.00359992548822285,-2.28637311505168,-0.00731405118456089,1.54170178068258,0,267.161443506003,60.6481711487664,7.01597471431891e-10,1,0.986598272933695,0,-5.16178626752684e-06,0.00719985097644571,0,0,0
107.355,9499.84492771636,1.54174001604685,9500,9499.9704479015,1.62369178696571,1.54174001604685,0,-2.00880364895824,20.4542980055773,13,0,15013.942547742,-15025.3573874133,1.54174001604685,1.5418159808907,1.53819577631843,0.00362020457226908,-2.26864539500642,-0.00731637398838128,1.54174001604685,0,267.161443506003,60.6481711487664,6.87617022849322e-10,1,0.986595061790799,0,4.30731915037619e-05,0.00724040914453816,0,0,0
107.37,9499.81479566162,1.5417844963068,9500,9499.93791777652,1.62454001899052,1.5417844963068,0,-1.95296333856485,20.4529897158568,13,0,15014.0255826308,-15025.1230797387,1.5417844963068,1.5418159808907,1.53818322765654,0.00363275323415513,-2.24653202163992,-0.00729699105220459,1.5417844963068,0,267.161443506003,60.6481711487664,6.72420995715299e-10,1,0.986591932462201,0,9.04842342692724e-05,0.00726550646831026,0,0,0
107.385,9499.78550121155,1.54183503452669,9500,9499.90600914142,1.62539686653408,1.54183503452669,0,-1.89396706027332,20.4515607034046,13,0,15014.1403648599,-15024.9025889861,1.54183503452669,1.5418159808907,1.53817831749931,0.00363766339138705,-2.22014523748811,-0.00725627314678341,1.54183503452669,0,267.161443506003,60.6481711487664,6.5605749211383e-10,1,0.986588890122036,0,0.000136986709746489,0.00727532678277409,0,0,0
107.4,9499.75709170564,1.54189143420451,9500,9499.87477800504,1.62626044119388,1.54189143420451,0,-1.83198421126846,20.45001576237,13,0,15014.2861723108,-15024.6961557412,1.54189143420451,1.5418159808907,1.53818093967009,0.00363504122060698,-2.18960437683114,-0.00719462912739749,1.54189143420451,0,267.161443506003,60.6481711487664,6.38577401344027e-10,1,0.986585939686693,0,0.000182499163225103,0.00727008244121397,0,0,0
107.415,9499.72961194248,1.54195348979856,9500,9499.84427812947,1.62712886961491,1.54195348979856,0,-1.76718774008569,20.4483598530297,13,0,15014.4622301456,-15024.5039880192,1.54195348979856,1.5418159808907,1.53819097418479,0.00362500670590693,-2.15503550942019,-0.0071125045039462,1.54195348979856,0,267.161443506003,60.6481711487664,6.20031180205601e-10,1,0.986583085808672,0,0.000226943423040193,0.00725001341181386,0,0,0
107.43,9499.70310412637,1.5420209873167,9500,9499.81456095379,1.62800029711104,1.5420209873167,0,-1.69975371870171,20.4465980882835,13,0,15014.6677133437,-15024.3262613708,1.5420209873167,1.5418159808907,1.53820828769591,0.00360769319479015,-2.11657107505592,-0.00701037996357811,1.5420209873167,0,267.161443506003,60.6481711487664,6.00473682913642e-10,1,0.986580332871054,0,0.000270244718104662,0.0072153863895803,0,0,0
107.445,9499.67760782059,1.5420937048794,9500,9499.78567552375,1.62887289119203,1.5420937048794,0,-1.62986093705224,20.4447357207876,13,0,15014.9017491442,-15024.1631190206,1.5420937048794,1.5418159808907,1.53823273397613,0.00358324691456735,-2.07434951096172,-0.00688876984043101,1.5420937048794,0,267.161443506003,60.6481711487664,5.79958892212564e-10,1,0.986577684982634,0,0.00031233177761103,0.0071664938291347,0,0,0
107.46,9499.65315990654,1.54217141330498,9500,9499.75766842763,1.62974484498928,1.54217141330498,0,-1.55769048918024,20.442778129681,13,0,15015.1634196134,-15024.0146720842,1.54217141330498,1.5418159808907,1.5382641544133,0.00355182647739349,-2.02851487217755,-0.00674822054050605,1.54217141330498,0,267.161443506003,60.6481711487664,5.58543871089823e-10,1,0.986575145973686,0,0.000353136918823882,0.00710365295478699,0,0,0
107.475,9499.6297945492,1.54225387669396,9500,9499.73058373803,1.63061438057534,1.54225387669396,0,-1.48342536495887,20.4407308074022,13,0,15015.4517642363,-15023.8809998406,1.54225387669396,1.5418159808907,1.53830237852555,0.00351360236515075,-1.97921644624994,-0.0065893089270353,1.54225387669396,0,267.161443506003,60.6481711487664,5.36285103636166e-10,1,0.986572719392374,0,0.000392596134457746,0.0070272047303015,0,0,0
107.49,9499.60754316872,1.54234085302489,9500,9499.70446295988,1.63147975217185,1.54234085302489,0,-1.4072500400663,20.4385993463353,13,0,15015.7657825867,-15023.7621500732,1.54234085302489,1.5418159808907,1.53834722449034,0.00346875640036037,-1.92660836305065,-0.00641264066652932,1.54234085302489,0,267.161443506003,60.6481711487664,5.1324156856546e-10,1,0.9865704085018,0,0.000430649163652097,0.00693751280072075,0,0,0
107.505,9499.58643441812,1.54243209475309,9500,9499.67934498451,1.63233924924126,1.54243209475309,0,-1.32935006967204,20.436389425467,13,0,15016.1044370339,-15023.6581394692,1.54243209475309,1.5418159808907,1.53839849968806,0.00341748120263952,-1.87084920074791,-0.00621884854288587,1.54243209475309,0,267.161443506003,60.6481711487664,4.89471958098543e-10,1,0.986568216277689,0,0.000467239556045218,0.00683496240527903,0,0,0
107.52,9499.56649416708,1.54252734939333,9500,9499.65526604985,1.63319119945754,1.54252734939333,0,-1.24991169760341,20.4341067974682,13,0,15016.4666554022,-15023.5689540602,1.54252734939333,1.5418159808907,1.53845600126805,0.00335997962265089,-1.81210158864712,-0.00600859074266552,1.54252734939333,0,267.161443506003,60.6481711487664,4.6503745873838e-10,1,0.986566145406705,0,0.000502314730334241,0.00671995924530178,0,0,0
107.535,9499.54774549161,1.54262636013375,9500,9499.63225970678,1.63403397155126,1.54262636013375,0,-1.16911950145169,20.4317572772304,12,0,15016.8513231973,-15023.4945280687,1.54262636013375,1.5418159808907,1.53851951671216,0.00329646417853269,-1.75053180764721,-0.00578254911401512,1.54262636013375,0,267.161443506003,60.6481711487664,9.96541615325525e-10,1,0.986564198285382,0,0.000535826018877472,0.00659292835706538,0,0,0
107.55,9499.53020869909,1.54272886641172,9500,9499.61035679149,1.6348659780265,1.54272886641172,0,-1.08716395549564,20.4293467212647,12,0,15017.2573294161,-15023.4348326939,1.54272886641172,1.5418159808907,1.53858882442743,0.00322715646327021,-1.68630938991289,-0.00554142740552025,1.54272886641172,0,267.161443506003,60.6481711487664,9.38396391848356e-10,1,0.986562377022716,0,0.000567728710866744,0.00645431292654042,0,0,0
107.565,9499.51390123976,1.54283460415176,9500,9499.5895854115,1.63568567755208,1.54283460415176,0,-1.00422916011109,20.4268810340457,12,0,15017.6835018596,-15023.3897417026,1.54283460415176,1.5418159808907,1.53866369451735,0.00315228637334641,-1.61960660600013,-0.00528594948563022,1.54283460415176,0,267.161443506003,60.6481711487664,8.79353403747426e-10,1,0.986560683430981,0,0.000597982062689573,0.00630457274669283,0,0,0
107.58,9499.49883780236,1.54294330730752,9500,9499.56997091234,1.63649157785329,1.54294330730752,0,-0.92050006841109,20.4243661272313,12,0,15018.1286589577,-15023.359124319,1.54294330730752,1.5418159808907,1.53874388890358,0.00307209198711966,-1.55059834995053,-0.00501685755741991,1.54294330730752,0,267.161443506003,60.6481711487664,8.19364256366731e-10,1,0.98655911903566,0,0.000626549351599337,0.00614418397423933,0,0,0
107.595,9499.48503030133,1.54305470782219,9500,9499.55153587772,1.63728223778037,1.54305470782219,0,-0.836160438444473,20.4218079223945,12,0,15018.5915983251,-15023.3428221468,1.54305470782219,1.5418159808907,1.53882916225035,0.00298681864034678,-1.47946155723476,-0.00473491034920021,1.54305470782219,0,267.161443506003,60.6481711487664,7.58567042884513e-10,1,0.986557685074113,0,0.000653397872983019,0.00597363728069356,0,0,0
107.61,9499.47248789475,1.54316853621434,9500,9499.53430012628,1.63805626946182,1.54316853621434,0,-0.751392471286947,20.4192123384964,12,0,15019.0710995736,-15023.340649927,1.54316853621434,1.5418159808907,1.5389192625757,0.00289671831499838,-1.40637480077575,-0.00444088130635785,1.54316853621434,0,267.161443506003,60.6481711487664,6.97101914584652e-10,1,0.986556382497441,0,0.000678498941151462,0.00579343662999676,0,0,0
107.625,9499.46121700769,1.54328452213463,9500,9499.51828071383,1.63881234032094,1.54328452213463,0,-0.666376472195065,20.4165852800617,12,0,15019.5659270108,-15023.3523963133,1.54328452213463,1.5418159808907,1.53901393187731,0.00280204901338466,-1.33151789548384,-0.00413555678283969,1.54328452213463,0,267.161443506003,60.6481711487664,6.35106981353836e-10,1,0.986555211972911,0,0.000701827885650097,0.00560409802676931,0,0,0
107.64,9499.4512213606,1.54340239493788,9500,9499.50349194108,1.6395491749519,1.54340239493788,0,-0.581290506953877,20.4139326250987,12,0,15020.0748324269,-15023.3778247087,1.54340239493788,1.5418159808907,1.53911290674996,0.00270307414073878,-1.25507150968934,-0.00381973423429715,1.54340239493788,0,267.161443506003,60.6481711487664,5.72721091820927e-10,1,0.986554173886907,0,0.000723364042045205,0.00540614828147756,0,0,0
107.655,9499.442502003,1.54352188425559,9500,9499.48994536677,1.6402655568535,1.54352188425559,0,-0.496310061822503,20.411260213084,12,0,15020.5965579096,-15023.4166741497,1.54352188425559,1.5418159808907,1.53921591900056,0.00260006189013273,-1.1772167832344,-0.00349422041537681,1.54352188425559,0,267.161443506003,60.6481711487664,5.10080319242315e-10,1,0.986553268348426,0,0.000743090724329099,0.00520012378026546,0,0,0
107.67,9499.43505735207,1.54364272056444,9500,9499.47764982601,1.64096033001844,1.54364272056444,0,-0.411607711575899,20.4085738331073,12,0,15021.1298386551,-15023.4686602336,1.54364272056444,1.5418159808907,1.53932269625911,0.00249328463158438,-1.09813495187764,-0.00315982958942871,1.54364272056444,0,267.161443506003,60.6481711487664,4.47320448871568e-10,1,0.986552495193085,0,0.000760995206368076,0.00498656926316876,0,0,0
107.685,9499.4288832364,1.54376463573207,9500,9499.46661145398,1.64163240037497,1.54376463573207,0,-0.327354507439975,20.405879211045,11,0,15021.6734149594,-15023.5334949984,1.54376463573207,1.5418159808907,1.53943296259673,0.00238301829396814,-1.01800697699082,-0.00281738174656308,1.54376463573207,0,267.161443506003,60.6481711487664,8.70737015255188e-10,1,0.986551853987667,0,0.000777068677808801,0.00476603658793628,0,0,0
107.7,9499.42397291879,1.54388736355633,9500,9499.45683371479,1.64228073707943,1.54388736355633,0,-0.24371256557253,20.4031820046074,11,0,15022.2259962796,-15023.6108088723,1.54388736355633,1.5418159808907,1.5395464391371,0.00226954175359295,-0.937013180986329,-0.00246770084154912,1.54388736355633,0,267.161443506003,60.6481711487664,7.29339091808344e-10,1,0.98655134403249,0,0.000791306208538956,0.0045390835071859,0,0,0
107.715,9499.4203172303,1.54401064061771,9500,9499.44831742875,1.64290437382635,1.54401064061771,0,-0.160845678744298,20.4004877764689,11,0,15022.7863258501,-15023.700275589,1.54401064061771,1.5418159808907,1.53966284450334,0.00215313638736081,-0.855332986054061,-0.00211161304770659,1.54401064061771,0,267.161443506003,60.6481711487664,5.88154847076541e-10,1,0.986550964375323,0,0.000803706702499074,0.00430627277472162,0,0,0
107.73,9499.41790454512,1.54413420591488,9500,9499.44106082732,1.64350240943579,1.54413420591488,0,-0.0789118905283674,20.3978020087944,11,0,15023.3531373179,-15023.8015266312,1.54413420591488,1.5418159808907,1.53978189586281,0.00203408502788394,-0.773144302911988,-0.00174994503158201,1.54413420591488,0,267.161443506003,60.6481711487664,4.47885083689058e-10,1,0.986550713808782,0,0.000814272825617524,0.00406817005576787,0,0,0
107.745,9499.41672086676,1.54425780194031,9500,9499.43505958733,1.6440740089266,1.54425780194031,0,0.00193651986041887,20.3951300818075,10,0,15023.9251634255,-15023.9141598278,1.54425780194031,1.5418159808907,1.53990330923587,0.00191267165483144,-0.690623360879421,-0.00138352226005412,1.54425780194031,0,267.161443506003,60.6481711487664,6.99715115377836e-10,1,0.986550590879278,0,0.000823010947132774,0.00382534330966289,0,0,0
107.76,9499.41674991456,1.5443811751521,9500,9499.43030687866,1.6446184042216,1.5443811751521,0,0.0815454740588641,20.3924772575275,9,0,15024.5011809747,-15024.0378272973,1.5443811751521,1.5418159808907,1.54002680009307,0.00178918079762314,-0.607944376665249,-0.00101316733384437,1.5443811751521,0,267.161443506003,60.6481711487664,8.75092437510461e-10,1,0.986550593896003,0,0.000829931070927437,0.00357836159524627,0,0,0
107.775,9499.41797309667,1.5445040761656,9500,9499.42679342196,1.64513489456161,1.5445040761656,0,0.15977840155362,20.3898487065909,8,0,15025.0799077643,-15024.1720226816,1.5445040761656,1.5418159808907,1.54015208407728,0.00166389681341639,-0.525279148110436,-0.000639698351927026,1.5445040761656,0,267.161443506003,60.6481711487664,4.20965919190906e-10,1,0.986550720928122,0,0.000835046757197588,0.00332779362683278,0,0,0
107.79,9499.4203697727,1.54462626127214,9500,9499.4245075244,1.64562284743402,1.54462626127214,0,0.236490482351175,20.3872493481366,9,0,15025.6601516602,-15024.3163765741,1.54462626127214,1.5418159808907,1.54027887704438,0.001537103846315,-0.442797061773839,-0.000263927311188112,1.54462626127214,0,267.161443506003,60.6481711487664,5.07059203822434e-10,1,0.986550969832051,0,0.000838375066760211,0.00307420769263,0,0,0
107.805,9499.42391712993,1.54474749103276,9500,9499.42343517433,1.64608169798121,1.54474749103276,0,0.311548307894693,20.3846841362726,10,0,15026.2406996817,-15024.4704338915,1.54474749103276,1.5418159808907,1.54040689655409,0.00140908433660303,-0.360664231595402,0.000113341468853983,1.54474749103276,0,267.161443506003,60.6481711487664,5.21008455993622e-10,1,0.986551338238605,0,0.000839936424167576,0.00281816867320606,0,0,0
107.82,9499.42859035455,1.54486753218605,9500,9499.42356007915,1.64651094977531,1.54486753218605,0,0.384826009576067,20.3821577795999,10,0,15026.8203471049,-15024.6337049765,1.54486753218605,1.5418159808907,1.54053586167289,0.0012801192178109,-0.279043662766772,0.000491312859729392,1.54486753218605,0,267.161443506003,60.6481711487664,8.12697731647646e-10,1,0.986551823570772,0,0.000839754561766215,0.00256023843562181,0,0,0
107.835,9499.43436274469,1.5449861577036,9500,9499.4248637379,1.64691017468753,1.5449861577036,0,0.456202160646258,20.3796748379413,11,0,15027.3979178111,-15024.805703551,1.5449861577036,1.5418159808907,1.54066549369051,0.00115048720018951,-0.198094870101449,0.000869202412524189,1.5449861577036,0,267.161443506003,60.6481711487664,4.8539849141155e-10,1,0.986552423055464,0,0.000837856413613336,0.00230097440037902,0,0,0
107.85,9499.4412057771,1.54510314659382,9500,9499.42732552425,1.64727901243615,1.54510314659382,0,0.52555601964657,20.3772397216176,11,0,15027.9722829968,-15024.9859867722,1.54510314659382,1.5418159808907,1.54079551693846,0.00102046395223421,-0.117973425778812,0.00124623779865019,1.54510314659382,0,267.161443506003,60.6481711487664,6.09214090923384e-10,1,0.986553133730432,0,0.00083427200364028,0.00204092790446841,0,0,0
107.865,9499.4490891174,1.54521828411043,9500,9499.43092276528,1.64761717018011,1.54521828411043,0,0.592777827895832,20.3748566869542,11,0,15028.5423065219,-15025.1740420699,1.54521828411043,1.5418159808907,1.54092565938097,0.000890321509722458,-0.0388306697607071,0.00162166020028832,1.54521828411043,0,267.161443506003,60.6481711487664,7.29543313781298e-10,1,0.986553952445333,0,0.000829034319554722,0.00178064301944492,0,0,0
107.88,9499.45798078482,1.54533136303625,9500,9499.43563080251,1.64792442250436,1.54533136303625,0,0.657762589395962,20.3725298073467,11,0,15029.1068892329,-15025.3693668135,1.54533136303625,1.5418159808907,1.54105565263997,0.000760328250732245,0.039186253907915,0.00199472564408794,1.54533136303625,0,267.161443506003,60.6481711487664,8.46515578393543e-10,1,0.986554875878845,0,0.000822179231537046,0.00152065650146449,0,0,0
107.895,9499.46784722366,1.54544218354266,9500,9499.4414230798,1.64820061067671,1.54544218354266,0,0.720411497279429,20.3702629779022,11,0,15029.6649599674,-15025.5714512117,1.54544218354266,1.5418159808907,1.54118523271386,0.000630748176841278,0.115934765285794,0.00236470629827961,1.54544218354266,0,267.161443506003,60.6481711487664,9.59937692984756e-10,1,0.986555900546081,0,0.000813745364261376,0.00126149635368256,0,0,0
107.91,9499.47865339612,1.5455505534886,9500,9499.44827122698,1.64844564194736,1.5455505534886,0,0.780629950902937,20.3680599078581,12,0,15030.2154887125,-15025.7798027384,1.5455505534886,1.5418159808907,1.54131414044785,0.000501840442850954,0.1912770722701,0.00273089171219723,1.5455505534886,0,267.161443506003,60.6481711487664,4.72327783952503e-10,1,0.98655702280823,0,0.00080377397606135,0.00100368088570191,0,0,0
107.925,9499.49036284538,1.54565628866143,9500,9499.45614514589,1.64865948872483,1.54565628866143,0,0.838335821303996,20.3659241254434,12,0,15030.7574435749,-15025.9938561369,1.54565628866143,1.5418159808907,1.54144212200605,0.000373858884652023,0.265080380114705,0.00309259000142484,1.54565628866143,0,267.161443506003,60.6481711487664,5.1884584476373e-10,1,0.986558238879114,0,0.000792308835356526,0.000747717769304046,0,0,0
107.94,9499.5029378827,1.54575921344749,9500,9499.46501309043,1.64884218783857,1.54575921344749,0,0.893447783526778,20.3638589523111,12,0,15031.2898595681,-15026.213108505,1.54575921344749,1.5418159808907,1.54156892910097,0.000247051789731056,0.337216966862074,0.00344912897733527,1.54575921344749,0,267.161443506003,60.6481711487664,5.63741896627373e-10,1,0.986559544844613,0,0.000779396098833596,0.000494103579462113,0,0,0
107.955,9499.51633959945,1.54585916009457,9500,9499.47484177441,1.64899383903712,1.54585916009457,0,0.945892568375918,20.3618675284008,12,0,15031.8117931352,-15026.4370326117,1.54585916009457,1.5418159808907,1.54169431989967,0.000121660991030392,0.407564651101062,0.00379985722181039,1.54585916009457,0,267.161443506003,60.6481711487664,6.06777905155776e-10,1,0.986560936663918,0,0.000765084167518415,0.000243321982060785,0,0,0
107.97,9499.53052798798,1.54595596948246,9500,9499.48559645449,1.64911460403567,1.54595596948246,0,0.995603471282919,20.3599527947767,12,0,15032.322336463,-15026.6650996839,1.54595596948246,1.5418159808907,1.54181805914341,-2.07825271569817e-06,0.476006790271261,0.00414414509719368,1.54595596948246,0,267.161443506003,60.6481711487664,6.47892817973559e-10,1,0.986562410182082,0,0.000749423557087958,-4.15650543139634e-06,0,0,0
107.985,9499.54546204005,1.54604949133494,9500,9499.49724102304,1.64920470525237,1.54604949133494,0,1.04252040150919,20.358117490347,12,0,15032.8206188772,-15026.8967805216,1.54604949133494,1.5418159808907,1.54193991851752,-0.000123937626818282,0.542432423950275,0.00448138569788326,1.54604949133494,0,267.161443506003,60.6481711487664,6.87030567575593e-10,1,0.986563961140243,0,0.000732466765059447,-0.000247875253636565,0,0,0
108,9499.56109984607,1.54613958440144,9500,9499.50973810236,1.64926442443763,1.54613958440144,0,1.08658990926128,20.3563641492391,12,0,15033.3058080922,-15027.1315465928,1.54613958440144,1.5418159808907,1.5420596770064,-0.000243696115706848,0.606736407173344,0.00481099574216001,1.54613958440144,0,267.161443506003,60.6481711487664,7.24141388562897e-10,1,0.986565585185932,0,0.000714268141315699,-0.000487392231413697,0,0,0
108.015,9499.57739869471,1.54622611663336,9500,9499.52304914026,1.64929410120022,1.54622611663336,0,1.1277652105944,20.3546950982947,12,0,15033.7771114472,-15027.368871128,1.54622611663336,1.5418159808907,1.54217712122224,-0.000361140331542886,0.668819533093168,0.00513241640575208,1.54622611663336,0,267.161443506003,60.6481711487664,7.59180060881404e-10,1,0.986567277883413,0,0.00069488373725024,-0.000722280663085773,0,0,0
108.03,9499.59431517287,1.54630896528254,9500,9499.53713450667,1.64929413143511,1.54630896528254,0,1.16600616068561,20.3531124562394,12,0,15034.2337767745,-15027.6082301384,1.54630896528254,1.5418159808907,1.54229204573853,-0.000476064847834579,0.728588644011721,0.00544511408751468,1.54630896528254,0,267.161443506003,60.6481711487664,7.92105616803798e-10,1,0.986569034724071,0,0.000674371183647438,-0.000952129695669157,0,0,0
108.045,9499.61180526528,1.54638801701782,9500,9499.55195359107,1.6492649656564,1.54638801701782,0,1.20127923949952,20.3516181324558,12,0,15034.6750933533,-15027.8491034516,1.54638801701782,1.5418159808907,1.54240425338721,-0.000588272496516495,0.785956730861512,0.00574858112015603,1.54638801701782,0,267.161443506003,60.6481711487664,8.22883975341583e-10,1,0.986570851136753,0,0.000652789531924824,-0.00117654499303299,0,0,0
108.06,9499.62982445387,1.54646316799379,9500,9499.56746490059,1.64920710724331,1.54646316799379,0,1.23355750680092,20.350213826777,12,0,15035.1003926398,-15028.0909756953,1.54646316799379,1.5418159808907,1.54251355554391,-0.000697574653214517,0.840843018702033,0.0060423364095222,1.54646316799379,0,267.161443506003,60.6481711487664,8.51484867965127e-10,1,0.986572722498088,0,0.000630199125975839,-0.00139514930642903,0,0,0
108.075,9499.64832781647,1.5465343239124,9500,9499.58362615831,1.64912111060406,1.5465343239124,0,1.26282055255109,20.3489010294209,12,0,15035.5090489585,-15028.3333372699,1.5465343239124,1.5418159808907,1.54261977238795,-0.000803791497254513,0.893173038320533,0.00632592601621133,1.5465343239124,0,267.161443506003,60.6481711487664,8.77883887405232e-10,1,0.986574644142736,0,0.000606661451181933,-0.00160758299450903,0,0,0
108.09,9499.66727012476,1.54660140004657,9500,9499.6003944018,1.64900757926336,1.54660140004657,0,1.28905442443237,20.3476810217265,12,0,15035.9004800187,-15028.5756852755,1.54660140004657,1.5418159808907,1.54272273314738,-0.000906752256685017,0.942878683496896,0.0065989236692432,1.54660140004657,0,267.161443506003,60.6481711487664,9.02061462543033e-10,1,0.986576611373566,0,0.000582238999371931,-0.00181350451337003,0,0,0
108.105,9499.68660594113,1.54666432127271,9500,9499.61772608135,1.64886716387988,1.54666432127271,0,1.31225156110536,20.3465548766801,12,0,15036.2741474626,-15028.8175244382,1.54666432127271,1.5418159808907,1.54282227630917,-0.0010062954184753,0.989898253375189,0.00686093121896057,1.54666432127271,0,267.161443506003,60.6481711487664,9.24002565151107e-10,1,0.986578619471707,0,0.000556995117453329,-0.0020125908369506,0,0,0
108.12,9499.70628971454,1.54672302207794,9500,9499.63557715801,1.64870056019918,1.54672302207794,0,1.33241071070685,20.3455234599662,12,0,15036.6295572962,-15029.0583680027,1.54672302207794,1.5418159808907,1.54291824980798,-0.0011022689172846,1.03417648012469,0.00711157902181457,1.54672302207794,0,267.161443506003,60.6481711487664,9.43697880299109e-10,1,0.986580663706513,0,0.000530993872201568,-0.0022045378345692,0,0,0
108.135,9499.7262758752,1.54677744652816,9500,9499.65390320094,1.64850850694728,1.54677744652816,0,1.34953682443499,20.3445874318388,12,0,15036.9662601281,-15029.2977385749,1.54677744652816,1.5418159808907,1.54301051120412,-0.00119453031342021,1.07566454230103,0.00735052626430527,1.54677744652816,0,267.161443506003,60.6481711487664,9.61142488431464e-10,1,0.986582739345385,0,0.000504299910980555,-0.00238906062684041,0,0,0
108.15,9499.74651892757,1.54682754825764,9500,9499.67265948413,1.648291783669,1.54682754825764,0,1.36364096633373,20.3437472485035,12,0,15037.2838515076,-15029.5351689707,1.54682754825764,1.5418159808907,1.54309892781935,-0.00128294692865438,1.11432006487096,0.00757746122424652,1.54682754825764,0,267.161443506003,60.6481711487664,9.76336742975068e-10,1,0.986584841663439,0,0.00047697831303295,-0.00256589385730877,0,0,0
108.165,9499.76697354206,1.54687329041702,9500,9499.69180108214,1.64805120851815,1.54687329041702,0,1.37474019670905,20.3430031643678,12,0,15037.581972059,-15029.7702030124,1.54687329041702,1.5418159808907,1.54318337686009,-0.0013673959693925,1.15010710512232,0.00779210146511135,1.54687329041702,0,267.161443506003,60.6481711487664,9.89285537870948e-10,1,0.986586965953025,0,0.000449094458479182,-0.00273479193878501,0,0,0
108.18,9499.78759464501,1.54691464559922,9500,9499.71128296479,1.64778763600211,1.54691464559922,0,1.38285744289962,20.3423552347417,12,0,15037.8603075067,-15030.0023962859,1.54691464559922,1.5418159808907,1.54326374552215,-0.00144776463145324,1.18299612642781,0.00799419397142698,1.54691464559922,0,267.161443506003,60.6481711487664,9.999974287626e-10,1,0.986589107533071,0,0.000420713885568302,-0.00289552926290648,0,0,0
108.195,9499.80833750666,1.54695159576049,9500,9499.73106009061,1.64750195468726,1.54695159576049,0,1.38802334201018,20.341803320685,13,0,15038.1185779372,-15030.2312949311,1.54695159576049,1.5418159808907,1.54333993106577,-0.00152395017506857,1.2129639593574,0.00818351521993272,1.54695159576049,0,267.161443506003,60.6481711487664,4.45177195121719e-10,1,0.986591261758221,0,0.00039190216177909,-0.00304790035013713,0,0,0
108.21,9499.82915785679,1.54698413211963,9500,9499.75108749895,1.64719508486975,1.54698413211963,0,1.39026819226352,20.3413470842575,13,0,15038.3565806796,-15030.4565242558,1.54698413211963,1.5418159808907,1.5434118408726,-0.00159585998189815,1.23999375076496,0.00835987119273331,1.54698413211963,0,267.161443506003,60.6481711487664,4.48019250310545e-10,1,0.986593424030846,0,0.000362724743425691,-0.0031917199637963,0,0,0
108.225,9499.85001187967,1.54701225465577,9500,9499.77132040806,1.6468679760221,1.54701225465577,0,1.38963342879443,20.3409860117064,13,0,15038.5741237569,-15030.6776569772,1.54701225465577,1.5418159808907,1.5434793926718,-0.0016634117811023,1.2640750142386,0.00852309732727487,1.54701225465577,0,267.161443506003,60.6481711487664,4.49818854804531e-10,1,0.986595589800514,0,0.000333246831849765,-0.00332682356220459,0,0,0
108.24,9499.8708563811,1.54703597288954,9500,9499.79171428657,1.64652160484586,1.54703597288954,0,1.38616413148081,20.3407193903987,13,0,15038.7710729106,-15030.8943028173,1.54703597288954,1.5418159808907,1.54354251409208,-0.00172653320138427,1.28520327473073,0.00867305840160727,1.54703597288954,0,267.161443506003,60.6481711487664,4.5066605299567e-10,1,0.986597754581343,0,0.000303533281368118,-0.00345306640276855,0,0,0
108.255,9499.89164884307,1.54705530519669,9500,9499.81222494964,1.6461569726409,1.54705530519669,0,1.37991048882767,20.3405463262725,13,0,15038.9473379859,-15031.1060865694,1.54705530519669,1.5418159808907,1.54360114292681,-0.00178516203611623,1.30338015745968,0.00880964837822292,1.54705530519669,0,267.161443506003,60.6481711487664,4.50575512214874e-10,1,0.986599913957676,0,0.000273648440213714,-0.00357032407223246,0,0,0
108.27,9499.91234750041,1.54707027856988,9500,9499.83280864443,1.64577510287603,1.54707027856988,0,1.37092757429569,20.3404657498518,13,0,15039.102872133,-15031.3126485693,1.54707027856988,1.5418159808907,1.54365522713927,-0.00183924624856879,1.31861329840224,0.00893279017631909,1.54707027856988,0,267.161443506003,60.6481711487664,4.49562192068457e-10,1,0.98660206359204,0,0.000243656046764462,-0.00367849249713759,0,0,0
108.285,9499.93291141402,1.54708092845449,9500,9499.85342213319,1.64537703875355,1.54708092845449,0,1.3592751745297,20.340476420625,13,0,15039.2376713481,-15031.5136452112,1.54708092845449,1.5418159808907,1.54370472480748,-0.00188874391678762,1.33091624086753,0.0090424353973631,1.54708092845449,0,267.161443506003,60.6481711487664,4.47643539580283e-10,1,0.986604199232756,0,0.000213619091347983,-0.00377748783357523,0,0,0
108.3,9499.95330054164,1.54708729853276,9500,9499.87402277393,1.64496384077629,1.54708729853276,0,1.34501758583769,20.3405769324938,13,0,15039.3517737585,-15031.7087493882,1.54708729853276,1.5418159808907,1.5437496040639,-0.00193362317320256,1.34030831731459,0.00913856398846969,1.54708729853276,0,267.161443506003,60.6481711487664,4.44837147252213e-10,1,0.986606316721281,0,0.000183599713248217,-0.00386724634640512,0,0,0
108.315,9499.97347580543,1.54708944052447,9500,9499.89456859841,1.64453658431942,1.54708944052447,0,1.32822146878687,20.3407657167544,12,0,15039.4452696153,-15031.8976726759,1.54708944052447,1.5418159808907,1.54378984300353,-0.0019738621128309,1.34681451938292,0.00922118385943139,1.54708944052447,0,267.161443506003,60.6481711487664,9.99618929840698e-10,1,0.986608411999233,0,0.000153659069112022,-0.00394772422566181,0,0,0
108.33,9499.99339912746,1.54708741397921,9500,9499.91501838744,1.64409635721198,1.54708741397921,0,1.308963524416,20.3410410552571,12,0,15039.5182577967,-15032.0800782143,1.54708741397921,1.5418159808907,1.54382542956671,-0.00200944867600872,1.35046535713352,0.0092903304405318,1.54708741397921,0,267.161443506003,60.6481711487664,9.89228849539221e-10,1,0.986610481112074,0,0.000123857244136438,-0.00401889735201744,0,0,0
108.345,9500.01303358032,1.54708128642219,9500,9499.93533173598,1.64364425752437,1.54708128642219,0,1.28731866168218,20.3414010665088,12,0,15039.570911273,-15032.2557134109,1.54708128642219,1.5418159808907,1.54385636122515,-0.00204038033444864,1.35129659690494,0.00934606620039319,1.54708128642219,0,267.161443506003,60.6481711487664,9.77154372957842e-10,1,0.986612520224753,0,9.42531375196509e-05,-0.00408076066889729,0,0,0
108.36,9500.03234336025,1.54707113218637,9500,9499.95546914021,1.64318139074383,1.54707113218637,0,1.26336714379519,20.3418437387402,12,0,15039.6034286875,-15032.4243209115,1.54707113218637,1.5418159808907,1.543882645299,-0.00206666440830117,1.34934938435365,0.00938848011227704,1.54707113218637,0,267.161443506003,60.6481711487664,9.63271448658149e-10,1,0.986614525618911,0,6.49043469915789e-05,-0.00413332881660233,0,0,0
108.375,9500.05129386741,1.54705703272313,9500,9499.97539205526,1.64270886763504,1.54705703272313,0,1.23719274342286,20.3423669220419,12,0,15039.6160468754,-15032.5856616023,1.54705703272313,1.5418159808907,1.54390429850869,-0.00208831761799577,1.34466990436224,0.00941768706842325,1.54705703272313,0,267.161443506003,60.6481711487664,9.4763545003569e-10,1,0.986616493701224,0,3.58670835485242e-05,-0.00417663523599154,0,0,0
108.39,9500.06985175856,1.54703907637245,9500,9499.99506295865,1.64222780190821,1.54703907637245,0,1.20888254699813,20.3429683338652,12,0,15039.6090400103,-15032.7395148675,1.54703907637245,1.5418159808907,1.54392134677783,-0.00210536588713306,1.33730920289741,0.00943382725602008,1.54703907637245,0,267.161443506003,60.6481711487664,9.30306868440384e-10,1,0.98661842100887,0,7.19606951293805e-06,-0.00421073177426612,0,0,0
108.405,9500.08798499676,1.547017358084,9500,9500.01444541101,1.64173930791129,1.547017358084,0,1.1785267295202,20.3436455655386,12,0,15039.5827185093,-15032.8856787736,1.547017358084,1.5418159808907,1.5439338250377,-0.00211784414700023,1.32732300664213,0.0094370654873009,1.547017358084,0,267.161443506003,60.6481711487664,9.11348532232866e-10,1,0.986620304214691,0,-2.1055536374659e-05,-0.00423568829400045,0,0,0
108.42,9500.10566289771,1.54699197911041,9500,9500.0335041139,1.6412444983486,1.54699197911041,0,1.14621831470453,20.3443960893358,12,0,15039.5374277958,-15033.0239701955,1.54699197911041,1.5418159808907,1.54394177702881,-0.0021257961381087,1.31477154067965,0.00942759049593231,1.54699197911041,0,267.161443506003,60.6481711487664,8.90823996768191e-10,1,0.986622140132004,0,-4.88362364414741e-05,-0.00425159227621741,0,0,0
108.435,9500.12285617243,1.54696304671851,9500,9500.05220496471,1.64074448203216,1.54696304671851,0,1.11205294990493,20.3452172651165,12,0,15039.4735471304,-15033.1542249258,1.54696304671851,1.5418159808907,1.54394525507156,-0.0021292741808614,1.29971934240712,0.00940561418953364,1.54696304671851,0,267.161443506003,60.6481711487664,8.68800617493651e-10,1,0.986623925719039,0,-7.60962686356947e-05,-0.00425854836172279,0,0,0
108.45,9500.13953696668,1.546930673841,9500,9500.07051510833,1.6402403616714,1.546930673841,0,1.07612864548095,20.3461063481991,12,0,15039.3914881498,-15033.2762976947,1.546930673841,1.5418159808907,1.54394431984987,-0.00212833895917242,1.28223507034011,0.00937137086864758,1.546930673841,0,267.161443506003,60.6481711487664,8.45347061919769e-10,1,0.986625658083025,0,-0.000102787686117711,-0.00425667791834483,0,0,0
108.465,9500.15567889636,1.54689497875505,9500,9500.08840298569,1.6397332317057,1.54689497875505,0,1.03854553557952,20.3470604966119,12,0,15039.2916935172,-15033.3900621797,1.54689497875505,1.5418159808907,1.54393904016347,-0.00212305927277212,1.26239130789195,0.00932511640989461,1.54689497875505,0,267.161443506003,60.6481711487664,8.20533602233168e-10,1,0.986627334483876,0,-0.000128864419512542,-0.00424611854554424,0,0,0
108.48,9500.17125707939,1.54685608475383,9500,9500.10583837889,1.63922417618647,1.54685608475383,0,0.99940563691456,20.3480767784496,12,0,15039.1746355209,-15033.4954109753,1.54685608475383,1.5418159808907,1.54392949266969,-0.00211351177898855,1.2402643606108,0.00926712742111397,1.54685608475383,0,267.161443506003,60.6481711487664,7.94432261592456e-10,1,0.98662895233749,0,-0.000154282356712665,-0.00422702355797711,0,0,0
108.495,9500.18624816395,1.54681411979458,9500,9500.12279245286,1.63871426671265,1.54681411979458,0,0.958812596120997,20.3491521796928,12,0,15039.0408145511,-15033.5922555057,1.54681411979458,1.5418159808907,1.54391576161905,-0.00209978072835759,1.21593404762411,0.00919770036059327,1.54681411979458,0,267.161443506003,60.6481711487664,7.67116228754813e-10,1,0.986630509218692,0,-0.000178999395309631,-0.00419956145671518,0,0,0
108.51,9500.20063035289,1.54676921617943,9500,9500.13923779358,1.63820456042338,1.54676921617943,0,0.916871461821275,20.3502836112767,12,0,15038.8907577152,-15033.6805259349,1.54676921617943,1.5418159808907,1.54389793856268,-0.00208195767198482,1.18948348782077,0.00911715063270393,1.54676921617943,0,267.161443506003,60.6481711487664,7.38660443472894e-10,1,0.986632002863767,0,-0.00020297549922188,-0.00416391534396965,0,0,0
108.525,9500.21438342481,1.54672151021433,9500,9500.15514844273,1.63769609805283,1.54672151021433,0,0.873688445141886,20.3514679165951,12,0,15038.7250173321,-15033.7601710233,1.54672151021433,1.5418159808907,1.54387612205791,-0.00206014116720965,1.16099888062051,0.00902581165805409,1.54672151021433,0,267.161443506003,60.6481711487664,7.0914086486053e-10,1,0.986633431172645,0,-0.000226172753851062,-0.0041202823344193,0,0,0
108.54,9500.22748875149,1.54667114187902,9500,9500.17049992878,1.63718990204825,1.54667114187902,0,0.829370691083304,20.3527018787212,12,0,15038.5441694674,-15033.8311579616,1.54667114187902,1.5418159808907,1.54385041735595,-0.00203443646524959,1.13056928346682,0.00892403391882111,1.54667114187902,0,267.161443506003,60.6481711487664,6.78633154469511e-10,1,0.986634792210712,0,-0.000248555412060369,-0.00406887293049918,0,0,0
108.555,9500.23992931186,1.54661825447619,9500,9500.18526929454,1.63668697475487,1.54661825447619,0,0.784026039448774,20.3539822280399,12,0,15038.3488123559,-15033.8934721524,1.54661825447619,1.5418159808907,1.54382093608965,-0.0020049551989505,1.09828638609738,0.00881218398339394,1.54661825447619,0,267.161443506003,60.6481711487664,6.47215749532853e-10,1,0.986636084210268,0,-0.000270089929481188,-0.004009910397901,0,0,0
108.57,9500.25168970245,1.54656299431651,9500,9500.19943512128,1.6361882966694,1.54656299431651,0,0.73776281192548,20.3553056490692,12,0,15038.1395649745,-15033.9471169942,1.54656299431651,1.5418159808907,1.54378779593536,-0.00197181504465882,1.06424428294875,0.00869064351512741,1.54656299431651,0,267.161443506003,60.6481711487664,6.14966643701892e-10,1,0.986637305571603,0,-0.000290745005507187,-0.00394363008931764,0,0,0
108.585,9500.26275614463,1.54650551035924,9500,9500.21297754917,1.63569482476499,1.54650551035924,0,0.690689573833775,20.3566687882002,12,0,15037.9170653982,-15033.9921135911,1.54650551035924,1.5418159808907,1.54375112028775,-0.00193513939705459,1.02853924394698,0.00855980826264917,1.54650551035924,0,267.161443506003,60.6481711487664,5.81962948277966e-10,1,0.986638454863753,0,-0.000310491613617625,-0.00387027879410917,0,0,0
108.6,9500.27311648824,1.54644595388789,9500,9500.22587829442,1.6352074908885,1.54644595388789,0,0.642914921313149,20.3580682606461,12,0,15037.681969301,-15034.0285004639,1.54644595388789,1.5418159808907,1.54371103791036,-0.00189505701966231,0.991269485006833,0.00842008703652124,1.54644595388789,0,267.161443506003,60.6481711487664,5.48283672828456e-10,1,0.986639530824879,0,-0.000329303024067196,-0.00379011403932461,0,0,0
108.615,9500.28276021205,1.54638447815296,9500,9500.23812066282,1.63472720023323,1.54638447815296,0,0.594547250336201,20.3595006580646,12,0,15037.434948292,-15034.0563331997,1.54638447815296,1.5418159808907,1.54366768259741,-0.00185170170671656,0.952534938116337,0.008271900675691,1.54638447815296,0,267.161443506003,60.6481711487664,5.14007969404089e-10,1,0.986640532362311,0,-0.000347154825174778,-0.00370340341343312,0,0,0
108.63,9500.29167842081,1.54632123803983,9500,9500.24968956,1.63425482988767,1.54632123803983,0,0.545694545393065,20.3609625556018,12,0,15037.1766883554,-15034.0756840928,1.54632123803983,1.5418159808907,1.54362119281831,-0.00180521192761418,0.912437022144551,0.00811568100436235,1.54632123803983,0,267.161443506003,60.6481711487664,4.79213962158291e-10,1,0.986641458552242,0,-0.000364024943338315,-0.00361042385522836,0,0,0
108.645,9500.29986383899,1.5462563897216,9500,9500.26057149814,1.63379122746395,1.5462563897216,0,0.496464160548053,20.3624505192298,12,0,15036.9078882024,-15034.0866417422,1.5462563897216,1.5418159808907,1.54357171136518,-0.00175573047447886,0.871078413676025,0.00795186977986011,1.5462563897216,0,267.161443506003,60.6481711487664,4.43979771994874e-10,1,0.986642308639082,0,-0.000379893644457896,-0.00351146094895771,0,0,0
108.66,9500.3073108014,1.54619009032303,9500,9500.27075459943,1.63333720980579,1.54619009032303,0,0.446964421688431,20.3639611145544,11,0,15036.6292478154,-15034.0892904908,1.54619009032303,1.5418159808907,1.54351938499446,-0.00170340410376069,0.828562819368239,0.00778091763985406,1.54619009032303,0,267.161443506003,60.6481711487664,9.25709849811081e-10,1,0.986643082034479,0,-0.000394743546533682,-0.00340680820752137,0,0,0
108.675,9500.31401526772,1.54612249757629,9500,9500.28022859612,1.63289356177914,1.54612249757629,0,0.397296992058771,20.365490907187,11,0,15036.3415071712,-15034.083792534,1.54612249757629,1.5418159808907,1.54346436406986,-0.00164838317916027,0.784994749200059,0.0076032830439139,1.54612249757629,0,267.161443506003,60.6481711487664,8.44756393401072e-10,1,0.986643778318831,0,-0.000408559620105109,-0.00329676635832055,0,0,0
108.69,9500.3199747226,1.54605376915074,9500,9500.2889848344,1.63246103496706,1.54605376915074,0,0.347567864912786,20.3670364869199,11,0,15036.0453810083,-15034.0702602197,1.54605376915074,1.5418159808907,1.54340680236811,-0.00159082147741052,0.740479395429828,0.0074194312148666,1.54605376915074,0,267.161443506003,60.6481711487664,7.6292192405172e-10,1,0.986644397230908,0,-0.00042132919026816,-0.00318164295482104,0,0,0
108.705,9500.32518824058,1.54598406321099,9500,9500.2970162513,1.63204034704479,1.54598406321099,0,0.29787995263521,20.3685944489822,11,0,15035.7416036742,-15034.0488430101,1.54598406321099,1.5418159808907,1.54334685627017,-0.0015308753794756,0.695122141655471,0.00722983307924593,1.54598406321099,0,267.161443506003,60.6481711487664,6.8078628648959e-10,1,0.986644938674597,0,-0.000433041906103382,-0.00306175075895121,0,0,0
108.72,9500.32965643987,1.54591353750772,9500,9500.30431737447,1.63163218059302,1.54591353750772,0,0.248334507757644,20.3701614149139,11,0,15035.430913994,-15034.0197042759,1.54591353750772,1.5418159808907,1.54328468469294,-0.00146870380223918,0.64902851678863,0.00703496422149941,1.54591353750772,0,267.161443506003,60.6481711487664,5.98520031971386e-10,1,0.986645402714104,0,-0.000443689737791297,-0.00293740760447836,0,0,0
108.735,9500.33338145748,1.54584234906058,9500,9500.31088431001,1.63123718221357,1.54584234906058,0,0.199030941431487,20.3717340390685,11,0,15035.1140536836,-15033.9830207417,1.54584234906058,1.5418159808907,1.5432204487255,-0.00140446783480708,0.602303983647023,0.00683530383949332,1.54584234906058,0,267.161443506003,60.6481711487664,5.16291806661584e-10,1,0.986645789571365,0,-0.000453266965115162,-0.00280893566961415,0,0,0
108.75,9500.33636692161,1.54577065382555,9500,9500.31671472699,1.63085596173833,1.54577065382555,0,0.15006470207869,20.3733090127115,10,0,15034.7917761665,-15033.9390033585,1.54577065382555,1.5418159808907,1.54315431127587,-0.00133833038516862,0.555053725517263,0.0066313337051915,1.54577065382555,0,267.161443506003,60.6481711487664,9.8479599899147e-10,1,0.98664609962318,0,-0.00046177015067328,-0.00267666077033724,0,0,0
108.765,9500.33861789214,1.54569860641119,9500,9500.32180783888,1.63048909152966,1.54569860641119,0,0.101535235352242,20.374883080643,10,0,15034.4648010887,-15033.8878065851,1.54569860641119,1.5418159808907,1.54308643669915,-0.00127045580845042,0.507382433497598,0.00642353713738853,1.54569860641119,0,267.161443506003,60.6481711487664,7.98770371195225e-10,1,0.986646333395038,0,-0.000469198111960889,-0.00254091161690084,0,0,0
108.78,9500.34014092067,1.54562636015075,9500,9500.32616437431,1.63013710606342,1.54562636015075,0,0.0535332940377361,20.3764530229097,10,0,15034.1338837617,-15033.8296699461,1.54562636015075,1.5418159808907,1.54301699025417,-0.00120100936347645,0.459393984872243,0.00621239798700612,1.54562636015075,0,267.161443506003,60.6481711487664,6.15007484534469e-10,1,0.98664649156735,0,-0.000475551881480074,-0.00240201872695289,0,0,0
108.795,9500.34094392008,1.54555406585088,9500,9500.329786571,1.62980050094725,1.54555406585088,0,0.00615096664088271,20.3780156908358,9,0,15033.7997504584,-15033.7647963383,1.54555406585088,1.5418159808907,1.54294613823078,-0.00113015734007815,0.411191533346699,0.00599839964034009,1.54555406585088,0,267.161443506003,60.6481711487664,9.79731859519513e-10,1,0.986646574961895,0,-0.000480834696622079,-0.00226031468015631,0,0,0
108.81,9500.34103618458,1.54548187218668,9500,9500.33267813748,1.62947973276142,1.54548187218668,0,-0.0405287599142596,20.3795680002965,9,0,15033.463158802,-15033.693471733,1.54548187218668,1.5418159808907,1.54287404725613,-0.00105806636543648,0.362877104217544,0.00578202402686016,1.54548187218668,0,267.161443506003,60.6481711487664,5.72978292933506e-10,1,0.986646584543915,0,-0.000485051944021375,-0.00211613273087297,0,0,0
108.825,9500.34042825318,1.54540992510039,9500,9500.33484422986,1.6291752185444,1.54540992510039,0,-0.0864193703961459,20.3811069205015,8,0,15033.1248231193,-15033.6159187577,1.54540992510039,1.5418159808907,1.54280088411187,-0.000984903221177724,0.314551502158187,0.00556375065205054,1.54540992510039,0,267.161443506003,60.6481711487664,3.88519950795898e-10,1,0.986646521407925,0,-0.000488211128909066,-0.00196980644235545,0,0,0
108.84,9500.33913196262,1.54533836857985,9500,9500.33629139931,1.62888733604205,1.54533836857985,0,-0.131435093983184,20.3826295303051,8,0,15032.7854464437,-15033.5323529795,1.54533836857985,1.5418159808907,1.54272681486814,-0.00091083397744196,0.266313806034852,0.00534405564404146,1.54533836857985,0,267.161443506003,60.6481711487664,5.30353326166933e-10,1,0.986646386783215,0,-0.000490321791296378,-0.00182166795488392,0,0,0
108.855,9500.33716043621,1.54526734381933,9500,9500.3370275668,1.62861642330154,1.54526734381933,0,-0.175501957178127,20.384132940576,9,0,15032.4457711157,-15033.4430963178,1.54526734381933,1.5418159808907,1.54265200484536,-0.000836023954662757,0.218261378847205,0.00512341083795809,1.54526734381933,0,267.161443506003,60.6481711487664,6.21666501319611e-10,1,0.986646182032692,0,-0.000491395477251633,-0.00167204790932551,0,0,0
108.87,9500.33452790685,1.54519698814366,9500,9500.33706200157,1.62836277819206,1.54519698814366,0,-0.218538587908253,20.3856143424278,10,0,15032.1064659221,-15033.3483550979,1.54519698814366,1.5418159808907,1.54257661870081,-0.000760637810113707,0.170489929037524,0.00490228287319485,1.54519698814366,0,267.161443506003,60.6481711487664,4.44005864092866e-10,1,0.986645908634496,0,-0.000491445698089343,-0.00152127562022741,0,0,0
108.885,9500.33124982803,1.54512743605395,9500,9500.33640525925,1.62812665896413,1.54512743605395,0,-0.260476259918911,20.3870710284489,10,0,15031.7682455892,-15033.2484534519,1.54512743605395,1.5418159808907,1.5425008194636,-0.000684838572901025,0.123092964436866,0.00468113230905465,1.54512743605395,0,267.161443506003,60.6481711487664,6.09494204625112e-10,1,0.986645568193531,0,-0.000490487853838761,-0.00136967714580205,0,0,0
108.9,9500.32734268414,1.54505881768474,9500,9500.3350691648,1.62790828371803,1.54505881768474,0,-0.301244606152648,20.3885003956762,10,0,15031.4317792285,-15033.1436605777,1.54505881768474,1.5418159808907,1.54242476888109,-0.000608787990392656,0.0761620274836823,0.0044604127748272,1.54505881768474,0,267.161443506003,60.6481711487664,7.71799437359457e-10,1,0.986645162421763,0,-0.00048853918977998,-0.00121757598078531,0,0,0
108.915,9500.32282401504,1.54499125964135,9500,9500.33306675076,1.62770783102098,1.54499125964135,0,-0.340777727846006,20.3898999244824,10,0,15031.0977305069,-15033.0342656253,1.54499125964135,1.5418159808907,1.54234862658508,-0.000532645694385048,0.0297862187043865,0.00424057013942621,1.54499125964135,0,267.161443506003,60.6481711487664,9.30081456147431e-10,1,0.986644693140775,0,-0.000485618725092118,-0.0010652913887701,0,0,0
108.93,9500.31771234912,1.5449248844562,9500,9500.33041221776,1.62752544000208,1.5449248844562,0,-0.379015361825396,20.3912671921574,11,0,15030.7667597043,-15032.9205863887,1.5449248844562,1.5418159808907,1.54227254996451,-0.000456569073817192,-0.0159478441977033,0.00402204171313476,1.5449248844562,0,267.161443506003,60.6481711487664,4.78292538970166e-10,1,0.986644162274809,0,-0.000481747177125236,-0.000913138147634385,0,0,0
108.945,9500.3120271187,1.54485981038944,9500,9500.32712088806,1.62736121065861,1.54485981038944,0,-0.415894756555213,20.3925998826431,11,0,15030.4394779037,-15032.8028773295,1.54485981038944,1.5418159808907,1.54219669388304,-0.000380712992340992,-0.0609561637829396,0.0038052554834284,1.54485981038944,0,267.161443506003,60.6481711487664,5.44662282503004e-10,1,0.986643571841985,0,-0.000476946911038167,-0.000761425984681985,0,0,0
108.96,9500.30578869735,1.54479615164242,9500,9500.32320914906,1.62721520444714,1.54479615164242,0,-0.451362383542291,20.3938957733167,11,0,15030.1165124983,-15032.681461637,1.54479615164242,1.5418159808907,1.54212121020156,-0.000305229310867405,-0.105157615031664,0.00359062937346123,1.54479615164242,0,267.161443506003,60.6481711487664,6.08552398756092e-10,1,0.986642923958179,0,-0.000471241841501158,-0.000610458621734811,0,0,0
108.975,9500.29901826159,1.54473401723671,9500,9500.31869442124,1.62708744429999,1.54473401723671,0,-0.485366965617723,20.3951527632469,11,0,15029.7984601439,-15032.556644562,1.54473401723671,1.5418159808907,1.54204624799008,-0.00023026709938434,-0.14847378343644,0.00337857054478571,1.54473401723671,0,267.161443506003,60.6481711487664,6.7024006367376e-10,1,0.98664222082265,0,-0.000464657393433043,-0.000460534198768681,0,0,0
108.99,9500.29173775711,1.54467351140698,9500,9500.31359509851,1.62697791536512,1.54467351140698,0,-0.517861006461209,20.3963688630527,11,0,15029.4858983355,-15032.4287336855,1.54467351140698,1.5418159808907,1.54197195299143,-0.00015597210073115,-0.19082924504936,0.00316947471774084,1.54467351140698,0,267.161443506003,60.6481711487664,7.29634721681393e-10,1,0.986641464714543,0,-0.000457220417219295,-0.0003119442014623,0,0,0
109.005,9500.28396984201,1.54461473346312,9500,9500.30793049527,1.6268865656202,1.54461473346312,0,-0.548800829107027,20.3975421972489,11,0,15029.1793845296,-15032.2980382598,1.54461473346312,1.5418159808907,1.54189846736948,-8.24864787827284e-05,-0.232151685549147,0.00296372552999216,1.54461473346312,0,267.161443506003,60.6481711487664,7.86648445052071e-10,1,0.986640657986987,0,-0.000448959104112578,-0.000164972957565457,0,0,0
109.02,9500.27573782958,1.5445577776941,9500,9500.30172079247,1.6268133065517,1.5445577776941,0,-0.5781465863157,20.3986710056909,11,0,15028.8794554568,-15032.1648685793,1.5445577776941,1.5418159808907,1.54182592945557,-9.9485648705766e-06,-0.272372007616562,0.0027616939331415,1.5445577776941,0,267.161443506003,60.6481711487664,8.41202518763603e-10,1,0.986639803061157,0,-0.000439902911527623,-1.98971297411532e-05,0,0,0
109.035,9500.26706563078,1.54450273326148,9500,9500.29498698285,1.626758013896,1.54450273326148,0,-0.60586227744844,20.3997536452369,11,0,15028.5866263861,-15032.0295353419,1.54450273326148,1.5418159808907,1.54175447351678,6.15073739145267e-05,-0.311424427165718,0.00256373762295407,1.54450273326148,0,267.161443506003,60.6481711487664,8.93222318978618e-10,1,0.986638902420297,0,-0.000430082480167737,0.000123014747829053,0,0,0
109.05,9500.25797769662,1.54444968407557,9500,9500.28775081545,1.62672052843956,1.54444968407557,0,-0.631915776368687,20.4007885917844,11,0,15028.3013903076,-15031.8923489884,1.54444968407557,1.5418159808907,1.5416842295517,0.00013175133899912,-0.349246558669955,0.00237020050687858,1.54444968407557,0,267.161443506003,60.6481711487664,9.42640678753633e-10,1,0.986637958603736,0,-0.000419529559253728,0.00026350267799824,0,0,0
109.065,9500.24849895997,1.54439870871694,9500,9500.28003473954,1.62670065687503,1.54439870871694,0,-0.656278829837701,20.4017744413235,11,0,15028.0242173229,-15031.7536190847,1.54439870871694,1.5418159808907,1.54161532308018,0.000200657810514704,-0.385779489955952,0.00218141220521441,1.54439870871694,0,267.161443506003,60.6481711487664,9.89396132215699e-10,1,0.98663697420085,0,-0.000408276914366734,0.000401315621029408,0,0,0
109.08,9500.23865477753,1.54434988032379,9500,9500.27186184807,1.62669817271313,1.54434988032379,0,-0.67892505536857,20.4027099138713,12,0,15027.7555428848,-15031.6136311833,1.54434988032379,1.5418159808907,1.54154787497103,0.000268105919671191,-0.420967848420139,0.00199768759374938,1.54434988032379,0,267.161443506003,60.6481711487664,4.5588471935865e-10,1,0.986635951845025,0,-0.00039635825151918,0.000536211839342382,0,0,0
109.095,9500.22847090169,1.54430326653632,9500,9500.26325582065,1.62671281724691,1.54430326653632,0,-0.69983796066876,20.4035938458738,12,0,15027.4958109611,-15031.4727355587,1.54430326653632,1.5418159808907,1.54148200125817,0.000333979632530124,-0.454759858392071,0.00181932638056574,1.54430326653632,0,267.161443506003,60.6481711487664,4.739115090798e-10,1,0.98663489421075,0,-0.00038380813379324,0.000667959265060247,0,0,0
109.11,9500.21797333228,1.54425892903262,9500,9500.25424087409,1.62674430036818,1.54425892903262,0,-0.718999222392619,20.4044252111426,12,0,15027.2454066266,-15031.3312131908,1.54425892903262,1.5418159808907,1.54141781317991,0.000398167710783159,-0.487107275106675,0.00164661272035879,1.54425892903262,0,267.161443506003,60.6481711487664,4.90876704929319e-10,1,0.986633803998202,0,-0.00037066190534274,0.000796335421566319,0,0,0
109.125,9500.20718834395,1.54421692440889,9500,9500.24484168729,1.62679230207205,1.54421692440889,0,-0.736395980521912,20.405203093941,12,0,15027.0047028943,-15031.1893640479,1.54421692440889,1.5418159808907,1.54135541656308,0.000460564327618984,-0.517965711338342,0.00147981486295455,1.54421692440889,0,267.161443506003,60.6481711487664,5.06585964373662e-10,1,0.986632683936105,0,-0.000356955583022511,0.000921128655237968,0,0,0
109.14,9500.19614240424,1.54417730360453,9500,9500.23508335269,1.62685647334241,1.54417730360453,0,-0.752019198200499,20.4059267024933,12,0,15026.7740471623,-15031.0474842121,1.54417730360453,1.5418159808907,1.54129491195908,0.000521068931620627,-0.547294499617872,0.00131918485059442,1.54417730360453,0,267.161443506003,60.6481711487664,5.21027566742578e-10,1,0.986631536773215,0,-0.000342725786485865,0.00104213786324125,0,0,0
109.155,9500.18486211627,1.54414011185192,9500,9500.22499131914,1.62693643729419,1.54414011185192,0,-0.765863642942816,20.406595369432,12,0,15026.5537607416,-15030.9058653003,1.54414011185192,1.5418159808907,1.54123639453342,0.000579586357275508,-0.575056712823443,0.00116495824667578,1.54414011185192,0,267.161443506003,60.6481711487664,5.34189496829661e-10,1,0.986630365272364,0,-0.000328009652793337,0.00115917271455102,0,0,0
109.17,9500.17337416163,1.54410538864309,9500,9500.2145913346,1.62703179035913,1.54410538864309,0,-0.777927856920055,20.4072085518831,12,0,15026.3441384627,-15030.7647939013,1.54410538864309,1.5418159808907,1.54117995396596,0.000636026924734967,-0.60121918067289,0.00101735390291878,1.54410538864309,0,267.161443506003,60.6481711487664,5.4606383511173e-10,1,0.98662917220454,0,-0.00031284475296145,0.00127205384946993,0,0,0
109.185,9500.16170524377,1.54407316775371,9500,9500.20390938901,1.62714210351369,1.54407316775371,0,-0.788214090168197,20.4077658303208,12,0,15026.1454485553,-15030.6245510758,1.54407316775371,1.5418159808907,1.54112567434123,0.000690306549463893,-0.62575250203142,0.00087657376408613,1.54407316775371,0,267.161443506003,60.6481711487664,5.56645879944454e-10,1,0.986627960342997,0,-0.000297269009420731,0.00138061309892779,0,0,0
109.2,9500.14988203242,1.54404347727164,9500,9500.19297165722,1.62726692354617,1.54404347727164,0,-0.796728232473019,20.4082669073353,12,0,15025.9579325489,-15030.4854118688,1.54404347727164,1.5418159808907,1.54107363405515,0.00074234683554808,-0.648631052404601,0.000742802709846802,1.54404347727164,0,267.161443506003,60.6481711487664,5.65932245378208e-10,1,0.986626732457487,0,-0.000281320614852865,0.00148469367109616,0,0,0
109.215,9500.13793110893,1.54401633962709,9500,9500.18180444233,1.62740577435681,1.54401633962709,0,-0.803479744574198,20.4087116063716,12,0,15025.7818051883,-15030.3476448349,1.54401633962709,1.5418159808907,1.54102390573908,0.000792075151613281,-0.669832984087243,0.000616208433163013,1.54401633962709,0,267.161443506003,60.6481711487664,5.73923202752754e-10,1,0.986625491308586,0,-0.00026503793763144,0.00158415030322656,0,0,0
109.23,9500.12587891276,1.54399177165875,9500,9500.17043411957,1.62755815828737,1.54399177165875,0,-0.808481567377173,20.4090998697065,12,0,15025.6172545207,-15030.2115116078,1.54399177165875,1.5418159808907,1.54097655618729,0.00083942470341114,-0.689340218688159,0.000496941361228864,1.54399177165875,0,267.161443506003,60.6481711487664,5.80621656554565e-10,1,0.986624239642131,0,-0.000248459461043904,0.00167884940682228,0,0,0
109.245,9500.11375168925,1.54396978466377,9500,9500.15888708078,1.62772355747541,1.54396978466377,0,-0.811750042851581,20.4094317567859,12,0,15025.4644419118,-15030.0772664673,1.54396978466377,1.5418159808907,1.54093164630604,0.0008843345846552,-0.707138431222658,0.000385134603759108,1.54396978466377,0,267.161443506003,60.6481711487664,5.86032559269893e-10,1,0.9866229801838,0,-0.000231623675761794,0.0017686691693104,0,0,0
109.26,9500.10157543861,1.54395038448958,9500,9500.14718967988,1.62790143522887,1.54395038448958,0,-0.813304808710743,20.4097074416708,12,0,15025.3235022647,-15029.9451559588,1.54395038448958,1.5418159808907,1.54088923106609,0.000926749824607276,-0.723217025357919,0.0002809039496663,1.54395038448958,0,267.161443506003,60.6481711487664,5.90164082313307e-10,1,0.986621715633816,0,-0.00021456902827266,0.00185349964921455,0,0,0
109.275,9500.08937586648,1.54393357158118,9500,9500.13536817907,1.62809123741797,1.54393357158118,0,-0.813168723480654,20.4099272114584,12,0,15025.1945440356,-15029.8154184833,1.54393357158118,1.5418159808907,1.54084935948893,0.00096662140176873,-0.737569100373401,0.000184347886943604,1.54393357158118,0,267.161443506003,60.6481711487664,5.93027030891262e-10,1,0.986620448661806,0,-0.000197333817548717,0.00193324280353746,0,0,0
109.29,9500.07717833563,1.54391934108805,9500,9500.12344869636,1.62829239387915,1.54391934108805,0,-0.811367754320603,20.4100914634306,12,0,15025.0776495325,-15029.6882839575,1.54391934108805,1.5418159808907,1.54081207462655,0.00100390626415181,-0.750191409093796,9.55476690466808e-05,1.54391934108805,0,267.161443506003,60.6481711487664,5.94632649083293e-10,1,0.986619181901791,0,-0.000179956135551773,0.00200781252830362,0,0,0
109.305,9500.06500781931,1.54390768293341,9500,9500.111457154,1.62850431983062,1.54390768293341,0,-0.807930890124191,20.4102007030281,12,0,15024.9728750464,-15029.5639734516,1.54390768293341,1.5418159808907,1.54077741357337,0.00103856731733099,-0.761084308898713,1.45674080483829e-05,1.54390768293341,0,267.161443506003,60.6481711487664,5.94997595661715e-10,1,0.986617917947339,0,-0.000162473782065131,0.00207713463466197,0,0,0
109.32,9500.05288885596,1.54389858192468,9500,9500.0994192283,1.6287264172944,1.54389858192468,0,-0.802890029601081,20.4102555409512,12,0,15024.88025118,-15029.4426988809,1.54389858192468,1.5418159808907,1.54074540747676,0.00107057341393357,-0.77025170497998,-5.85457938809261e-05,1.54389858192468,0,267.161443506003,60.6481711487664,5.94138675994764e-10,1,0.986616659346857,0,-0.000144924194334983,0.00214114682786715,0,0,0
109.335,9500.04084550552,1.54389201784766,9500,9500.08736030068,1.62895807652386,1.54389201784766,0,-0.796279881268241,20.410256690628,12,0,15024.7997831066,-15029.3246626966,1.54389201784766,1.5418159808907,1.54071608157155,0.001099899319148,-0.777700987427289,-0.000123761681331669,1.54389201784766,0,267.161443506003,60.6481711487664,5.92075769076607e-10,1,0.986615408599064,0,-0.000127344382609973,0.002199798638296,0,0,0
109.35,9500.0289013073,1.54388796560013,9500,9500.07530541008,1.62919867743321,1.54388796560013,0,-0.788137839424177,20.4102049648478,12,0,15024.7314510196,-15029.21005763,1.54388796560013,1.5418159808907,1.54068945520923,0.00112652568147009,-0.783442962058848,-0.000181066653506156,1.54388796560013,0,267.161443506003,60.6481711487664,5.88830510628194e-10,1,0.986614168148608,0,-0.000109770845698742,0.00225305136294018,0,0,0
109.365,9500.01707923971,1.54388639528377,9500,9500.06327920679,1.62944759102665,1.54388639528377,0,-0.778503888504701,20.4101012733115,12,0,15024.6752103962,-15029.0990664122,1.54388639528377,1.5418159808907,1.54066554192712,0.00115043896357236,-0.787491775629557,-0.00023046353407059,1.54388639528377,0,267.161443506003,60.6481711487664,5.84426878647187e-10,1,0.986612940381882,0,-9.22395201610193e-05,0.00230087792714473,0,0,0
109.38,9500.00540168138,1.54388727237905,9500,9500.05130590782,1.62970418082369,1.54388727237905,0,-0.767420455399127,20.4099466184108,12,0,15024.6309926529,-15028.9918615907,1.54388727237905,1.5418159808907,1.54064434948745,0.00117163140324861,-0.78986483526558,-0.000271971318143049,1.54388727237905,0,267.161443506003,60.6481711487664,5.78890900887447e-10,1,0.986611727622992,0,-7.47857007561414e-05,0.00234326280649721,0,0,0
109.395,9499.99389037455,1.54389055783838,9500,9500.03940925374,1.62996780427957,1.54389055783838,0,-0.754932316388385,20.4097420927895,12,0,15024.5987054295,-15028.8886052834,1.54389055783838,1.5418159808907,1.54062587997512,0.00119010091558192,-0.7905827234024,-0.000305624883483313,1.54389055783838,0,267.161443506003,60.6481711487664,5.72250947708453e-10,1,0.986610532129954,0,-5.7443994722961e-05,0.00238020183116383,0,0,0
109.41,9499.9825663898,1.54389620828406,9500,9500.02761246721,1.63023781419554,1.54389620828406,0,-0.741086437752059,20.4094888746633,12,0,15024.5782333682,-15028.7894490527,1.54389620828406,1.5418159808907,1.54061012985346,0.00120585103723725,-0.789669106887315,-0.000331474681108645,1.54389620828406,0,267.161443506003,60.6481711487664,5.64536415096097e-10,1,0.986609356091028,0,-4.02482404375792e-05,0.0024117020744745,0,0,0
109.425,9499.97145009324,1.54390417613232,9500,9500.01593821317,1.63051356011899,1.54390417613232,0,-0.725931866178298,20.4091882247577,12,0,15024.5694385571,-15028.6945337252,1.54390417613232,1.5418159808907,1.54059709007524,0.00121889081546178,-0.787150642207797,-0.000349586389305556,1.54390417613232,0,267.161443506003,60.6481711487664,5.55779188257409e-10,1,0.98660820162131,0,-2.32314654629029e-05,0.00243778163092356,0,0,0
109.44,9499.96056111524,1.54391440976822,9500,9500.00440856079,1.6307943897277,1.54391440976822,0,-0.709519587809764,20.4088414821658,12,0,15024.5721612187,-15028.6039892799,1.54391440976822,1.5418159808907,1.54058674617756,0.00122923471314196,-0.783056875127562,-0.000360040548763862,1.54391440976822,0,267.161443506003,60.6481711487664,5.4601217825968e-10,1,0.986607070759491,0,-6.42582786958279e-06,0.00245846942628392,0,0,0
109.455,9499.94991832143,1.54392685371414,9500,9499.99304494718,1.63107965019741,1.54392685371414,0,-0.691902393462886,20.4084500603701,12,0,15024.5862203763,-15028.5179347479,1.54392685371414,1.5418159808907,1.54057907839332,0.00123690249737285,-0.777420136289258,-0.000362932171305174,1.54392685371414,0,267.161443506003,60.6481711487664,5.35270931964674e-10,1,0.986605965464836,0,1.01374383492114e-05,0.0024738049947457,0,0,0
109.47,9499.93953978552,1.54394144880356,9500,9499.98186814304,1.63136868954967,1.54394144880356,0,-0.673134742128074,20.4080154431708,12,0,15024.6114145538,-15028.436478137,1.54394144880356,1.5418159808907,1.54057406177224,0.00124191911845406,-0.770275432602989,-0.000358370324048029,1.54394144880356,0,267.161443506003,60.6481711487664,5.23591290528752e-10,1,0.986604887614371,0,2.64280785902127e-05,0.00248383823690812,0,0,0
109.485,9499.92944276439,1.54395813236072,9500,9499.97089822008,1.63166085797695,1.54395813236072,0,-0.653272622518103,20.4075391805103,12,0,15024.6475225122,-15028.3597163807,1.54395813236072,1.5418159808907,1.54057166631135,0.00124431457935192,-0.761660334548127,-0.000346477688682434,1.54395813236072,0,267.161443506003,60.6481711487664,5.11011292011931e-10,1,0.986603839000287,0,4.24168546817594e-05,0.00248862915870385,0,0,0
109.5,9499.91964367506,1.54397683838385,9500,9499.96015452055,1.63195550914319,1.54397683838385,0,-0.63237341422394,20.4070228842446,12,0,15024.6943040099,-15028.2877353103,1.54397683838385,1.5418159808907,1.54057185709208,0.00124412379861538,-0.751614859916857,-0.000327390104075642,1.54397683838385,0,267.161443506003,60.6481711487664,4.97570439691361e-10,1,0.986602821327554,0,5.80755922627851e-05,0.00248824759723076,0,0,0
109.515,9499.91015807384,1.54399749771721,9500,9499.94965562855,1.63225200145681,1.54399749771721,0,-0.610495757889684,20.4064682241793,12,0,15024.7515005213,-15028.2206096353,1.54399749771721,1.5418159808907,1.54057459443366,0.00124138645703553,-0.740181354008645,-0.000301256087557389,1.54399749771721,0,267.161443506003,60.6481711487664,4.83308531285245e-10,1,0.986601836211756,0,7.33772258925125e-05,0.00248277291407106,0,0,0
109.53,9499.90100063747,1.54402003827328,9500,9499.93941934353,1.63254969931444,1.54402003827328,0,-0.587699394773928,20.405876923047,12,0,15024.8188361959,-15028.1584029907,1.54402003827328,1.5418159808907,1.54057983403145,0.00123614685924367,-0.727404366872914,-0.000268236335905758,1.54402003827328,0,267.161443506003,60.6481711487664,4.68267707900843e-10,1,0.986600885177127,0,8.82958367729447e-05,0.00247229371848734,0,0,0
109.545,9499.89218514655,1.54404438519719,9500,9499.92946265562,1.63284797431429,1.54404438519719,0,-0.564045046008663,20.4052507527566,12,0,15024.8960185577,-15028.1011679507,1.54404438519719,1.5418159808907,1.54058752713277,0.00122845375792613,-0.71333052844063,-0.000228503209357933,1.54404438519719,0,267.161443506003,60.6481711487664,4.52489673351972e-10,1,0.986599969654834,0,0.000102806685003065,0.00245690751585226,0,0,0
109.56,9499.88372447086,1.54407046106912,9500,9499.91980172318,1.63314620643434,1.54407046106912,0,-0.539596200576946,20.4045915279196,11,0,15024.9827498998,-15028.0489675835,1.54407046106912,1.5418159808907,1.54059762070093,0.0012183601897624,-0.698008420214568,-0.000182240201106554,1.54407046106912,0,267.161443506003,60.6481711487664,9.87884095289897e-10,1,0.986599090981453,0,0.000116886244057479,0.0024367203795248,0,0,0
109.575,9499.87563052785,1.54409818611434,9500,9499.91045185227,1.63344378517651,1.54409818611434,0,-0.514411138768631,20.403901108614,11,0,15025.0786856475,-15028.0017884877,1.54409818611434,1.5418159808907,1.54061005758324,0.0012059233074615,-0.681488445727966,-0.000129641391280688,1.54409818611434,0,267.161443506003,60.6481711487664,9.49484486425901e-10,1,0.986598250394658,0,0.000130512230682944,0.002411846614923,0,0,0
109.59,9499.86791436077,1.5441274787578,9500,9499.90142747078,1.63374011086415,1.5441274787578,0,-0.488554460133155,20.4031813775455,11,0,15025.1835015364,-15027.9596734784,1.5441274787578,1.5418159808907,1.54062477651341,0.0011912043772877,-0.663822809780716,-7.0910887473363e-05,1.5441274787578,0,267.161443506003,60.6481711487664,9.09299821239338e-10,1,0.986597449041331,0,0.000143663644332603,0.0023824087545754,0,0,0
109.605,9499.86058604387,1.54415825490981,9500,9499.89274212941,1.63403459527449,1.54415825490981,0,-0.462089511679891,20.4024342622249,11,0,15025.2968466619,-15027.9226316093,1.54415825490981,1.5418159808907,1.54064171275738,0.00117426813331689,-0.645065104791417,-6.2622475236915e-06,1.54415825490981,0,267.161443506003,60.6481711487664,8.67849216993484e-10,1,0.986596687967722,0,0.00015632075947547,0.00234853626663378,0,0,0
109.62,9499.8536547012,1.54419042873947,9500,9499.88440847789,1.63432666290074,1.54419042873947,0,-0.435079908852947,20.4016617165279,11,0,15025.4183580593,-15027.890661397,1.54419042873947,1.5418159808907,1.54066079801343,0.00115518287726846,-0.625270354741108,6.408209424027e-05,1.54419042873947,0,267.161443506003,60.6481711487664,8.25237612569915e-10,1,0.986595968121397,0,0.000168465166478615,0.00231036575453691,0,0,0
109.635,9499.84712850256,1.54422391290508,9500,9499.87643825224,1.63461575195205,1.54422391290508,0,-0.407589383405256,20.400865715673,11,0,15025.5476617686,-15027.8637510208,1.54422391290508,1.5418159808907,1.54068196059308,0.00113402029761311,-0.604494886789978,0.000139891419155647,1.54422391290508,0,267.161443506003,60.6481711487664,7.81571121156559e-10,1,0.986595290350824,0,0.000180079787825083,0.00226804059522623,0,0,0
109.65,9499.84101466181,1.54425861876222,9500,9499.86884226424,1.63490131530516,1.54425861876222,0,-0.379681647681016,20.4000482517041,11,0,15025.6843737981,-15027.8418785157,1.54425861876222,1.5418159808907,1.54070512561677,0.00111085527392474,-0.582796197708791,0.000220927323676934,1.54425861876222,0,267.161443506003,60.6481711487664,7.36954834721469e-10,1,0.986594655405187,0,0.000191148891066195,0.00222171054784948,0,0,0
109.665,9499.8353194371,1.54429445656783,9500,9499.86163039322,1.63518282140662,1.54429445656783,0,-0.351420263169427,20.3992113290882,11,0,15025.8281010784,-15027.8250119792,1.54429445656783,1.5418159808907,1.54073021521446,0.00108576567623975,-0.560232816540257,0.000306944324656722,1.54429445656783,0,267.161443506003,60.6481711487664,6.91495019151358e-10,1,0.986594063934418,0,0.000201658104638014,0.00217153135247949,0,0,0
109.68,9499.83004813315,1.54433133566284,9500,9499.85481158005,1.63545975512508,1.54433133566284,0,-0.322868524572212,20.3983569607946,11,0,15025.9784423249,-15027.813109776,1.54433133566284,1.5418159808907,1.5407571487405,0.00105883215019853,-0.536864165102154,0.000397690471743828,1.54433133566284,0,267.161443506003,60.6481711487664,6.45299260404326e-10,1,0.986593516489435,0,0.00021159441807117,0.00211766430039706,0,0,0
109.695,9499.82520510528,1.54436916466223,9500,9499.84839382325,1.63573161855343,1.54436916466223,0,-0.294089340764802,20.3974871642387,11,0,15026.134988942,-15027.8061207653,1.54436916466223,1.5418159808907,1.54078584298487,0.00103013790582751,-0.512750417560697,0.000492907959875855,1.54436916466223,0,267.161443506003,60.6481711487664,5.98473098057347e-10,1,0.986593013522554,0,0.000220946201565209,0.00206027581165502,0,0,0
109.71,9499.82079376517,1.54440785164647,9500,9499.84238417713,1.63599793176217,1.54440785164647,0,-0.26514511633188,20.3966039572174,11,0,15026.2973259408,-15027.8039845459,1.54440785164647,1.5418159808907,1.5408162123881,0.000999768502595533,-0.487952361103826,0.000592333750580199,1.54440785164647,0,267.161443506003,60.6481711487664,5.5112280584505e-10,1,0.986592555388089,0,0.000229703197085485,0.00199953700519107,0,0,0
109.725,9499.81681658842,1.54444730432781,9500,9499.83678875199,1.63625823350391,1.54444730432781,0,-0.236097651078057,20.395709354407,11,0,15026.4650327467,-15027.8066316931,1.54444730432781,1.5418159808907,1.54084816926677,0.000967811623924231,-0.462531258195363,0.000695700189268667,1.54444730432781,0,267.161443506003,60.6481711487664,5.03354220545354e-10,1,0.986592142343143,0,0.00023785652006314,0.00193562324784846,0,0,0
109.74,9499.81327512366,1.54448743025228,9500,9499.83161271615,1.636512081869,1.54448743025228,0,-0.207008017883862,20.3948053631137,11,0,15026.6376841796,-15027.8139840449,1.54448743025228,1.5418159808907,1.54088162402156,0.000934356869140673,-0.436548711052847,0.00080273562329708,1.54448743025228,0,267.161443506003,60.6481711487664,4.55271570843072e-10,1,0.986591774548545,0,0.00024539865920814,0.00186871373828135,0,0,0
109.755,9499.81017000339,1.54452813699027,9500,9499.82686029983,1.63675905489329,1.54452813699027,0,-0.177934642339198,20.393893981575,10,0,15026.8148415765,-15027.8259349126,1.54452813699027,1.5418159808907,1.54091648535088,0.000899495539818052,-0.410066529144697,0.000913165019940743,1.54452813699027,0,267.161443506003,60.6481711487664,9.22190169221761e-10,1,0.986591452069983,0,0.000252323466074955,0.0017989910796361,0,0,0
109.77,9499.80750098375,1.54456933231502,9500,9499.82253480088,1.63699875111718,1.54456933231502,0,-0.148940666718223,20.3929771862121,10,0,15026.9960942139,-15027.8424323485,1.54456933231502,1.5418159808907,1.54095266046837,0.000863320422324287,-0.383146599414388,0.00102671057967447,1.54456933231502,0,267.161443506003,60.6481711487664,8.11684677709912e-10,1,0.986591174882133,0,0.000258626153815333,0.00172664084464857,0,0,0
109.785,9499.80526687375,1.54461092405301,9500,9499.81863859925,1.63723078991607,1.54461092405301,0,-0.120082492826962,20.3920569484011,10,0,15027.180995913,-15027.8633506474,1.54461092405301,1.5418159808907,1.54099005548399,0.000825925406709116,-0.355850654980732,0.00114309234889137,1.54461092405301,0,267.161443506003,60.6481711487664,7.0212143475323e-10,1,0.986590942861304,0,0.00026430326862914,0.00165185081341823,0,0,0
109.8,9499.80346563636,1.54465282116161,9500,9499.81517314944,1.63745481238145,1.54465282116161,0,-0.0914170559740125,20.3911352026545,10,0,15027.3691132758,-15027.8885799162,1.54465282116161,1.5418159808907,1.54102857516513,0.000787405725570345,-0.328240421019578,0.00126202881977449,1.54465282116161,0,267.161443506003,60.6481711487664,5.92775142547429e-10,1,0.986590755795944,0,0.000269352704927117,0.00157481145114069,0,0,0
109.815,9499.80209438052,1.54469493331904,9500,9499.81213900108,1.63767048149227,1.54469493331904,0,-0.0630000558075629,20.3902138578559,10,0,15027.5600127358,-15027.9180030721,1.54469493331904,1.5418159808907,1.54106812344502,0.000747857445676958,-0.300377313007963,0.00138323753699169,1.54469493331904,0,267.161443506003,60.6481711487664,4.83866862517028e-10,1,0.986590613385804,0,0.000273773672567312,0.00149571489135392,0,0,0
109.83,9499.80114937968,1.54473717110562,9500,9499.80953581211,1.63787748245883,1.54473717110562,0,-0.0348875075540616,20.389294793791,9,0,15027.7532705209,-15027.9515146202,1.54473717110562,1.5418159808907,1.54110860362806,0.000707377262639808,-0.27232231078254,0.00150643568964698,1.54473717110562,0,267.161443506003,60.6481711487664,8.50122697985946e-10,1,0.98659051524387,0,0.000277566684092401,0.00141475452527962,0,0,0
109.845,9499.80062606707,1.54477944614012,9500,9499.80736236331,1.63807552302191,1.54477944614012,0,-0.00712857652707362,20.3883798577524,9,0,15027.9484345571,-15027.9889418405,1.54477944614012,1.5418159808907,1.54114991861473,0.000666062275965551,-0.244135840284579,0.00163134069748856,1.54477944614012,0,267.161443506003,60.6481711487664,6.08646392671514e-10,1,0.986590460895863,0,0.000280733522074472,0.0013321245519311,0,0,0
109.86,9499.80051913842,1.54482167158862,9500,9499.80561656794,1.63826433386753,1.54482167158862,0,0.0202250357178033,20.3874708658075,8,0,15028.1450802628,-15028.030153918,1.54482167158862,1.5418159808907,1.54119197093295,0.000624009957752136,-0.21587775490682,0.00175767078242207,1.54482167158862,0,267.161443506003,60.6481711487664,8.3614828263289e-10,1,0.986590449790916,0,0.000283277235626711,0.00124801991550427,0,0,0
109.875,9499.80082251396,1.54486376146531,9500,9499.80429550536,1.63844366842169,1.54486376146531,0,0.047117887046554,20.3865696168743,7,0,15028.3428114155,-15028.0750696531,1.54486376146531,1.5418159808907,1.54123466337262,0.000581317518081548,-0.187606965066416,0.00188514553845409,1.54486376146531,0,267.161443506003,60.6481711487664,9.17782157867863e-10,1,0.98659048129762,0,0.000285202086958147,0.0011626350361631,0,0,0
109.89,9499.80152928226,1.54490563107995,9500,9499.80339543623,1.63861330309176,1.54490563107995,0,0.0735085429178713,20.3856777755152,7,0,15028.5411634042,-15028.1234598626,1.54490563107995,1.5418159808907,1.54127789903487,0.000538081855832262,-0.159381423829838,0.00201348647758526,1.54490563107995,0,267.161443506003,60.6481711487664,5.51292901330094e-10,1,0.986590554698199,0,0.000286513527526511,0.00107616371166452,0,0,0
109.905,9499.80263191041,1.54494719840781,9500,9499.8029117991,1.6387730379654,1.54494719840781,0,0.0993438324344684,20.3847970128479,8,0,15028.739760423,-15028.1752508597,1.54494719840781,1.5418159808907,1.54132158091463,0.000494399976069371,-0.131258387926844,0.00214241756497219,1.54494719840781,0,267.161443506003,60.6481711487664,7.62129707045523e-10,1,0.98659066921033,0,0.00028721820695754,0.000988799952138741,0,0,0
109.92,9499.8041220679,1.5449883825602,9500,9499.80283926245,1.6389226961073,1.5449883825602,0,0.124586586042796,20.3839290578572,9,0,15028.9381519409,-15028.2302033084,1.5449883825602,1.5418159808907,1.541365612935,0.000450367955699971,-0.103293805366131,0.00227166575810308,1.5449883825602,0,267.161443506003,60.6481711487664,5.62880538565008e-10,1,0.986590823968858,0,0.000287323896259517,0.000900735911399941,0,0,0
109.935,9499.80599086669,1.54502910552854,9500,9499.80317171751,1.63906212431737,1.54502910552854,0,0.149189183948575,20.3830754505203,9,0,15029.1359648885,-15028.2882147182,1.54502910552854,1.5418159808907,1.54140989932749,0.00040608156321098,-0.0755427098049968,0.00240096151141986,1.54502910552854,0,267.161443506003,60.6481711487664,7.86920335505813e-10,1,0.986591018050727,0,0.000286839493652824,0.000812163126421961,0,0,0
109.95,9499.80822870445,1.54506929053181,9500,9499.80390233526,1.63919119226806,1.54506929053181,0,0.173110158455669,20.382237717958,10,0,15029.3328038599,-15028.3491253049,1.54506929053181,1.5418159808907,1.54145434571192,0.000361635178776964,-0.0480585833212676,0.00253003928356363,1.54506929053181,0,267.161443506003,60.6481711487664,4.43035763873556e-10,1,0.986591250458698,0,0.000285774951974016,0.000723270357553929,0,0,0
109.965,9499.81082535682,1.54510886350048,9500,9499.80502356791,1.63930979300502,1.54510886350048,0,0.196314443672987,20.381417339421,10,0,15029.5282617067,-15028.4127271663,1.54510886350048,1.5418159808907,1.54149885859178,0.00031712229891534,-0.0208936766601767,0.00265863801195194,1.54510886350048,0,267.161443506003,60.6481711487664,5.35725649527814e-10,1,0.986591520130932,0,0.000284141264994764,0.00063424459783068,0,0,0
109.98,9499.81377007348,1.54514775314113,9500,9499.80652717403,1.63941784284975,1.54514775314113,0,0.218764147413882,20.3806157180242,10,0,15029.7219696105,-15028.4788667918,1.54514775314113,1.5418159808907,1.54154334555608,0.000272635334617188,0.00590108797601514,0.00278650158119959,1.54514775314113,0,267.161443506003,60.6481711487664,6.26616554501499e-10,1,0.986591825950968,0,0.000281950437287959,0.000545270669234377,0,0,0
109.995,9499.81705153569,1.54518589019167,9500,9499.80840426196,1.63951528081629,1.54518589019167,0,0.240424754387775,20.3798342097372,10,0,15029.9135574839,-15028.5473702149,1.54518589019167,1.5418159808907,1.5415877158792,0.00022826501149753,0.0322764639059951,0.00291337927797917,1.54518589019167,0,267.161443506003,60.6481711487664,7.14834824501406e-10,1,0.986592166743311,0,0.000279215418973022,0.000456530022995061,0,0,0
110.01,9499.820657907,1.5452232079629,9500,9499.81064531104,1.63960206856026,1.5452232079629,0,0.261263875811078,20.379074109078,10,0,15030.1026651151,-15028.6180612631,1.5452232079629,1.5418159808907,1.54163188046285,0.000184100427842671,0.0581848221125645,0.00303902621651703,1.5452232079629,0,267.161443506003,60.6481711487664,8.0023992706384e-10,1,0.986592541278702,0,0.000275950075551812,0.000368200855685341,0,0,0
110.025,9499.82457686514,1.5452596424445,9500,9499.81324020044,1.63967819011847,1.5452596424445,0,0.28125128989336,20.3783366472208,10,0,15030.288942788,-15028.6907619475,1.5452596424445,1.5418159808907,1.54167575198905,0.000140228901642558,0.0835802186028039,0.00316320375051534,1.5452596424445,0,267.161443506003,60.6481711487664,8.82699091386901e-10,1,0.986592948277424,0,0.000272169149080792,0.000280457803285117,0,0,0
110.04,9499.82879563449,1.54529513240478,9500,9499.81617823881,1.63974365160639,1.54529513240478,0,0.300358976883192,20.3776229902444,10,0,15030.4720518806,-15028.7652928629,1.54529513240478,1.5418159808907,1.54171924506746,9.67358232393245e-05,0.108418458751226,0.0032856798676017,1.54529513240478,0,267.161443506003,60.6481711487664,9.62086576633498e-10,1,0.986593386412681,0,0.000267888212100997,0.000193471646478649,0,0,0
110.055,9499.83330101914,1.54532961950921,9500,9499.81944819461,1.63979848087482,1.54532961950921,0,0.318563195626351,20.3769342388686,11,0,15030.6516545093,-15028.8414510308,1.54532961950921,1.5418159808907,1.54176227636296,5.3704527734233e-05,0.132657158193497,0.00340622956304715,1.54532961950921,0,267.161443506003,60.6481711487664,4.5834061606349e-10,1,0.98659385431403,0,0.000263123618252425,0.000107409055468466,0,0,0
110.07,9499.83807946708,1.54536304836006,9500,9499.82303832725,1.63984272712613,1.54536304836006,0,0.335836476357597,20.3762714209869,11,0,15030.8274573879,-15028.9190992605,1.54536304836006,1.5418159808907,1.54180476475165,1.1216139048642e-05,0.156255800550903,0.00352463519126074,1.54536304836006,0,267.161443506003,60.6481711487664,4.90938189567956e-10,1,0.986594350574039,0,0.000257892467100618,2.24322780972841e-05,0,0,0
110.085,9499.84311701422,1.54539536620399,9500,9499.82693642665,1.63987646028933,1.54539536620399,0,0.352159222604209,20.3756355081258,11,0,15030.9991463239,-15028.9980347166,1.54539536620399,1.5418159808907,1.54184663163478,-3.06507440799297e-05,0.179175908807417,0.00364068680145602,1.54539536620399,0,267.161443506003,60.6481711487664,5.21643035133325e-10,1,0.986594873742488,0,0.000252212541318464,-6.13014881598595e-05,0,0,0
110.1,9499.84839940256,1.54542652391543,9500,9499.83112982818,1.63989977099432,1.54542652391543,0,0.367512565896228,20.3750273886666,11,0,15031.1664330675,-15029.0780763722,1.54542652391543,1.5418159808907,1.54188780060086,-7.18197101581275e-05,0.201380813677715,0.00375418244504933,1.54542652391543,0,267.161443506003,60.6481711487664,5.50805975287988e-10,1,0.986595422338628,0,0.000246102284395588,-0.000143639420316255,0,0,0
110.115,9499.85391209105,1.54545647549495,9500,9499.83560545425,1.63991276985578,1.54545647549495,0,0.381879910433457,20.3744478804801,11,0,15031.3290427921,-15029.1590437103,1.54545647549495,1.5418159808907,1.54192819782508,-0.000112216934385456,0.22283586755067,0.00386492847302734,1.54545647549495,0,267.161443506003,60.6481711487664,5.78391007995725e-10,1,0.986595994852314,0,0.000239580741869583,-0.000224433868770912,0,0,0
110.13,9499.85964028971,1.54548517808356,9500,9499.84034984801,1.63991558692788,1.54548517808356,0,0.395246912280166,20.3738977310319,11,0,15031.4867142986,-15029.2407570474,1.54548517808356,1.5418159808907,1.5419677521977,-0.000151771307004944,0.243508493780823,0.00397273980686865,1.54548517808356,0,267.161443506003,60.6481711487664,6.04366084858363e-10,1,0.986596589747552,0,0.00023266751111195,-0.000303542614009888,0,0,0
110.145,9499.86556899339,1.54551259198903,9500,9499.84534920711,1.63990837113093,1.54551259198903,0,0.407601465658374,20.3733776172215,11,0,15031.6392002767,-15029.3230378722,1.54551259198903,1.5418159808907,1.54200639543496,-0.00019041454426616,0.263368226793358,0.00407744018686903,1.54551259198903,0,267.161443506003,60.6481711487664,6.28702379244038e-10,1,0.986597205466,0,0.000225382697488952,-0.00038082908853232,0,0,0
110.16,9499.87168301538,1.54553868072154,9500,9499.85058941747,1.63989128965268,1.54553868072154,0,0.418933695901388,20.3728881450231,11,0,15031.7862676107,-15029.4057091911,1.54553868072154,1.5418159808907,1.54204406217565,-0.000228081284949333,0.28238674321058,0.00417886240073906,1.54553868072154,0,267.161443506003,60.6481711487664,6.51375457050778e-10,1,0.986597840430459,0,0.000217746854686673,-0.000456162569898666,0,0,0
110.175,9499.87796702082,1.54556341100631,9500,9499.85605608704,1.63986452732589,1.54556341100631,0,0.429235937450559,20.3724298496135,11,0,15031.9276975764,-15029.4885958502,1.54556341100631,1.5418159808907,1.54208069007557,-0.00026470918486865,0.300537885234883,0.00427684848534806,1.54556341100631,0,267.161443506003,60.6481711487664,6.72364105736196e-10,1,0.986598493048347,0,0.000209780943220439,-0.0005294183697373,0,0,0
110.19,9499.88440555988,1.54558675282202,9500,9499.86173457941,1.63982828598186,1.54558675282202,0,0.438502728637893,20.372003194946,11,0,15032.0632861568,-15029.5715248807,1.54558675282202,1.5418159808907,1.54211621987993,-0.000300238989237478,0.317797678135176,0.00437124990979726,1.54558675282202,0,267.161443506003,60.6481711487664,6.91651651407286e-10,1,0.986599161715141,0,0.000201506282729857,-0.000600477978474956,0,0,0
110.205,9499.89098310081,1.54560867942657,9500,9499.86761004739,1.63978278378254,1.54560867942657,0,0.446730798877937,20.3716085735932,11,0,15032.1928443004,-15029.6543258295,1.54560867942657,1.5418159808907,1.54215059549127,-0.0003346146005756,0.334144341585289,0.00446192773702569,1.54560867942657,0,267.161443506003,60.6481711487664,7.09224202407645e-10,1,0.986599844817807,0,0.000192944500006842,-0.0006692292011512,0,0,0
110.22,9499.89768406279,1.54562916738867,9500,9499.87366746634,1.63972825453039,1.54562916738867,0,0.453919059018132,20.3712463064601,11,0,15032.3161982026,-15029.7368310954,1.54562916738867,1.5418159808907,1.54218376402272,-0.000367783132026345,0.349558296884897,0.00454875276202877,1.54562916738867,0,267.161443506003,60.6481711487664,7.25072405452786e-10,1,0.986600540738219,0,0.000184117478496226,-0.000735566264052689,0,0,0
110.235,9499.90449284867,1.54564819655323,9500,9499.87989166752,1.63966494695685,1.54564819655323,0,0.460068549801234,20.37091664392,11,0,15032.4331892803,-15029.8188761966,1.54564819655323,1.5418159808907,1.54221567587311,-0.000399694982410326,0.364022170410444,0.00463160562735208,1.54564819655323,0,267.161443506003,60.6481711487664,7.39190274628373e-10,1,0.986601247856555,0,0.000175047314789456,-0.000799389964820651,0,0,0
110.25,9499.91139387692,1.54566575008398,9500,9499.88626737113,1.63959312398909,1.54566575008398,0,0.465182440502922,20.3706197652783,11,0,15032.5436745032,-15029.9003001094,1.54566575008398,1.5418159808907,1.54224628475356,-0.000430303862860359,0.37752079445187,0.00471037691900733,1.54566575008398,0,267.161443506003,60.6481711487664,7.51575191237916e-10,1,0.986601964554611,0,0.000165756267177963,-0.000860607725720719,0,0,0
110.265,9499.91837161353,1.54568181442564,9500,9499.89277921919,1.63951306200009,1.54568181442564,0,0.469265975664748,20.3703557799664,11,0,15032.6475263483,-15029.9809455252,1.54568181442564,1.5418159808907,1.54227554774285,-0.000459566852148541,0.390041203089601,0.00478496723923741,1.54568181442564,0,267.161443506003,60.6481711487664,7.62228781770451e-10,1,0.986602689219122,0,0.000156266708217556,-0.000919133704297082,0,0,0
110.28,9499.92541060317,1.54569637929073,9500,9499.89941180809,1.63942505003973,1.54569637929073,0,0.472326438577611,20.3701247281933,11,0,15032.7446328676,-15030.0606591259,1.54569637929073,1.5418159808907,1.54230342531965,-0.000487444428949768,0.401572625764664,0.00485528725793532,1.54569637929073,0,267.161443506003,60.6481711487664,7.71155454187451e-10,1,0.986603420244993,0,0.000146601079683117,-0.000974888857899536,0,0,0
110.295,9499.93249549974,1.54570943761326,9500,9499.90614972082,1.63932938905092,1.54570943761326,0,0.474373093864424,20.3699265823038,11,0,15032.8348975988,-15030.1392918201,1.54570943761326,1.5418159808907,1.54232988140131,-0.000513900510616061,0.412106476718543,0.00492125774379272,1.54570943761326,0,267.161443506003,60.6481711487664,7.78364593068353e-10,1,0.986604156038475,0,0.000136781841711064,-0.00102780102123212,0,0,0
110.31,9499.93961109615,1.54572098553191,9500,9499.91297755875,1.63922639107266,1.54572098553191,0,0.475417149682256,20.3697612474904,11,0,15032.9182396089,-15030.2166990021,1.54572098553191,1.5418159808907,1.54235488335637,-0.000538902465676783,0.421636340357999,0.0049828095725627,1.54572098553191,0,267.161443506003,60.6481711487664,7.83866168828918e-10,1,0.986604895020251,0,0.000126831427945895,-0.00107780493135357,0,0,0
110.325,9499.9467423534,1.54573102233052,9500,9499.91987997289,1.63911637843245,1.54573102233052,0,0.475471693245795,20.3696285634154,11,0,15032.994593338,-15030.2927407612,1.54573102233052,1.5418159808907,1.54237840202836,-0.000562421137659808,0.430157952185546,0.00503988371513835,1.54573102233052,0,267.161443506003,60.6481711487664,7.87676884406129e-10,1,0.986605635628465,0,0.000116772205943194,-0.00112484227531962,0,0,0
110.34,9499.9538744288,1.54573955040279,9500,9499.92684169458,1.63899968292937,1.54573955040279,0,0.474551642275691,20.3695283053008,11,0,15033.06390855,-15030.3672821087,1.54573955040279,1.5418159808907,1.54240041173856,-0.000584430847858641,0.437669175766784,0.00509243120781279,1.54573955040279,0,267.161443506003,60.6481711487664,7.89814613658882e-10,1,0.986606376321647,0,0.000106626420137701,-0.00116886169571728,0,0,0
110.355,9499.96099270343,1.54574657517856,9500,9499.93384756556,1.63887664501066,1.54574657517856,0,0.47267367301583,20.3694601858343,11,0,15033.1261501034,-15030.4401931573,1.54574657517856,1.5418159808907,1.5424208902952,-0.000604909404506193,0.444169975162746,0.00514041309687475,1.54574657517856,0,267.161443506003,60.6481711487664,7.903007428649e-10,1,0.986607115581567,0,9.64161634393612e-05,-0.00120981880901239,0,0,0
110.37,9499.96808280853,1.54575210509379,9500,9499.94088256735,1.63874761294272,1.54575210509379,0,0.4698561768979,20.3694238561217,11,0,15033.1812979201,-15030.5113493364,1.54575210509379,1.5418159808907,1.54243981897436,-0.000623838083666284,0.449662383669456,0.00518380037042247,1.54575210509379,0,267.161443506003,60.6481711487664,7.89159438801448e-10,1,0.986607851915973,0,8.61633163111719e-05,-0.00124767616733257,0,0,0
110.385,9499.97513065118,1.54575615149476,9500,9499.94793184986,1.63861294198,1.54575615149476,0,0.466119175428063,20.3694189080449,11,0,15033.2293466443,-15030.5806315337,1.54575615149476,1.5418159808907,1.54245718252004,-0.000641201629347554,0.454150467830682,0.00522257386276249,1.54575615149476,0,267.161443506003,60.6481711487664,7.86419258458581e-10,1,0.986608583861264,0,7.58895237820134e-05,-0.00128240325869511,0,0,0
110.4,9499.98212243881,1.54575872859575,9500,9499.9549807592,1.63847299353127,1.54575872859575,0,0.461484270884317,20.3694448754565,11,0,15033.2703055466,-15030.6479262803,1.54575872859575,1.5418159808907,1.5424729691124,-0.000656988221704458,0.457640288520522,0.0052567241484644,1.54575872859575,0,267.161443506003,60.6481711487664,7.82110221862012e-10,1,0.986609309985027,0,6.56161404692934e-05,-0.00131397644340892,0,0,0
110.415,9499.98904470288,1.54575985340354,9500,9499.96201486475,1.63832813432747,1.54575985340354,0,0.455974576309914,20.3695012360743,11,0,15033.3041982702,-15030.7131258944,1.54575985340354,1.5418159808907,1.54248717034012,-0.000671189449418019,0.460139857571237,0.00528625141167558,1.54575985340354,0,267.161443506003,60.6481711487664,7.76264104655918e-10,1,0.986610028888504,0,5.53641980851616e-05,-0.00134237889883604,0,0,0
110.43,9499.99588432152,1.54575954563105,9500,9499.96901998517,1.63817873559078,1.54575954563105,0,0.449614639105898,20.3695874135991,11,0,15033.3310625215,-15030.7761286054,1.54575954563105,1.5418159808907,1.54249978117093,-0.000683800280229852,0.461659091548664,0.0053111653008139,1.54575954563105,0,267.161443506003,60.6481711487664,7.68918682131604e-10,1,0.986610739208938,0,4.51543691037948e-05,-0.0013676005604597,0,0,0
110.445,9500.00262854111,1.54575782762639,9500,9499.97598221374,1.63802517220681,1.54575782762639,0,0.442430375884076,20.3697027794864,11,0,15033.3509498274,-15030.836838682,1.54575782762639,1.5418159808907,1.5425107999063,-0.000694819015607528,0.462209762528272,0.00533148476691061,1.54575782762639,0,267.161443506003,60.6481711487664,7.601105579416e-10,1,0.986611439621818,0,3.50069223951088e-05,-0.00138963803121506,0,0,0
110.46,9500.00926499675,1.54575472428998,9500,9499.98288794256,1.63786782190261,1.54575472428998,0,0.434449000638314,20.3698466549619,11,0,15033.3639252356,-15030.89516654,1.54575472428998,1.5418159808907,1.54252022813205,-0.000704247241352762,0.461805445435541,0.00534723788198841,1.54575472428998,0,267.161443506003,60.6481711487664,7.49881164349245e-10,1,0.986612128843001,0,2.49416944524405e-05,-0.00140849448270552,0,0,0
110.475,9500.01578173176,1.54575026297458,9500,9499.98972388586,1.63770706443066,1.54575026297458,0,0.4256989423554,20.3700183133907,11,0,15033.3700669264,-15030.951028823,1.54575026297458,1.5418159808907,1.542528070671,-0.00071208978030235,0.460461462952028,0.00535846164449201,1.54575026297458,0,267.161443506003,60.6481711487664,7.38272957033021e-10,1,0.986612805630741,0,1.49780539784317e-05,-0.0014241795606047,0,0,0
110.49,9500.02216721589,1.54574447340207,9500,9499.99647710235,1.63754328076089,1.54574447340207,0,0.416209774983556,20.3702169822734,11,0,15033.3694659014,-15031.0043484879,1.54574447340207,1.5418159808907,1.5425343355194,-0.000718354628705731,0.458194827828194,0.0053652017687823,1.54574447340207,0,267.161443506003,60.6481711487664,7.25331610238317e-10,1,0.986613468787578,0,5.13486755848724e-06,-0.00143670925741146,0,0,0
110.505,9500.02841036252,1.54573738756079,9500,9500.0031350164,1.63737685228282,1.54573738756079,0,0.406012135821485,20.3704418456438,11,0,15033.3622255754,-15031.0550548618,1.54573738756079,1.5418159808907,1.54253903378524,-0.00072305289454655,0.45502418234505,0.00536751245918362,1.54573738756079,0,267.161443506003,60.6481711487664,7.11103089730319e-10,1,0.986614117162123,0,-4.56953194283294e-06,-0.0014461057890931,0,0,0
110.52,9500.03450054455,1.5457290396111,9500,9500.00968543829,1.63720816001847,1.5457290396111,0,0.395137649930776,20.3706920462791,11,0,15033.3484614017,-15031.1030836956,1.5457290396111,1.5418159808907,1.5425421796154,-0.000726198724701588,0.450969735662606,0.00536545616980935,1.5457290396111,0,267.161443506003,60.6481711487664,6.95637311437032e-10,1,0.986614749650713,0,-1.41173682906004e-05,-0.00145239744940318,0,0,0
110.535,9500.0404276093,1.54571946578094,9500,9500.01611658327,1.63703758384807,1.54571946578094,0,0.383618849423564,20.370966688109,11,0,15033.3283004458,-15031.148377197,1.54571946578094,1.5418159808907,1.54254379012262,-0.000727809231917842,0.446053198798314,0.00535910335407858,1.54571946578094,0,267.161443506003,60.6481711487664,6.78984482692856e-10,1,0.986615365198952,0,-2.34914620509397e-05,-0.00145561846383568,0,0,0
110.55,9500.04618189204,1.54570870425358,9500,9500.02241708955,1.63686550174967,1.54570870425358,0,0.371489088874919,20.3712648387774,11,0,15033.301880919,-15031.1908840448,1.54570870425358,1.5418159808907,1.54254388530733,-0.000727904416637726,0.440297717625628,0.00534853219615565,1.54570870425358,0,267.161443506003,60.6481711487664,6.61197590109286e-10,1,0.986615962803121,0,-3.26752434687272e-05,-0.00145580883327545,0,0,0
110.565,9500.05175422838,1.54569679507581,9500,9500.02857603518,1.63669228905406,1.54569679507581,0,0.35878247464404,20.3715855317525,11,0,15033.2693517996,-15031.2305594112,1.54569679507581,1.5418159808907,1.54254248796644,-0.000726507075740734,0.433727803901447,0.00533382833659473,1.54569679507581,0,267.161443506003,60.6481711487664,6.4233005798944e-10,1,0.986616541511463,0,-4.16527851778703e-05,-0.00145301415148147,0,0,0
110.58,9500.0571359655,1.54568378002236,9500,9500.03458295367,1.63651831771665,1.54568378002236,0,0.345533767578125,20.3719277693634,11,0,15033.2308722491,-15031.2673649317,1.54568378002236,1.5418159808907,1.5425396236165,-0.000723642725801721,0.426369264463383,0.00531508458326468,1.54568378002236,0,267.161443506003,60.6481711487664,6.22436333706266e-10,1,0.986617100425351,0,-5.04088251371826e-05,-0.00144728545160344,0,0,0
110.595,9500.06231897201,1.54566970251802,9500,9500.0404278486,1.63634395560666,1.54566970251802,0,0.331778323391344,20.3722905245788,11,0,15033.1866112871,-15031.3012687177,1.54566970251802,1.5418159808907,1.54253532038301,-0.000719339492314619,0.418249129108993,0.00529240061195295,1.54566970251802,0,267.161443506003,60.6481711487664,6.01573790193094e-10,1,0.986617638700309,0,-5.89287799099836e-05,-0.00143867898462924,0,0,0
110.61,9500.06729564686,1.5456546074902,9500,9500.04610120687,1.63616956581654,1.5456546074902,0,0.317551989967201,20.3726727442718,11,0,15033.1367471427,-15031.3322452928,1.5456546074902,1.5418159808907,1.54252960892144,-0.000713628030745594,0.409395576402379,0.00526588266099346,1.5456546074902,0,267.161443506003,60.6481711487664,5.7979965267591e-10,1,0.986618155546939,0,-6.71987815958897e-05,-0.00142725606149119,0,0,0
110.625,9500.07205892671,1.54563854127823,9500,9500.05159401092,1.63599550599019,1.54563854127823,0,0.302891041744834,20.3730733512462,11,0,15033.0814668598,-15031.3602755701,1.54563854127823,1.5418159808907,1.54252252230157,-0.000706541410871786,0.399837859180997,0.00523564320927531,1.54563854127823,0,267.161443506003,60.6481711487664,5.57172462152502e-10,1,0.986618650231685,0,-7.52056741957219e-05,-0.00141308282174357,0,0,0
110.64,9500.07660229234,1.54562155150068,9500,9500.05689774966,1.63582212767358,1.54562155150068,0,0.287832088542364,20.3734912471545,11,0,15033.0209657062,-15031.3853467794,1.54562155150068,1.5418159808907,1.54251409591365,-0.000698115022950807,0.389606228192737,0.00520180065588723,1.54562155150068,0,267.161443506003,60.6481711487664,5.33751490034431e-10,1,0.986619122077502,0,-8.29370400676765e-05,-0.00139623004590161,0,0,0
110.655,9500.08091977366,1.54560368695707,9500,9500.0620044282,1.63564977568714,1.54560368695707,0,0.272412007470274,20.37392531466,11,0,15032.9554467345,-15031.4074524158,1.54560368695707,1.5418159808907,1.54250436735144,-0.000688386460742318,0.378731855242502,0.00516447898785678,1.54560368695707,0,267.161443506003,60.6481711487664,5.09596445493796e-10,1,0.986619570464375,0,-9.03812197428078e-05,-0.00137677292148464,0,0,0
110.67,9500.08500595378,1.545584997494,9500,9500.06690657642,1.63547878752196,1.545584997494,0,0.25666785292029,20.3743744203527,11,0,15032.8851201749,-15031.4265921434,1.545584997494,1.5418159808907,1.54249337630853,-0.000677395417833626,0.367246755259379,0.00512380743897252,1.545584997494,0,267.161443506003,60.6481711487664,4.84768207230082e-10,1,0.986619994829736,0,-9.75273154872891e-05,-0.00135479083566725,0,0,0
110.685,9500.08885597157,1.54556553389201,9500,9500.0715972563,1.63530949275925,1.54556553389201,0,0.240636781237183,20.3748374172044,11,0,15032.8102029181,-15031.4427717065,1.54556553389201,1.5418159808907,1.54248116446354,-0.000665183572847727,0.355183708381515,0.00507992014700324,1.54556553389201,0,267.161443506003,60.6481711487664,4.59327652765195e-10,1,0.986620394668741,0,-0.00010436520369872,-0.00133036714569545,0,0,0
110.7,9500.09246552329,1.54554534775603,9500,9500.0760700681,1.63514221251522,1.54554534775603,0,0.224354055355792,20.3753131446881,10,0,15032.7309284633,-15031.4560242167,1.54554534775603,1.5418159808907,1.5424677753607,-0.000651794470004408,0.342576181303732,0.00503295580533881,1.54554534775603,0,267.161443506003,60.6481711487664,9.8217482701214e-10,1,0.986620769534428,0,-0.00011088554643468,-0.00130358894000882,0,0,0
110.715,9500.09583083412,1.54552449137906,9500,9500.08031915525,1.63497725891173,1.54552449137906,0,0.207860793642213,20.3758004404705,10,0,15032.6475037068,-15031.4663229076,1.54552449137906,1.5418159808907,1.54245325430124,-0.000637273410542205,0.329458248372829,0.00498305730944321,1.54552449137906,0,267.161443506003,60.6481711487664,9.2126263829591e-10,1,0.98662111903477,0,-0.000117079801669639,-0.00127454682108441,0,0,0
110.73,9500.09894874602,1.54550301801629,9500,9500.08433920073,1.63481493476299,1.54550301801629,0,0.19119217357344,20.3762981217057,10,0,15032.5601752364,-15031.4737144637,1.54550301801629,1.5418159808907,1.54243764802725,-0.000621667136547766,0.315864402535085,0.00493037139869187,1.54550301801629,0,267.161443506003,60.6481711487664,8.60338724172837e-10,1,0.986621442841791,0,-0.000122940207153421,-0.00124333427309553,0,0,0
110.745,9500.10181662863,1.54548098081867,9500,9500.08812544701,1.6346555326621,1.54548098081867,0,0.174384872173548,20.3768050162512,10,0,15032.4691802391,-15031.478227646,1.54548098081867,1.5418159808907,1.54242100507945,-0.000605024188750303,0.301829758234854,0.00487504830547283,1.54548098081867,0,267.161443506003,60.6481711487664,7.98584718328039e-10,1,0.986621740682317,0,-0.000128459820660121,-0.00121004837750061,0,0,0
110.76,9500.10443240171,1.54545843330836,9500,9500.09167368787,1.63449933477135,1.54545843330836,0,0.157475308654256,20.3773199503384,10,0,15032.3747599178,-15031.4798966967,1.54545843330836,1.5418159808907,1.54240337537495,-0.000587394484256487,0.287389791998069,0.00481724138617577,1.54545843330836,0,267.161443506003,60.6481711487664,7.36139047638196e-10,1,0.98662201234031,0,-0.000133632503796388,-0.00117478896851297,0,0,0
110.775,9500.10679453134,1.54543542929338,9500,9500.09498026804,1.6343466124161,1.54543542929338,0,0.140499594548929,20.3778417503605,10,0,15032.2771590733,-15031.4787612033,1.54543542929338,1.5418159808907,1.54238481006909,-0.000568829178391406,0.272580258101895,0.0047571067594674,1.54543542929338,0,267.161443506003,60.6481711487664,6.7313984465366e-10,1,0.986622257656465,0,-0.000138452919272725,-0.00113765835678281,0,0,0
110.79,9500.10890202526,1.54541202275687,9500,9500.09804208206,1.63419762570233,1.54541202275687,0,0.123493466403557,20.3783692451929,10,0,15032.1766255676,-15031.4748659453,1.54541202275687,1.5418159808907,1.54236536143051,-0.000549380539811573,0.257437109244813,0.00469480294579467,1.54541202275687,0,267.161443506003,60.6481711487664,6.09723484373731e-10,1,0.986622476527732,0,-0.000142916535518234,-0.00109876107962315,0,0,0
110.805,9500.11075442725,1.54538826774039,9500,9500.10085657209,1.63405262315772,1.54538826774039,0,0.106492215194063,20.3789012686318,10,0,15032.0734097543,-15031.4682607253,1.54538826774039,1.5418159808907,1.54234508271826,-0.000529101827558165,0.241996421647507,0.00463049050481147,1.54538826774039,0,267.161443506003,60.6481711487664,5.46025462512658e-10,1,0.986622668906731,0,-0.000147019618262245,-0.00105820365511633,0,0,0
110.82,9500.11235181048,1.54536421821415,9500,9500.10342172498,1.63391184139724,1.54536421821415,0,0.0895306089136912,20.3794366621024,10,0,15031.9677638472,-15031.4590001778,1.54536421821415,1.5418159808907,1.54232402806727,-0.000508047176572601,0.226294323389889,0.00456433167659346,1.54536421821415,0,267.161443506003,60.6481711487664,4.82179517654823e-10,1,0.986622834801061,0,-0.000150759224357477,-0.0010160943531452,0,0,0
110.835,9500.11369476962,1.54533992795924,9500,9500.10573606826,1.63377550481543,1.54533992795924,0,0.0726446692809674,20.3799742778252,9,0,15031.8599312606,-15031.4471230135,1.54533992795924,1.5418159808907,1.54230225236924,-0.000486271478543188,0.210366924436868,0.00449649002563259,1.54533992795924,0,267.161443506003,60.6481711487664,9.47559517614193e-10,1,0.986622974272479,0,-0.00015413320227009,-0.000972542957086375,0,0,0
110.85,9500.11478443966,1.54531545045067,9500,9500.1077986652,1.63364382530709,1.54531545045067,0,0.0558639164715904,20.3805129783465,9,0,15031.75018797,-15031.4327374494,1.54531545045067,1.5418159808907,1.54227981115302,-0.000463830262319886,0.194250247335567,0.00442713008461105,1.54531545045067,0,267.161443506003,60.6481711487664,8.05072227797534e-10,1,0.986623087438861,0,-0.000157140183314475,-0.000927660524639773,0,0,0
110.865,9500.1156223984,1.5452908383616,9500,9500.10960911597,1.63351700183497,1.5452908383616,0,0.0392230491450144,20.3810516512766,9,0,15031.638774779,-15031.4158871038,1.5452908383616,1.5418159808907,1.5422567606563,-0.000440779765606969,0.177980264282684,0.00435641700211954,1.5452908383616,0,267.161443506003,60.6481711487664,6.60862463975437e-10,1,0.986623174464067,0,-0.000159779579380626,-0.000881559531213938,0,0,0
110.88,9500.11621074414,1.54526614442141,9500,9500.11116753328,1.63339522064676,1.54526614442141,0,0.0227542132315703,20.3815891879971,9,0,15031.5259464771,-15031.396644087,1.54526614442141,1.5418159808907,1.54223315722104,-0.000417176330343327,0.161592548392051,0.00428451619139826,1.54526614442141,0,267.161443506003,60.6481711487664,5.17484728551212e-10,1,0.986623235566012,0,-0.000162051551349407,-0.000834352660686655,0,0,0
110.895,9500.11655205734,1.5452414206664,9500,9500.11247454442,1.63327865483812,1.5452414206664,0,0.00648696300845608,20.3821244929082,8,0,15031.4119657378,-15031.3751031206,1.5452414206664,1.5418159808907,1.54220905749949,-0.000393076608796061,0.145122392523917,0.00421159299329103,1.5452414206664,0,267.161443506003,60.6481711487664,8.52815510359002e-10,1,0.986623271012687,0,-0.000163957010987037,-0.000786153217592123,0,0,0
110.91,9500.11664936178,1.54521671833493,9500,9500.11353128286,1.63316746418014,1.54521671833493,0,-0.00954431060170687,20.3826565156374,8,0,15031.2970626023,-15031.3512988098,1.54521671833493,1.5418159808907,1.54218451833775,-0.000368537447057005,0.128604747350231,0.00413781233834686,1.54521671833493,0,267.161443506003,60.6481711487664,5.2948250549934e-10,1,0.986623281118124,0,-0.00016549760758644,-0.000737074894114009,0,0,0
110.925,9500.11650619712,1.54519208810037,9500,9500.11433937199,1.6330617951534,1.54519208810037,0,-0.0253116933006014,20.3831841738879,7,0,15031.1814959397,-15031.3253313916,1.54519208810037,1.5418159808907,1.54215959649333,-0.000343615602628855,0.112074056784446,0.00406333841493296,1.54519208810037,0,267.161443506003,60.6481711487664,6.14033798759387e-10,1,0.986623266249929,0,-0.000166675704527774,-0.00068723120525771,0,0,0
110.94,9500.11612652173,1.54516757906563,9500,9500.11490093181,1.6329617804096,1.54516757906563,0,-0.0407899129829969,20.3837065100119,7,0,15031.0655285724,-15031.2973200714,1.54516757906563,1.5418159808907,1.54213434897718,-0.000318368086481779,0.0955644693514798,0.00398833434789546,1.54516757906563,0,267.161443506003,60.6481711487664,2.1972873492465e-10,1,0.986623226819194,0,-0.000167494392093737,-0.000636736172963559,0,0,0
110.955,9500.11551467303,1.54514323922925,9500,9500.11521855876,1.63286753891198,1.54514323922925,0,-0.0559497828013503,20.3842225173817,7,0,15030.9493901303,-15031.2673286165,1.54514323922925,1.5418159808907,1.54210883265715,-0.000292851766449997,0.0791096057012749,0.00391296187145328,1.54514323922925,0,267.161443506003,60.6481711487664,9.17754628232857e-10,1,0.986623163276377,0,-0.000167957455394996,-0.000585703532899995,0,0,0
110.97,9500.11467542629,1.54511911604205,9500,9500.11529530047,1.63277917621862,1.54511911604205,0,-0.0707616532742717,20.3847312600714,8,0,15030.8333045682,-15031.235412491,1.54511911604205,1.5418159808907,1.54208310382328,-0.000267122932583908,0.0627423033531689,0.00383738101652553,1.54511911604205,0,267.161443506003,60.6481711487664,7.02745341049524e-10,1,0.986623076117408,0,-0.000168069337288301,-0.000534245865167815,0,0,0
110.985,9500.11361400149,1.54509525574776,9500,9500.11513465233,1.63269678423214,1.54509525574776,0,-0.0852056929739549,20.3852317482912,8,0,15030.7175366479,-15031.2017237577,1.54509525574776,1.5418159808907,1.54205721836954,-0.000241237478842082,0.0464947387437021,0.0037617498147458,1.54509525574776,0,267.161443506003,60.6481711487664,9.9182974940505e-10,1,0.986622965884402,0,-0.000167835129973204,-0.000482474957684165,0,0,0
111,9500.1123359161,1.5450717026695,9500,9500.11474055666,1.63262044088365,1.5450717026695,0,-0.099258749515099,20.385723123311,9,0,15030.6023196897,-15031.1663641673,1.5450717026695,1.5418159808907,1.54203123200442,-0.000215251113726111,0.0303985620037942,0.00368622400625786,1.5450717026695,0,267.161443506003,60.6481711487664,5.65117940376121e-10,1,0.986622833150368,0,-0.000167260584425621,-0.000430502227452223,0,0,0
111.015,9500.11084703485,1.54504850045065,9500,9500.114117364,1.63255021078138,1.54504850045065,0,-0.112893557506383,20.3862045099573,9,0,15030.4878575631,-15031.1293826478,1.54504850045065,1.5418159808907,1.54200519948235,-0.000189218591656548,0.0144844420273102,0.00361095674326633,1.54504850045065,0,267.161443506003,60.6481711487664,6.91284457371772e-10,1,0.986622678524383,0,-0.000166352043420082,-0.000378437183313096,0,0,0
111.03,9500.10915363149,1.54502569188708,9500,9500.11326981732,1.63248614530547,1.54502569188708,0,-0.126090047953616,20.386675063935,9,0,15030.3743864919,-15031.090901376,1.54502569188708,1.5418159808907,1.54197917455437,-0.000163193663670125,-0.00121794928500691,0.00353609832372729,1.54502569188708,0,267.161443506003,60.6481711487664,8.12094441751568e-10,1,0.986622502657997,0,-0.000165116420302258,-0.00032638732734025,0,0,0
111.045,9500.10726228077,1.54500331776565,9500,9500.11220305631,1.63242828220456,1.54500331776565,0,-0.138827821608952,20.3871339846775,9,0,15030.2621240923,-15031.0510220452,1.54500331776565,1.5418159808907,1.54195321042052,-0.000137229529820315,-0.0166796531869507,0.00346179593459127,1.54500331776565,0,267.161443506003,60.6481711487664,9.29408800732827e-10,1,0.986622306234024,0,-0.000163561214273855,-0.00027445905964063,0,0,0
111.06,9500.10517986345,1.54498141734004,9500,9500.11092259257,1.63237664592815,1.54498141734004,0,-0.151085695553028,20.3875805110248,10,0,15030.1512709721,-15031.0098248874,1.54498141734004,1.5418159808907,1.54192735936011,-0.000111378469410894,-0.0318726320819861,0.00338819338816804,1.54498141734004,0,267.161443506003,60.6481711487664,4.60073115368124e-10,1,0.986622089967057,0,-0.000161694459648309,-0.000222756938821789,0,0,0
111.075,9500.10291357801,1.54496002825446,9500,9500.10943429253,1.63233124778139,1.54496002825446,0,-0.162849736886748,20.388013911446,10,0,15030.0420536897,-15030.967457285,1.54496002825446,1.5418159808907,1.54190167264948,-8.56917587801487e-05,-0.0467698176692412,0.0033154308813263,1.54496002825446,0,267.161443506003,60.6481711487664,5.07558568154427e-10,1,0.986621854604687,0,-0.000159524708825742,-0.000171383517560297,0,0,0
111.09,9500.10047083196,1.544939186156,9500,9500.10774436786,1.63229208590311,1.544939186156,0,-0.174101784624814,20.3884335081624,10,0,15029.9346593967,-15030.9240031875,1.544939186156,1.5418159808907,1.54187620063922,-6.02197485251033e-05,-0.0613450383005642,0.00324364476235471,1.544939186156,0,267.161443506003,60.6481711487664,5.54130077903423e-10,1,0.98662160091621,0,-0.000157061024865346,-0.000120439497050207,0,0,0
111.105,9500.09785930519,1.54491892555551,9500,9500.10585934011,1.63225914590343,1.54491892555551,0,-0.184826484149384,20.3888386482106,10,0,15029.8292809816,-15030.8795682293,1.54491892555551,1.5418159808907,1.54185099220887,-3.50113181757372e-05,-0.0755733412942312,0.00317296730116531,1.54491892555551,0,267.161443506003,60.6481711487664,5.98862913584104e-10,1,0.986621329699213,0,-0.000154312916263777,-7.00226363514744e-05,0,0,0
111.12,9500.09508690793,1.54489927926024,9500,9500.10378603106,1.63223240087815,1.54489927926024,0,-0.195009786698368,20.3892287179003,10,0,15029.7261043272,-15030.8342584607,1.54489927926024,1.5418159808907,1.54182609495035,-1.01140596497906e-05,-0.0894308665939897,0.00310352648884661,1.54489927926024,0,267.161443506003,60.6481711487664,6.41695761020271e-10,1,0.986621041775202,0,-0.000151290328602727,-2.02281192995812e-05,0,0,0
111.135,9500.09216176113,1.54488027831468,9500,9500.10153154456,1.63221181164343,1.54488027831468,0,-0.204638970859736,20.3896031438607,10,0,15029.6253079604,-15030.788180119,1.54488027831468,1.5418159808907,1.54180155509919,1.44257915035695e-05,-0.102894872140261,0.00303544584097538,1.54488027831468,0,267.161443506003,60.6481711487664,6.82568036126925e-10,1,0.986620737987571,0,-0.000148003623953619,2.8851583007139e-05,0,0,0
111.15,9500.08909217656,1.54486195194632,9500,9500.09910324806,1.6321973269938,1.54486195194632,0,-0.21370265970014,20.3899613939805,10,0,15029.5270627162,-15030.7414393905,1.54486195194632,1.5418159808907,1.54177741746798,3.85634227135778e-05,-0.115943759262281,0.00296884421019625,1.54486195194632,0,267.161443506003,60.6481711487664,7.21425738628829e-10,1,0.986620419199528,0,-0.000144463546187801,7.71268454271556e-05,0,0,0
111.165,9500.08588663667,1.54484432752384,9500,9500.09650875375,1.63218888398352,1.54484432752384,0,-0.222190829621913,20.3903029780772,10,0,15029.4315314588,-15030.694142182,1.54484432752384,1.5418159808907,1.54175372538133,6.22555093654498e-05,-0.128557097925597,0.00290383561441174,1.54484432752384,0,267.161443506003,60.6481711487664,7.58220281360999e-10,1,0.986620086292007,0,-0.000140681194731096,0.0001245110187309,0,0,0
111.18,9500.08255377422,1.54482743053646,9500,9500.09375589933,1.63218640823042,1.54482743053646,0,-0.23009480554635,20.3906274481096,10,0,15029.3388689005,-15030.6463939113,1.54482743053646,1.5418159808907,1.54173052060621,8.54602844913011e-05,-0.140715651303623,0.00284052907678275,1.54482743053646,0,267.161443506003,60.6481711487664,7.92907026888716e-10,1,0.986619740161554,0,-0.000136668000708884,0.000170920568982602,0,0,0
111.195,9500.07910235214,1.54481128456662,9500,9500.09085272858,1.63218981424156,1.54481128456662,0,-0.237407259998304,20.3909343985349,10,0,15029.2492213917,-15030.5982992932,1.54481128456662,1.5418159808907,1.54170784329097,0.000108137599731606,-0.15240139915217,0.00277902847646375,1.54481128456662,0,267.161443506003,60.6481711487664,8.25445580249979e-10,1,0.986619381718231,0,-0.000132435692839605,0.000216275199463212,0,0,0
111.21,9500.07554124324,1.54479591128883,9500,9500.08780747165,1.63219900575846,1.54479591128883,0,-0.244122195959032,20.3912234661029,10,0,15029.1627268303,-15030.5499621507,1.54479591128883,1.5418159808907,1.54168573189898,0.000130248991722093,-0.163597558937347,0.00271943241468593,1.54479591128883,0,267.161443506003,60.6481711487664,8.55803740301325e-10,1,0.986619011883514,0,-0.000127996272824893,0.000260497983444186,0,0,0
111.225,9500.0718794103,1.54478133046047,9500,9500.08462852523,1.63221387612046,1.54478133046047,0,-0.250234934505079,20.391494329826,10,0,15029.0795145381,-15030.5014852212,1.54478133046047,1.5418159808907,1.54166422315177,0.000151757738930058,-0.174288604248147,0.00266183409191473,1.54478133046047,0,267.161443506003,60.6481711487664,8.83950768006661e-10,1,0.986618631588223,0,-0.000123361984580628,0.000303515477860117,0,0,0
111.24,9500.06812588628,1.54476755990218,9500,9500.08132443273,1.63223430864392,1.54476755990218,0,-0.25574211000313,20.3917467111756,10,0,15028.9997050849,-15030.4529699533,1.54476755990218,1.5418159808907,1.54164335198438,0.000172628906312422,-0.184460279672653,0.00260632119885345,1.54476755990218,0,267.161443506003,60.6481711487664,9.09863532955235e-10,1,0.986618241770464,0,-0.000118545286265093,0.000345257812624844,0,0,0
111.255,9500.06428975463,1.54475461552143,9500,9500.07790386444,1.63226017701581,1.54475461552143,0,-0.26064163697719,20.3919803733498,10,0,15028.9234103183,-15030.4045163486,1.54475461552143,1.5418159808907,1.54162315148535,0.000192829405347483,-0.194099612115405,0.00255297582003415,1.54475461552143,0,267.161443506003,60.6481711487664,9.33522269498606e-10,1,0.986617843373588,0,-0.000113558821833504,0.000385658810694967,0,0,0
111.27,9500.06038013008,1.54474251128865,9500,9500.07437559771,1.63229134570131,1.54474251128865,0,-0.264932708133602,20.392195121567,10,0,15028.8507331734,-15030.3562227594,1.54474251128865,1.5418159808907,1.54160365286682,0.000212328023873942,-0.203194919128539,0.00250187435020908,1.54474251128865,0,267.161443506003,60.6481711487664,9.54912625669925e-10,1,0.986617437344194,0,-0.000108415387795047,0.000424656047747884,0,0,0
111.285,9500.05640613946,1.54473125925264,9500,9500.07074849733,1.63232767036228,1.54473125925264,0,-0.268615767392278,20.392390802516,10,0,15028.7817676635,-15030.3081857269,1.54473125925264,1.5418159808907,1.54158488542257,0.000231095468122833,-0.211735813039582,0.00245308742570131,1.54473125925264,0,267.161443506003,60.6481711487664,9.74024638889694e-10,1,0.986617024630139,0,-0.000103127912450374,0.000462190936245666,0,0,0
111.3,9500.05237690295,1.54472086953469,9500,9500.067031496,1.63236899828744,1.54472086953469,0,-0.271692496548226,20.3925673042663,10,0,15028.7165987766,-15030.2604998013,1.54472086953469,1.5418159808907,1.54156687650125,0.000249104389445698,-0.219713202449447,0.00240667986509864,1.54472086953469,0,267.161443506003,60.6481711487664,9.90854199530783e-10,1,0.986616606178588,0,-9.7709417607561e-05,0.000498208778891396,0,0,0
111.315,9500.0483015155,1.54471135034174,9500,9500.06323357503,1.63241516883214,1.54471135034174,0,-0.274167757028748,20.3927245537504,11,0,15028.6553131564,-15030.213279257,1.54471135034174,1.5418159808907,1.54154965147876,0.000266329411934052,-0.227119290475268,0.00236271062717524,1.54471135034174,0,267.161443506003,60.6481711487664,4.43649801027145e-10,1,0.986616182934086,0,-9.21730002301224e-05,0.000532658823868104,0,0,0
111.33,9500.04418899914,1.54470270797435,9500,9500.05936374515,1.63246601386776,1.54470270797435,0,-0.276041698998091,20.3928625240945,11,0,15028.5979562875,-15030.1665704378,1.54470270797435,1.5418159808907,1.5415332337374,0.000282747153292462,-0.23394757051175,0.00232123277707168,1.54470270797435,0,267.161443506003,60.6481711487664,4.49473153152868e-10,1,0.986615755833606,0,-8.65317975797808e-05,0.000565494306584924,0,0,0
111.345,9500.04004837366,1.5446949472187,9500,9500.05543102004,1.63252135843343,1.5446949472187,0,-0.277321294327292,20.3929812149908,11,0,15028.5445983715,-15030.1204831688,1.5446949472187,1.5418159808907,1.54151764446078,0.000298336429920498,-0.240192932130356,0.00228229346816078,1.5446949472187,0,267.161443506003,60.6481711487664,4.53892200693392e-10,1,0.986615325813886,0,-8.07989519293617e-05,0.000596672859840996,0,0,0
111.36,9500.03588855424,1.54468807042973,9500,9500.05144441495,1.63258102076775,1.54468807042973,0,-0.278013052973818,20.393080679194,11,0,15028.4952872956,-15030.0751023359,1.54468807042973,1.5418159808907,1.54150290309108,0.000313077799619643,-0.245851371934867,0.00224593393979257,1.54468807042973,0,267.161443506003,60.6481711487664,4.57313923224441e-10,1,0.986614893800804,0,-7.49876054075838e-05,0.000626155599239286,0,0,0
111.375,9500.03171835845,1.54468207812937,9500,9500.0474129192,1.63264481300643,1.54468207812937,0,-0.278124579728288,20.3931610077629,11,0,15028.4500619806,-15030.0305100803,1.54468207812937,1.5418159808907,1.54148902703004,0.000326953860655843,-0.250920154506022,0.00221218951735915,1.54468207812937,0,267.161443506003,60.6481711487664,4.59747241477929e-10,1,0.986614460710094,0,-6.9110866289579e-05,0.000653907721311686,0,0,0
111.39,9500.02754648975,1.54467696904733,9500,9500.0433454776,1.63271254167359,1.54467696904733,0,-0.27766453299472,20.3932223289913,11,0,15028.4089525107,-15029.9867856934,1.54467696904733,1.5418159808907,1.54147603162615,0.000339949264551054,-0.255397805932504,0.00218108962752884,1.54467696904733,0,267.161443506003,60.6481711487664,4.612022469092e-10,1,0.986614027445648,0,-6.31817714067395e-05,0.000679898529102108,0,0,0
111.405,9500.02338152176,1.54467274017212,9500,9500.03925097241,1.632784008173,1.54467274017212,0,-0.276642578131629,20.3932648071293,11,0,15028.3719803031,-15029.9440055216,1.54467274017212,1.5418159808907,1.54146393016518,0.000352050725512587,-0.259284100672046,0.00215265783039581,1.54467274017212,0,267.161443506003,60.6481711487664,4.61689762706807e-10,1,0.986613594897866,0,-5.721327144248e-05,0.000704101451025174,0,0,0
111.42,9500.01923188309,1.54466938677412,9500,9500.03513820591,1.63285900927803,1.54466938677412,0,-0.275069358965694,20.3932886417112,11,0,15028.3391581534,-15029.9022428499,1.54466938677412,1.5418159808907,1.54145273387811,0.000363247012590051,-0.262580042654718,0.00212691185824669,1.54466938677412,0,267.161443506003,60.6481711487664,4.61225148854146e-10,1,0.986613163942092,0,-5.12181968745917e-05,0.000726494025180102,0,0,0
111.435,9500.0151058427,1.54466690242681,9500,9500.03101588352,1.63293733761942,1.54466690242681,0,-0.272956470543907,20.3932940669298,11,0,15028.3104902759,-15029.8615677867,1.54466690242681,1.5418159808907,1.54144245195747,0.000373528933228062,-0.265287841767891,0.00210386366965313,1.54466690242681,0,267.161443506003,60.6481711487664,4.59822448322049e-10,1,0.98661273543709,0,-4.5209239617483e-05,0.000747057866456124,0,0,0
111.45,9500.01101149565,1.54466527906208,9500,9500.02689259757,1.63301878217133,1.54466527906208,0,-0.270316410829147,20.3932813502793,11,0,15028.2859725013,-15029.8220471878,1.54466527906208,1.5418159808907,1.54143309156092,0.000382889329779479,-0.267410887173658,0.00208351951182526,1.54466527906208,0,267.161443506003,60.6481711487664,4.57499216554171e-10,1,0.986612310223561,0,-3.91989245329682e-05,0.000765778659558958,0,0,0
111.465,9500.00695674948,1.54466450695606,9500,9500.02277681149,1.63310312873631,1.54466450695606,0,-0.267162577687057,20.3932507927042,11,0,15028.2655921546,-15029.7837445167,1.54466450695606,1.5418159808907,1.54142465785591,0.000391323034790503,-0.268953718803111,0.00206587999578542,1.54466450695606,0,267.161443506003,60.6481711487664,4.54273887273559e-10,1,0.986611889122735,0,-3.31995856126532e-05,0.000782646069581006,0,0,0
111.48,9500.00294931082,1.54466457481427,9500,9500.01867684467,1.63319016042764,1.54466457481427,0,-0.263509201518538,20.3932027266094,11,0,15028.249328398,-15029.7467198045,1.54466457481427,1.5418159808907,1.54141715402004,0.000398826870656732,-0.269921996813827,0.00205094018225973,1.54466457481427,0,267.161443506003,60.6481711487664,4.50166650608016e-10,1,0.986611472934973,0,-2.72233528419985e-05,0.000797653741313464,0,0,0
111.495,9499.9989966728,1.5446654697582,9500,9500.01460085768,1.63327965815184,1.5446654697582,0,-0.259371343123818,20.3931375160026,11,0,15028.2371521148,-15029.7110295219,1.5446654697582,1.5418159808907,1.54141058129368,0.000405399597013245,-0.270322471204643,0.00203868967348083,1.5446654697582,0,267.161443506003,60.6481711487664,4.45198867740873e-10,1,0.986611062438467,0,-2.12821164680133e-05,0.00081079919402649,0,0,0
111.51,9499.99510610265,1.5446671774149,9500,9500.01055683812,1.63337140108744,1.5446671774149,0,-0.2547628757248,20.3930555565228,10,0,15028.2290156829,-15029.6767048856,1.5446671774149,1.5418159808907,1.54140493898913,0.000411041901568154,-0.270162949648433,0.00202911272107023,1.5446671774149,0,267.161443506003,60.6481711487664,9.95726593797223e-10,1,0.986610658387946,0,-1.53875223256605e-05,0.000822083803136309,0,0,0
111.525,9499.99128465951,1.54466968194941,9500,9500.00655258688,1.63346516716313,1.54466968194941,0,-0.249704304926265,20.3929572665223,10,0,15028.2248957444,-15029.6438390644,1.54466968194941,1.5418159808907,1.54140022452935,0.000415756361344055,-0.269452265841559,0.00202218833602368,1.54466968194941,0,267.161443506003,60.6481711487664,9.79809558402284e-10,1,0.986610261516528,0,-9.55093883558966e-06,0.00083151272268811,0,0,0
111.54,9499.98753909494,1.54467296574101,9500,9500.00259571266,1.63356073333864,1.54467296574101,0,-0.244211107502227,20.392843105543,10,0,15028.2247272282,-15029.6124549374,1.54467296574101,1.5418159808907,1.54139643367231,0.000419547218382998,-0.268200134361283,0.00201789041354766,1.54467296574101,0,267.161443506003,60.6481711487664,9.6304026130883e-10,1,0.986609872525387,0,-3.78345135332303e-06,0.000839094436765997,0,0,0
111.555,9499.98387592833,1.54467701039788,9500,9499.99869360197,1.63365787650795,1.54467701039788,0,-0.238301026912468,20.3927135449042,10,0,15028.2284512575,-15029.5825944577,1.54467701039788,1.5418159808907,1.54139356006733,0.000422420823370739,-0.266417396586509,0.00201618786043867,1.54467701039788,0,267.161443506003,60.6481711487664,9.44551286820659e-10,1,0.986609492091589,0,1.90416969769736e-06,0.000844841646741479,0,0,0
111.57,9499.98030141292,1.54468179620545,9500,9499.99485341662,1.63375637373198,1.54468179620545,0,-0.231992419205271,20.3925690812909,10,0,15028.2360016739,-15029.554295778,1.54468179620545,1.5418159808907,1.54139159560172,0.000424385288975371,-0.264115809835191,0.00201704473680263,1.54468179620545,0,267.161443506003,60.6481711487664,9.24405995092921e-10,1,0.986609120864556,0,7.50149096062636e-06,0.000848770577950742,0,0,0
111.585,9499.97682152663,1.54468730220034,9500,9499.99108208296,1.63385600267961,1.54468730220034,0,-0.225304198917753,20.3924102350537,10,0,15028.2473053482,-15029.5275932528,1.54468730220034,1.5418159808907,1.54139053043974,0.000425450450954656,-0.261308002993732,0.00202042040773491,1.54468730220034,0,267.161443506003,60.6481711487664,9.02671259643508e-10,1,0.986608759465117,0,1.29984164163321e-05,0.000850900901909313,0,0,0
111.6,9499.97344196365,1.54469350621589,9500,9499.98738628153,1.63395654206681,1.54469350621589,0,-0.218255801333605,20.3922375491299,10,0,15028.2622823626,-15029.502517407,1.54469350621589,1.5418159808907,1.54139035307566,0.000425627815034968,-0.258007436167148,0.00202626969512226,1.54469350621589,0,267.161443506003,60.6481711487664,8.7941410135509e-10,1,0.986608408484635,0,1.83852126833806e-05,0.000851255630069936,0,0,0
111.615,9499.97016812663,1.54470038494703,9500,9499.98377243725,1.63405777209043,1.54470038494703,0,-0.210867134257406,20.3920515875557,10,0,15028.2808462775,-15029.4790949283,1.54470038494703,1.5418159808907,1.54139105038295,0.000424930507751942,-0.254228361690238,0.00203454304082978,1.54470038494703,0,267.161443506003,60.6481711487664,8.54705054531098e-10,1,0.986608068484197,0,2.36525176657842e-05,0.000849861015503883,0,0,0
111.63,9499.96700511962,1.54470791402049,9500,9499.9802467101,1.63415947485634,1.54470791402049,0,-0.203158525945528,20.3918529338712,10,0,15028.3029044324,-15029.4573486725,1.54470791402049,1.5418159808907,1.54139260766269,0.000423373228006119,-0.249985786145053,0.00204518667377939,1.54470791402049,0,267.161443506003,60.6481711487664,8.2861728882285e-10,1,0.986607739993877,0,2.87913542456053e-05,0.000846746456012237,0,0,0
111.645,9499.96395774173,1.54471606808711,9500,9499.97681498641,1.63426143479972,1.54471606808711,0,-0.195150660108492,20.391642189061,10,0,15028.328358349,-15029.4372976967,1.54471606808711,1.5418159808907,1.54139500868409,0.000420972206609749,-0.245295432250061,0.00205814278318991,1.54471606808711,0,267.161443506003,60.6481711487664,8.01224999390318e-10,1,0.986607423512082,0,3.37931454232887e-05,0.000841944413219498,0,0,0
111.66,9499.96103048183,1.54472482090095,9500,9499.97348287073,1.63436343909612,1.54472482090095,0,-0.186864519684636,20.3914199697872,10,0,15028.3571040807,-15029.4189572899,1.54472482090095,1.5418159808907,1.54139823573488,0.000417745155812277,-0.240173699925143,0.00207334969863039,1.54472482090095,0,267.161443506003,60.6481711487664,7.72603406896417e-10,1,0.986607119504997,0,3.86497283311193e-05,0.000835490311624554,0,0,0
111.675,9499.95822751403,1.54473414538089,9500,9499.97025567849,1.63446527806013,1.54473414538089,0,-0.178321343466467,20.3911869070116,10,0,15028.3890324793,-15029.402338993,1.54473414538089,1.5418159808907,1.54140226968379,0.000413711206907363,-0.234637625319873,0.00209074207637939,1.54473414538089,0,267.161443506003,60.6481711487664,7.42830074649317e-10,1,0.98660682840612,0,4.33533555788124e-05,0.000827422413814727,0,0,0
111.69,9499.95555269388,1.54474401369346,9500,9499.96713842932,1.63456674553099,1.54474401369346,0,-0.169542568881923,20.3909436441668,10,0,15028.4240295674,-15029.3874506457,1.54474401369346,1.5418159808907,1.54140709003251,0.000408890858187627,-0.228704838067847,0.00211025108638986,1.54474401369346,0,267.161443506003,60.6481711487664,7.11984176837461e-10,1,0.986606550615865,0,4.78967127386376e-05,0.000817781716375254,0,0,0
111.705,9499.95300955534,1.54475439734122,9500,9499.96413584116,1.6346676392442,1.54475439734122,0,-0.160549772426032,20.3906908352194,10,0,15028.4619769379,-15029.3742964485,1.54475439734122,1.5418159808907,1.541412674969,0.00040330592170057,-0.222393516971681,0.00213180460712225,1.54475439734122,0,267.161443506003,60.6481711487664,6.8014459594501e-10,1,0.986606286501246,0,5.22729292660173e-05,0.000806611843401139,0,0,0
111.72,9499.95060130876,1.54476526720533,9500,9499.96125232511,1.63476776118878,1.54476526720533,0,-0.151364640135846,20.3904291437274,10,0,15028.5027519449,-15029.3628769848,1.54476526720533,1.5418159808907,1.54141900144603,0.000396979444670986,-0.215722344626756,0.00215532742529195,1.54476526720533,0,267.161443506003,60.6481711487664,6.47392557030815e-10,1,0.98660603639567,0,5.64755776195636e-05,0.000793958889341972,0,0,0
111.735,9499.94833083916,1.54477659362153,9500,9499.95849198109,1.63486691794777,1.54477659362153,0,-0.142008917302358,20.3901592411859,10,0,15028.5462280509,-15029.3531892827,1.54477659362153,1.5418159808907,1.54142604524289,0.000389935647805206,-0.208710460038213,0.00218074143522076,1.54477659362153,0,267.161443506003,60.6481711487664,6.13808993375684e-10,1,0.986605800598758,0,6.0498683317034e-05,0.000779871295610413,0,0,0
111.75,9499.9462007054,1.54478834645704,9500,9499.95585859414,1.63496492102465,1.54478834645704,0,-0.132504357877276,20.3898818053607,10,0,15028.5922751821,-15029.3452268834,1.54478834645704,1.5418159808907,1.54143378102888,0.00038219986181498,-0.201377411713703,0.00220796584271342,1.54478834645704,0,267.161443506003,60.6481711487664,5.79474839134716e-10,1,0.986605579376258,0,6.43367356607527e-05,0.00076439972362996,0,0,0
111.765,9499.94421314003,1.54480049516052,9500,9499.95335563155,1.63506158715393,1.54480049516052,0,-0.122872692140378,20.3895975192105,10,0,15028.6407599616,-15029.3389798898,1.54480049516052,1.5418159808907,1.54144218244267,0.000373798448028539,-0.193743110295107,0.00223691737376076,1.54480049516052,0,267.161443506003,60.6481711487664,5.44471907393066e-10,1,0.986605372960027,0,6.79846826412422e-05,0.000747596896057079,0,0,0
111.78,9499.94237004964,1.54481300884338,9500,9499.95098624059,1.63515673859548,1.54481300884338,0,-0.113135574501296,20.3893070691412,10,0,15028.6915460908,-15029.3344350517,1.54481300884338,1.5418159808907,1.54145122215483,0.000364758735865944,-0.185827780992168,0.00226751048094932,1.54481300884338,0,267.161443506003,60.6481711487664,5.08883475519495e-10,1,0.986605181548075,0,7.14379396162812e-05,0.000729517471731889,0,0,0
111.795,9499.94067301603,1.54482585632012,9500,9499.948753247,1.63525020341392,1.54482585632012,0,-0.103314558556095,20.3890111441496,10,0,15028.7444945412,-15029.3315758163,1.54482585632012,1.5418159808907,1.54146087195287,0.000355108937825088,-0.177651916854313,0.00229965755377665,1.54482585632012,0,267.161443506003,60.6481711487664,4.72789601855637e-10,1,0.986605005304673,0,7.46923913002018e-05,0.000710217875650176,0,0,0
111.81,9499.93912329765,1.54483900620761,9500,9499.94665915414,1.63534181574127,1.54483900620761,0,-0.0934329629610106,20.3887104324058,9,0,15028.7994745359,-15029.3304039116,1.54483900620761,1.5418159808907,1.54147110279717,0.000344878093527345,-0.169236232024685,0.00233326912986174,1.54483900620761,0,267.161443506003,60.6481711487664,9.88243685902516e-10,1,0.986604844360519,0,7.7744389465062e-05,0.000689756187054691,0,0,0
111.825,9499.9377218032,1.54485242697035,9500,9499.94470614273,1.63543141602475,1.54485242697035,0,-0.0835079434201602,20.3884056253359,9,0,15028.8563207338,-15029.330851481,1.54485242697035,1.5418159808907,1.54148188490343,0.000334095987263749,-0.160601616321493,0.00236825410512101,1.54485242697035,0,267.161443506003,60.6481711487664,9.0679322532306e-10,1,0.986604698809986,0,8.05907621865831e-05,0.000668191974527499,0,0,0
111.84,9499.93646918405,1.54486608736857,9500,9499.94289606384,1.63551885144743,1.54486608736857,0,-0.0735623356126869,20.388097400766,9,0,15028.914901368,-15029.3329165178,1.54486608736857,1.5418159808907,1.54149318762581,0.000322793264885712,-0.151769200133808,0.00240451994810498,1.54486608736857,0,267.161443506003,60.6481711487664,8.22516982280396e-10,1,0.986604568720718,0,8.32288117005309e-05,0.000645586529771425,0,0,0
111.855,9499.93536574902,1.54487995557598,9500,9499.94123045761,1.63560397569963,1.54487995557598,0,-0.0636169639165657,20.3877864465883,9,0,15028.975069173,-15029.3365700877,1.54487995557598,1.5418159808907,1.54150498000474,0.000311000885957924,-0.142760024867296,0.00244197291337022,1.54487995557598,0,267.161443506003,60.6481711487664,7.37825092810725e-10,1,0.986604454124789,0,8.56562954176798e-05,0.000622001771915848,0,0,0
111.87,9499.93441149456,1.54489399984365,9500,9499.93971054507,1.63568664941999,1.54489399984365,0,-0.0536923182948281,20.3874734453799,9,0,15029.0366759372,-15029.3417804099,1.54489399984365,1.5418159808907,1.54151723053738,0.000298750353320276,-0.133595183388633,0.00248051824630817,1.54489399984365,0,267.161443506003,60.6481711487664,6.52902267471908e-10,1,0.986604355021831,0,8.78714372192224e-05,0.000597500706640552,0,0,0
111.885,9499.93360610979,1.54490818860712,9500,9499.93833722989,1.63576674039056,1.54490818860712,0,-0.04380849300122,20.3871590721554,9,0,15029.0995730386,-15029.3485130443,1.54490818860712,1.5418159808907,1.54152990722902,0.000286073661681652,-0.124295782891392,0.00252006039305682,1.54490818860712,0,267.161443506003,60.6481711487664,5.67927509755769e-10,1,0.986604271379556,0,8.98729188738567e-05,0.000572147323363303,0,0,0
111.9,9499.93294898239,1.54492249053716,9500,9499.93711110098,1.63584412370878,1.54492249053716,0,-0.0339851589091021,20.3868439933449,9,0,15029.1636117071,-15029.3567309971,1.54492249053716,1.5418159808907,1.54154297767074,0.000273003219953827,-0.114882903422364,0.00256050320655006,1.54492249053716,0,267.161443506003,60.6481711487664,4.83077482015822e-10,1,0.986604203134374,0,9.16598866940177e-05,0.000546006439907654,0,0,0
111.915,9499.93243920501,1.54493687459566,9500,9499.93603243592,1.6359186819358,1.54493687459566,0,-0.0242397410518852,20.3865288709088,8,0,15029.2286336686,-15029.3663750088,1.54493687459566,1.5418159808907,1.541556409116,0.000259571774699818,-0.105377552894107,0.00260175015556236,1.54493687459566,0,267.161443506003,60.6481711487664,9.04443766565502e-10,1,0.986604150192052,0,9.3231937398075e-05,0.000519143549399637,0,0,0
111.93,9499.93207560889,1.5449513100986,9500,9499.93510120521,1.63599030522294,1.5449513100986,0,-0.0145949562661723,20.3862143399603,8,0,15029.2945122073,-15029.377447448,1.5449513100986,1.5418159808907,1.54157016855044,0.000245812340255336,-0.0958006209167439,0.0026437045273915,1.5449513100986,0,267.161443506003,60.6481711487664,7.09616002630074e-10,1,0.986604112431211,0,9.45891130328391e-05,0.000491624680510672,0,0,0
111.945,9499.93185668455,1.54496576639034,9500,9499.93431708411,1.63605889124116,1.54496576639034,0,-0.00506705154032599,20.3859010476319,8,0,15029.3610862327,-15029.3898795447,1.54496576639034,1.5418159808907,1.54158422295501,0.000231757935691634,-0.0861727302352538,0.00268626962825628,1.54496576639034,0,267.161443506003,60.6481711487664,5.21412739717066e-10,1,0.986604089695085,0,9.57318883409997e-05,0.000463515871383269,0,0,0
111.96,9499.93178067877,1.54498021382554,9500,9499.93367944081,1.63612434570203,1.54498021382554,0,0.00432504765176077,20.3855896254472,7,0,15029.4282180658,-15029.4036411606,1.54498021382554,1.5418159808907,1.54159853891228,0.000217441978414668,-0.0765144697130552,0.00272934897800973,1.54498021382554,0,267.161443506003,60.6481711487664,7.52177205942386e-10,1,0.986604081801596,0,9.66611865567124e-05,0.000434883956829335,0,0,0
111.975,9499.93184555449,1.54499462317155,9500,9499.93318735289,1.63618658217102,1.54499462317155,0,0.0135699549036833,20.3852807301294,6,0,15029.4957335612,-15029.4186228506,1.54499462317155,1.5418159808907,1.54161308300625,0.000202897884445052,-0.0668461596869145,0.00277284651196025,1.54499462317155,0,267.161443506003,60.6481711487664,8.10545750771479e-10,1,0.986604088539186,0,9.73783537983053e-05,0.000405795768890105,0,0,0
111.99,9499.93204910381,1.54500896590439,9500,9499.93283960906,1.63624552224132,1.54500896590439,0,0.0226429659464615,20.3849747978515,6,0,15029.5635310089,-15029.4348632835,1.54500896590439,1.5418159808907,1.54162782176943,0.000188159121263354,-0.0571878856943254,0.00281666677116948,1.54500896590439,0,267.161443506003,60.6481711487664,8.69514341020932e-10,1,0.986604109678558,0,9.78851520943014e-05,0.000376318242526708,0,0,0
112.005,9499.9323887483,1.54502321305547,9500,9499.93263473975,1.63630109497309,1.54502321305547,0,0.0315333355926937,20.3846724322663,7,0,15029.631434059,-15029.4522471663,1.54502321305547,1.5418159808907,1.54164272235312,0.000173258537578436,-0.0475590989909144,0.00286071508961192,1.54502321305547,0,267.161443506003,60.6481711487664,4.8126959441839e-10,1,0.986604144951931,0,9.81837280695785e-05,0.000346517075156871,0,0,0
112.02,9499.93286174834,1.54503733724127,9500,9499.93257098799,1.63635323782639,1.54503733724127,0,0.0402244484151615,20.3843743407505,7,0,15029.6993159931,-15029.4707421951,1.54503733724127,1.5418159808907,1.54165775159903,0.000158229291666423,-0.0379791861165319,0.00290489776724323,1.54503733724127,0,267.161443506003,60.6481711487664,8.85624156869868e-10,1,0.986604194074785,0,9.82766389383549e-05,0.000316458583332846,0,0,0
112.035,9499.93346511506,1.54505131130448,9500,9499.93264634217,1.63640189604611,1.54505131130448,0,0.0486986227012031,20.3840809781105,8,0,15029.7670502946,-15029.490322327,1.54505131130448,1.5418159808907,1.54167287681119,0.000143104079509682,-0.0284670008623243,0.00294912225476549,1.54505131130448,0,267.161443506003,60.6481711487664,5.62359923278281e-10,1,0.986604256736717,0,9.81668196453622e-05,0.000286208159019363,0,0,0
112.05,9499.9341955944,1.54506510876744,9500,9499.9328585374,1.63644702281711,1.54506510876744,0,0.0569461581593568,20.3837929090503,8,0,15029.8344765644,-15029.5108822829,1.54506510876744,1.5418159808907,1.54168806561413,0.000127915276568968,-0.0190409612989562,0.0029932973236059,1.54506510876744,0,267.161443506003,60.6481711487664,7.26768837861934e-10,1,0.986604332599777,0,9.78575669556836e-05,0.000255830553137937,0,0,0
112.065,9499.93504978677,1.54507870446046,9500,9499.93320505243,1.63648857953303,1.54507870446046,0,0.064952024979916,20.383510618377,8,0,15029.9014728339,-15029.532385499,1.54507870446046,1.5418159808907,1.54170328572018,0.000112695170513932,-0.00971919194609748,0.00303733322873596,1.54507870446046,0,267.161443506003,60.6481711487664,8.91317564783436e-10,1,0.986604421310907,0,9.73525579330836e-05,0.000225390341027865,0,0,0
112.08,9499.93602406715,1.54509207347115,9500,9499.9336831384,1.63652653525877,1.54509207347115,0,0.0727054534680485,20.3832345988479,9,0,15029.9678966166,-15029.554750686,1.54509207347115,1.5418159808907,1.54171850554037,9.74753503233394e-05,-0.00051916491431737,0.00308114187980585,1.54509207347115,0,267.161443506003,60.6481711487664,4.64560296746404e-10,1,0.986604522493633,0,9.66557986625816e-05,0.000194950700646679,0,0,0
112.095,9499.93711464895,1.54510519173047,9500,9499.93428981934,1.63656086688709,1.54510519173047,0,0.080190547364883,20.3829653249455,9,0,15030.033640579,-15029.5779608392,1.54510519173047,1.5418159808907,1.54173369396541,8.22869252830039e-05,0.00854216399065755,0.00312463698920401,1.54510519173047,0,267.161443506003,60.6481711487664,5.3542513291097e-10,1,0.986604635754705,0,9.5771625293839e-05,0.000164573850566008,0,0,0
112.11,9499.93831750716,1.54511803566651,9500,9499.93502190925,1.63659155887758,1.54511803566651,0,0.087397436771811,20.3827032554927,9,0,15030.0985686067,-15029.6019359287,1.54511803566651,1.5418159808907,1.54174882061309,6.71602776116664e-05,0.0174484915436257,0.00316773422058624,1.54511803566651,0,267.161443506003,60.6481711487664,6.02284963750243e-10,1,0.986604760676109,0,9.47046782777683e-05,0.000134320555223333,0,0,0
112.125,9499.93962846871,1.54513058317137,9500,9499.93587600464,1.63661860360087,1.54513058317137,0,0.0943156126973174,20.3824488169868,9,0,15030.162560233,-15029.6266152041,1.54513058317137,1.5418159808907,1.54176385541327,5.21254774314972e-05,0.0261839143540861,0.00321035132581123,1.54513058317137,0,267.161443506003,60.6481711487664,6.66888401525011e-10,1,0.986604896824458,0,9.34599198170183e-05,0.000104250954862994,0,0,0
112.14,9499.9410432029,1.54514281313489,9500,9499.93684850261,1.63664200104501,1.54514281313489,0,0.100935349565489,20.3822024126316,9,0,15030.2254990092,-15029.6519374816,1.54514281313489,1.5418159808907,1.54177876891346,3.72119772324986e-05,0.0347331056313657,0.00325240828972889,1.54514281313489,0,267.161443506003,60.6481711487664,7.2913928764721e-10,1,0.986605043749989,0,9.20425990975637e-05,7.44239544649972e-05,0,0,0
112.155,9499.94255723315,1.54515470543844,9500,9499.93793561162,1.63666175869001,1.54515470543844,0,0.10724769327988,20.381964422612,9,0,15030.2872725118,-15029.6778412188,1.54515470543844,1.5418159808907,1.54179353234649,2.24485442081868e-05,0.0430813473777244,0.00329382745932279,1.54515470543844,0,267.161443506003,60.6481711487664,7.88946148059163e-10,1,0.986605200987794,0,9.04582399330334e-05,4.48970884163735e-05,0,0,0
112.17,9499.94416594855,1.54516624094852,9500,9499.93913336261,1.63667789136793,1.54516624094852,0,0.113244446711402,20.3817352043674,9,0,15030.3477723597,-15029.7042646146,1.54516624094852,1.5418159808907,1.54180811769543,7.86319526513424e-06,0.0512145591084256,0.00333453366729266,1.54516624094852,0,267.161443506003,60.6481711487664,8.46223803114475e-10,1,0.986605368059012,0,8.87126284760953e-05,1.57263905302685e-05,0,0,0
112.185,9499.94586461525,1.54517740154231,9500,9499.94043762016,1.6366904211116,1.54517740154231,0,0.118918175840377,20.3815150921775,9,0,15030.4068943808,-15029.7311457406,1.54517740154231,1.5418159808907,1.54182249773995,-6.51684924801721e-06,0.0591193220161538,0.0033744543501069,1.54517740154231,0,267.161443506003,60.6481711487664,9.00895270147341e-10,1,0.986605544472016,0,8.68117892354192e-05,-1.30336984960344e-05,0,0,0
112.2,9499.94764838788,1.54518817010454,9500,9499.94184409378,1.63669937699387,1.54518817010454,0,0.124262197493848,20.381304397363,9,0,15030.4645386441,-15029.7584226434,1.54518817010454,1.5418159808907,1.54183664611141,-2.06652207122016e-05,0.0667828984072322,0.00341351965526284,1.54518817010454,0,267.161443506003,60.6481711487664,9.52887372894267e-10,1,0.986605729723596,0,8.47619723431947e-05,-4.13304414244031e-05,0,0,0
112.215,9499.94951232085,1.54519853055493,9500,9499.94334834915,1.6367047949571,1.54519853055493,0,0.129268624171737,20.3811034054739,10,0,15030.5206202998,-15029.7860552939,1.54519853055493,1.5418159808907,1.54185053732999,-3.45564392902897e-05,0.0741932475896341,0.00345166254281728,1.54519853055493,0,267.161443506003,60.6481711487664,4.42211037576335e-10,1,0.98660592330013,0,8.25696418274013e-05,-6.91128785805795e-05,0,0,0
112.23,9499.95145135021,1.54520846786067,9500,9499.94494581946,1.63670671763438,1.54520846786067,0,0.133936149725894,20.3809123851666,10,0,15030.5750273898,-15029.8139391572,1.54520846786067,1.5418159808907,1.54186414684653,-4.81659558346781e-05,0.0813390381661072,0.00348881888163961,1.54520846786067,0,267.161443506003,60.6481711487664,4.61787458256615e-10,1,0.986606124675711,0,8.02414521856587e-05,-9.63319116693562e-05,0,0,0
112.245,9499.95346039245,1.54521796846043,9500,9499.94663180907,1.63670519435547,1.54521796846043,0,0.138258730800601,20.3807315663171,10,0,15030.6276857402,-15029.8420344017,1.54521796846043,1.5418159808907,1.54187745087339,-6.14699826964049e-05,0.0882095454035463,0.00352492753512316,1.54521796846043,0,267.161443506003,60.6481711487664,4.80984346271081e-10,1,0.986606333322396,0,7.77842447301502e-05,-0.00012293996539281,0,0,0
112.26,9499.95553427342,1.54522701933624,9500,9499.94840152181,1.63670028052447,1.54522701933624,0,0.142232626476987,20.3805611683523,10,0,15030.6785131766,-15029.8702801115,1.54522701933624,1.5418159808907,1.54189042689055,-7.44459998522906e-05,0.0947949345270904,0.00355993044525172,1.54522701933624,0,267.161443506003,60.6481711487664,4.98904567269072e-10,1,0.98660654870283,0,7.52050078851596e-05,-0.000148891999704581,0,0,0
112.275,9499.95766776281,1.54523560861095,9500,9499.95025006355,1.63669203763033,1.54523560861095,0,0.145854881724702,20.3804013855284,10,0,15030.7274326242,-15029.8986160051,1.54523560861095,1.5418159808907,1.54190305337997,-8.70724892740871e-05,0.101086101549685,0.00359377269880005,1.54523560861095,0,267.161443506003,60.6481711487664,5.15530415030078e-10,1,0.986606770273826,0,7.25108733785618e-05,-0.000174144978548174,0,0,0
112.29,9499.95985558604,1.54524372555894,9500,9499.95217245304,1.63668053304481,1.54524372555894,0,0.149123324627914,20.3802523868386,10,0,15030.7743721989,-15029.9269825419,1.54524372555894,1.5418159808907,1.54191530985249,-9.93289617885473e-05,0.107074671627167,0.0036264025918204,1.54524372555894,0,267.161443506003,60.6481711487664,5.30847110792624e-10,1,0.986606997487597,0,6.97091015560147e-05,-0.000198657923577095,0,0,0
112.305,9499.96209243591,1.54525136063244,9500,9499.95416363299,1.63666583980624,1.54525136063244,0,0.152036573061212,20.3801143155879,10,0,15030.8192653804,-15029.9553210568,1.54525136063244,1.5418159808907,1.54192717686359,-0.000111195972889888,0.112753001264314,0.0036577716875206,1.54525136063244,0,267.161443506003,60.6481711487664,5.44842364166895e-10,1,0.986607229792972,0,6.68070611939964e-05,-0.000222391945779776,0,0,0
112.32,9499.9643729845,1.54525850547278,9500,9499.95621848138,1.63664803639061,1.54525850547278,0,0.154594031046516,20.3799872892879,10,0,15030.8620511119,-15029.9835738813,1.54525850547278,1.5418159808907,1.54193863603218,-0.000122655141485684,0.118114182608017,0.0036878348650579,1.54525850547278,0,267.161443506003,60.6481711487664,5.57507690258247e-10,1,0.986607466636625,0,6.38122163980626e-05,-0.000245310282971367,0,0,0
112.335,9499.96669189497,1.54526515289204,9500,9499.9583318228,1.63662720647038,1.54526515289204,0,0.156795866292424,20.3798714001923,10,0,15030.9026737635,-15030.0116844343,1.54526515289204,1.5418159808907,1.54194967007124,-0.000133689180545016,0.123152048990365,0.00371655036243703,1.54526515289204,0,267.161443506003,60.6481711487664,5.68836946115825e-10,1,0.986607707464305,0,6.07321090333457e-05,-0.000267378361090032,0,0,0
112.35,9499.96904383296,1.54527129685692,9500,9499.96049844,1.63660343866204,1.54527129685692,0,0.158642989750799,20.3797667157756,10,0,15030.9410831061,-15030.0395973122,1.54527129685692,1.5418159808907,1.54196026281334,-0.000144281922641154,0.127861180801398,0.00374387981150204,1.54527129685692,0,267.161443506003,60.6481711487664,5.7882764784996e-10,1,0.98660795172202,0,5.7574340466271e-05,-0.000288563845282308,0,0,0
112.365,9499.97142347781,1.54527693247365,9500,9499.9627130854,1.63657682626575,1.54527693247365,0,0.160137035454745,20.3796732791893,10,0,15030.9772342849,-15030.0672583765,1.54527693247365,1.5418159808907,1.54197039923158,-0.000154418340881923,0.132236909660448,0.00376978826471186,1.54527693247365,0,267.161443506003,60.6481711487664,5.8747892167821e-10,1,0.986608198857196,0,5.43465600302273e-05,-0.000308836681763847,0,0,0
112.38,9499.97382553334,1.54528205596691,9500,9499.96497049248,1.63654746699828,1.54528205596691,0,0.16128033733594,20.3795911098419,10,0,15031.0110877665,-15030.0946148334,1.54528205596691,1.5418159808907,1.54198006546095,-0.000164084570256628,0.136275320565005,0.00379424421672546,1.54528205596691,0,267.161443506003,60.6481711487664,5.94794284545145e-10,1,0.986608448319808,0,5.10564417586234e-05,-0.000328169140513257,0,0,0
112.395,9499.9762447384,1.54528666465477,9500,9499.967265387,1.63651546272139,1.54528666465477,0,0.162075903660525,20.3795202040599,10,0,15031.0426092664,-15030.1216153059,1.54528666465477,1.5418159808907,1.54198924881642,-0.000173267925722254,0.139973251203743,0.00381721961551684,1.54528666465477,0,267.161443506003,60.6481711487664,6.00778863415238e-10,1,0.986608699563463,0,4.77116738981653e-05,-0.000346535851444507,0,0,0
112.41,9499.97867587696,1.54529075694382,9500,9499.96959249816,1.63648091916657,1.54529075694382,0,0.162527404560283,20.3794605353113,10,0,15031.0717697666,-15030.1482099225,1.54529075694382,1.5418159808907,1.54199793779852,-0.000181956907822745,0.143328288685469,0.00383868986877102,1.54529075694382,0,267.161443506003,60.6481711487664,6.05441590485723e-10,1,0.986608952046458,0,4.43199346429335e-05,-0.000363913815645489,0,0,0
112.425,9499.98111378803,1.54529433230864,9500,9499.97194656932,1.63644394565781,1.54529433230864,0,0.162639149972659,20.3794120547627,10,0,15031.0985454617,-15030.1743503886,1.54529433230864,1.5418159808907,1.54200612210141,-0.000190141210709927,0.146338763236273,0.00385863383936034,1.54529433230864,0,267.161443506003,60.6481711487664,6.08792129786804e-10,1,0.986609205232803,0,4.08888885039538e-05,-0.000380282421419853,0,0,0
112.44,9499.98355337528,1.54529739127347,9500,9499.97432236864,1.63640465483212,1.54529739127347,0,0.162416069299826,20.3793746917848,10,0,15031.1229177138,-15030.199990057,1.54529739127347,1.5418159808907,1.5420137926189,-0.00019781172820732,0.149003739991519,0.00387703383918712,1.54529739127347,0,267.161443506003,60.6481711487664,6.10844682242976e-10,1,0.986609458593227,0,3.74261575351031e-05,-0.00039562345641464,0,0,0
112.455,9499.98598961631,1.54529993540408,9500,9499.97671469939,1.63636316235861,1.54529993540408,0,0.161863697363825,20.379348354236,10,0,15031.1448730505,-15030.2250840057,1.54529993540408,1.5418159808907,1.54202094143904,-0.000204960548346289,0.151323008740795,0.00389387561007791,1.54529993540408,0,267.161443506003,60.6481711487664,6.11614765926656e-10,1,0.986609711606134,0,3.39393162827051e-05,-0.000409921096692578,0,0,0
112.47,9499.98841757177,1.54530196728978,9500,9499.97911841005,1.63631958665662,1.54530196728978,0,0.160988155019834,20.3793329289553,10,0,15031.1644031212,-15030.2495891043,1.54530196728978,1.5418159808907,1.54202756184236,-0.000211580951660073,0.153297072024972,0.00390914830240513,1.54530196728978,0,267.161443506003,60.6481711487664,6.11119801420039e-10,1,0.986609963758551,0,3.04358736851196e-05,-0.000423161903320146,0,0,0
112.485,9499.9908323941,1.54530349052766,9500,9499.98152840405,1.63627404861278,1.54530349052766,0,0.159796130908907,20.3793282822019,10,0,15031.1815046586,-15030.2734640792,1.54530349052766,1.5418159808907,1.542033648295,-0.000217667404302402,0.154927132110848,0.00392284444556343,1.54530349052766,0,267.161443506003,60.6481711487664,6.09380282572372e-10,1,0.986610214547043,0,2.69232561234123e-05,-0.000435334808604804,0,0,0
112.5,9499.99322933606,1.54530450970902,9500,9499.98393964937,1.63622667129748,1.54530450970902,0,0.158294865017205,20.3793342600471,10,0,15031.1961794509,-15030.2966695792,1.54530450970902,1.5418159808907,1.54203919643695,-0.000223215546248046,0.156215076930676,0.00393495991081897,1.54530450970902,0,267.161443506003,60.6481711487664,6.06419191060261e-10,1,0.986610463478591,0,2.34088013024714e-05,-0.000446431092496091,0,0,0
112.515,9499.99560375904,1.54530503038516,9500,9499.9863471878,1.63617757968085,1.54530503038516,0,0.156492119219832,20.3793506892052,10,0,15031.2084342167,-15030.3191682178,1.54530503038516,1.5418159808907,1.54204420307917,-0.00022822218846863,0.15716346521558,0.00394549387140508,1.54530503038516,0,267.161443506003,60.6481711487664,6.02261118254545e-10,1,0.986610710071457,0,1.98997317355509e-05,-0.000456444376937259,0,0,0
112.53,9499.99795114083,1.54530505905464,9500,9499.98874614394,1.63612690034835,1.54530505905464,0,0.154396161779785,20.3793773773986,10,0,15031.2182805765,-15030.3409246326,1.54530505905464,1.5418159808907,1.54204866618407,-0.000232685293373613,0.157775511135263,0.00395444875068608,1.54530505905464,0,267.161443506003,60.6481711487664,5.96932118839218e-10,1,0.986610953855992,0,1.64031576481705e-05,-0.000465370586747227,0,0,0
112.545,9500.00026708325,1.54530460311286,9500,9499.99113173395,1.63607476121761,1.54530460311286,0,0.152015728229402,20.3794141145278,10,0,15031.2257348507,-15030.3619055061,1.54530460311286,1.5418159808907,1.54205258486543,-0.000236603974734795,0.158055067694861,0.00396183017162775,1.54530460311286,0,267.161443506003,60.6481711487664,5.90461320619228e-10,1,0.98661119437543,0,1.29260475356663e-05,-0.00047320794946959,0,0,0
112.56,9500.00254731918,1.54530367085959,9500,9499.99349927391,1.63602129125597,1.54530367085959,0,0.149360019847581,20.3794606725924,10,0,15031.2308181232,-15030.3820796372,1.54530367085959,1.5418159808907,1.54205595935276,-0.000239978462061696,0.158006609566222,0.0039676468930188,1.54530367085959,0,267.161443506003,60.6481711487664,5.82880046393293e-10,1,0.986611431186611,0,9.47523284255958e-06,-0.000479956924123393,0,0,0
112.575,9500.00478771948,1.54530227142507,9500,9499.99584418794,1.63596662020087,1.54530227142507,0,0.146438649498751,20.3795168073598,10,0,15031.2335559243,-15030.4014179325,1.54530227142507,1.5418159808907,1.54205879099741,-0.000242810106715119,0.15763521443257,0.00397191074779796,1.54530227142507,0,267.161443506003,60.6481711487664,5.74219765044828e-10,1,0.986611663860711,0,6.05737925640781e-06,-0.000485620213430238,0,0,0
112.59,9500.00698429922,1.54530041477488,9500,9499.99816201593,1.63591087828145,1.54530041477488,0,0.143261639377658,20.3795822583302,10,0,15031.2339782803,-15030.4198934682,1.54530041477488,1.5418159808907,1.54206108223284,-0.000245101342142284,0.156946544221539,0.00397463656846334,1.54530041477488,0,267.161443506003,60.6481711487664,5.6451545754007e-10,1,0.98661189198388,0,2.6789933651461e-06,-0.000490202684284569,0,0,0
112.605,9500.00913322381,1.54529811165358,9500,9500.00044842093,1.63585419594473,1.54529811165358,0,0.139839379073959,20.3796567500207,10,0,15031.2321194754,-15030.4374814908,1.54529811165358,1.5418159808907,1.542062836567,-0.00024685567629823,0.15594682445406,0.00397584211547766,1.54529811165358,0,267.161443506003,60.6481711487664,5.5380239723518e-10,1,0.98661211515788,0,-6.5360679624149e-07,-0.00049371135259646,0,0,0
112.62,9500.01123081449,1.54529537355479,9500,9500.00269919615,1.63579670358426,1.54529537355479,0,0.13618260126629,20.3797399926705,10,0,15031.2280179349,-15030.454159438,1.54529537355479,1.5418159808907,1.54206405855486,-0.000248077664161128,0.154642823520709,0.00397554799241935,1.54529537355479,0,267.161443506003,60.6481711487664,5.42118198738673e-10,1,0.986612333000658,0,-3.93428769784876e-06,-0.000496155328322256,0,0,0
112.635,9500.01327355351,1.54529221269161,9500,9500.00491027169,1.63573853127378,1.54529221269161,0,0.132302357879527,20.3798316829358,10,0,15031.2217161079,-15030.469906957,1.54529221269161,1.5418159808907,1.54206475377172,-0.00024877288102032,0.153041830560385,0.00397377756295531,1.54529221269161,0,267.161443506003,60.6481711487664,5.29501647108049e-10,1,0.986612545146882,0,-7.15711662824248e-06,-0.000497545762040641,0,0,0
112.65,9500.01525808888,1.54528864195144,9500,9500.00707772072,1.63567980850558,1.54528864195144,0,0.128209986877847,20.3799315049155,10,0,15031.2132602774,-15030.4847059036,1.54528864195144,1.5418159808907,1.54206492879056,-0.000248947899864849,0.151151632625993,0.00397055686047261,1.54528864195144,0,267.161443506003,60.6481711487664,5.15992990534623e-10,1,0.986612751248435,0,-1.03163678148999e-05,-0.000497895799729697,0,0,0
112.665,9500.01718123869,1.54528467486922,9500,9500.00919776538,1.63562066393396,1.54528467486922,0,0.123917090912279,20.3800391307762,10,0,15031.2027004526,-15030.4985403551,1.54528467486922,1.5418159808907,1.54206459114892,-0.000248610258217763,0.14898049116075,0.0039659144949559,1.54528467486922,0,267.161443506003,60.6481711487664,5.01633208594914e-10,1,0.986612950974864,0,-1.34065359089774e-05,-0.000497220516435526,0,0,0
112.68,9500.01903999505,1.54528032558622,9500,9500.01126678228,1.63556122512469,1.54528032558622,0,0.119435507210848,20.3801542216818,10,0,15031.1900901926,-15030.5113966061,1.54528032558622,1.5418159808907,1.54206374931983,-0.000247768429136652,0.146537117722986,0.00395988155379686,1.54528032558622,0,267.161443506003,60.6481711487664,4.86464012246709e-10,1,0.986613144013788,0,-1.64223404659491e-05,-0.000495536858273304,0,0,0
112.695,9500.02083152766,1.5452756088044,9500,9500.01328130754,1.63550161831017,1.5452756088044,0,0.114777274822679,20.380276428816,10,0,15031.1754864079,-15030.5232631554,1.5452756088044,1.5418159808907,1.54206241268414,-0.000246431793442525,0.143830649286643,0.00395249150058718,1.5452756088044,0,267.161443506003,60.6481711487664,4.7052989269385e-10,1,0.98661333007127,0,-1.93587252910188e-05,-0.000492863586885051,0,0,0
112.71,9500.02255318678,1.54527053976752,9500,9500.01523804146,1.63544196815118,1.54527053976752,0,0.109954620045082,20.3804053938209,10,0,15031.1589492865,-15030.5341307149,1.54527053976752,1.5418159808907,1.54206059148939,-0.000244610598693074,0.140870623050361,0.00394378007420623,1.54527053976752,0,267.161443506003,60.6481711487664,4.53874462692609e-10,1,0.986613508872125,0,-2.22108848766389e-05,-0.000489221197386147,0,0,0
112.725,9500.02420250608,1.54526513419819,9500,9500.01713385281,1.63538239750575,1.54526513419819,0,0.104981845266899,20.3805407518237,9,0,15031.140531486,-15030.5439706687,1.54526513419819,1.5418159808907,1.54205829682496,-0.000242315934261716,0.137666950595628,0.00393378517601174,1.54526513419819,0,267.161443506003,60.6481711487664,9.89098379749036e-10,1,0.986613680160213,0,-2.49742525968433e-05,-0.000484631868523433,0,0,0
112.74,9500.02577723376,1.54525940828049,9500,9500.01896578266,1.63532302720447,1.54525940828049,0,0.0998674832173788,20.3806821255189,9,0,15031.1203206934,-15030.5528222165,1.54525940828049,1.5418159808907,1.54205554057697,-0.00023955968627698,0.134229892208569,0.00392254676234316,1.54525940828049,0,267.161443506003,60.6481711487664,9.50461567886101e-10,1,0.986613843701677,0,-2.7644516449099e-05,-0.00047911937255396,0,0,0
112.755,9500.02727524601,1.54525337822623,9500,9500.02073105536,1.63526397564347,1.54525337822623,0,0.0946259149845136,20.3808291435891,9,0,15031.0983728798,-15030.5606596085,1.54525337822623,1.5418159808907,1.5420523355879,-0.000236354697204177,0.130570141039076,0.00391010672994106,1.54525337822623,0,267.161443506003,60.6481711487664,9.08354651954605e-10,1,0.986613999275952,0,-3.0217625984319e-05,-0.000472709394408355,0,0,0
112.77,9500.02869463474,1.54524706119146,9500,9500.02242706417,1.63520535901073,1.54524706119146,0,0.0892699359617753,20.3809814152101,9,0,15031.0747602105,-15030.5674822997,1.54524706119146,1.5418159808907,1.54204869513944,-0.000232714248740606,0.126698516140016,0.00389650879824812,1.54524706119146,0,267.161443506003,60.6481711487664,8.65022014976801e-10,1,0.986614146684875,0,-3.2689782911044e-05,-0.000465428497481213,0,0,0
112.785,9500.03003368378,1.54524047463017,9500,9500.02405138343,1.6351472908514,1.54524047463017,0,0.0838123580285686,20.3811385453828,9,0,15031.0495570515,-15030.5732918518,1.54524047463017,1.5418159808907,1.54204463321893,-0.000228652328232215,0.122626113425942,0.00388179839593815,1.54524047463017,0,267.161443506003,60.6481711487664,8.20574440889297e-10,1,0.986614285750216,0,-3.50574496568168e-05,-0.00045730465646443,0,0,0
112.8,9500.03129086915,1.54523363624211,9500,9500.02560177134,1.63508988186048,1.54523363624211,0,0.0782659785689756,20.3813001360588,9,0,15031.022839711,-15030.5780918514,1.54523363624211,1.5418159808907,1.54204016448679,-0.000224183596089889,0.118364286008611,0.00386602254359258,1.54523363624211,0,267.161443506003,60.6481711487664,7.7512154216043e-10,1,0.986614416313703,0,-3.73173581802444e-05,-0.000448367192179777,0,0,0
112.815,9500.03246485882,1.54522656392598,9500,9500.02707617215,1.63503323969036,1.54522656392598,0,0.0726435504290625,20.3814657871434,9,0,15030.9946862207,-15030.5818878612,1.54522656392598,1.5418159808907,1.54203530423926,-0.000219323348565226,0.113924618957398,0.00384922973241147,1.54522656392598,0,267.161443506003,60.6481711487664,7.28772784263347e-10,1,0.986614538237,0,-3.94665108971459e-05,-0.000438646697130451,0,0,0
112.83,9500.03355451208,1.54521927574237,9500,9500.02847271766,1.63497746877225,1.54521927574237,0,0.0669577586097211,20.3816350972836,9,0,15030.9651761594,-15030.5846873766,1.54521927574237,1.5418159808907,1.54203006836612,-0.000214087475417957,0.109318900683513,0.00383146980250776,1.54521927574237,0,267.161443506003,60.6481711487664,6.81636753987522e-10,1,0.986614651401639,0,-4.15021832362861e-05,-0.000428174950835913,0,0,0
112.845,9500.03455887846,1.545211789872,9500,9500.02978972821,1.63492267015088,1.545211789872,0,0.0612211943128895,20.3818076647534,9,0,15030.9343904548,-15030.5864997748,1.545211789872,1.5418159808907,1.54202447331007,-0.000208492419373929,0.104559092231271,0.00381279382005143,1.545211789872,0,267.161443506003,60.6481711487664,6.33822769301734e-10,1,0.986614755708911,0,-4.34219263500957e-05,-0.000416984838747858,0,0,0
112.86,9500.03547719638,1.54520412461526,9500,9500.03102571311,1.63486894133173,1.54520412461526,0,0.0554463556160908,20.3819830874461,9,0,15030.9024113733,-15030.5873363011,1.54520412461526,1.5418159808907,1.54201853600501,-0.000202555114314773,0.0996572957441245,0.00379325395319389,1.54520412461526,0,267.161443506003,60.6481711487664,5.85439123242803e-10,1,0.986614851079723,0,-4.52235692478542e-05,-0.000405110228629546,0,0,0
112.875,9500.03630889171,1.54519629834436,9500,9500.03217937064,1.63481637614,1.54519629834436,0,0.0496456182322367,20.3821609638866,9,0,15030.8693222939,-15030.5872100081,1.54519629834436,1.5418159808907,1.54201227383738,-0.000196292946686327,0.0946257227976384,0.00377290334703235,1.54519629834436,0,267.161443506003,60.6481711487664,5.36593376662277e-10,1,0.98661493745445,0,-4.69052067681996e-05,-0.000392585893372654,0,0,0
112.89,9500.03705357598,1.54518832949186,9500,9500.03324958765,1.63476506458863,1.54518832949186,0,0.0438312295626947,20.382340893455,9,0,15030.8352076453,-15030.5861357278,1.54518832949186,1.5418159808907,1.54200570459211,-0.000189723701412348,0.0894766645601639,0.00375179600398666,1.54518832949186,0,267.161443506003,60.6481711487664,4.87391041162376e-10,1,0.986615014792746,0,-4.8465222754146e-05,-0.000379447402824695,0,0,0
112.905,9500.03771104443,1.54518023650767,9500,9500.03423543877,1.63471509275627,1.54518023650767,0,0.0380133254325703,20.3825224731945,8,0,15030.8001632784,-15030.584151713,1.54518023650767,1.5418159808907,1.54199884640908,-0.000182865518387532,0.0842224629209247,0.0037299866537473,1.54518023650767,0,267.161443506003,60.6481711487664,9.93319444532447e-10,1,0.986615083073347,0,-4.99022636770707e-05,-0.000365731036775063,0,0,0
112.92,9500.03828124431,1.54517203783936,9500,9500.03513618542,1.63466654267331,1.54517203783936,0,0.0322080012659495,20.3827053144905,8,0,15030.7642526886,-15030.5812299956,1.54517203783936,1.5418159808907,1.54199171773391,-0.00017573684321559,0.0788754836590692,0.00370753063509261,1.54517203783936,0,267.161443506003,60.6481711487664,8.76219918143672e-10,1,0.986615142290776,0,-5.12152528193699e-05,-0.000351473686431181,0,0,0
112.935,9500.03876436433,1.54516375224952,9500,9500.03595126675,1.63461949241032,1.54516375224952,0,0.0264250069058907,20.3828890119774,8,0,15030.7275760829,-15030.5774153781,1.54516375224952,1.5418159808907,1.54198433709695,-0.00016835620624911,0.0734479784612291,0.0036844837713239,1.54516375224952,0,267.161443506003,60.6481711487664,7.64265590488473e-10,1,0.986615192464629,0,-5.24033721776007e-05,-0.000336712412498219,0,0,0
112.95,9500.03916073943,1.54515539781985,9500,9500.03668031615,1.63457401552554,1.54515539781985,0,0.0206757183871301,20.3830731809686,8,0,15030.6902192113,-15030.5727289647,1.54515539781985,1.5418159808907,1.54197672355304,-0.000160742662347113,0.067952353585909,0.00366090225384398,1.54515539781985,0,267.161443506003,60.6481711487664,6.52437791302092e-10,1,0.986615233629692,0,-5.34660866882142e-05,-0.000321485324694226,0,0,0
112.965,9500.03947087521,1.54514699255362,9500,9500.03732314885,1.63453018123527,1.54514699255362,0,0.0149712999285679,20.3832574404325,8,0,15030.6522682006,-15030.5671934407,1.54514699255362,1.5418159808907,1.54196889631665,-0.000152915425955413,0.0624009521429427,0.00363684251483428,1.54514699255362,0,267.161443506003,60.6481711487664,5.40975784970891e-10,1,0.986615265838473,0,-5.44031277343038e-05,-0.000305830851910827,0,0,0
112.98,9500.03969544471,1.54513855432179,9500,9500.03787975898,1.63448805435086,1.54513855432179,0,0.00932451201852211,20.3834414062474,7,0,15030.613798981,-15030.5608122234,1.54513855432179,1.5418159808907,1.54196087472883,-0.0001448938381301,0.0568060254386966,0.00361236110735384,1.54513855432179,0,267.161443506003,60.6481711487664,9.70500800640746e-10,1,0.986615289160871,0,-5.52144826286849e-05,-0.0002897876762602,0,0,0
112.995,9500.03983531239,1.54513010087491,9500,9500.03835031663,1.63444769522016,1.54513010087491,0,0.0037418953791687,20.3836247223785,7,0,15030.5749211084,-15030.5536577001,1.54513010087491,1.5418159808907,1.54195267819368,-0.00013669730298016,0.0511797093721421,0.00358751459017094,1.54513010087491,0,267.161443506003,60.6481711487664,7.31557496302428e-10,1,0.986615303686662,0,-5.59004043350075e-05,-0.00027339460596032,0,0,0
113.01,9500.03989144082,1.54512164940854,9500,9500.03873517184,1.63440915949361,1.54512164940854,0,-0.00176402668368077,20.3838070229164,7,0,15030.5357060541,-15030.5457301772,1.54512164940854,1.5418159808907,1.54194432633589,-0.000128345445188138,0.045534109163307,0.00356235940822018,1.54512164940854,0,267.161443506003,60.6481711487664,4.81892512542579e-10,1,0.986615309515813,0,-5.64613991156371e-05,-0.000256690890376277,0,0,0
113.025,9500.03986498042,1.54511321749837,9500,9500.0390348334,1.63437249852798,1.54511321749837,0,-0.00718432190138973,20.383987895796,6,0,15030.4962466473,-15030.5370717252,1.54511321749837,1.5418159808907,1.54193583847617,-0.000119857585471062,0.039880993318698,0.00353695177861815,1.54511321749837,0,267.161443506003,60.6481711487664,5.52107342634541e-10,1,0.9866153067678,0,-5.68982095234816e-05,-0.000239715170942123,0,0,0
113.04,9500.03975721559,1.54510482237795,9500,9500.03924997638,1.6343377590757,1.54510482237795,0,-0.0125051297472577,20.3841670831155,6,0,15030.4566103985,-15030.5276710911,1.54510482237795,1.5418159808907,1.54192723393924,-0.000111253048539206,0.0342319793509288,0.00351134758433258,1.54510482237795,0,267.161443506003,60.6481711487664,4.56326339520414e-10,1,0.986615295576012,0,-5.72118191850546e-05,-0.000222506097078412,0,0,0
113.055,9500.03956963864,1.5450964811336,9500,9500.03938143376,1.63430498337291,1.5450964811336,0,-0.0177193173320229,20.384344185164,6,0,15030.4168956337,-15030.5175860674,1.5450964811336,1.5418159808907,1.5419185319021,-0.000102551011397889,0.028598443654228,0.0034856022656993,1.5450964811336,0,267.161443506003,60.6481711487664,8.32539173834502e-10,1,0.986615276095432,0,-5.74034417939462e-05,-0.000205102022795778,0,0,0
113.07,9500.03930384888,1.54508820980808,9500,9500.03943020941,1.63427420869186,1.54508820980808,0,-0.0228197299606177,20.3845189168685,7,0,15030.377194773,-15030.5068684167,1.54508820980808,1.5418159808907,1.54190975179045,-9.37708997559294e-05,0.022991765987001,0.00345977071689203,1.54508820980808,0,267.161443506003,60.6481711487664,4.78745293966975e-10,1,0.986615248492153,0,-5.74745417620814e-05,-0.000187541799511859,0,0,0
113.085,9500.03896155293,1.54508002408782,9500,9500.0393974615,1.63424546763317,1.54508002408782,0,-0.0277952177253419,20.3846908763154,7,0,15030.3375714221,-15030.4955183844,1.54508002408782,1.5418159808907,1.54190091287869,-8.49319879896449e-05,0.0174230845493925,0.00343390717309909,1.54508002408782,0,267.161443506003,60.6481711487664,7.15941083457582e-10,1,0.986615212943416,0,-5.74268054609473e-05,-0.00016986397597929,0,0,0
113.1,9500.03854462467,1.54507193965782,9500,9500.03928449034,1.63421878831946,1.54507193965782,0,-0.0326380863200821,20.3848597915397,7,0,15030.2981119692,-15030.4835786353,1.54507193965782,1.5418159808907,1.54189203406246,-7.6053171760071e-05,0.0119031698295367,0.00340806511064167,1.54507193965782,0,267.161443506003,60.6481711487664,9.42289455503292e-10,1,0.986615169643828,0,-5.72621291048403e-05,-0.000152106343520142,0,0,0
113.115,9500.03805505337,1.54506397151174,9500,9500.0390927449,1.6341941941233,1.54506397151174,0,-0.0373381286659717,20.3850253736335,8,0,15030.2588822527,-15030.4710570052,1.54506397151174,1.5418159808907,1.54188313415645,-6.71532657516849e-05,0.00644260194403119,0.00338229715254449,1.54506397151174,0,267.161443506003,60.6481711487664,5.1182114156124e-10,1,0.986615118799986,0,-5.69826262757367e-05,-0.00013430653150337,0,0,0
113.13,9500.03749498144,1.54505613415173,9500,9500.03882381417,1.63417170377472,1.54505613415173,0,-0.0418921599225901,20.3851873153906,8,0,15030.219981422,-15030.458034545,1.54505613415173,1.5418159808907,1.54187423174554,-5.82508548419014e-05,0.00105168562934153,0.00335665497072041,1.54505613415173,0,267.161443506003,60.6481711487664,6.0133596765648e-10,1,0.986615060634383,0,-5.65906111711367e-05,-0.000116501709683803,0,0,0
113.145,9500.03686659904,1.54504844115051,9500,9500.03847943056,1.63415133116995,1.54504844115051,0,-0.0462914807799854,20.3853453606141,8,0,15030.1814717507,-15030.4445240942,1.54504844115051,1.5418159808907,1.54186534535864,-4.93644679400163e-05,-0.00425943879086555,0.0033311891956934,1.54504844115051,0,267.161443506003,60.6481711487664,6.92653096004837e-10,1,0.986614995374479,0,-5.60886111953263e-05,-9.87289358800325e-05,0,0,0
113.16,9500.03617222683,1.54504090614374,9500,9500.03806144511,1.63413308589325,1.54504090614374,0,-0.0505293868505565,20.3854992431592,8,0,15030.1434265246,-15030.4305608403,1.54504090614374,1.5418159808907,1.5418564929245,-4.05120338053955e-05,-0.00948112451386026,0.0033059493206555,1.54504090614374,0,267.161443506003,60.6481711487664,7.81158088776038e-10,1,0.986614923261282,0,-5.54793227052208e-05,-8.1024067610791e-05,0,0,0
113.175,9500.03541428603,1.54503354227763,9500,9500.03757183058,1.63411697305011,1.54503354227763,0,-0.0545995741459065,20.3856487085725,8,0,15030.1059171276,-15030.4161803444,1.54503354227763,1.5418159808907,1.54184769200995,-3.17111192529307e-05,-0.0146040639467216,0.00328098362543815,1.54503354227763,0,267.161443506003,60.6481711487664,8.66726995661885e-10,1,0.986614844546244,0,-5.47656242921857e-05,-6.34222385058614e-05,0,0,0
113.19,9500.03459529241,1.54502636215915,9500,9500.03701267594,1.63410299331498,1.54502636215915,0,-0.0584961719346455,20.3857935150863,8,0,15030.069012818,-15030.4014185042,1.54502636215915,1.5418159808907,1.54183895980372,-2.29789130274938e-05,-0.0196192943329671,0.00325633909450667,1.54502636215915,0,267.161443506003,60.6481711487664,9.4922679193628e-10,1,0.986614759490639,0,-5.39505582781707e-05,-4.59578260549875e-05,0,0,0
113.205,9500.03371784984,1.54501937779824,9500,9500.03638618078,1.63409114298671,1.54501937779824,0,-0.0622157781949026,20.3859334339003,9,0,15030.0327913689,-15030.3863337606,1.54501937779824,1.5418159808907,1.54183031310856,-1.43322178676186e-05,-0.0245182043341395,0.00323206134328149,1.54501937779824,0,267.161443506003,60.6481711487664,4.54092834108644e-10,1,0.986614668364887,0,-5.30373335221324e-05,-2.86644357352372e-05,0,0,0
113.22,9500.03278461316,1.54501260060601,9500,9500.03569464946,1.634081414054,1.54501260060601,0,-0.0657495631958763,20.3860682521073,9,0,15029.997295982,-15030.3709191403,1.54501260060601,1.5418159808907,1.54182176830464,-5.78741394008375e-06,-0.0292925424817188,0.00320819454319653,1.54501260060601,0,267.161443506003,60.6481711487664,4.89766691498875e-10,1,0.986614571444706,0,-5.20293093850821e-05,-1.15748278801675e-05,0,0,0
113.235,9500.03179836972,1.54500604174482,9500,9500.03494047718,1.63407379447049,1.54500604174482,0,-0.0690946757744405,20.3861977614876,9,0,15029.9626003576,-15030.3552321417,1.54500604174482,1.5418159808907,1.54181334114062,2.63975007697148e-06,-0.0339345429114004,0.00318478135397324,1.54500604174482,0,267.161443506003,60.6481711487664,5.21948316326314e-10,1,0.986614469019569,0,-5.09299740356628e-05,5.27950015394296e-06,0,0,0
113.25,9500.03076194958,1.54499971120524,9500,9500.03412616075,1.63406826781281,1.54499971120524,0,-0.0722472194940198,20.3863217801528,9,0,15029.9287628546,-15030.3393089824,1.54499971120524,1.5418159808907,1.54180504716625,1.09337244433849e-05,-0.038436658989181,0.00316186286565719,1.54499971120524,0,267.161443506003,60.6481711487664,5.52566701255328e-10,1,0.986614361383392,0,-4.97429721211251e-05,2.18674488867698e-05,0,0,0
113.265,9500.02967824129,1.54499361833324,9500,9500.03325428337,1.63406481359165,1.54499361833324,0,-0.0752037637809815,20.3864401407505,9,0,15029.8958390513,-15030.3231857467,1.54499361833324,1.5418159808907,1.54179690143353,1.90794571719444e-05,-0.0427917396828388,0.00313947852820269,1.54499361833324,0,267.161443506003,60.6481711487664,5.81585698424642e-10,1,0.98661424883616,0,-4.84720673470385e-05,3.81589143438887e-05,0,0,0
113.28,9500.02855018483,1.54498777185911,9500,9500.03232750737,1.63406340737088,1.54498777185911,0,-0.0779613220007128,20.3865526897602,9,0,15029.8638818639,-15030.3068983792,1.54498777185911,1.5418159808907,1.54178891845544,2.70624352567417e-05,-0.0469930488680399,0.00311766609789652,1.54498777185911,0,267.161443506003,60.6481711487664,6.08971501111759e-10,1,0.986614131683203,0,-4.71211403150207e-05,5.41248705134834e-05,0,0,0
113.295,9500.027380765,1.54498217992038,9500,9500.03134856701,1.63406402089018,1.54498217992038,0,-0.0805173302962451,20.3866592869222,9,0,15029.8329416281,-15030.2904826469,1.54498217992038,1.5418159808907,1.54178111216823,3.48687224633881e-05,-0.0510342792105201,0.00309646158475476,1.54498217992038,0,267.161443506003,60.6481711487664,6.34694399907584e-10,1,0.986614010234501,0,-4.56941775770492e-05,6.97374449267762e-05,0,0,0
113.31,9500.02617300505,1.54497685004165,9500,9500.03032026153,1.63406662218993,1.54497685004165,0,-0.0828696551367061,20.3867598055996,9,0,15029.8030659769,-15030.2739740594,1.54497685004165,1.5418159808907,1.54177349591765,4.24849730522592e-05,-0.0549095612071595,0.00307589920484509,1.54497685004165,0,267.161443506003,60.6481711487664,6.58727465614266e-10,1,0.986613884804032,0,-4.4195261868607e-05,8.49699461045184e-05,0,0,0
113.325,9500.02492996022,1.54497178914743,9500,9500.02924544817,1.63407117573669,1.54497178914743,0,-0.0850165790009097,20.3868541324266,9,0,15029.7742998755,-15030.2574078225,1.54497178914743,1.5418159808907,1.54176608243083,4.98984598653607e-05,-0.0586134674643127,0.00305601133700421,1.54497178914743,0,267.161443506003,60.6481711487664,6.81047134652212e-10,1,0.986613755709094,0,-4.26285557897366e-05,9.97969197307214e-05,0,0,0
113.34,9500.02365471153,1.54496700353048,9500,9500.02812703552,1.63407764255104,1.54496700353048,0,-0.0869568156207492,20.3869421679176,9,0,15029.7466854454,-15030.2408187489,1.54496700353048,1.5418159808907,1.54175888381426,5.70970764415257e-05,-0.0621410144471636,0.00303682848689883,1.54496700353048,0,267.161443506003,60.6481711487664,7.01634672552503e-10,1,0.986613623269664,0,-4.09983021685267e-05,0.000114194152883051,0,0,0
113.355,9500.0223503593,1.54496249885333,9500,9500.02696797686,1.63408598033736,1.54496249885333,0,-0.0886895026261308,20.3870238263591,9,0,15029.720261947,-15030.2242411991,1.54496249885333,1.5418159808907,1.54175191153484,6.40693558560113e-05,-0.0654876619912729,0.003018379250923,1.54496249885333,0,267.161443506003,60.6481711487664,7.20474417820995e-10,1,0.986613487807718,0,-3.9308801177862e-05,0.000128138711712023,0,0,0
113.37,9500.02102001676,1.54495828012492,9500,9500.02577126355,1.63409614361737,1.54495828012492,0,-0.0902142112044699,20.387099036239,9,0,15029.6950656435,-15030.2077090001,1.54495828012492,1.5418159808907,1.54174517641878,7.08044719168743e-05,-0.0686493122515724,0.00300069029039296,1.54495828012492,0,267.161443506003,60.6481711487664,7.37553342923251e-10,1,0.986613349646581,0,-3.75644174483991e-05,0.000141608943833749,0,0,0
113.385,9500.01966680359,1.54495435168875,9500,9500.02453991855,1.63410808386719,1.54495435168875,0,-0.0915309477815341,20.3871677404259,9,0,15029.6711297184,-15030.1912553726,1.54495435168875,1.5418159808907,1.54173868864294,7.72922477534355e-05,-0.0716223080522991,0.00298378630254118,1.54495435168875,0,267.161443506003,60.6481711487664,7.52863834908174e-10,1,0.986613209110242,0,-3.57695571935324e-05,0.000154584495506871,0,0,0
113.4,9500.01829383938,1.54495071721617,9500,9500.0232769899,1.63412174965925,1.54495071721617,0,-0.0926401527134772,20.3872298962369,9,0,15029.6484842165,-15030.1749128643,1.54495071721617,1.5418159808907,1.54173245772886,8.35231618359078e-05,-0.0744034315750985,0.00296769000180409,1.54495071721617,0,267.161443506003,60.6481711487664,7.66399890414496e-10,1,0.986613066522681,0,-3.39286640138603e-05,0.000167046323671816,0,0,0
113.415,9500.01690423709,1.54494737972065,9500,9500.02198554415,1.63413708680904,1.54494737972065,0,-0.0935426848338466,20.3872854750573,9,0,15029.6271560854,-15030.1587133037,1.54494737972065,1.5418159808907,1.54172649252722,8.94883634787735e-05,-0.0769899033104943,0.00295242210299785,1.54494737972065,0,267.161443506003,60.6481711487664,7.78161213423733e-10,1,0.986612922207193,0,-3.20462078824413e-05,0.000178976726957547,0,0,0
113.43,9500.01550109681,1.54494434153442,9500,9500.02066865991,1.63415403852666,1.54494434153442,0,-0.0942398311750323,20.3873344627684,9,0,15029.6071690387,-15030.1426877188,1.54494434153442,1.5418159808907,1.54172080122356,9.517966713668e-05,-0.079379381187645,0.00293800130945075,1.54494434153442,0,267.161443506003,60.6481711487664,7.88150434697606e-10,1,0.986612776485734,0,-3.0126675530262e-05,0.00019035933427336,0,0,0
113.445,9500.01408749934,1.54494160434296,9500,9500.01932942134,1.63417254557187,1.54494160434296,0,-0.0947332787656427,20.3873768589327,9,0,15029.5885436916,-15030.1268663119,1.54494160434296,1.5418159808907,1.5417153913173,0.000100589573400756,-0.0815699590918785,0.00292444430546214,1.54494160434296,0,267.161443506003,60.6481711487664,7.96372965462977e-10,1,0.986612629678255,0,-2.81745645405174e-05,0.000201179146801511,0,0,0
113.46,9500.01266650016,1.54493916917295,9500,9500.01797091173,1.63419254641353,1.54493916917295,0,-0.0950251171138464,20.3874126769825,9,0,15029.571297479,-15030.1112783923,1.54493916917295,1.5418159808907,1.54171026962528,0.000105711265417252,-0.0835601654419087,0.0029117657514189,1.54493916917295,0,267.161443506003,60.6481711487664,8.0283977804808e-10,1,0.986612482102081,0,-2.6194368633492e-05,0.000211422530834504,0,0,0
113.475,9500.01124112341,1.54493703642057,9500,9500.01659620717,1.63421397739109,1.54493703642057,0,-0.0951178144659607,20.3874419435426,9,0,15029.5554447629,-15030.0959523485,1.54493703642057,1.5418159808907,1.54170544226853,0.000110538622169587,-0.0853489604723338,0.00289997828553383,1.54493703642057,0,267.161443506003,60.6481711487664,8.07563454535526e-10,1,0.986612334071278,0,-2.4190570514282e-05,0.000221077244339174,0,0,0
113.49,9500.00981435619,1.54493520584624,9500,9500.01520837027,1.63423677287868,1.54493520584624,0,-0.0950142158835854,20.3874646984766,9,0,15029.5409967855,-15030.0809155904,1.54493520584624,1.5418159808907,1.54170091467733,0.000115066213369097,-0.0869357328833428,0.0028890925288024,1.54493520584624,0,267.161443506003,60.6481711487664,8.10560967398532e-10,1,0.98661218589607,0,-2.21676361154e-05,0.000230132426738194,0,0,0
113.505,9500.00838914295,1.54493367661014,9500,9500.0138104441,1.63426086545047,1.54493367661014,0,-0.0947175156993047,20.3874809940577,9,0,15029.5279618087,-15030.0661945324,1.54493367661014,1.5418159808907,1.54169669157725,0.000119289313446513,-0.0883202951928861,0.00287911709255047,1.54493367661014,0,267.161443506003,60.6481711487664,8.11852216059149e-10,1,0.98661203788225,0,-2.01300003022098e-05,0.000238578626893027,0,0,0
113.52,9500.00696838021,1.54493244726019,9500,9500.01240544614,1.63428618604732,1.54493244726019,0,-0.0942312600706666,20.3874908951674,9,0,15029.5163450396,-15030.0518145334,1.54493244726019,1.5418159808907,1.54169277700216,0.00012320388853948,-0.0895028782660891,0.00287005859241448,1.54493244726019,0,267.161443506003,60.6481711487664,8.1146090500731e-10,1,0.986611890330631,0,-1.80820625308442e-05,0.000246407777078961,0,0,0
113.535,9500.00555491131,1.5449315157573,9500,9500.01099636254,1.6343126641431,1.5449315157573,0,-0.0935593260544601,20.3874944786897,9,0,15029.5061487253,-15030.0377998724,1.5449315157573,1.5418159808907,1.54168917428953,0.000126806601165264,-0.090484124238244,0.0028619216642756,1.5449315157573,0,267.161443506003,60.6481711487664,8.09413226702332e-10,1,0.986611743536505,0,-1.60281730372525e-05,0.000253613202330527,0,0,0
113.55,9500.00415152142,1.54493087948731,9500,9500.00958614244,1.63434022791196,1.54493087948731,0,-0.0927059098541266,20.3874918331983,9,0,15029.4973721861,-15030.0241737153,1.54493087948731,1.5418159808907,1.54168588608559,0.000130094805102399,-0.0912650789914335,0.00285470898640884,1.54493087948731,0,267.161443506003,60.6481711487664,8.05737861601587e-10,1,0.986611597789122,0,-1.39726355448122e-05,0.000260189610204797,0,0,0
113.565,9500.00276093277,1.54493053527189,9500,9500.00817769247,1.63436880439519,1.54493053527189,0,-0.0916755147359815,20.3874830586648,9,0,15029.4900118503,-15030.0109580808,1.54493053527189,1.5418159808907,1.54168291435031,0.000133066540391136,-0.0918471836665746,0.00284842130041367,1.54493053527189,0,267.161443506003,60.6481711487664,8.00467880714288e-10,1,0.986611453371196,0,-1.19196807322197e-05,0.000266133080782271,0,0,0
113.58,9500.00138580005,1.54493047938154,9500,9500.00677387148,1.63439831966777,1.54493047938154,0,-0.0904729390670266,20.3874682661277,9,0,15029.4840612931,-15029.9981738114,1.54493047938154,1.5418159808907,1.54168026036732,0.000135720523377181,-0.0922322653974219,0.00284305744408417,1.54493047938154,0,267.161443506003,60.6481711487664,7.93637818667886e-10,1,0.986611310558428,0,-9.87348005931921e-06,0.000271441046754362,0,0,0
113.595,9500.00002870597,1.54493070755661,9500,9500.00537748542,1.63442869900413,1.54493070755661,0,-0.0891032585772141,20.3874475771871,9,0,15029.4795113169,-15029.9858405529,1.54493070755661,1.5418159808907,1.54167792474677,0.000138056143925702,-0.0924225274118083,0.00283861437805748,1.54493070755661,0,267.161443506003,60.6481711487664,7.85285283561647e-10,1,0.986611169619041,0,-7.83812179183663e-06,0.000276112287851404,0,0,0
113.61,9499.99869215709,1.54493121502277,9500,9500.00399128236,1.6344598670434,1.54493121502277,0,-0.0875718125629801,20.3874211236248,9,0,15029.4763500073,-15029.9739767318,1.54493121502277,1.5418159808907,1.54167590743629,0.000140073454410583,-0.0924205387473863,0.00283508722325115,1.54493121502277,0,267.161443506003,60.6481711487664,7.75450225249221e-10,1,0.986611030813352,0,-5.817610654546e-06,0.000280146908821166,0,0,0
113.625,9499.9973785799,1.54493199649189,9500,9500.00261794781,1.63449174795307,1.54493199649189,0,-0.0858841998458077,20.3873890473389,9,0,15029.4745627198,-15029.9625995194,1.54493199649189,1.5418159808907,1.54167420773933,0.000141773151366653,-0.092229223157486,0.00283246929845661,1.54493199649189,0,267.161443506003,60.6481711487664,7.64175813450396e-10,1,0.98661089439336,0,-3.81586276732016e-06,0.000283546302733306,0,0,0
113.64,9499.9960903169,1.54493304621406,9500,9500.00126010012,1.63452426559109,1.54493304621406,0,-0.0840462417004468,20.3873514991796,9,0,15029.4741323066,-15029.9517248479,1.54493304621406,1.5418159808907,1.54167282430912,0.000143156581575044,-0.0918518475471802,0.00283075216021131,1.54493304621406,0,267.161443506003,60.6481711487664,7.51506242544122e-10,1,0.986610760602343,0,-1.83669236331063e-06,0.000286313163150087,0,0,0
113.655,9499.99482962328,1.54493435795825,9500,9499.99992028618,1.63455734366719,1.54493435795825,0,-0.0820639912451733,20.3873086393271,9,0,15029.4750390134,-15029.9413673599,1.54493435795825,1.5418159808907,1.54167175518125,0.000144225709451273,-0.0912920104994803,0.00282992564864782,1.54493435795825,0,267.161443506003,60.6481711487664,7.37488487765572e-10,1,0.986610629674511,0,1.1618947226566e-07,0.000288451418902547,0,0,0
113.67,9499.99359866341,1.54493592505975,9500,9499.99860097725,1.63459090590051,1.54493592505975,0,-0.0799436997322742,20.3872606362296,9,0,15029.4772606856,-15029.9315404241,1.54493592505975,1.5418159808907,1.54167099777312,0.000144983117573494,-0.0905536293159389,0.00282997793391034,1.54493592505975,0,267.161443506003,60.6481711487664,7.22172744268855e-10,1,0.986610501834642,0,2.03917745711379e-06,0.000289966235146988,0,0,0
113.685,9499.99239950791,1.54493774042671,9500,9499.99730456509,1.63462487617659,1.54493774042671,0,-0.0776918097632994,20.3872076664295,9,0,15029.4807727866,-15029.9222561141,1.54493774042671,1.5418159808907,1.54167054890458,0.000145431986121602,-0.0896409277511217,0.00283089556376604,1.54493774042671,0,267.161443506003,60.6481711487664,7.05609061119571e-10,1,0.986610377297779,0,3.92878569099864e-06,0.000290863972243205,0,0,0
113.7,9499.99123413076,1.54493979656986,9500,9499.99603335821,1.6346591787005,1.54493979656986,0,-0.0753149332476009,20.3871499138891,9,0,15029.4855485255,-15029.9135252113,1.54493979656986,1.5418159808907,1.54167040480978,0.000145576080919918,-0.0885584225170865,0.00283266351732699,1.54493979656986,0,267.161443506003,60.6481711487664,6.87850707323661e-10,1,0.986610256268925,0,5.78165172870904e-06,0.000291152161839836,0,0,0
113.715,9499.99010440677,1.54494208561878,9500,9499.99478957843,1.63469373814755,1.54494208561878,0,-0.0728198389312026,20.3870875696132,9,0,15029.4915589213,-15029.9053571984,1.54494208561878,1.5418159808907,1.54167056115696,0.000145419733739827,-0.087310909741956,0.00283526526060491,1.54494208561878,0,267.161443506003,60.6481711487664,6.68952269302004e-10,1,0.986610138942787,0,7.59453779219932e-06,0.000290839467479653,0,0,0
113.73,9499.98901210918,1.54494459934203,9500,9499.99357535763,1.63472847981051,1.54494459934203,0,-0.0702134371105603,20.3870208311867,9,0,15029.4987728877,-15029.897760257,1.54494459934203,1.5418159808907,1.54167101306633,0.000144967824362352,-0.0859034509099079,0.0028386828026114,1.54494459934203,0,267.161443506003,60.6481711487664,6.48968919149465e-10,1,0.986610025503525,0,9.36433646891999e-06,0.000289935648724704,0,0,0
113.745,9499.98795890763,1.54494732918175,9500,9499.99239273475,1.6347633297433,1.54494732918175,0,-0.0675027553364661,20.386949902007,9,0,15029.5071573867,-15029.8907412831,1.54494732918175,1.5418159808907,1.54167175512218,0.000144225768514916,-0.084341358424117,0.00284289675402242,1.54494732918175,0,267.161443506003,60.6481711487664,6.27959634315353e-10,1,0.986609916124533,0,1.10880739514485e-05,0.000288451537029832,0,0,0
113.76,9499.9869463663,1.54495026626187,9500,9499.99124365303,1.63479821490131,1.54495026626187,0,-0.0646949317138348,20.3868749910863,9,0,15029.5166774579,-15029.8843058787,1.54495026626187,1.5418159808907,1.54167278139876,0.000143199491938528,-0.0826301811174667,0.00284788638730057,1.54495026626187,0,267.161443506003,60.6481711487664,6.05981197293929e-10,1,0.986609810968261,0,1.27629202850699e-05,0.000286398983877056,0,0,0
113.775,9499.98597594232,1.54495340141143,9500,9499.99012995746,1.63483306327697,1.54495340141143,0,-0.0617971981430599,20.3867963125314,9,0,15029.5272963222,-15029.8784583598,1.54495340141143,1.5418159808907,1.54167408548105,0.000141895409650594,-0.0807756889983377,0.00285362970142885,1.54495340141143,0,267.161443506003,60.6481711487664,5.83094927678719e-10,1,0.986609710186037,0,1.43861854486893e-05,0.000283790819301188,0,0,0
113.79,9499.98504898435,1.54495672520473,9500,9499.98905339251,1.63486780403156,1.54495672520473,0,-0.058816853408566,20.3867140846626,9,0,15029.5389755618,-15029.8732017839,1.54495672520473,1.5418159808907,1.54167566047612,0.000140320414577344,-0.0787838580712717,0.00286010348488076,1.54495672520473,0,267.161443506003,60.6481711487664,5.59360389147124e-10,1,0.986609613917923,0,1.5955328309003e-05,0.000280640829154688,0,0,0
113.805,9499.98416673155,1.54496022796843,9500,9499.98801560008,1.63490236762297,1.54496022796843,0,-0.0557612572909339,20.3866285298508,9,0,15029.5516751513,-15029.8685379474,1.54496022796843,1.5418159808907,1.54167749904314,0.000138481847556715,-0.0766608552159487,0.00286728338261981,1.54496022796843,0,267.161443506003,60.6481711487664,5.34839926277792e-10,1,0.986609522292611,0,1.74679553113233e-05,0.00027696369511343,0,0,0
113.82,9499.98333031269,1.54496389980279,9500,9499.98701811769,1.63493668592812,1.54496389980279,0,-0.0526378165706782,20.3865398740487,9,0,15029.5653535501,-15029.8644673987,1.54496389980279,1.5418159808907,1.54167959341591,0.000136387474790389,-0.0744130223336845,0.00287514396250991,1.54496389980279,0,267.161443506003,60.6481711487664,5.0959515216113e-10,1,0.986609435427328,0,1.8921826123286e-05,0.000272774949580779,0,0,0
113.835,9499.98254074544,1.54496773061854,9500,9499.98606237693,1.63497069236077,1.54496773061854,0,-0.0494539600002928,20.3864483459902,9,0,15029.579967875,-15029.8609894682,1.54496773061854,1.5418159808907,1.54168193541891,0.000134045471788857,-0.0720468606208947,0.00288365878426538,1.54496773061854,0,267.161443506003,60.6481711487664,4.83688850929509e-10,1,0.986609353427763,0,2.03148540396381e-05,0.000268090943577715,0,0,0
113.85,9499.98179893604,1.5449717101542,9500,9499.98514970211,1.63500432198512,1.5449717101542,0,-0.0462171274300092,20.3863541768145,9,0,15029.5954739763,-15029.8581022829,1.5449717101542,1.5418159808907,1.54168451649324,0.00013146439745837,-0.0695690151560312,0.00289280046858322,1.5449717101542,0,267.161443506003,60.6481711487664,4.57184392348844e-10,1,0.986609276388033,0,2.16451103589588e-05,0.000262928794916739,0,0,0
113.865,9499.98110567913,1.54497582799782,9500,9499.98428130919,1.63503751162361,1.54497582799782,0,-0.0429328390695879,20.3862576027752,8,0,15029.6118161591,-15029.8557815162,1.54497582799782,1.5418159808907,1.54168732772126,0.000128653169437776,-0.0669862589527587,0.00290254076824475,1.54497582799782,0,267.161443506003,60.6481711487664,9.75216244582972e-10,1,0.986609204390663,0,2.29108216338592e-05,0.000257306338875551,0,0,0
113.88,9499.98046168654,1.54498007360964,9500,9499.98345830497,1.63507019995938,1.54498007360964,0,-0.039612499208499,20.3861588522453,8,0,15029.6289696344,-15029.8540671838,1.54498007360964,1.5418159808907,1.54169035985021,0.000125621040483193,-0.0643054769729721,0.00291285063797999,1.54498007360964,0,267.161443506003,60.6481711487664,9.08261901035449e-10,1,0.986609137509582,0,2.41103752600669e-05,0.000251242080966385,0,0,0
113.895,9499.97986749905,1.5449844359871,9500,9499.98268169384,1.63510232744474,1.5449844359871,0,-0.036261647822484,20.3860581713456,8,0,15029.6468741752,-15029.8529305391,1.5449844359871,1.5418159808907,1.54169360349592,0.00012237739477805,-0.0615335406400577,0.00292370030684702,1.5449844359871,0,267.161443506003,60.6481711487664,8.45305772154645e-10,1,0.986609075800949,0,2.52423072120145e-05,0.000244754789556101,0,0,0
113.91,9499.97932357434,1.54498890460552,9500,9499.98195236009,1.63513383682998,1.54498890460552,0,-0.0328874967813517,20.3859557916428,8,0,15029.665482584,-15029.8523653657,1.54498890460552,1.5418159808907,1.54169704870583,0.000118932184863585,-0.0586775733594574,0.00293505934509243,1.54498890460552,0,267.161443506003,60.6481711487664,7.81563986971155e-10,1,0.986609019312296,0,2.63053310847194e-05,0.00023786436972717,0,0,0
113.925,9499.97883026189,1.54499346886152,9500,9499.9812710774,1.63516467300968,1.54499346886152,0,-0.029497204831449,20.3858519451419,8,0,15029.6847468105,-15029.8523642927,1.54499346886152,1.5418159808907,1.54170068527732,0.000115295613372313,-0.0557447532037036,0.00294689674408055,1.54499346886152,0,267.161443506003,60.6481711487664,7.17192410844003e-10,1,0.98660896807992,0,2.72983165803264e-05,0.000230591226744625,0,0,0
113.94,9499.97838780381,1.54499811806668,9500,9499.98063850955,1.63519478308992,1.54499811806668,0,-0.0260978887397181,20.3857468644252,8,0,15029.7046179646,-15029.8529188705,1.54499811806668,1.5418159808907,1.54170450279598,0.00011147809472023,-0.05274229167314,0.0029591809865417,1.54499811806668,0,267.161443506003,60.6481711487664,6.52330079239157e-10,1,0.986608922128965,0,2.82202995032232e-05,0.00022295618944046,0,0,0
113.955,9499.97799633548,1.54500284147619,9500,9499.98005521102,1.63522411645386,1.54500284147619,0,-0.0226966056254416,20.3856407820425,8,0,15029.7250464507,-15029.8540196052,1.54500284147619,1.5418159808907,1.54170849065861,0.000107490232089669,-0.0496774165109791,0.00297188012131815,1.54500284147619,0,267.161443506003,60.6481711487664,5.8711500344287e-10,1,0.986608881473488,0,2.90704685363963e-05,0.000214980464179337,0,0,0
113.97,9499.9776558864,1.54500762829287,9500,9499.97952162769,1.63525262482722,1.54500762829287,0,-0.01930035101132,20.3855339304367,8,0,15029.7459819914,-15029.855655971,1.54500762829287,1.5418159808907,1.54171263810569,0.000103342785005456,-0.0465573585610716,0.00298496183215953,1.54500762829287,0,267.161443506003,60.6481711487664,5.21684316869169e-10,1,0.986608846116555,0,2.98481768044034e-05,0.000206685570010912,0,0,0
113.985,9499.97736638113,1.54501246772913,9500,9499.97903809751,1.63528026234145,1.54501246772913,0,-0.0159160197153401,20.3854265406202,8,0,15029.7673739197,-15029.8578164805,1.54501246772913,1.5418159808907,1.54171693422734,9.9046663354363e-05,-0.0433893404329451,0.00299839351172151,1.54501246772913,0,267.161443506003,60.6481711487664,4.56175153116644e-10,1,0.986608816050331,0,3.05529311293018e-05,0.000198093326708726,0,0,0
114,9499.97712764084,1.54501734902797,9500,9499.97860485132,1.635306985595,1.54501734902797,0,-0.0125520811760101,20.3853188458501,7,0,15029.7891806453,-15029.8605076703,1.54501734902797,1.5418159808907,1.54172136798742,9.46129032723952e-05,-0.0401805669230576,0.00301214233072969,1.54501734902797,0,267.161443506003,60.6481711487664,8.82868702658149e-10,1,0.986608791256242,0,3.11843932725431e-05,0.00018922580654479,0,0,0
114.015,9499.97693935962,1.54502226150269,9500,9499.97822201376,1.6353327537095,1.54502226150269,0,-0.00921150672491139,20.3852110642931,7,0,15029.8113307921,-15029.8636750486,1.54502226150269,1.5418159808907,1.54172592823855,9.00526521459e-05,-0.0369382148992921,0.00302617530770234,1.54502226150269,0,267.161443506003,60.6481711487664,7.44506588001572e-10,1,0.986608771702521,0,3.17423856399657e-05,0.0001801053042918,0,0,0
114.03,9499.97680118702,1.54502719489115,9500,9499.9778895979,1.63535752854648,1.54502719489115,0,-0.00590255425800511,20.3851034163491,7,0,15029.8337857997,-15029.8673269802,1.54502719489115,1.5418159808907,1.54173060358109,8.53773096081145e-05,-0.0336695191189999,0.00304045938124032,1.54502719489115,0,267.161443506003,60.6481711487664,5.95879739127436e-10,1,0.98660875735277,0,3.22268877024356e-05,0.000170754619216229,0,0,0
114.045,9499.9767126487,1.54503213853266,9500,9499.97760752262,1.63538127435018,1.54503213853266,0,-0.00263169286851262,20.3849961256369,7,0,15029.8564940267,-15029.8714485838,1.54503213853266,1.5418159808907,1.54173538281007,8.05980806293238e-05,-0.0303815033626081,0.00305496148070642,1.54503213853266,0,267.161443506003,60.6481711487664,4.48189781853215e-10,1,0.986608748157729,0,3.26380156101536e-05,0.000161196161258648,0,0,0
114.06,9499.97667317331,1.54503708195609,9500,9499.97737560486,1.63540395801326,1.54503708195609,0,0.000596381231099884,20.3848894398196,6,0,15029.8793966814,-15029.8760077536,1.54503708195609,1.5418159808907,1.54174025465187,7.57262388306756e-05,-0.0270811404058529,0.00306964858773099,1.54503708195609,0,267.161443506003,60.6481711487664,6.9570128522058e-10,1,0.98660874405806,0,3.29760400374912e-05,0.000151452477661351,0,0,0
114.075,9499.97668211903,1.54504201492427,9500,9499.97719356094,1.63542554912138,1.54504201492427,0,0.00377187277214778,20.3847835117824,6,0,15029.902462054,-15029.881028441,1.54504201492427,1.5418159808907,1.54174520777678,7.07731139129031e-05,-0.0237753447934621,0.00308448780574786,1.54504201492427,0,267.161443506003,60.6481711487664,3.50674113531165e-10,1,0.986608744987107,0,3.32413714456692e-05,0.000141546227825806,0,0,0
114.09,9499.97673869712,1.54504692714353,9500,9499.97706101438,1.63544601982983,1.54504692714353,0,0.00689110639966572,20.3846785840489,6,0,15029.9256274328,-15029.8864688191,1.54504692714353,1.5418159808907,1.54175023097573,6.57499149694374e-05,-0.0204708702427665,0.00309944642289841,1.54504692714353,0,267.161443506003,60.6481711487664,2.35914770166342e-10,1,0.986608750862957,0,3.34345587353901e-05,0.000131499829938875,0,0,0
114.105,9499.97684206372,1.54505180913502,9500,9499.97697748183,1.63546534528929,1.54505180913502,0,0.00995089968246193,20.3845749819406,5,0,15029.9488373011,-15029.8922914551,1.54505180913502,1.5418159808907,1.5417553127557,6.06681349972771e-05,-0.0171745520311362,0.00311449197432933,1.54505180913502,0,267.161443506003,60.6481711487664,8.01222599452715e-10,1,0.986608761597971,0,3.35563073061707e-05,0.000121336269994554,0,0,0
114.12,9499.97699132721,1.54505665159239,9500,9499.97694238653,1.6354835033857,1.54505665159239,0,0.0129394009550885,20.3844725008817,6,0,15029.9720685312,-15029.898540568,1.54505665159239,1.5418159808907,1.54176044169616,5.55391945400441e-05,-0.0138930913966795,0.00312959231261711,1.54505665159239,0,267.161443506003,60.6481711487664,6.85116356242104e-10,1,0.986608777099554,0,3.36074598430436e-05,0.000111078389080088,0,0,0
114.135,9499.97718541823,1.54506144494201,9500,9499.97695507012,1.63550047450953,1.54506144494201,0,0.0158580862849254,20.3843717284014,6,0,15029.995247766,-15029.9051344129,1.54506144494201,1.5418159808907,1.54176560669981,5.03741908854938e-05,-0.0106329104565069,0.00314471566954648,1.54506144494201,0,267.161443506003,60.6481711487664,8.84990526169296e-10,1,0.986608797256644,0,3.35889727274274e-05,0.000100748381770988,0,0,0
114.15,9499.97742328952,1.54506618082754,9500,9499.97701476771,1.63551624225005,1.54506618082754,0,0.0187023738060937,20.3842726790578,7,0,15030.0183275905,-15029.9120516108,1.54506618082754,1.5418159808907,1.54177079627591,4.51846147846435e-05,-0.00740058162376082,0.00315983070727382,1.54506618082754,0,267.161443506003,60.6481711487664,5.23798837911198e-10,1,0.986608821960484,0,3.35019637851541e-05,9.03692295692871e-05,0,0,0
114.165,9499.97770382513,1.54507085042355,9500,9499.97712064124,1.63553079262843,1.54507085042355,0,0.0214638963874775,20.3841755739532,7,0,15030.0412836987,-15029.9193154015,1.54507085042355,1.5418159808907,1.54177599941976,3.99814709384216e-05,-0.00420230259904195,0.00317490659097714,1.54507085042355,0,267.161443506003,60.6481711487664,6.62996269340943e-10,1,0.986608851095175,0,3.33476510885333e-05,7.99629418768433e-05,0,0,0
114.18,9499.97802578357,1.54507544468871,9500,9499.97727178064,1.63554411412325,1.54507544468871,0,0.0241394669571814,20.3840805700743,7,0,15030.0640596587,-15029.9268874638,1.54507544468871,1.5418159808907,1.54178120550867,3.47753820248986e-05,-0.00104396219650754,0.00318991303396698,1.54507544468871,0,267.161443506003,60.6481711487664,7.89445569652933e-10,1,0.986608884531785,0,3.31273645957086e-05,6.95507640497972e-05,0,0,0
114.195,9499.97838787558,1.54507995531629,9500,9499.97746718992,1.63555619807663,1.54507995531629,0,0.0267248976233424,20.3839878309679,7,0,15030.0866112962,-15029.9347474206,1.54507995531629,1.5418159808907,1.54178640385192,2.95770387768179e-05,0.00206858682500555,0.00320482034803505,1.54507995531629,0,267.161443506003,60.6481711487664,9.12287454829897e-10,1,0.986608922136418,0,3.28425524116494e-05,5.91540775536359e-05,0,0,0
114.21,9499.97878874904,1.54508437433083,9500,9499.97770579712,1.63556703850805,1.54508437433083,0,0.0292142126872415,20.3838975061026,8,0,15030.1089067876,-15029.9428974053,1.54508437433083,1.5418159808907,1.54179158391894,2.43969717541592e-05,0.00512966536006981,0.00321959949662029,1.54508437433083,0,267.161443506003,60.6481711487664,4.54391937465614e-10,1,0.986608963768653,0,3.24947801222386e-05,4.87939435083184e-05,0,0,0
114.225,9499.97922696223,1.54508869407713,9500,9499.97798645765,1.63557663208439,1.54508869407713,0,0.0316076428384531,20.3838097556155,8,0,15030.1308836318,-15029.9512736057,1.54508869407713,1.5418159808907,1.54179673537132,1.92455193810392e-05,0.0081337800004915,0.0032342221476753,1.54508869407713,0,267.161443506003,60.6481711487664,5.0037513285639e-10,1,0.986609009278761,0,3.20857125508667e-05,3.84910387620785e-05,0,0,0
114.24,9499.97970107687,1.54509290762707,9500,9499.97830794992,1.63558497828666,1.54509290762707,0,0.0339001856284521,20.3837247055095,8,0,15030.1525133381,-15029.9598759572,1.54509290762707,1.5418159808907,1.54180184788167,1.4133009026418e-05,0.0110755167770648,0.00324866071832319,1.54509290762707,0,267.161443506003,60.6481711487664,5.48893524478926e-10,1,0.986609058517372,0,3.16171325327463e-05,2.8266018052836e-05,0,0,0
114.255,9499.98020957966,1.54509700786223,9500,9499.97866899618,1.63559207893806,1.54509700786223,0,0.0360886155563811,20.3836424911713,8,0,15030.1737563866,-15029.9686832691,1.54509700786223,1.5418159808907,1.54180691161891,9.06927178534467e-06,0.0139498312046217,0.00326288842796293,1.54509700786223,0,267.161443506003,60.6481711487664,5.95541981253424e-10,1,0.986609111327322,0,3.10909017200434e-05,1.81385435706893e-05,0,0,0
114.27,9499.98075090889,1.54510098797682,9500,9499.97906825765,1.63559793837034,1.54510098797682,0,0.0381699465029394,20.3835632406985,8,0,15030.1945745487,-15029.9776742811,1.54510098797682,1.5418159808907,1.5418119170145,4.06387619444892e-06,0.0167518943692416,0.00327687933373695,1.54510098797682,0,267.161443506003,60.6481711487664,6.40266352958239e-10,1,0.986609167546424,0,3.05089716672313e-05,8.12775238889785e-06,0,0,0
114.285,9499.98132345809,1.54510484154863,9500,9499.97950433775,1.63560256338635,1.54510484154863,0,0.0401414801471358,20.3834870734225,8,0,15030.2149311996,-15029.9868277017,1.54510484154863,1.5418159808907,1.54181685474722,-8.73856526473205e-07,0.0194770936076161,0.0032906083709872,1.54510484154863,0,267.161443506003,60.6481711487664,6.83002245218329e-10,1,0.986609227007838,0,2.98733769910076e-05,-1.74771305294641e-06,0,0,0
114.3,9499.98192558029,1.54510856253618,9500,9499.97997578552,1.63560596321786,1.54510856253618,0,0.0420008007344231,20.3834141000193,8,0,15030.2347913264,-15029.9961222456,1.54510856253618,1.5418159808907,1.54182171576327,-5.73487257504723e-06,0.0221210343236873,0.00330405139063315,1.54510856253618,0,267.161443506003,60.6481711487664,7.23690678931543e-10,1,0.986609289540521,0,2.91862323134051e-05,-1.14697451500945e-05,0,0,0
114.315,9499.9825555923,1.54511214529182,9500,9499.98048109921,1.63560814947469,1.54511214529182,0,0.0437457789288012,20.3833444222785,8,0,15030.2541216023,-15030.005536686,1.54511214529182,1.5418159808907,1.54182649128773,-1.05103970280407e-05,0.0246795449710306,0.00331718519517419,1.54511214529182,0,267.161443506003,60.6481711487664,7.62277358513882e-10,1,0.986609354969667,0,2.84497286049401e-05,-2.10207940560814e-05,0,0,0
114.33,9499.98321177898,1.54511558456934,9500,9499.98101873003,1.6356091360871,1.54511558456934,0,0.0453745736401478,20.3832781329892,8,0,15030.2728904441,-15030.0150499016,1.54511558456934,1.5418159808907,1.5418311728379,-1.5191947201787e-05,0.0271486833204688,0.00332998757304641,1.54511558456934,0,267.161443506003,60.6481711487664,7.98714574435982e-10,1,0.986609423117151,0,2.76661179676729e-05,-3.03838944035739e-05,0,0,0
114.345,9499.98389239759,1.54511887551095,9500,9499.98158708608,1.63560893924173,1.54511887551095,0,0.0468856190707788,20.3832153162707,8,0,15030.2910679659,-15030.0246409043,1.54511887551095,1.5418159808907,1.54183575224364,-1.9771352940845e-05,0.0295247433799137,0.00334243732613186,1.54511887551095,0,267.161443506003,60.6481711487664,8.3296003241301e-10,1,0.986609493801985,0,2.68377272418796e-05,-3.954270588169e-05,0,0,0
114.36,9499.98459568188,1.54512201364807,9500,9499.98218453637,1.63560757731191,1.54512201364807,0,0.0482776220039808,20.3831560476036,8,0,15030.3086260023,-15030.0342888777,1.54512201364807,1.5418159808907,1.54184022166371,-2.42407730106642e-05,0.0318042624198044,0.00335451430339071,1.54512201364807,0,267.161443506003,60.6481711487664,8.64977146089231e-10,1,0.986609566840735,0,2.59669280280317e-05,-4.84815460213284e-05,0,0,0
114.375,9499.98531984621,1.5451249949174,9500,9499.98280941487,1.63560507078431,1.5451249949174,0,0.0495495682228305,20.383100393532,8,0,15030.3255381993,-15030.043973231,1.5451249949174,1.5418159808907,1.54184457358785,-2.85926971519412e-05,0.0339840267664114,0.00336619942100332,1.5451249949174,0,267.161443506003,60.6481711487664,8.9473328082701e-10,1,0.986609642047958,0,2.50561499157698e-05,-5.71853943038825e-05,0,0,0
114.39,9499.98606308973,1.54512781561233,9500,9499.98346002453,1.63560144218227,1.54512781561233,0,0.0507006873508582,20.3830484127568,8,0,15030.3417798042,-15030.0536735895,1.54512781561233,1.5418159808907,1.54184880087411,-3.28199834165321e-05,0.0360610765014335,0.00337747468846542,1.54512781561233,0,267.161443506003,60.6481711487664,9.22203997823856e-10,1,0.986609719236627,0,2.41078692695407e-05,-6.56399668330643e-05,0,0,0
114.405,9499.98682360004,1.54513047241347,9500,9499.98413464142,1.63559671598504,1.54513047241347,0,0.0517304694786787,20.3830001555228,8,0,15030.3573278247,-15030.0633698585,1.54513047241347,1.5418159808907,1.54185289674413,-3.6915853432351e-05,0.0380327097389988,0.00338832322963671,1.54513047241347,0,267.161443506003,60.6481711487664,9.47367053762133e-10,1,0.986609798218518,0,2.31245935846669e-05,-7.38317068647021e-05,0,0,0
114.42,9499.98759955708,1.54513296238633,9500,9499.98483151866,1.63559091854712,1.54513296238633,0,0.0526386599170719,20.3829556637131,8,0,15030.372161033,-15030.0730422576,1.54513296238633,1.5418159808907,1.54185685479126,-4.08739005577363e-05,0.0398964841057442,0.00339872929674981,1.54513296238633,0,267.161443506003,60.6481711487664,9.70206205875105e-10,1,0.986609878804611,0,2.21088725460561e-05,-8.17478011154726e-05,0,0,0
114.435,9499.98838913698,1.54513528296296,9500,9499.98554889041,1.63558407801474,1.54513528296296,0,0.0534252441174466,20.3829149712893,8,0,15030.3862598968,-15030.0826713376,1.54513528296296,1.5418159808907,1.54186066899926,-4.4688108566282e-05,0.041650217813031,0.00340867828939554,1.54513528296296,0,267.161443506003,60.6481711487664,9.90710626524982e-10,1,0.98660996080549,0,2.10632804846789e-05,-8.93762171325641e-05,0,0,0
114.45,9499.98919051564,1.54513743196274,9500,9499.98628497582,1.63557622424047,1.54513743196274,0,0.0540924302932879,20.3828781057831,9,0,15030.3995959561,-15030.0922160904,1.54513743196274,1.5418159808907,1.54186433373749,-4.83528467878358e-05,0.0432919898750368,0.00341815676561364,1.54513743196274,0,267.161443506003,60.6481711487664,4.45248971350719e-10,1,0.986610044031715,0,1.99904081903401e-05,-9.67056935756716e-05,0,0,0
114.465,9499.9900019021,1.54513940758068,9500,9499.98703798278,1.63556738869702,1.54513940758068,0,0.0546367554798368,20.3828450814255,9,0,15030.4121746604,-15030.101701644,1.54513940758068,1.5418159808907,1.54186784377036,-5.18628796593035e-05,0.0448201390178803,0.0034271524492993,1.54513940758068,0,267.161443506003,60.6481711487664,4.54330973307168e-10,1,0.986610128297287,0,1.88928724953463e-05,-0.000103725759318607,0,0,0
114.48,9499.99082145343,1.54514120801071,9500,9499.98780611952,1.63555760419378,1.54514120801071,0,0.0550606450453946,20.3828159173953,9,0,15030.4239694442,-15030.1110876511,1.54514120801071,1.5418159808907,1.54187119445165,-5.52135609543924e-05,0.0462333757319916,0.0034356542419222,1.54514120801071,0,267.161443506003,60.6481711487664,4.60310803364618e-10,1,0.986610213410813,0,1.77732825406007e-05,-0.000110427121908785,0,0,0
114.495,9499.99164736311,1.54514283238295,9500,9499.988587581,1.63554690522053,1.54514283238295,0,0.0553651677089511,20.3827906113655,9,0,15030.4349687582,-15030.1203564895,1.54514283238295,1.5418159808907,1.5418743812541,-5.84003634056529e-05,0.0475305003071143,0.00344365221906547,1.54514283238295,0,267.161443506003,60.6481711487664,4.6525037786174e-10,1,0.986610299184677,0,1.66342701937161e-05,-0.000116800726811306,0,0,0
114.51,9499.99247784062,1.54514428019247,9500,9499.98938056178,1.63553532763061,1.54514428019247,0,0.0555516103291955,20.3827691533499,9,0,15030.4451628367,-15030.1294910812,1.54514428019247,1.5418159808907,1.54187740006014,-6.14191694396915e-05,0.0487105727212868,0.00345113764065264,1.54514428019247,0,267.161443506003,60.6481711487664,4.6915935712154e-10,1,0.986610385432929,0,1.5478464005847e-05,-0.000122838338879383,0,0,0
114.525,9499.99331111478,1.54514555126447,9500,9499.99018326031,1.63552290853325,1.54514555126447,0,0.0556214556488254,20.3827515264926,9,0,15030.4545435361,-15030.1384748571,1.54514555126447,1.5418159808907,1.54188024717854,-6.42662878427291e-05,0.0497729179123561,0.00345810294945528,1.54514555126447,0,267.161443506003,60.6481711487664,4.72046816091324e-10,1,0.986610471971622,0,1.43084945536387e-05,-0.000128532575685458,0,0,0
114.54,9499.99414543661,1.54514664574677,9500,9499.99099388289,1.63550968618905,1.54514664574677,0,0.0555763744438545,20.3827377072635,9,0,15030.4631043094,-15030.1472917765,1.54514664574677,1.5418159808907,1.54188291934866,-6.69384579672361e-05,0.0507171261549098,0.00346454177200441,1.54514664574677,0,267.161443506003,60.6481711487664,4.73922854174274e-10,1,0.986610558619121,0,1.31269724985561e-05,-0.000133876915934472,0,0,0
114.555,9499.99497908223,1.54514756410788,9500,9499.99181064743,1.63549569990942,1.54514756410788,0,0.0554182219992258,20.382727665533,9,0,15030.4708402109,-15030.155926351,1.54514756410788,1.5418159808907,1.54188541373692,-6.94328462245153e-05,0.0515430493570641,0.00347044890962876,1.54514756410788,0,267.161443506003,60.6481711487664,4.74800205058074e-10,1,0.986610645196392,0,1.1936496455256e-05,-0.000138865692449031,0,0,0
114.57,9499.99581035556,1.54514830713486,9500,9499.99263178691,1.63548098995937,1.54514830713486,0,0.0551490340864823,20.3827213646496,9,0,15030.4777478963,-15030.1643636684,1.54514830713486,1.5418159808907,1.54188772793513,-7.17470444362434e-05,0.0522507945819927,0.00347582033303363,1.54514830713486,0,267.161443506003,60.6481711487664,4.74692334166805e-10,1,0.986610731527292,0,1.07396431880957e-05,-0.000143494088872487,0,0,0
114.585,9499.99663759107,1.54514887592863,9500,9499.99345555271,1.63546559746232,1.54514887592863,0,0.0547710216699489,20.382718761573,9,0,15030.4838256134,-15030.1725894129,1.54514887592863,1.5418159808907,1.54188985995797,-7.38790672698553e-05,0.0528407163200948,0.00348065317246827,1.54514887592863,0,267.161443506003,60.6481711487664,4.73613877698604e-10,1,0.986610817438849,0,9.53895743638355e-06,-0.000147758134539711,0,0,0
114.6,9499.99745915639,1.54514927193302,9500,9499.99428021772,1.63544956430616,1.54514927193302,0,0.0542865871303773,20.3827198062793,9,0,15030.4890733475,-15030.1805899185,1.54514927193302,1.5418159808907,1.54189180822119,-7.58273304966028e-05,0.0533134082978144,0.00348494570331464,1.54514927193302,0,267.161443506003,60.6481711487664,4.71583130546259e-10,1,0.986610902761535,0,8.33696244550985e-06,-0.000151654660993206,0,0,0
114.615,9499.9982734552,1.54514949691885,9500,9499.99510407942,1.6354329330508,1.54514949691885,0,0.0536983114417816,20.3827244421374,9,0,15030.4934927591,-15030.1883521794,1.54514949691885,1.5418159808907,1.54189357154483,-7.75906541325977e-05,0.0536696948719558,0.00348869733641512,1.54514949691885,0,267.161443506003,60.6481711487664,4.68617509472494e-10,1,0.986610987329567,0,7.13613490055387e-06,-0.000155181308265195,0,0,0
114.63,9499.99907892987,1.54514955298618,9500,9499.99592546277,1.63541574683399,1.54514955298618,0,0.0530089531442884,20.3827326058914,9,0,15030.4970872053,-15030.1958638775,1.54514955298618,1.5418159808907,1.54189514914152,-7.91682508207714e-05,0.0539106240056828,0.00349190859712037,1.54514955298618,0,267.161443506003,60.6481711487664,4.64737504520092e-10,1,0.986611070981178,0,5.938916924908e-06,-0.000158336501641543,0,0,0
114.645,9499.99987406417,1.54514944255905,9500,9499.99674272319,1.63539804927715,1.54514944255905,0,0.0522214427955577,20.3827442278047,9,0,15030.4998617274,-15030.2031134017,1.54514944255905,1.5418159808907,1.54189654061139,-8.0559720691431e-05,0.0540374605106723,0.00349458110973658,1.54514944255905,0,267.161443506003,60.6481711487664,4.59964337422099e-10,1,0.986611153558902,0,4.74770783776002e-06,-0.000161119441382862,0,0,0
114.66,9500.00065738581,1.54514916837913,9500,9499.99755424934,1.63537988439048,1.54514916837913,0,0.0513388761541884,20.3827592318264,9,0,15030.5018230303,-15030.210089865,1.54514916837913,1.5418159808907,1.54189774593561,-8.17650449158602e-05,0.0540516799257321,0.00349671757826357,1.54514916837913,0,267.161443506003,60.6481711487664,4.54321717778432e-10,1,0.986611234909836,0,3.56485459129807e-06,-0.00016353008983172,0,0,0
114.675,9500.00142746895,1.54514873350096,9500,9499.99835846595,1.63536129647752,1.54514873350096,0,0.050364509298729,20.3827775357221,9,0,15030.502979472,-15030.2167831233,1.54514873350096,1.5418159808907,1.54189876546698,-8.27845762814139e-05,0.0539549628642743,0.00349832176282966,1.54514873350096,0,267.161443506003,60.6481711487664,4.47833647818299e-10,1,0.986611314885902,0,2.39265336610117e-06,-0.000165569152562828,0,0,0
114.69,9500.00218293659,1.54514814124944,9500,9499.99915383644,1.63534233003974,1.54514814124944,0,0.0492997724940028,20.3827990495478,8,0,15030.5033515009,-15030.2232054973,1.54514814124944,1.5418159808907,1.54189959993975,-8.36190490498545e-05,0.0537491893245735,0.0034993984568444,1.54514814124944,0,267.161443506003,60.6481711487664,9.98441726103478e-10,1,0.986611393344093,0,1.2333448993207e-06,-0.000167238098099709,0,0,0
114.705,9500.00292243318,1.54514739524653,9500,9499.99993886561,1.63532302968103,1.54514739524653,0,0.0481521792740752,20.3828236846466,8,0,15030.5029289314,-15030.2293041061,1.54514739524653,1.5418159808907,1.5419002504438,-8.42695531064752e-05,0.053436433212459,0.0034999534620491,1.54514739524653,0,267.161443506003,60.6481711487664,9.75374115795673e-10,1,0.986611470143629,0,8.91095255362018e-08,-0.00016853910621295,0,0,0
114.72,9500.00364471587,1.54514649973874,9500,9500.00071209444,1.63530344020746,1.54514649973874,0,0.0469235885600235,20.3828513328106,8,0,15030.5017373151,-15030.2350939379,1.54514649973874,1.5418159808907,1.54190071824734,-8.47373566468246e-05,0.0530188434837297,0.00349999356133559,1.54514649973874,0,267.161443506003,60.6481711487664,9.5540150176643e-10,1,0.986611545155436,0,-1.03792963512817e-06,-0.000169474713293649,0,0,0
114.735,9500.0043485697,1.54514545866566,9500,9500.00147211994,1.63528360609678,1.54514545866566,0,0.0456176441581352,20.3828818952463,8,0,15030.499789979,-15030.2405676141,1.54514545866566,1.5418159808907,1.54190100524972,-8.50243590191369e-05,0.0524989198704086,0.00349952649299978,1.54514545866566,0,267.161443506003,60.6481711487664,9.33766826954973e-10,1,0.986611618253335,0,-2.14572572510008e-06,-0.000170048718038274,0,0,0
114.75,9500.00503283436,1.54514427621174,9500,9500.00221758785,1.63526357164151,1.54514427621174,0,0.0442380920361815,20.3829152685278,8,0,15030.4971016545,-15030.2457185795,1.54514427621174,1.5418159808907,1.54190111368839,-8.51327976909566e-05,0.0518793277789832,0.00349856091642349,1.54514427621174,0,267.161443506003,60.6481711487664,9.1055336513166e-10,1,0.986611689316826,0,-3.23230483600945e-06,-0.000170265595381913,0,0,0
114.765,9500.00569640574,1.5451429568385,9500,9500.00294719417,1.63524338087347,1.5451429568385,0,0.0427888063489918,20.3829513439278,8,0,15030.4936885982,-15030.2505410759,1.5451429568385,1.5418159808907,1.54190104610642,-8.5065215723823e-05,0.0511628842559212,0.00349710637924728,1.5451429568385,0,267.161443506003,60.6481711487664,8.8582902326957e-10,1,0.986611758231239,0,-4.29576634219941e-06,-0.000170130431447646,0,0,0
114.78,9500.00633823784,1.54514150525547,9500,9500.00365968672,1.63522307748694,1.54514150525547,0,0.0412737690552567,20.3829900080653,8,0,15030.4895684654,-15030.2550301312,1.54514150525547,1.5418159808907,1.54190080535051,-8.48244598095071e-05,0.0503525471648991,0.00349517328439329,1.54514150525547,0,267.161443506003,60.6481711487664,8.59666244929302e-10,1,0.986611824887946,0,-5.33428241200617e-06,-0.000169648919619014,0,0,0
114.795,9500.00695734437,1.54513992642334,9500,9500.00435386672,1.63520270475848,1.54513992642334,0,0.0396970703483056,20.3830311428566,8,0,15030.4847603302,-15030.2591815772,1.54513992642334,1.5418159808907,1.54190039455303,-8.44136623343594e-05,0.0494514080455682,0.00349277285730789,1.54513992642334,0,267.161443506003,60.6481711487664,8.32138205199122e-10,1,0.986611889184517,0,-6.34610704386418e-06,-0.000168827324668719,0,0,0
114.81,9500.00755280043,1.54513822551778,9500,9500.0050285905,1.63518230546522,1.54513822551778,0,0.0380628840166634,20.3830746263108,8,0,15030.4792845251,-15030.2629920286,1.54513822551778,1.5418159808907,1.54189981713173,-8.3836241029589e-05,0.0484626867128991,0.00348991710913815,1.54513822551778,0,267.161443506003,60.6481711487664,8.0332159131093e-10,1,0.986611951024895,0,-7.32957664517642e-06,-0.000167672482059178,0,0,0
114.825,9500.00812374369,1.5451364079087,9500,9500.00568277105,1.63516192180239,1.5451364079087,0,0.036375452772132,20.3831203329908,8,0,15030.4731625476,-15030.2664588737,1.5451364079087,1.5418159808907,1.54189907678152,-8.30958908235591e-05,0.0473897268097323,0.00348661879964782,1.5451364079087,0,267.161443506003,60.6481711487664,7.73295139157286e-10,1,0.986612010319526,0,-8.2831025547403e-06,-0.000166191781647118,0,0,0
114.84,9500.00866937548,1.54513447914203,9500,9500.00631537962,1.63514159530181,1.54513447914203,0,0.0346390755181086,20.3831681344169,8,0,15030.46641698,-15030.2695802663,1.54513447914203,1.5418159808907,1.54189817746678,-8.21965760824384e-05,0.0462359910287278,0.00348289140349819,1.54513447914203,0,267.161443506003,60.6481711487664,7.4213802346421e-10,1,0.986612066985465,0,-9.20518674529802e-06,-0.000164393152164877,0,0,0
114.855,9500.00918896161,1.54513244489257,9500,9500.00692544707,1.63512136675256,1.54513244489257,0,0.0328580764013329,20.3832179000895,8,0,15030.4590712734,-15030.2723550856,1.54513244489257,1.5418159808907,1.54189712342449,-8.11425337927663e-05,0.0450050555135404,0.0034787490694628,1.54513244489257,0,267.161443506003,60.6481711487664,7.09932784758039e-10,1,0.986612120946463,0,-1.00944159056038e-05,-0.000162285067585533,0,0,0
114.87,9500.00968183276,1.54513031097349,9500,9500.00751206516,1.63510127612443,1.54513031097349,0,0.0310368102933023,20.3832694972894,8,0,15030.4511497927,-15030.2747829498,1.54513031097349,1.5418159808907,1.54189591914046,-7.99382497582712e-05,0.0437006032184159,0.00347420658230528,1.54513031097349,0,267.161443506003,60.6481711487664,6.76761231623773e-10,1,0.986612172133008,0,-1.09494667517307e-05,-0.000159876499516542,0,0,0
114.885,9500.01014738491,1.54512808327981,9500,9500.00807438756,1.63508136249597,1.54512808327981,0,0.0291796262743331,20.3833227922973,8,0,15030.4426775562,-15030.2768641634,1.54512808327981,1.5418159808907,1.54189456935727,-7.85884665750469e-05,0.0423264155714154,0.003469279322267,1.54512808327981,0,267.161443506003,60.6481711487664,6.42707074978485e-10,1,0.986612220482371,0,-1.17691050518509e-05,-0.000157176933150094,0,0,0
114.9,9500.01058507931,1.54512576781798,9500,9500.00861163073,1.63506166398581,1.54512576781798,0,0.0272908862953838,20.3833776497584,8,0,15030.4336803707,-15030.2785997465,1.54512576781798,1.5418159808907,1.54189307903955,-7.7098148854482e-05,0.0408863635943975,0.00346398322499367,1.54512576781798,0,267.161443506003,60.6481711487664,6.07854318251464e-10,1,0.986612265938601,0,-1.25521888549862e-05,-0.000154196297708964,0,0,0
114.915,9500.0109944426,1.54512337065875,9500,9500.0091230746,1.63504221768933,1.54512337065875,0,0.0253749350560394,20.3834339336957,8,0,15030.4241846149,-15030.2799913888,1.54512337065875,1.5418159808907,1.54189145337668,-7.54724859783895e-05,0.0393843975001415,0.00345833474000893,1.54512337065875,0,267.161443506003,60.6481711487664,5.72286379306576e-10,1,0.986612308452537,0,-1.32976673687946e-05,-0.000150944971956779,0,0,0
114.93,9500.01137506663,1.54512089794938,9500,9500.00960806301,1.63502305961816,1.54512089794938,0,0.0234361079362634,20.3834915072455,8,0,15030.4142172942,-15030.28104146,1.54512089794938,1.5418159808907,1.5418896977562,-7.37168655042808e-05,0.0378245367129037,0.00345235078969297,1.54512089794938,0,267.161443506003,60.6481711487664,5.36086822194162e-10,1,0.986612347981791,0,-1.40045864853722e-05,-0.000147433731008562,0,0,0
114.945,9500.01172660825,1.54511835588604,9500,9500.01006600408,1.63500422464402,1.54511835588604,0,0.0214787131822342,20.3835502332493,8,0,15030.4038059111,-15030.2817529806,1.54511835588604,1.5418159808907,1.54188781775591,-7.18368652168344e-05,0.0362108592799057,0.00344604872577455,1.54511835588604,0,267.161443506003,60.6481711487664,4.99339503510889e-10,1,0.986612384490727,0,-1.46720816294188e-05,-0.000143673730433669,0,0,0
114.96,9500.01204878894,1.54511575071893,9500,9500.01049637041,1.6349857464455,1.54511575071893,0,0.0195070358881437,20.3836099741376,8,0,15030.3929784883,-15030.2821296234,1.54511575071893,1.5418159808907,1.5418858191211,-6.98382304036294e-05,0.0345474918546133,0.00343944628904131,1.54511575071893,0,267.161443506003,60.6481711487664,4.62127840673011e-10,1,0.986612417950419,0,-1.52993844042548e-05,-0.000139676460807259,0,0,0
114.975,9500.01234139448,1.54511308873627,9500,9500.01089869908,1.63496765745873,1.54511308873627,0,0.0175271827791967,20.3836705906785,7,0,15030.3817532894,-15030.2821549502,1.54511308873627,1.5418159808907,1.54188370775094,-6.7726860244699e-05,0.0328385994815516,0.0034325615660594,1.54511308873627,0,267.161443506003,60.6481711487664,9.6052903671582e-10,1,0.986612448338618,0,-1.58858196339651e-05,-0.000135453720489398,0,0,0
114.99,9500.01260430222,1.54511037623891,9500,9500.01127259163,1.63494998883054,1.54511037623891,0,0.0155394668258277,20.383731949054,7,0,15030.370180459,-15030.2818773273,1.54511037623891,1.5418159808907,1.5418814896902,-6.55087995073966e-05,0.0310883762458674,0.00342541294722411,1.54511037623891,0,267.161443506003,60.6481711487664,8.84982832982001e-10,1,0.986612475642588,0,-1.64308076566755e-05,-0.000131017599014793,0,0,0
115.005,9500.01283739423,1.5451076191946,9500,9500.01161772107,1.63493277019132,1.5451076191946,0,0.0135498391185785,20.383793918186,7,0,15030.3582764137,-15030.2812793538,1.5451076191946,1.5418159808907,1.54187917128064,-6.31903899379616e-05,0.0293011426581962,0.00341801908377861,1.5451076191946,0,267.161443506003,60.6481711487664,7.97798348141076e-10,1,0.98661249985008,0,-1.69338689131049e-05,-0.000126380779875923,0,0,0
115.02,9500.01304064181,1.54510482412103,9500,9500.01193381462,1.63491603004093,1.54510482412103,0,0.0115625476607531,20.3838563576755,7,0,15030.3460713749,-15030.2803671118,1.54510482412103,1.5418159808907,1.54187675869692,-6.07778062182707e-05,0.0274810624596975,0.00341039884276771,1.54510482412103,0,267.161443506003,60.6481711487664,7.10204997320651e-10,1,0.986612520958115,0,-1.73946090229471e-05,-0.000121555612436541,0,0,0
115.035,9500.01321408003,1.54510199748524,9500,9500.01222066272,1.63489979547727,1.54510199748524,0,0.00958173541131948,20.3839191289362,7,0,15030.3335956719,-15030.2791473881,1.54510199748524,1.5418159808907,1.54187425822778,-5.82773370798595e-05,0.0256323113385455,0.00340257126870739,1.54510199748524,0,267.161443506003,60.6481711487664,6.22475862563298e-10,1,0.986612538970334,0,-1.78127196432953e-05,-0.000116554674159719,0,0,0
115.05,9500.01335780606,1.54509914567889,9500,9500.01247811923,1.6348840921457,1.54509914567889,0,0.00761144049335021,20.3839820957241,7,0,15030.3208795393,-15030.2776274706,1.54509914567889,1.5418159808907,1.54187167626904,-5.5695378339049e-05,0.0237590760844626,0.0033945555448679,1.54509914567889,0,267.161443506003,60.6481711487664,5.34797973259269e-10,1,0.98661255389683,0,-1.81879909382232e-05,-0.000111390756678098,0,0,0
115.065,9500.01347197767,1.54509627498441,9500,9500.01270610107,1.63486894419984,1.54509627498441,0,0.0056555762329181,20.3840451248455,7,0,15030.3079529541,-15030.2758150986,1.54509627498441,1.5418159808907,1.54186901931831,-5.30384276142826e-05,0.021865547304757,0.0033863709489457,1.54509627498441,0,267.161443506003,60.6481711487664,4.47357626974303e-10,1,0.986612565753986,0,-1.85202990889977e-05,-0.000106076855228565,0,0,0
115.08,9500.01355681131,1.54509339159232,9500,9500.01290458756,1.63485437427048,1.54509339159232,0,0.00371621845636696,20.3841080672305,6,0,15030.2948545619,-15030.2737371218,1.54509339159232,1.5418159808907,1.54186629394706,-5.0313056366269e-05,0.0199559091646746,0.00337803681435565,1.54509339159232,0,267.161443506003,60.6481711487664,8.23698773551193e-10,1,0.986612574564283,0,-1.88096140130156e-05,-0.000100626112732538,0,0,0
115.095,9500.01361255459,1.54509050157336,9500,9500.0130736195,1.63484040344342,1.54509050157336,0,0.0018009249352756,20.3841708330238,6,0,15030.2815937768,-15030.2713600069,1.54509050157336,1.5418159808907,1.54186350679339,-4.75259026919694e-05,0.0180343264883965,0.0033695724880498,1.54509050157336,0,267.161443506003,60.6481711487664,6.07801253986931e-10,1,0.986612580353434,0,-1.90559968009651e-05,-9.50518053839389e-05,0,0,0
115.11,9500.01363956846,1.54508761124372,9500,9500.01321329126,1.63482705141276,1.54508761124372,0,-8.87267326049401e-05,20.3842332714559,6,0,15030.2682128648,-15030.2687170552,1.54508761124372,1.5418159808907,1.54186066435893,-4.46834682339414e-05,0.016104833265162,0.00336099728948936,1.54508761124372,0,267.161443506003,60.6481711487664,4.18601395673972e-10,1,0.986612583158928,0,-1.92595836165932e-05,-8.93669364678829e-05,0,0,0
115.125,9500.01363823756,1.54508472624219,9500,9500.01332376633,1.63481433604746,1.54508472624219,0,-0.00194940934987232,20.3842952658276,6,0,15030.254739554,-15030.2658170878,1.54508472624219,1.5418159808907,1.54185777345338,-4.17925626861049e-05,0.0141715899420178,0.0033523304768619,1.54508472624219,0,267.161443506003,60.6481711487664,2.31054113664612e-10,1,0.986612583020708,0,-1.94206145476272e-05,-8.35851253722097e-05,0,0,0
115.14,9500.01360899642,1.54508185217566,9500,9500.01340526548,1.6348022736384,1.54508185217566,0,-0.00377828407109557,20.3843566226449,5,0,15030.2412014909,-15030.2626716196,1.54508185217566,1.5418159808907,1.54185484084837,-3.88599576763848e-05,0.0122386819005877,0.00334359120031546,1.54508185217566,0,267.161443506003,60.6481711487664,8.17072075649852e-10,1,0.986612579983905,0,-1.95394085422684e-05,-7.77199153527697e-05,0,0,0
115.155,9500.01355232216,1.54507899462765,9500,9500.0134580649,1.63479087890414,1.54507899462765,0,-0.00557219097437673,20.3844173843769,5,0,15030.2276317149,-15030.2592957333,1.54507899462765,1.5418159808907,1.54185187325546,-3.58923647589826e-05,0.0103101077354093,0.00333479846647144,1.54507899462765,0,267.161443506003,60.6481711487664,5.14701499662646e-10,1,0.986612574098067,0,-1.96163693373386e-05,-7.17847295179652e-05,0,0,0
115.17,9500.01346873929,1.54507615919915,9500,9500.01348249284,1.63478016503375,1.54507615919915,0,-0.00732760844318081,20.38447735807,5,0,15030.2140539987,-15030.25569319,1.54507615919915,1.5418159808907,1.5418488772866,-3.28963959064232e-05,0.00838974947066383,0.00332597110026964,1.54507615919915,0,267.161443506003,60.6481711487664,7.64931263650844e-10,1,0.986612565417668,0,-1.96519752841962e-05,-6.57927918128465e-05,0,0,0
115.185,9500.01335882516,1.5450733514892,9500,9500.01347892844,1.63477014367842,1.5450733514892,0,-0.00903859796173825,20.38453650483,6,0,15030.2004836464,-15030.2518455483,1.5450733514892,1.5418159808907,1.54184585944714,-2.98785564436521e-05,0.00648138053435405,0.00331712771139175,1.5450733514892,0,267.161443506003,60.6481711487664,5.13868335671838e-10,1,0.986612554002668,0,-1.96467803055267e-05,-5.97571128873042e-05,0,0,0
115.2,9500.01322324619,1.54507057693015,9500,9500.01344780217,1.6347608249005,1.54507057693015,0,-0.0107071136825314,20.3845945645968,6,0,15030.186970624,-15030.2478138783,1.54507057693015,1.5418159808907,1.5418428262011,-2.68453104022015e-05,0.00458869720992439,0.00330828666025427,1.54507057693015,0,267.161443506003,60.6481711487664,6.63969645269363e-10,1,0.986612539922275,0,-1.96014092830321e-05,-5.3690620804403e-05,0,0,0
115.215,9500.01306263949,1.54506784023232,9500,9500.01338960569,1.63475221688685,1.54506784023232,0,-0.0123286278567112,20.3846515196034,6,0,15030.1735306646,-15030.2435881842,1.54506784023232,1.5418159808907,1.54183978423292,-2.38033422261807e-05,0.00271547979875791,0.0032994660260769,1.54506784023232,0,267.161443506003,60.6481711487664,8.32625801015965e-10,1,0.986612523242658,0,-1.95165824981025e-05,-4.76066844523615e-05,0,0,0
115.23,9500.01287771007,1.54506514655442,9500,9500.01330486831,1.63474432649824,1.54506514655442,0,-0.0139004717497254,20.3847072671647,6,0,15030.1601909049,-15030.2391804377,1.54506514655442,1.5418159808907,1.54183673984081,-2.07589501151073e-05,0.000865228355417973,0.00329068356395276,1.54506514655442,0,267.161443506003,60.6481711487664,9.96747541196507e-10,1,0.986612504037033,0,-1.93930682279575e-05,-4.15179002302146e-05,0,0,0
115.245,9500.012669203,1.54506250091156,9500,9500.01319416491,1.63473715904211,1.54506250091156,0,-0.0154222567942816,20.3847617184042,7,0,15030.1469900728,-15030.2346271583,1.54506250091156,1.5418159808907,1.54183369922189,-1.77183311920182e-05,-0.000958659791284679,0.00328195668325017,1.54506250091156,0,267.161443506003,60.6481711487664,5.12655073523781e-10,1,0.98661248238278,0,-1.92317062117642e-05,-3.54366623840363e-05,0,0,0
115.26,9500.01243786914,1.54505990811886,9500,9500.01305811447,1.63473071827483,1.54505990811886,0,-0.0168875203484023,20.3848147571833,7,0,15030.1339310243,-15030.2298944782,1.54505990811886,1.5418159808907,1.54183066848434,-1.4687593646201e-05,-0.00275288842587312,0.00327330241545488,1.54505990811886,0,267.161443506003,60.6481711487664,5.93337226447534e-10,1,0.986612458357879,0,-1.90333977923007e-05,-2.9375187292402e-05,0,0,0
115.275,9500.01218455634,1.54505737319922,9500,9500.01289737014,1.63472500662036,1.54505737319922,0,-0.0182956142265284,20.3848662965119,7,0,15030.1210510763,-15030.2250160309,1.54505737319922,1.5418159808907,1.54182765342966,-1.16725389651684e-05,-0.00451438629728605,0.00326473738644834,1.54505737319922,0,267.161443506003,60.6481711487664,6.61121034210221e-10,1,0.98661243205038,0,-1.8799094937183e-05,-2.33450779303368e-05,0,0,0
115.29,9500.01191012213,1.54505490040474,9500,9500.01271263553,1.63472002473175,1.54505490040474,0,-0.0196445805908279,20.3849162549484,7,0,15030.1083737013,-15030.2200041633,1.54505490040474,1.5418159808907,1.54182466003054,-8.67913984192725e-06,-0.00624001760459027,0.00325627779372661,1.54505490040474,0,267.161443506003,60.6481711487664,7.26428069114723e-10,1,0.986612403549342,0,-1.85298238155607e-05,-1.73582796838545e-05,0,0,0
115.305,9500.01161545342,1.54505249373304,9500,9500.01250465415,1.63471577172121,1.54505249373304,0,-0.0209326379762574,20.384964556877,7,0,15030.095921229,-15030.2148710821,1.54505249373304,1.5418159808907,1.54182169415603,-5.71326533216343e-06,-0.00792675182736339,0.00324793937300961,1.54505249373304,0,267.161443506003,60.6481711487664,7.89237843371792e-10,1,0.986612372946875,0,-1.82266690849087e-05,-1.14265306643269e-05,0,0,0
115.32,9500.01130146385,1.54505015697761,9500,9500.01227420667,1.63471224519958,1.54505015697761,0,-0.0221581607545081,20.3850111313804,7,0,15030.0837151463,-15030.2096290365,1.54505015697761,1.5418159808907,1.5418187615332,-2.78064250514021e-06,-0.00957168075410227,0.0032397373719214,1.54505015697761,0,267.161443506003,60.6481711487664,8.49465329561245e-10,1,0.986612340337863,0,-1.78907661085859e-05,-5.56128501028041e-06,0,0,0
115.335,9500.01096909144,1.54504789373626,9500,9500.01202210821,1.63470944131704,1.54504789373626,0,-0.0233196714859646,20.3850559120297,7,0,15030.0717761278,-15030.2042903055,1.54504789373626,1.5418159808907,1.5418158677315,1.1315919734578e-07,-0.01117203126113,0.00323168652717254,1.54504789373626,0,267.161443506003,60.6481711487664,9.07029158697987e-10,1,0.986612305819722,0,-1.75233066497249e-05,2.2631839469156e-07,0,0,0
115.35,9500.01061929636,1.54504570744774,9500,9500.01174920575,1.63470735480377,1.54504570744774,0,-0.0244158154482351,20.3850988360732,7,0,15030.060124197,-15030.1988672145,1.54504570744774,1.5418159808907,1.54181301813176,2.96275893352238e-06,-0.0127251740309177,0.00322380103918016,1.54504570744774,0,267.161443506003,60.6481711487664,9.6185791319227e-10,1,0.986612269492172,0,-1.71255220060562e-05,5.92551786704476e-06,0,0,0
115.365,9500.01025305913,1.54504360136823,9500,9500.01145637561,1.63470597900964,1.54504360136823,0,-0.0254433797586593,20.3851398485938,8,0,15030.048767812,-15030.1933499642,1.54504360136823,1.5418159808907,1.54181021792907,5.76296162835277e-06,-0.0142286286788361,0.00321609455427744,1.54504360136823,0,267.161443506003,60.6481711487664,4.47114754171218e-10,1,0.986612231457042,0,-1.66986911198652e-05,1.15259232567055e-05,0,0,0
115.38,9500.00987140844,1.54504157858042,9500,9500.0111445211,1.63470530594169,1.54504157858042,0,-0.0264052009895051,20.3851788879096,8,0,15030.0377467257,-15030.1877944267,1.54504157858042,1.5418159808907,1.54180747211747,8.50877322333687e-06,-0.0156800653317198,0.0032085801432735,1.54504157858042,0,267.161443506003,60.6481711487664,4.64033804223951e-10,1,0.986612191821164,0,-1.62441304374372e-05,1.70175464466737e-05,0,0,0
115.395,9500.00947533042,1.54503964159628,9500,9500.01081457804,1.63470532610423,1.54503964159628,0,-0.0272986399880273,20.3852159151944,8,0,15030.0270664307,-15030.1821910972,1.54503964159628,1.5418159808907,1.54180478568019,1.11952105052993e-05,-0.0170771902729166,0.00320127028457665,1.54503964159628,0,267.161443506003,60.6481711487664,4.84241007435048e-10,1,0.986612150686954,0,-1.57632050852285e-05,2.23904210105985e-05,0,0,0
115.41,9500.00906585082,1.5450377932649,9500,9500.01046749528,1.63470602896855,1.5450377932649,0,-0.0281227879724651,20.3852508811267,8,0,15030.0167445037,-15030.1765523886,1.5450377932649,1.5418159808907,1.54180216312474,1.38177659558814e-05,-0.0184180248264842,0.0031941768422883,1.5450377932649,0,267.161443506003,60.6481711487664,5.03144113034588e-10,1,0.986612108160939,0,-1.52572956719776e-05,2.76355319117627e-05,0,0,0
115.425,9500.008644009,1.54503603621219,9500,9500.0101042416,1.63470740278825,1.54503603621219,0,-0.0288768863606261,20.385283741346,8,0,15030.006797502,-15030.1708905475,1.54503603621219,1.5418159808907,1.54179960875957,1.63721311294829e-05,-0.0197007341418368,0.00318731105923591,1.54503603621219,0,267.161443506003,60.6481711487664,5.20736681279488e-10,1,0.98661206435106,0,-1.4727817528204e-05,3.27442622589658e-05,0,0,0
115.44,9500.00821085571,1.54503437280745,9500,9500.00972580407,1.63470943462591,1.54503437280745,0,-0.0295603522176165,20.3853144571407,8,0,15029.9972408335,-15030.1652176694,1.54503437280745,1.5418159808907,1.54179712670299,1.8854187703532e-05,-0.0209236195212302,0.00318068354134822,1.54503437280745,0,267.161443506003,60.6481711487664,5.36999540066995e-10,1,0.986612019366441,0,-1.41762054344241e-05,3.7708375407064e-05,0,0,0
115.455,9500.00776745043,1.54503280513702,9500,9500.00933318626,1.63471211038474,1.54503280513702,0,-0.0301727933579586,20.3853429959825,8,0,15029.9880886202,-15030.1595456477,1.54503280513702,1.5418159808907,1.54179472089199,2.12599987083895e-05,-0.0220851146707889,0.00317430424890272,1.54503280513702,0,267.161443506003,60.6481711487664,5.51916736863396e-10,1,0.986611973317115,0,-1.36039259215348e-05,4.25199974167789e-05,0,0,0
115.47,9500.00731485853,1.54503133501032,9500,9500.00892740625,1.63471541484724,1.54503133501032,0,-0.0307140015446298,20.385369331364,8,0,15029.9793537163,-15030.1538861533,1.54503133501032,1.5418159808907,1.54179239507201,2.35858186907745e-05,-0.0231837860264983,0.00316818248223803,1.54503133501032,0,267.161443506003,60.6481711487664,5.65476124103642e-10,1,0.986611926313723,0,-1.30124618240579e-05,4.71716373815489e-05,0,0,0
115.485,9500.0068541485,1.54502996396038,9500,9500.00850949435,1.63471933172111,1.54502996396038,0,-0.0311839496328437,20.3853934427553,8,0,15029.9710476992,-15030.1482506094,1.54502996396038,1.5418159808907,1.54179015279306,2.58280976330738e-05,-0.0242183363879044,0.00316232687441721,1.54502996396038,0,267.161443506003,60.6481711487664,5.77669066503681e-10,1,0.986611878467233,0,-1.24033152217873e-05,5.16561952661476e-05,0,0,0
115.5,9500.00638638926,1.54502869326145,9500,9500.00808049078,1.63472384369003,1.54502869326145,0,-0.0315827780596105,20.3854153151938,8,0,15029.9631809391,-15030.1426501845,1.54502869326145,1.5418159808907,1.54178799739661,2.79834940914991e-05,-0.0251876095720689,0.0031567453825674,1.54502869326145,0,267.161443506003,60.6481711487664,5.88490587417401e-10,1,0.986611829888654,0,-1.17780004789125e-05,5.59669881829983e-05,0,0,0
115.515,9500.00591264759,1.54502752395065,9500,9500.0076414432,1.63472893246877,1.54502752395065,0,-0.0319107783630154,20.3854349387897,8,0,15029.9557626909,-15030.1370957901,1.54502752395065,1.5418159808907,1.5417859320019,3.00488887998718e-05,-0.0260905955402139,0.00315144528235189,1.54502752395065,0,267.161443506003,60.6481711487664,5.97940246934777e-10,1,0.986611780688778,0,-1.11380468796884e-05,6.00977775997436e-05,0,0,0
115.53,9500.00543398591,1.54502645683152,9500,9500.0071934042,1.63473457886042,1.54502645683152,0,-0.0321683887736949,20.385452308623,8,0,15029.9488011016,-15030.1315980637,1.54502645683152,1.5418159808907,1.54178395950091,3.20213897857524e-05,-0.0269264345244763,0.00314643316125603,1.54502645683152,0,267.161443506003,60.6481711487664,6.06018483188419e-10,1,0.986611730977941,0,-1.04849886983782e-05,6.40427795715048e-05,0,0,0
115.545,9500.00495146008,1.54502549249099,9500,9500.00673742896,1.63474076281396,1.54502549249099,0,-0.0323561815485819,20.3854674243545,8,0,15029.9423032794,-15030.1261673651,1.54502549249099,1.5418159808907,1.54178208254872,3.38983419758687e-05,-0.0276944194102853,0.00314171491634176,1.54502549249099,0,267.161443506003,60.6481711487664,6.12731734547206e-10,1,0.986611680865797,0,-9.82036176933043e-06,6.77966839517374e-05,0,0,0
115.56,9500.00446611736,1.54502463131378,9500,9500.0062745728,1.6347474634825,1.54502463131378,0,-0.0324748517266815,20.3854802898907,8,0,15029.9362753529,-15030.1208137728,1.54502463131378,1.5418159808907,1.54178030355593,3.56773347707229e-05,-0.0283939968675138,0.00313729575354556,1.54502463131378,0,267.161443506003,60.6481711487664,6.18087610137586e-10,1,0.986611630461107,0,-9.1457068114309e-06,7.13546695414458e-05,0,0,0
115.575,9500.00397899458,1.54502387348043,9500,9500.00580588897,1.63475465928072,1.54502387348043,0,-0.0325252166195484,20.3854909134069,8,0,15029.9307224551,-15030.1155470641,1.54502387348043,1.5418159808907,1.54177862468857,3.73562021254159e-05,-0.0290247667829274,0.00313318018548042,1.54502387348043,0,267.161443506003,60.6481711487664,6.22095767940562e-10,1,0.986611579871552,0,-8.46255764486159e-06,7.47124042508318e-05,0,0,0
115.59,9500.00349111633,1.5450232189696,9500,9500.00533242645,1.6347623279414,1.5450232189696,0,-0.0325082128016332,20.385499307275,8,0,15029.9256487258,-15030.1103767011,1.5450232189696,1.5418159808907,1.54177704786852,3.89330221814976e-05,-0.0295864802892107,0.00312937203454023,1.5450232189696,0,267.161443506003,60.6481711487664,6.24768939237947e-10,1,0.986611529203539,0,-7.77244396599208e-06,7.78660443629953e-05,0,0,0
115.605,9500.00300349314,1.54502266755659,9500,9500.00485522792,1.63477044657115,1.54502266755659,0,-0.0324248956302895,20.3855054880756,8,0,15029.9210572967,-15030.1053118126,1.54502266755659,1.5418159808907,1.54177557477513,4.04061155672153e-05,-0.0300790368083034,0.00312587443475554,1.54502266755659,0,267.161443506003,60.6481711487664,6.26122782273343e-10,1,0.986611478562014,0,-7.07688516410343e-06,8.08122311344306e-05,0,0,0
115.62,9500.0025171197,1.54502221881788,9500,9500.0043753277,1.63477899170612,1.54502221881788,0,-0.0322764343798382,20.3855094764785,8,0,15029.9169503066,-15030.1003611818,1.54502221881788,1.5418159808907,1.54177420684532,4.17740453733106e-05,-0.0305024808635575,0.00312268983643169,1.54502221881788,0,267.161443506003,60.6481711487664,6.26173540688043e-10,1,0.986611428050281,0,-6.37738944098132e-06,8.35480907466213e-05,0,0,0
115.635,9500.00203297319,1.54502187213011,9500,9500.00389374987,1.63478793936752,1.54502187213011,0,-0.032064111556029,20.3855112972459,8,0,15029.9133288885,-15030.0955332297,1.54502187213011,1.5418159808907,1.54177294527658,4.30356141145616e-05,-0.030856998577734,0.00311982001118325,1.54502187213011,0,267.161443506003,60.6481711487664,6.24941555887982e-10,1,0.986611377769822,0,-5.6754494524025e-06,8.60712282291232e-05,0,0,0
115.65,9500.00155201152,1.5450216266667,9500,9500.00341150634,1.63479726511721,1.5450216266667,0,-0.0317893234472507,20.3855109792846,8,0,15029.9101931478,-15030.0908359962,1.5450216266667,1.5418159808907,1.54177179103216,4.41898585390454e-05,-0.0311429141677456,0.00311726605892967,1.5450216266667,0,267.161443506003,60.6481711487664,6.22448632782616e-10,1,0.986611327820122,0,-4.97253896614147e-06,8.83797170780909e-05,0,0,0
115.665,9500.00107517166,1.54502148140322,9500,9500.00292959501,1.63480694411339,1.54502148140322,0,-0.0314535752012743,20.3855085555113,8,0,15029.9075421791,-15030.086277129,1.54502148140322,1.5418159808907,1.54177074484263,4.52360480658331e-05,-0.031360686463689,0.0031150284163949,1.54502148140322,0,267.161443506003,60.6481711487664,6.18718186140256e-10,1,0.986611278298488,0,-4.27011260728527e-06,9.04720961316663e-05,0,0,0
115.68,9500.00060336803,1.54502143512171,9500,9500.00244899802,1.63481695116695,1.54502143512171,0,-0.0310584766529623,20.38550406274,8,0,15029.9053740802,-15030.0818638737,1.54502143512171,1.5418159808907,1.54176980720805,4.61736826440351e-05,-0.0315109057150345,0.00311310686572163,1.54502143512171,0,267.161443506003,60.6481711487664,6.13777289472872e-10,1,0.986611229299885,0,-3.56960370995196e-06,9.23473652880702e-05,0,0,0
115.695,9500.00013749088,1.54502148641919,9500,9500.00197067994,1.63482726079775,1.54502148641919,0,-0.0306057350971624,20.3854975414811,8,0,15029.9036859861,-15030.0776030671,1.54502148641919,1.5418159808907,1.54176897839848,4.70024922183399e-05,-0.0315942903790369,0.00311150054405215,1.54502148641919,0,267.161443506003,60.6481711487664,6.07653016332839e-10,1,0.986611180916769,0,-2.87241709240327e-06,9.40049844366797e-05,0,0,0
115.71,9499.99967840486,1.5450216337062,9500,9500.00149558608,1.63483784729141,1.5450216337062,0,-0.030097155331553,20.3854890359561,8,0,15029.9024740541,-15030.0735011225,1.5450216337062,1.5418159808907,1.54176825846113,4.77224295694079e-05,-0.0316116840562452,0.00311020795636057,1.5450216337062,0,267.161443506003,60.6481711487664,6.00377416165977e-10,1,0.986611133238937,0,-2.17992993611915e-06,9.54448591388157e-05,0,0,0
115.725,9499.99922694753,1.54502187521493,9500,9500.00102464085,1.63484868475539,1.54502187521493,0,-0.0295346327340919,20.3854785939053,8,0,15029.9017334982,-15030.0695640243,1.54502187521493,1.5418159808907,1.54176764722253,4.8333668170919e-05,-0.0315640520040937,0.00310922698788931,1.54502187521493,0,267.161443506003,60.6481711487664,5.91981221333911e-10,1,0.986611086353375,0,-1.49349193523385e-06,9.6667336341838e-05,0,0,0
115.74,9499.99878392804,1.54502220902884,9500,9500.00055874615,1.63485974717541,1.54502220902884,0,-0.028920133090576,20.3854662659361,8,0,15029.90145872,-15030.0657973447,1.54502220902884,1.5418159808907,1.54176714427988,4.88366108124527e-05,-0.0314524778852053,0.00310855491651846,1.54502220902884,0,267.161443506003,60.6481711487664,5.82499847406838e-10,1,0.986611040344114,0,-8.14414487404491e-07,9.76732216249054e-05,0,0,0
115.755,9499.99835012604,1.54502263305047,9500,9500.00009877985,1.63487100847115,1.54502263305047,0,-0.0282557125036355,20.3854521062016,8,0,15029.9016431543,-15030.0622062024,1.54502263305047,1.5418159808907,1.54176674902581,4.92318648857015e-05,-0.0312781601083623,0.00310818842999912,1.54502263305047,0,267.161443506003,60.6481711487664,5.7196856366767e-10,1,0.986610995292125,0,-1.43978539979273e-07,9.84637297714031e-05,0,0,0
115.77,9499.99792629035,1.54502314504082,9500,9499.99964559436,1.63488244255023,1.54502314504082,0,-0.0275434905652406,20.3854361715387,8,0,15029.902279448,-15030.0587952889,1.54502314504082,1.5418159808907,1.54176646063546,4.95202552348584e-05,-0.0310424073425913,0.00310812363965613,1.54502314504082,0,267.161443506003,60.6481711487664,5.60425273737987e-10,1,0.986610951275176,0,5.16571372344288e-07,9.90405104697167e-05,0,0,0
115.785,9499.99751313799,1.54502374261029,9500,9499.99920001523,1.6348940233628,1.54502374261029,0,-0.0267856553888112,20.3854185216525,8,0,15029.9033594136,-15030.0555688508,1.54502374261029,1.5418159808907,1.54176627807929,4.97028114079257e-05,-0.0307466347284662,0.00310835609677369,1.54502374261029,0,267.161443506003,60.6481711487664,5.47908905747365e-10,1,0.98661090836773,0,1.16603706912244e-06,9.94056228158513e-05,0,0,0
115.8,9499.99711135316,1.54502442323777,9500,9499.99876283991,1.63490572495405,1.54502442323777,0,-0.0259844505509773,20.3853992186927,8,0,15029.9048741133,-15030.0525306992,1.54502442323777,1.5418159808907,1.54176620012389,4.97807668073946e-05,-0.0303923591302641,0.00310888081345479,1.54502442323777,0,267.161443506003,60.6481711487664,5.34459997730381e-10,1,0.986610866640846,0,1.80325072651755e-06,9.95615336147893e-05,0,0,0
115.815,9499.99672158641,1.545025184265,9500,9499.99833483648,1.63491752151648,1.545025184265,0,-0.0251421776878257,20.385378327366,8,0,15029.9068138306,-15030.0496841968,1.545025184265,1.5418159808907,1.54176622534169,4.9755549011099e-05,-0.0299811947409179,0.00310969227628173,1.545025184265,0,267.161443506003,60.6481711487664,5.20120112234129e-10,1,0.986610826162084,0,2.42709561382171e-06,9.9511098022198e-05,0,0,0
115.83,9499.99634445374,1.54502602291795,9500,9499.99791674256,1.63492938743991,1.54502602291795,0,-0.0242611821020603,20.3853559144665,8,0,15029.9091681655,-15030.0470322709,1.54502602291795,1.5418159808907,1.54176635211172,4.96287789737426e-05,-0.0295148478082989,0.00311078446930795,1.54502602291795,0,267.161443506003,60.6481711487664,5.04932568063045e-10,1,0.986610786995421,0,3.03649616473223e-06,9.92575579474853e-05,0,0,0
115.845,9499.99598053601,1.54502693628973,9500,9499.99750926426,1.63494129736133,1.54502693628973,0,-0.0233438632985283,20.3853320492344,8,0,15029.9119259516,-15030.0445773902,1.54502693628973,1.5418159808907,1.54176657863747,4.94022532251392e-05,-0.0289951119647388,0.00311215089258208,1.54502693628973,0,267.161443506003,60.6481711487664,4.88940245049269e-10,1,0.986610749201179,0,3.63042260032032e-06,9.88045064502785e-05,0,0,0
115.86,9499.99563037806,1.54502792138662,9500,9499.99711307522,1.63495322621259,1.54502792138662,0,-0.022392644158137,20.3853068023582,8,0,15029.9150754696,-15030.0423216033,1.54502792138662,1.5418159808907,1.54176690293411,4.90779565853749e-05,-0.028423862846102,0.00311378458275222,1.54502792138662,0,267.161443506003,60.6481711487664,4.72189681816714e-10,1,0.986610712835943,0,4.20789578026159e-06,9.81559131707499e-05,0,0,0
115.875,9499.9952944884,1.54502897509808,9500,9499.99672881572,1.63496514926787,1.54502897509808,0,-0.0214099904594961,20.3852802466145,8,0,15029.9186043034,-15030.0402665061,1.54502897509808,1.5418159808907,1.54176732285493,4.86580357654809e-05,-0.0278030533914598,0.00311567813585334,1.54502897509808,0,267.161443506003,60.6481711487664,4.54725807226999e-10,1,0.986610677952523,0,4.76797813520058e-06,9.73160715309618e-05,0,0,0
115.89,9499.99497333854,1.54503009422477,9500,9499.99635709186,1.6349770421883,1.54503009422477,0,-0.0204003130995244,20.3852524561337,7,0,15029.922509978,-15030.0384346884,1.54503009422477,1.5418159808907,1.54176783608667,4.81448040277055e-05,-0.0271347081170303,0.00311782372601418,1.54503009422477,0,267.161443506003,60.6481711487664,9.88541553160266e-10,1,0.986610644599888,0,5.30979002877352e-06,9.6289608055411e-05,0,0,0
115.905,9499.99466733384,1.54503127547856,9500,9499.99599847489,1.63498888106625,1.54503127547856,0,-0.0193621879624033,20.3852235066705,7,0,15029.9267574315,-15030.0367829958,1.54503127547856,1.5418159808907,1.54176844016253,4.75407281683715e-05,-0.0264209181470635,0.00312021313152713,1.54503127547856,0,267.161443506003,60.6481711487664,9.56650674053472e-10,1,0.986610612820135,0,5.83249703911548e-06,9.5081456336743e-05,0,0,0
115.92,9499.99437690102,1.54503251586885,9500,9499.99565349305,1.63500064265734,1.54503251586885,0,-0.0182999025822404,20.3851934672508,7,0,15029.9313452569,-15030.0353343851,1.54503251586885,1.5418159808907,1.54176913227922,4.68486114768574e-05,-0.0256639459808292,0.00312283775519473,1.54503251586885,0,267.161443506003,60.6481711487664,9.12487846554099e-10,1,0.986610582657581,0,6.33533028682187e-06,9.36972229537147e-05,0,0,0
115.935,9499.99410240248,1.54503381177287,9500,9499.99532264827,1.63501230398915,1.54503381177287,0,-0.0172161365064563,20.3851624199459,7,0,15029.936258125,-15030.0340887537,1.54503381177287,1.5418159808907,1.54176990977653,4.60711141720971e-05,-0.0248659416627565,0.0031256886538238,1.54503381177287,0,267.161443506003,60.6481711487664,8.67028351536658e-10,1,0.986610554149863,0,6.81755765330472e-06,9.21422283441942e-05,0,0,0
115.95,9499.99384416044,1.54503515953408,9500,9499.99500640632,1.63502384263114,1.54503515953408,0,-0.0161135404365762,20.3851304471011,7,0,15029.9414803021,-15030.0330454305,1.54503515953408,1.5418159808907,1.54177076984639,4.52110443085463e-05,-0.0240291129357911,0.00312875655476778,1.54503515953408,0,267.161443506003,60.6481711487664,8.20470052849922e-10,1,0.986610527330443,0,7.27849899551103e-06,9.04220886170926e-05,0,0,0
115.965,9499.99360245733,1.54503655548456,9500,9499.99470519577,1.63503523674819,1.54503655548456,0,-0.0149947364169851,20.3850976308444,7,0,15029.946995837,-15030.0322033638,1.54503655548456,1.5418159808907,1.54177170953343,4.42713572721409e-05,-0.0231557278218195,0.00313203187931577,1.54503655548456,0,267.161443506003,60.6481711487664,7.72932664223162e-10,1,0.986610502228655,0,7.71753087280835e-06,8.85427145442819e-05,0,0,0
115.98,9499.99337753628,1.54503799596886,9500,9499.99441940732,1.63504646514536,1.54503799596886,0,-0.0138623030298388,20.3850640525776,7,0,15029.9527886735,-15030.0315611505,1.54503799596886,1.5418159808907,1.54177272573572,4.32551549764959e-05,-0.0222481110787511,0.00313550476820853,1.54503799596886,0,267.161443506003,60.6481711487664,7.24533557936147e-10,1,0.986610478869748,0,8.13408517252867e-06,8.65103099529918e-05,0,0,0
115.995,9499.99316960174,1.54503947732881,9500,9499.99414939341,1.63505750730597,1.54503947732881,0,-0.0127187857649948,20.3850297933109,7,0,15029.958842583,-15030.0311170265,1.54503947732881,1.5418159808907,1.54177381522491,4.21656657900726e-05,-0.0213086372567567,0.00313916510653617,1.54503947732881,0,267.161443506003,60.6481711487664,6.75388350203105e-10,1,0.986610457274954,0,8.52764541070528e-06,8.43313315801453e-05,0,0,0
116.01,9499.99297881995,1.54504099593978,9500,9499.99389546815,1.63506834342302,1.54504099593978,0,-0.0115666741164182,20.3849949328901,7,0,15029.9651413351,-15030.030868908,1.54504099593978,1.5418159808907,1.54177497463964,4.10062510538545e-05,-0.0203397212936955,0.00314300254697098,1.54504099593978,0,267.161443506003,60.6481711487664,6.25611632906137e-10,1,0.986610437461539,0,8.89775679624449e-06,8.20125021077089e-05,0,0,0
116.025,9499.99280531984,1.54504254815721,9500,9499.99365790731,1.63507895442696,1.54504254815721,0,-0.010408436680723,20.3849595511536,7,0,15029.9716684525,-15030.0308143454,1.54504254815721,1.5418159808907,1.54177620052621,3.97803644893724e-05,-0.0193438089912634,0.00314700653752929,1.54504254815721,0,267.161443506003,60.6481711487664,5.75314778349442e-10,1,0.986610419442892,0,9.24401559987409e-06,7.95607289787448e-05,0,0,0
116.04,9499.99264919329,1.54504413034732,9500,9499.99343694861,1.63508932200787,1.54504413034732,0,-0.00924650187002551,20.3849237272779,7,0,15029.9784073545,-15030.0309505573,1.54504413034732,1.5418159808907,1.54177748933466,3.84915560389665e-05,-0.0183233663789379,0.00315116634454924,1.54504413034732,0,267.161443506003,60.6481711487664,5.2460828083033e-10,1,0.986610403228556,0,9.56607384772212e-06,7.6983112077933e-05,0,0,0
116.055,9499.99251049576,1.54504573885536,9500,9499.99323279197,1.63509942863727,1.54504573885536,0,-0.00808327881856042,20.3848875404664,7,0,15029.9853412115,-15030.0312744042,1.54504573885536,1.5418159808907,1.54177883744725,3.71434434429663e-05,-0.0172808713233136,0.00315547107778071,1.54504573885536,0,267.161443506003,60.6481711487664,4.73599707742226e-10,1,0.986610388824289,0,9.86364378596782e-06,7.42868868859325e-05,0,0,0
116.07,9499.99238924658,1.545047370026,9500,9499.99304559988,1.63510925758753,1.545047370026,0,-0.00691919419834099,20.3848510817334,6,0,15029.9924427556,-15030.0317610426,1.545047370026,1.5418159808907,1.54178024118179,3.57397089110201e-05,-0.0162188057327222,0.0031599097174844,1.545047370026,0,267.161443506003,60.6481711487664,9.61518115465166e-10,1,0.9866103762321,0,1.01364865967568e-05,7.14794178220401e-05,0,0,0
116.085,9499.99228545867,1.54504902019541,9500,9499.99287549772,1.63511879295126,1.54504902019541,0,-0.00576078450193148,20.3848144052079,6,0,15029.9997169226,-15030.0324525518,1.54504902019541,1.5418159808907,1.54178169680656,3.42840841323078e-05,-0.015139649620303,0.00316447113645294,1.54504902019541,0,267.161443506003,60.6481711487664,8.21945741034554e-10,1,0.98661036545333,0,1.03844214738302e-05,6.85681682646155e-05,0,0,0
116.1,9499.9921990469,1.54505068532803,9500,9499.99272258172,1.63512801946717,1.54505068532803,0,-0.00460833242836775,20.384777609209,6,0,15030.0071326317,-15030.0333194575,1.54505068532803,1.5418159808907,1.54178320073509,3.27801556079255e-05,-0.0140457642221486,0.00316914412611616,1.54505068532803,0,267.161443506003,60.6481711487664,7.08913440555645e-10,1,0.986610356479139,0,1.06073041230559e-05,6.55603112158509e-05,0,0,0
116.115,9499.99212992191,1.54505236200381,9500,9499.99258690113,1.63513692299535,1.54505236200381,0,-0.00346400119165425,20.3847407661794,6,0,15030.0146737459,-15030.0343579151,1.54505236200381,1.5418159808907,1.54178474904063,3.12318500712561e-05,-0.0129396815744451,0.00317391741297154,1.54505236200381,0,267.161443506003,60.6481711487664,5.95743409851157e-10,1,0.986610349300246,0,1.08050655207581e-05,6.24637001425121e-05,0,0,0
116.13,9499.99207796189,1.54505404677352,9500,9499.99246846925,1.63514549027115,1.54505404677352,0,-0.00232990645465173,20.3847039488427,6,0,15030.0223236564,-15030.035563338,1.54505404677352,1.5418159808907,1.54178633779551,2.96430951833848e-05,-0.0118239033748579,0.00317877969245588,1.54505404677352,0,267.161443506003,60.6481711487664,4.8309846586519e-10,1,0.986610343904,0,1.0977687203928e-05,5.92861903667696e-05,0,0,0
116.145,9499.9920430133,1.54505573617516,9500,9499.99236726439,1.63515370890915,1.54505573617516,0,-0.0012081442485686,20.3846672298268,6,0,15030.0300655667,-15030.0369308402,1.54505573617516,1.5418159808907,1.54178796307431,2.80178163825084e-05,-0.010700894308245,0.00318371965169765,1.54505573617516,0,267.161443506003,60.6481711487664,3.71178523746393e-10,1,0.986610340274455,0,1.1125198236428e-05,5.60356327650169e-05,0,0,0
116.16,9499.99202489113,1.5450574267162,9500,9499.99228323067,1.63516156740796,1.5450574267162,0,-0.000101594388460286,20.3846307286146,5,0,15030.0378882062,-15030.0384655158,1.5450574267162,1.5418159808907,1.5417896209734,2.63599173002671e-05,-0.00957307778755538,0.00318872599090404,1.5450574267162,0,267.161443506003,60.6481711487664,8.82318217469196e-10,1,0.9866103383924,0,1.12476819922325e-05,5.27198346005342e-05,0,0,0
116.175,9499.99202336722,1.54505911491712,9500,9499.99221627875,1.6351690551578,1.54505911491712,0,0.000989725308035117,20.3845944238592,5,0,15030.0457603871,-15030.0401362781,1.54505911491712,1.5418159808907,1.54179130760138,2.4673289312771e-05,-0.00844283462180767,0.00319378744780054,1.54505911491712,0,267.161443506003,60.6481711487664,7.16353696305314e-10,1,0.986610338234135,0,1.13452682457549e-05,4.9346578625542e-05,0,0,0
116.19,9499.9920382131,1.54506079746304,9500,9499.99216628331,1.63517616252967,1.54506079746304,0,0.00206270485623189,20.3845584309713,5,0,15030.0536735972,-15030.0419522875,1.54506079746304,1.5418159808907,1.54179301901378,2.29618769154172e-05,-0.00731254961802093,0.00319889281851113,1.54506079746304,0,267.161443506003,60.6481711487664,5.18787348629117e-10,1,0.986610339775936,0,1.14181397044e-05,4.59237538308344e-05,0,0,0
116.205,9499.99206915367,1.5450624707865,9500,9499.99213309231,1.6351828806673,1.5450624707865,0,0.00311523092606959,20.3845228234404,5,0,15030.0616103658,-15030.043908082,1.5450624707865,1.5418159808907,1.54179475143348,2.12294572135008e-05,-0.00618447421667649,0.00320403098137811,1.5450624707865,0,267.161443506003,60.6481711487664,3.26828589333284e-10,1,0.986610342989233,0,1.14665164101524e-05,4.24589144270016e-05,0,0,0
116.22,9499.99211588213,1.54506413142186,9500,9499.99211652181,1.63518920163827,1.54506413142186,0,0.00414534014908609,20.3844876721909,5,0,15030.0695532629,-15030.0459973885,1.54506413142186,1.5418159808907,1.54179650108199,1.94798087025383e-05,-0.00506083211862046,0.00320919091376268,1.54506413142186,0,267.161443506003,60.6481711487664,4.12912596585119e-10,1,0.986610347842162,0,1.14906681785154e-05,3.89596174050766e-05,0,0,0
116.235,9499.99217806224,1.54506577604953,9500,9499.99211635603,1.63519511845674,1.54506577604953,0,0.00515119199042231,20.3844530446686,5,0,15030.0774854062,-15030.0482137837,1.54506577604953,1.5418159808907,1.5417982641685,1.77167221924179e-05,-0.00394382472362699,0.00321436171444301,1.54506577604953,0,267.161443506003,60.6481711487664,6.6012313554925e-10,1,0.986610354299802,0,1.14909101815996e-05,3.54334443848359e-05,0,0,0
116.25,9499.99225533012,1.54506740149486,9500,9499.99213234797,1.63520062509153,1.54506740149486,0,0.00613106454989748,20.3844190048816,5,0,15030.0853904755,-15030.0505507318,1.54506740149486,1.5418159808907,1.54180003690063,1.59439900708769e-05,-0.00283562688959203,0.00321953262402473,1.54506740149486,0,267.161443506003,60.6481711487664,9.02208814929036e-10,1,0.986610362324366,0,1.14676022129334e-05,3.18879801417538e-05,0,0,0
116.265,9499.99234729609,1.54506900472286,9500,9499.99216422033,1.63520571646581,1.54506900472286,0,0.00708085303290194,20.3843855713396,6,0,15030.0932650289,-15030.0530281165,1.54506900472286,1.5418159808907,1.54180181549713,1.41653935694652e-05,-0.00173837901607315,0.00322469304502055,1.54506900472286,0,267.161443506003,60.6481711487664,4.95060172353254e-10,1,0.986610371875381,0,1.14211446526902e-05,2.83307871389304e-05,0,0,0
116.28,9499.99245350888,1.54507058283352,9500,9499.9922116667,1.63521038845041,1.54507058283352,0,0.00800367967233629,20.3843528864897,6,0,15030.1010712408,-15030.0555903702,1.54507058283352,1.5418159808907,1.54180359619934,1.23846913533399e-05,-0.000654177606424069,0.00322983256011426,1.54507058283352,0,267.161443506003,60.6481711487664,5.69631410521751e-10,1,0.986610382905985,0,1.13519906117521e-05,2.47693827066797e-05,0,0,0
116.295,9499.99257356408,1.54507213351834,9500,9499.99227434313,1.63521463809919,1.54507213351834,0,0.00889630917525586,20.3843209521407,6,0,15030.1088068531,-15030.058253619,1.54507213351834,1.5418159808907,1.54180537505482,1.06058358750882e-05,0.000414791042169782,0.00323494095588955,1.54507213351834,0,267.161443506003,60.6481711487664,6.63658128989993e-10,1,0.986610395374174,0,1.12606364852663e-05,2.12116717501765e-05,0,0,0
116.31,9499.99270700871,1.5450736539406,9500,9499.99235188997,1.63521846312203,1.5450736539406,0,0.00975734898841586,20.3842898240102,6,0,15030.1164565834,-15030.0610104939,1.5450736539406,1.5418159808907,1.5418071484869,8.83240379789818e-06,0.00146659307107271,0.00324000824230792,1.5450736539406,0,267.161443506003,60.6481711487664,7.5456145668464e-10,1,0.986610409232907,0,1.11476070259187e-05,1.76648075957964e-05,0,0,0
116.325,9499.99285336895,1.54507514134399,9500,9499.99244392343,1.63522186211264,1.54507514134399,0,0.0105854465699471,20.3842595558292,6,0,15030.1240056073,-15030.0638538563,1.54507514134399,1.5418159808907,1.54180891299679,7.06789391147211e-06,0.00249936579226708,0.00324502466546959,1.54507514134399,0,267.161443506003,60.6481711487664,8.42572331228981e-10,1,0.986610424432975,0,1.10134634383474e-05,1.41357878229442e-05,0,0,0
116.34,9499.99301215065,1.54507659308408,9500,9499.99255003636,1.63522483454517,1.54507659308408,0,0.0113793403826686,20.3842301986887,6,0,15030.1314395361,-15030.0667764861,1.54507659308408,1.5418159808907,1.54181066515601,5.3157346842081e-06,0.0035113143917744,0.00324998072401684,1.54507659308408,0,267.161443506003,60.6481711487664,9.27540012260388e-10,1,0.986610440923059,0,1.08587989160469e-05,1.06314693684162e-05,0,0,0
116.355,9499.99318284075,1.54507800664351,9500,9499.99266979905,1.63522738077154,1.54507800664351,0,0.0121398011539252,20.384201796639,7,0,15030.1387337892,-15030.0697494231,1.54507800664351,1.5418159808907,1.54181240160606,3.57928463978752e-06,0.00450070869167865,0.00325486718352906,1.54507800664351,0,267.161443506003,60.6481711487664,4.46567172602794e-10,1,0.986610458649876,0,1.06842374560934e-05,7.15856927957503e-06,0,0,0
116.37,9499.99336493777,1.54507937964072,9500,9499.99280276022,1.63522950201466,1.54507937964072,0,0.0128620475735442,20.3841744037261,7,0,15030.1458956698,-15030.0728071402,1.54507937964072,1.5418159808907,1.54181411906088,1.86182981876115e-06,0.00546588255971092,0.00325967509038431,1.54507937964072,0,267.161443506003,60.6481711487664,4.91988445379164e-10,1,0.986610477561344,0,1.04904401676542e-05,3.7236596375223e-06,0,0,0
116.385,9499.99355786848,1.54508070947645,9500,9499.99294845556,1.63523120016619,1.54508070947645,0,0.0135466610605912,20.384148064534,7,0,15030.152900993,-15030.0759221486,1.54508070947645,1.5418159808907,1.54181581449205,1.66398644196875e-07,0.00640534661961704,0.00326439578845975,1.54508070947645,0,267.161443506003,60.6481711487664,5.2598351626901e-10,1,0.986610497597934,0,1.02780806647829e-05,3.32797288393749e-07,0,0,0
116.4,9499.9937610684,1.54508199421108,9500,9499.99310639254,1.63523247818286,1.54508199421108,0,0.014192911391249,20.3841228141981,7,0,15030.1597382979,-15030.0790871371,1.54508199421108,1.5418159808907,1.54181748469289,-1.50380218988388e-06,0.00731752466334982,0.0032690209247589,1.54508199421108,0,267.161443506003,60.6481711487664,5.58294542909105e-10,1,0.986610518701018,0,1.00478783038316e-05,-3.00760437976777e-06,0,0,0
116.415,9499.99397396207,1.54508323204904,9500,9499.99327605997,1.63523333986435,1.54508323204904,0,0.0148001579689417,20.3840986846167,7,0,15030.1663968223,-15030.0822949833,1.54508323204904,1.5418159808907,1.54181912654653,-3.14565582781867e-06,0.00820091413986163,0.00327354246999563,1.54508323204904,0,267.161443506003,60.6481711487664,5.88954453840622e-10,1,0.986610540810837,0,9.80057965072056e-06,-6.29131165563734e-06,0,0,0
116.43,9499.99419596444,1.54508442130592,9500,9499.99345693002,1.63523378981662,1.54508442130592,0,0.0153678405180311,20.3840757051871,7,0,15030.1728662831,-15030.0855385883,1.54508442130592,1.5418159808907,1.54182073704851,-4.75615780937133e-06,0.00905409928809101,0.00327795273083845,1.54508442130592,0,267.161443506003,60.6481711487664,6.17932662242568e-10,1,0.986610563866628,0,9.53695042849034e-06,-9.51231561874266e-06,0,0,0
116.445,9499.99442648204,1.54508556038914,9500,9499.99364846003,1.63523383341813,1.54508556038914,0,0.0158954656144856,20.3840539032345,7,0,15030.1791367915,-15030.088810867,1.54508556038914,1.5418159808907,1.54182231332074,-6.33243004477535e-06,0.00987575878984502,0.00328224435853127,1.54508556038914,0,267.161443506003,60.6481711487664,6.45198727724114e-10,1,0.986610587806759,0,9.257784344463e-06,-1.26648600895507e-05,0,0,0
116.46,9499.99466491403,1.54508664778446,9500,9499.99385009416,1.63523347678868,1.54508664778446,0,0.0163825970628619,20.3840333043146,7,0,15030.1851987935,-15030.0921047439,1.54508664778446,1.5418159808907,1.54182385262456,-7.87173386052054e-06,0.0106646694498356,0.00328641036148628,1.54508664778446,0,267.161443506003,60.6481711487664,6.70729234719811e-10,1,0.986610612568828,0,8.96389118421048e-06,-1.57434677210411e-05,0,0,0
116.475,9499.99491065299,1.54508768207576,9500,9499.99406126491,1.63523272676118,1.54508768207576,0,0.016828867910603,20.384013931798,7,0,15030.1910431661,-15030.0954131815,1.54508768207576,1.5418159808907,1.54182535235443,-9.37146372925746e-06,0.0114197066207164,0.00329044411251917,1.54508768207576,0,267.161443506003,60.6481711487664,6.94500328691525e-10,1,0.986610638089754,0,8.65609729139294e-06,-1.87429274585149e-05,0,0,0
116.49,9499.99516308601,1.54508866193655,9500,9499.99428139445,1.63523159085689,1.54508866193655,0,0.0172339740761178,20.3839958070647,7,0,15030.1966611821,-15030.0987291805,1.54508866193655,1.5418159808907,1.54182681004592,-1.08291552247675e-05,0.0121398418517089,0.0032943393563003,1.54508866193655,0,267.161443506003,60.6481711487664,7.16492838335547e-10,1,0.986610664305885,0,8.33524727794632e-06,-2.16583104495349e-05,0,0,0
116.505,9499.99542159562,1.54508958615441,9500,9499.99450989584,1.63523007726118,1.54508958615441,0,0.0175976890896007,20.3839789489898,7,0,15030.2020446272,-15030.1020458135,1.54508958615441,1.5418159808907,1.54182822336763,-1.22424769317675e-05,0.0128241401989836,0.00329809021757538,1.54508958615441,0,267.161443506003,60.6481711487664,7.36688031460698e-10,1,0.986610691153092,0,8.00219265628677e-06,-2.4484953863535e-05,0,0,0
116.52,9499.99568556095,1.54509045364438,9500,9499.99474617423,1.6352281948006,1.54509045364438,0,0.0179198719553041,20.3839633736697,7,0,15030.2071858689,-15030.1053562493,1.54509045364438,1.5418159808907,1.54182959011599,-1.36092252962516e-05,0.0134717568166109,0.00330169120427071,1.54509045364438,0,267.161443506003,60.6481711487664,7.5507200544938e-10,1,0.986610718566897,0,7.65780349953893e-06,-2.72184505925033e-05,0,0,0
116.535,9499.99595435903,1.54509126343944,9500,9499.99498962804,1.63522595291914,1.54509126343944,0,0.0182004596320356,20.3839490946411,7,0,15030.2120778158,-15030.1086537546,1.54509126343944,1.5418159808907,1.54183090822425,-1.49273335501299e-05,0.0140819342479429,0.0033051372158455,1.54509126343944,0,267.161443506003,60.6481711487664,7.71633492018819e-10,1,0.986610746482601,0,7.30295423134741e-06,-2.98546671002597e-05,0,0,0
116.55,9499.99622736593,1.54509201473449,9500,9499.99523965014,1.63522336165274,1.54509201473449,0,0.0184394943939119,20.3839361219498,7,0,15030.2167141281,-15030.1119317495,1.54509201473449,1.5418159808907,1.54183217574143,-1.61948507289011e-05,0.0146540008526175,0.00330842354524961,1.54509201473449,0,267.161443506003,60.6481711487664,7.86363271820558e-10,1,0.986610774835406,0,6.93853141342515e-06,-3.23897014578023e-05,0,0,0
116.565,9499.99650395834,1.54509270685404,9500,9499.99549562903,1.63522043160319,1.54509270685404,0,0.0186371017008904,20.3839244628628,7,0,15030.221089074,-15030.1151837894,1.54509270685404,1.5418159808907,1.54183339085122,-1.74099605190214e-05,0.0151873693937413,0.00331154588438565,1.54509270685404,0,267.161443506003,60.6481711487664,7.99259589339512e-10,1,0.986610803560581,0,6.56542664700943e-06,-3.48199210380429e-05,0,0,0
116.58,9499.99678351487,1.54509333926871,9500,9499.99575695017,1.63521717390866,1.54509333926871,0,0.0187934996961444,20.3839141215295,7,0,15030.2251976121,-15030.118403593,1.54509333926871,1.5418159808907,1.54183455186488,-1.85709741813422e-05,0.0156815373592546,0.0033145003263768,1.54509333926871,0,267.161443506003,60.6481711487664,8.10321713539564e-10,1,0.986610832593591,0,6.1845343726219e-06,-3.71419483626845e-05,0,0,0
116.595,9499.99706541736,1.54509391159155,9500,9499.99602299725,1.63521360021337,1.54509391159155,0,0.0189089953169047,20.3839050990752,7,0,15030.2290353778,-15030.121585052,1.54509391159155,1.5418159808907,1.54183565722369,-1.96763329953775e-05,0.0161360871853868,0.00331728336684448,1.54509391159155,0,267.161443506003,60.6481711487664,8.19554474669328e-10,1,0.986610861870238,0,5.7967530724401e-06,-3.9352665990755e-05,0,0,0
116.61,9499.99734905229,1.54509442356567,9500,9499.99629315345,1.6352097226358,1.54509442356567,0,0.0189839754785697,20.383897393884,7,0,15030.2325986339,-15030.1247222303,1.54509442356567,1.5418159808907,1.54183670550607,-2.07246153751672e-05,0.0165506866989233,0.00331989190572708,1.54509442356567,0,267.161443506003,60.6481711487664,8.26966508069122e-10,1,0.986610891326806,0,5.40298485662838e-06,-4.14492307503345e-05,0,0,0
116.625,9499.99763381192,1.54509487507789,9500,9499.99656680283,1.63520555373543,1.54509487507789,0,0.019018914522992,20.3838910013189,7,0,15030.2358843372,-15030.1278093893,1.54509487507789,1.5418159808907,1.54183769542156,-2.17145308620825e-05,0.0169250897298821,0.00332232324891256,1.54509487507789,0,267.161443506003,60.6481711487664,8.32570107815179e-10,1,0.986610920900177,0,5.00412239889947e-06,-4.34290617241651e-05,0,0,0
116.64,9499.99791909564,1.54509526612142,9500,9499.99684333158,1.63520110647978,1.54509526612142,0,0.0190143491169907,20.3838859145384,7,0,15030.238889971,-15030.1308409627,1.54509526612142,1.5418159808907,1.54183862582733,-2.26449366356185e-05,0.0172591358912452,0.00332457510399207,1.54509526612142,0,267.161443506003,60.6481711487664,8.3638225115311e-10,1,0.986610950527977,0,4.60106506405822e-06,-4.5289873271237e-05,0,0,0
116.655,9499.99820431088,1.54509559682816,9500,9499.99712212928,1.63519639420969,1.54509559682816,0,0.0189708982580393,20.3838821238145,7,0,15030.2416136994,-15030.1338115973,1.54509559682816,1.5418159808907,1.5418394957136,-2.3514822901527e-05,0.0175527508097717,0.00332664558327089,1.54509559682816,0,267.161443506003,60.6481711487664,8.38422256911612e-10,1,0.986610980148666,0,4.194697932558e-06,-4.70296458030539e-05,0,0,0
116.67,9499.99848887435,1.54509586744568,9500,9499.99740259017,1.63519143060654,1.54509586744568,0,0.0188892470384621,20.3838796170412,7,0,15030.2440542636,-15030.1367161413,1.54509586744568,1.5418159808907,1.54184030421188,-2.43233211802973e-05,0.0178059446694955,0.00332853319734054,1.54509586744568,0,267.161443506003,60.6481711487664,8.38712809936708e-10,1,0.986611009701666,0,3.78590924143829e-06,-4.86466423605947e-05,0,0,0
116.685,9499.99877221306,1.54509607833174,9500,9499.99768411429,1.63518622965798,1.54509607833174,0,0.0187701426862163,20.3838783798634,7,0,15030.2462109634,-15030.1395496482,1.54509607833174,1.5418159808907,1.54184105059843,-2.50697077299744e-05,0.0180188113724632,0.00333023685649919,1.54509607833174,0,267.161443506003,60.6481711487664,8.37281424571607e-10,1,0.986611039127469,0,3.37556860996457e-06,-5.01394154599488e-05,0,0,0
116.7,9499.9990537652,1.54509622996123,9500,9499.99796610869,1.63518080562426,1.54509622996123,0,0.0186143977152436,20.383878395539,7,0,15030.24808369,-15030.1423073923,1.54509622996123,1.5418159808907,1.54184173428662,-2.5753395918926e-05,0.0181915270535744,0.00333175586237367,1.54509622996123,0,267.161443506003,60.6481711487664,8.34156493236328e-10,1,0.986611068367731,0,2.96454282100456e-06,-5.1506791837852e-05,0,0,0
116.715,9499.99933298116,1.54509632292395,9500,9499.99824798847,1.63517517300531,1.54509632292395,0,0.0184228879817592,20.3838796449985,7,0,15030.2496729227,-15030.1449848758,1.54509632292395,1.5418159808907,1.54184235482739,-2.63739366959115e-05,0.0183243479582762,0.00333308990664313,1.54509632292395,0,267.161443506003,60.6481711487664,8.29369628000783e-10,1,0.986611097365372,0,2.55368247104037e-06,-5.2747873391823e-05,0,0,0
116.73,9499.99960932448,1.54509635791653,9500,9499.99852917789,1.6351693465075,1.54509635791653,0,0.0181965464055512,20.3838821070286,7,0,15030.2509796929,-15030.1475778288,1.54509635791653,1.5418159808907,1.54184291190966,-2.69310189620064e-05,0.018417608494647,0.00333423906375509,1.54509635791653,0,267.161443506003,60.6481711487664,8.2295741676208e-10,1,0.986611126064677,0,2.14382990826323e-06,-5.38620379240129e-05,0,0,0
116.745,9499.99988227268,1.54509633574609,9500,9499.99880911138,1.63516334101056,1.54509633574609,0,0.0179363645958188,20.3838857582044,7,0,15030.2520056059,-15030.1500822219,1.54509633574609,1.5418159808907,1.54184340535661,-2.74244659097533e-05,0.0184717192067029,0.00333520378721381,1.54509633574609,0,267.161443506003,60.6481711487664,8.14956886431813e-10,1,0.986611154411387,0,1.73580665530082e-06,-5.48489318195067e-05,0,0,0
116.76,9500.00015131815,1.54509625731972,9500,9499.99908723455,1.63515717153483,1.54509625731972,0,0.0176433854631029,20.3838905731255,7,0,15030.252752796,-15030.152494263,1.54509625731972,1.5418159808907,1.54184383512629,-2.78542355929279e-05,0.0184871644717608,0.0033359849002087,1.54509625731972,0,267.161443506003,60.6481711487664,8.05408137206561e-10,1,0.986611182352783,0,1.33042313321674e-06,-5.57084711858558e-05,0,0,0
116.775,9500.00041596893,1.54509612365399,9500,9499.99936300511,1.63515085320848,1.54509612365399,0,0.0173187081506485,20.3838965242203,7,0,15030.2532239712,-15030.1548104141,1.54509612365399,1.5418159808907,1.54184420130436,-2.82204136654585e-05,0.0184645003852559,0.00333658359061865,1.54509612365399,0,267.161443506003,60.6481711487664,7.94354927957392e-10,1,0.986611209837774,0,9.28467489558216e-07,-5.64408273309169e-05,0,0,0
116.79,9500.00067574955,1.54509593585276,9500,9499.99963589385,1.63514440123523,1.54509593585276,0,0.0169634736664629,20.3839035822327,7,0,15030.2534223172,-15030.1570273774,1.54509593585276,1.5418159808907,1.54184450411016,-2.85232194643381e-05,0.018404352335542,0.00333700140098895,1.54509593585276,0,267.161443506003,60.6481711487664,7.81841749254151e-10,1,0.986611236816981,0,5.30711909974002e-07,-5.70464389286762e-05,0,0,0
116.805,9500.00093020166,1.54509569513137,9500,9499.99990538545,1.63513783086198,1.54509569513137,0,0.0165788793039469,20.3839117157103,7,0,15030.2533516095,-15030.1591421247,1.54509569513137,1.5418159808907,1.54184474388104,-2.87629903401587e-05,0.0183074127932562,0.00333724022134844,1.54509569513137,0,267.161443506003,60.6481711487664,7.67916457636336e-10,1,0.986611263242801,0,1.37907749886423e-07,-5.75259806803174e-05,0,0,0
116.82,9500.00117888485,1.5450954027817,9500,9500.00017097938,1.63513115734732,1.5450954027817,0,0.0161661557678295,20.3839208917638,7,0,15030.2530160563,-15030.1611518706,1.5450954027817,1.5418159808907,1.54184492108511,-2.89401944142398e-05,0.0181744387044852,0.00333730227983588,1.5450954027817,0,267.161443506003,60.6481711487664,7.52629543866478e-10,1,0.986611289069497,0,-2.4921446506454e-07,-5.78803888284796e-05,0,0,0
116.835,9500.00142137718,1.54509506018658,9500,9500.00043219068,1.63512439592942,1.54509506018658,0,0.01572657563455,20.3839310757648,7,0,15030.2524203651,-15030.1630540915,1.54509506018658,1.5418159808907,1.54184503630942,-2.90554187203362e-05,0.0180062494337369,0.0033371901333266,1.54509506018658,0,267.161443506003,60.6481711487664,7.36033254836398e-10,1,0.986611314253249,0,-6.29950438923998e-07,-5.81108374406725e-05,0,0,0
116.85,9500.00165727582,1.54509466881347,9500,9500.00068855073,1.63511756179549,1.54509466881347,0,0.0152614491348045,20.3839422314874,7,0,15030.2515697193,-15030.164846525,1.54509466881347,1.5418159808907,1.54184509025712,-2.91093664275266e-05,0.017803723928024,0.00333690665562909,1.54509466881347,0,267.161443506003,60.6481711487664,7.18180569125749e-10,1,0.98661133875222,0,-1.00361427723961e-06,-5.82187328550532e-05,0,0,0
116.865,9500.00188619756,1.54509423020661,9500,9500.00093960795,1.63511067005127,1.54509423020661,0,0.0147721182969384,20.3839543212841,7,0,15030.250469741,-15030.1665271675,1.54509423020661,1.5418159808907,1.54184508374734,-2.91028566477003e-05,0.0175677981058915,0.00333645502920433,1.54509423020661,0,267.161443506003,60.6481711487664,6.99127392227781e-10,1,0.986611362526614,0,-1.36954846285953e-06,-5.82057132954006e-05,0,0,0
116.88,9500.00210777933,1.54509374597862,9500,9500.00118492848,1.63510373569116,1.54509374597862,0,0.0142599509467448,20.3839673062718,7,0,15030.2491264541,-15030.1680942701,1.54509374597862,1.5418159808907,1.54184501771293,-2.90368222359838e-05,0.0172994622070378,0.00333583873239604,1.54509374597862,0,267.161443506003,60.6481711487664,6.78931385759914e-10,1,0.986611385538725,0,-1.72712265600339e-06,-5.80736444719676e-05,0,0,0
116.895,9500.0023216786,1.54509321781965,9500,9500.00142409681,1.63509677356911,1.54509321781965,0,0.0137263467383528,20.3839811461402,7,0,15030.2475463304,-15030.169546351,1.54509321781965,1.5418159808907,1.54184489318982,-2.89122991241619e-05,0.0169997579503048,0.00333506152720084,1.54509321781965,0,267.161443506003,60.6481711487664,6.57651089372429e-10,1,0.986611407752978,0,-2.07572955979174e-06,-5.78245982483239e-05,0,0,0
116.91,9500.0025275738,1.54509264747312,9500,9500.00165671635,1.63508979837053,1.54509264747312,0,0.0131727206688737,20.3839957996775,7,0,15030.2457361767,-15030.1708821764,1.54509264747312,1.5418159808907,1.54184471132393,-2.8730433236257e-05,0.0166697754619509,0.00333412744889894,1.54509264747312,0,267.161443506003,60.6481711487664,6.35347237884143e-10,1,0.986611429135978,0,-2.41479071250161e-06,-5.7460866472514e-05,0,0,0
116.925,9500.00272516461,1.54509203674971,9500,9500.00188240994,1.63508282458434,1.54509203674971,0,0.0126005121241542,20.3840112244742,7,0,15030.243703202,-15030.1721007759,1.54509203674971,1.5418159808907,1.54184447335773,-2.84924670317377e-05,0.0163106505883256,0.00333304079307831,1.54509203674971,0,267.161443506003,60.6481711487664,6.12079541617371e-10,1,0.986611449656536,0,-2.74375616315936e-06,-5.69849340634754e-05,0,0,0
116.94,9500.00291417229,1.54509138751841,9500,9500.00210082035,1.63507586647677,1.54509138751841,0,0.0120111785763361,20.3840273771176,7,0,15030.241454976,-15030.1732014372,1.54509138751841,1.5418159808907,1.54184418062824,-2.8199737544643e-05,0.0159235614886049,0.00333180610280489,1.54509138751841,0,267.161443506003,60.6481711487664,5.87911515896628e-10,1,0.986611469285704,0,-3.06210658207462e-06,-5.6399475089286e-05,0,0,0
116.955,9500.00309433997,1.54509070168806,9500,9500.00231161067,1.63506893806531,1.54509070168806,0,0.0114061835400292,20.3840442135931,7,0,15030.2389993455,-15030.1741836906,1.54509070168806,1.5418159808907,1.54184383456943,-2.78536787376993e-05,0.0155097257666195,0.00333042815484296,1.54509070168806,0,267.161443506003,60.6481711487664,5.62906529642047e-10,1,0.986611487996803,0,-3.36935053857346e-06,-5.57073574753986e-05,0,0,0
116.97,9500.00326543272,1.54508998122017,9500,9500.00251446475,1.63506205309348,1.54508998122017,0,0.0107870048294635,20.3840616890099,7,0,15030.2363444939,-15030.1750473218,1.54508998122017,1.5418159808907,1.54184343669951,-2.74558088131371e-05,0.015070397512874,0.0033289119471006,1.54508998122017,0,267.161443506003,60.6481711487664,5.37127805371478e-10,1,0.986611505765437,0,-3.66502577309191e-06,-5.49116176262743e-05,0,0,0
116.985,9500.00342723779,1.54508922811901,9500,9500.00270908749,1.63505522500737,1.54508922811901,0,0.0101551278374303,20.384079757815,7,0,15030.2334988958,-15030.1757923647,1.54508922811901,1.5418159808907,1.54184298861929,-2.70077285930981e-05,0.0146068638474407,0.00332726268550271,1.54508922811901,0,267.161443506003,60.6481711487664,5.10639736337941e-10,1,0.98661152256951,0,-3.94870477427034e-06,-5.40154571861962e-05,0,0,0
117,9500.00357956471,1.54508844442108,9500,9500.00289520512,1.63504846693239,1.54508844442108,0,0.00951203865383933,20.3840983740226,7,0,15030.2304712682,-15030.1764190916,1.54508844442108,1.5418159808907,1.54184249200968,-2.65111189834411e-05,0.0141204419056741,0.00332548576835428,1.54508844442108,0,267.161443506003,60.6481711487664,4.83507886531635e-10,1,0.98661153838924,0,-4.21998659971834e-06,-5.30222379668821e-05,0,0,0
117.015,9500.00372224529,1.54508763219674,9500,9500.00307256546,1.63504179165113,1.54508763219674,0,0.00885922520461708,20.384117491178,7,0,15030.2272705785,-15030.1769280148,1.54508763219674,1.5418159808907,1.54184194862487,-2.59677341705178e-05,0.0136124758200857,0.00332358677438441,1.54508763219674,0,267.161443506003,60.6481711487664,4.55797819895568e-10,1,0.986611553207161,0,-4.47850401563699e-06,-5.19354683410356e-05,0,0,0
117.03,9500.00385513367,1.54508679354088,9500,9500.00324093811,1.63503521158254,1.54508679354088,0,0.00819623033906861,20.3841370545986,6,0,15030.2239163708,-15030.177341276,1.54508679354088,1.5418159808907,1.54184136028939,-2.53793986972894e-05,0.0130843333773393,0.00332157144757737,1.54508679354088,0,267.161443506003,60.6481711487664,9.71449415997469e-10,1,0.986611567008125,0,-4.72392045791636e-06,-5.07587973945789e-05,0,0,0
117.045,9500.00397807712,1.54508593057504,9500,9500.00340011457,1.63502873876204,1.54508593057504,0,0.0075286015159613,20.3841570329576,6,0,15030.2203963115,-15030.1776150182,1.54508593057504,1.5418159808907,1.54184072889021,-2.474799951524e-05,0.0125374029050626,0.00331944568337131,1.54508593057504,0,267.161443506003,60.6481711487664,8.82909792425563e-10,1,0.986611579776271,0,-4.95593318627918e-06,-4.949599903048e-05,0,0,0
117.06,9500.00409100615,1.54508504580811,9500,9500.00354990079,1.63502238501422,1.54508504580811,0,0.00685588831434415,20.3841773634168,6,0,15030.216733237,-15030.1777746374,1.54508504580811,1.5418159808907,1.54184005618871,-2.40752980127379e-05,0.0119729788573616,0.00331721551343749,1.54508504580811,0,267.161443506003,60.6481711487664,8.19033386277288e-10,1,0.98661159150438,0,-5.17425853274744e-06,-4.81505960254758e-05,0,0,0
117.075,9500.00419384447,1.54508414118725,9500,9500.00369013501,1.63501616148968,1.54508414118725,0,0.00617945117425681,20.384198003269,6,0,15030.2129357304,-15030.1778209858,1.54508414118725,1.5418159808907,1.54183934429097,-2.33634002739791e-05,0.0113925452663707,0.00331488709709775,1.54508414118725,0,267.161443506003,60.6481711487664,7.5406567076023e-10,1,0.986611602184531,0,-5.37866316507873e-06,-4.67268005479582e-05,0,0,0
117.09,9500.00428653624,1.54508321870287,9500,9500.00382067761,1.63501007889772,1.54508321870287,0,0.00550062431677735,20.3842189090834,6,0,15030.2090128552,-15030.1777555454,1.54508321870287,1.5418159808907,1.54183859533395,-2.26144432526887e-05,0.0107975846398357,0.00331246669867347,1.54508321870287,0,267.161443506003,60.6481711487664,6.88570964362065e-10,1,0.986611611810924,0,-5.56893905812039e-06,-4.52288865053774e-05,0,0,0
117.105,9500.0043690456,1.54508228040076,9500,9500.0039414107,1.6350041475011,1.54508228040076,0,0.00482076040478642,20.3842400364717,6,0,15030.2049740134,-15030.1775800316,1.54508228040076,1.5418159808907,1.54183781147371,-2.18305830155252e-05,0.0101895716459716,0.00330996067609731,1.54508228040076,0,267.161443506003,60.6481711487664,6.22669711045809e-10,1,0.986611620379836,0,-5.74491844007596e-06,-4.36611660310504e-05,0,0,0
117.12,9500.00444135701,1.54508132837679,9500,9500.00405223763,1.63499837711094,1.54508132837679,0,0.00414122598042903,20.3842613402059,6,0,15030.2008289244,-15030.1772963983,1.54508132837679,1.5418159808907,1.54183699487905,-2.1013988352081e-05,0.00956996840981645,0.00330737546279928,1.54508132837679,0,267.161443506003,60.6481711487664,5.56491428323657e-10,1,0.986611627889651,0,-5.90645769293907e-06,-4.2027976704162e-05,0,0,0
117.135,9500.0045034754,1.54508036478071,9500,9500.00415308278,1.63499277707729,1.54508036478071,0,0.00346340408104699,20.3842827741377,6,0,15030.1965876443,-15030.1769068425,1.54508036478071,1.5418159808907,1.54183614772411,-2.01668334121052e-05,0.00894022345194886,0.00330471755683745,1.54508036478071,0,267.161443506003,60.6481711487664,4.90166511758653e-10,1,0.986611634340882,0,-6.05344786319684e-06,-4.03336668242105e-05,0,0,0
117.15,9500.00455542646,1.5450793917796,9500,9500.00424389141,1.63498735627661,1.5450793917796,0,0.00279032560771653,20.3843042643747,5,0,15030.1922504704,-15030.1763944386,1.5450793917796,1.5418159808907,1.54183527219889,-1.92913081975554e-05,0.00830177284693277,0.00330199350529902,1.5450793917796,0,267.161443506003,60.6481711487664,9.80309309660103e-10,1,0.986611639736198,0,-6.18580891642573e-06,-3.85826163951108e-05,0,0,0
117.165,9500.00459728135,1.54507841155697,9500,9500.00432462961,1.63498212309718,1.54507841155697,0,0.00211980451058209,20.3843258200621,5,0,15030.1878489458,-15030.1758031516,1.54507841155697,1.5418159808907,1.5418343705032,-1.8389612506331e-05,0.00765604235941541,0.00329920989128662,1.54507841155697,0,267.161443506003,60.6481711487664,9.06809320751272e-10,1,0.986611644082987,0,-6.30349244712392e-06,-3.6779225012662e-05,0,0,0
117.18,9500.00462907841,1.54507742596459,9500,9500.00439529072,1.63497708526132,1.54507742596459,0,0.00145479881459413,20.3843473742215,5,0,15030.1833811702,-15030.1751142725,1.54507742596459,1.5418159808907,1.5418334450136,-1.74641228987138e-05,0.00700454384986231,0.00329637331968542,1.54507742596459,0,267.161443506003,60.6481711487664,7.89994092258985e-10,1,0.986611647385233,0,-6.40648694982815e-06,-3.49282457974276e-05,0,0,0
117.195,9500.0046509004,1.54507643733511,9500,9500.00445587972,1.63497225019993,1.54507643733511,0,0.000796816682967675,20.384368877724,5,0,15030.1788579556,-15030.1743300429,1.54507643733511,1.5418159808907,1.54183249786877,-1.65169780701468e-05,0.0063486269124056,0.003293490400558,1.54507643733511,0,267.161443506003,60.6481711487664,6.7158141082662e-10,1,0.986611649651529,0,-6.49480065129104e-06,-3.30339561402937e-05,0,0,0
117.21,9500.00466285265,1.54507544794467,9500,9500.00450642177,1.63496762482858,1.54507544794467,0,0.000144481810420766,20.384390141094,4,0,15030.1743009606,-15030.1734799424,1.54507544794467,1.5418159808907,1.54183153123384,-1.55503431460424e-05,0.00568963968709727,0.00329056774026492,1.54507544794467,0,267.161443506003,60.6481711487664,9.26193857171365e-10,1,0.986611650892816,0,-6.56847004321115e-06,-3.11006862920848e-05,0,0,0
117.225,9500.00466501987,1.54507445996639,9500,9500.00454696278,1.63496321551621,1.54507445996639,0,-0.000492685616622458,20.3844115436474,5,0,15030.169689187,-15030.1724888743,1.54507445996639,1.5418159808907,1.54183054731722,-1.4566426526974e-05,0.00502893859675187,0.00328761192874547,1.54507445996639,0,267.161443506003,60.6481711487664,4.0185106350336e-10,1,0.986611651117891,0,-6.6275618477718e-06,-2.91328530539481e-05,0,0,0
117.24,9500.00465762959,1.54507347599813,9500,9500.00457755876,1.63495902834195,1.54507347599813,0,-0.00112127268626412,20.3844326077449,5,0,15030.1650664765,-15030.1714381112,1.54507347599813,1.5418159808907,1.54182954809994,-1.35672092420602e-05,0.0043677283072347,0.00328462952591397,1.54507347599813,0,267.161443506003,60.6481711487664,3.17652299369292e-10,1,0.986611650350382,0,-6.67215878724647e-06,-2.71344184841205e-05,0,0,0
117.255,9500.0046408105,1.54507249723355,9500,9500.00459831011,1.63495506821419,1.54507249723355,0,-0.0017380676506885,20.3844534500875,5,0,15030.1604293615,-15030.1703059351,1.54507249723355,1.5418159808907,1.5418285362465,-1.25553558025793e-05,0.00370760250977543,0.00328162705445971,1.54507249723355,0,267.161443506003,60.6481711487664,2.05518781368897e-10,1,0.986611648603655,0,-6.7024041543462e-06,-2.51107116051585e-05,0,0,0
117.27,9500.00461473948,1.54507152555482,9500,9500.00460932462,1.63495133977992,1.54507152555482,0,-0.0023419539421549,20.3844740325848,5,0,15030.1557870349,-15030.1690951938,1.54507152555482,1.5418159808907,1.54182751404493,-1.15331542329677e-05,0.0030499104191637,0.00327861097259026,1.54507152555482,0,267.161443506003,60.6481711487664,2.21512151993636e-10,1,0.986611645896081,0,-6.71846057676007e-06,-2.30663084659355e-05,0,0,0
117.285,9500.00457961017,1.5450705628344,9500,9500.00461072795,1.63494784715037,1.5450705628344,0,-0.00293189480839103,20.3844943172439,5,0,15030.1511490239,-15030.1678095231,1.5450705628344,1.5418159808907,1.54182648375151,-1.05028608130553e-05,0.00239596699387438,0.00327558766533071,1.5450705628344,0,267.161443506003,60.6481711487664,3.66339862538572e-10,1,0.986611642247768,0,-6.72050518724099e-06,-2.10057216261106e-05,0,0,0
117.3,9500.00453563175,1.54506961090575,9500,9500.00460266339,1.63494459389535,1.54506961090575,0,-0.0035068947481442,20.3845142670876,5,0,15030.1465247504,-15030.1664526881,1.54506961090575,1.5418159808907,1.54182544760217,-9.46671147072919e-06,0.00174705600711645,0.00327256343799646,1.54506961090575,0,267.161443506003,60.6481711487664,5.08225390763027e-10,1,0.986611637680442,0,-6.70875037900309e-06,-1.89334229414584e-05,0,0,0
117.315,9500.00448302833,1.54506867155655,9500,9500.0045852913,1.63494158304345,1.54506867155655,0,-0.00406600154579543,20.3845338462957,5,0,15030.1419234838,-15030.165028547,1.54506867155655,1.5418159808907,1.54182440780793,-8.4269172355711e-06,0.00110442913922417,0.0032695445003259,1.54506867155655,0,267.161443506003,60.6481711487664,6.46920824161612e-10,1,0.986611632217376,0,-6.68342879794892e-06,-1.68538344711422e-05,0,0,0
117.33,9500.00442203831,1.54506774652894,9500,9500.00455878858,1.6349388170836,1.54506774652894,0,-0.00460830515967495,20.3845530201932,5,0,15030.1373543406,-15030.1635410452,1.54506774652894,1.5418159808907,1.54182336655026,-7.38565956037718e-06,0.000469304761155864,0.00326653695736683,1.54506774652894,0,267.161443506003,60.6481711487664,7.82192299536576e-10,1,0.98661162588333,0,-6.64479864309619e-06,-1.47713191207544e-05,0,0,0
117.345,9500.00435291373,1.54506683751745,9500,9500.00452334803,1.63493629796706,1.54506683751745,0,-0.00513293855698363,20.3845717552869,5,0,15030.1328262718,-15030.1619942067,1.54506683751745,1.5418159808907,1.54182232597631,-6.34508561092595e-06,-0.000157133093390029,0.00326354679797743,1.54506683751745,0,267.161443506003,60.6481711487664,9.13814149057657e-10,1,0.98661161870448,0,-6.59314113260479e-06,-1.26901712218519e-05,0,0,0
117.36,9500.00427591965,1.54506594614077,9500,9500.00447917785,1.6349340271108,1.54506594614077,0,-0.00563691715625105,20.3845900428715,6,0,15030.1283367314,-15030.1603685255,1.54506594614077,1.5418159808907,1.5418212882079,-5.30731719816657e-06,-0.000773735984498628,0.00326057988446776,1.54506594614077,0,267.161443506003,60.6481711487664,4.55726933011942e-10,1,0.986611610708351,0,-6.52875895501559e-06,-1.06146343963331e-05,0,0,0
117.375,9500.0041913659,1.54506507397782,9500,9500.00442650095,1.63493200540139,1.54506507397782,0,-0.0061236555703323,20.3846078059067,6,0,15030.123915638,-15030.1587133239,1.54506507397782,1.5418159808907,1.5418202553186,-4.27442790629229e-06,-0.00137939217873995,0.003257641942938,1.54506507397782,0,267.161443506003,60.6481711487664,4.8528476134809e-10,1,0.986611601927122,0,-6.45197928728081e-06,-8.54885581258458e-06,0,0,0
117.39,9500.00409951106,1.54506422210109,9500,9500.00436556276,1.63493023298624,1.54506422210109,0,-0.00659069550306465,20.3846250480277,6,0,15030.1195588742,-15030.1570105152,1.54506422210109,1.5418159808907,1.54181922956163,-3.24867093359771e-06,-0.00197290369645554,0.00325473855225873,1.54506422210109,0,267.161443506003,60.6481711487664,5.35536972505766e-10,1,0.986611592387648,0,-6.36315601609816e-06,-6.49734186719542e-06,0,0,0
117.405,9500.00400065063,1.5450633921059,9500,9500.00429661214,1.63492870974196,1.5450633921059,0,-0.00703730451652593,20.3846417383584,6,0,15030.1152752774,-15030.1552647746,1.5450633921059,1.5418159808907,1.54181821284912,-2.23195842430357e-06,-0.00255328720162246,0.00325187513205148,1.5450633921059,0,267.161443506003,60.6481711487664,5.83596159246393e-10,1,0.986611582120615,0,-6.26265484959809e-06,-4.46391684860714e-06,0,0,0
117.42,9500.00389509106,1.54506258550003,9500,9500.00421991001,1.6349274350518,1.54506258550003,0,-0.00746278504610312,20.3846578480541,6,0,15030.1110731513,-15030.153480442,1.54506258550003,1.5418159808907,1.54181720705471,-1.22616401609932e-06,-0.00311959873362076,0.00324905693736916,1.54506258550003,0,267.161443506003,60.6481711487664,6.29763799225149e-10,1,0.986611571157852,0,-6.15085385069492e-06,-2.45232803219864e-06,0,0,0
117.435,9500.00378314928,1.54506180370551,9500,9500.00413572912,1.63492640780358,1.54506180370551,0,-0.00786650475758343,20.3846733502348,6,0,15030.106960446,-15030.1516618742,1.54506180370551,1.5418159808907,1.54181621400986,-2.3311916219626e-07,-0.00367092910148724,0.00324628905313635,1.54506180370551,0,267.161443506003,60.6481711487664,6.73958376570149e-10,1,0.986611559532273,0,-6.02815376615773e-06,-4.66238324392521e-07,0,0,0
117.45,9500.00366515171,1.54506104803232,9500,9500.00404435365,1.63492562638974,1.54506104803232,0,-0.00824791224680194,20.384688220538,6,0,15030.1029446271,-15030.1498134035,1.54506104803232,1.5418159808907,1.54181523551186,7.45378839317468e-07,-0.00420640131626632,0.00324357638394158,1.54506104803232,0,267.161443506003,60.6481711487664,7.16105985451335e-10,1,0.986611547277776,0,-5.89496640213127e-06,1.49075767863494e-06,0,0,0
117.465,9500.00354143303,1.545060319669,9500,9500.00394607873,1.63492508871171,1.545060319669,0,-0.00860654196058228,20.3847024373084,6,0,15030.0990326275,-15030.1479393172,1.545060319669,1.5418159808907,1.54181427332608,1.70756462214428e-06,-0.00472517103230096,0.00324092364906062,1.545060319669,0,267.161443506003,60.6481711487664,7.56143403396116e-10,1,0.986611534429119,0,-5.75172235972587e-06,3.41512924428855e-06,0,0,0
117.48,9500.0034123349,1.54505961970154,9500,9500.00384120974,1.63492479218922,1.54505961970154,0,-0.00894200080093911,20.3847159811761,6,0,15030.0952309303,-15030.1460438648,1.54505961970154,1.5418159808907,1.54181332917228,2.65171842062095e-06,-0.00522642946600816,0.00323833537399875,1.54505961970154,0,267.161443506003,60.6481711487664,7.94016042415563e-10,1,0.986611521021787,0,-5.59886749806893e-06,5.3034368412419e-06,0,0,0
117.495,9500.00327820489,1.54505894910505,9500,9500.00373006146,1.63492473377421,1.54505894910505,0,-0.0092539724635425,20.3847288352226,6,0,15030.0915455259,-15030.1441312392,1.54505894910505,1.5418159808907,1.54181240472533,3.57616536383887e-06,-0.00570940811000178,0.00323581588362461,1.54505894910505,0,267.161443506003,60.6481711487664,8.29674729343925e-10,1,0.986611507091875,0,-5.43685953835471e-06,7.15233072767774e-06,0,0,0
117.51,9500.0031393953,1.54505830878261,9500,9500.00361295718,1.63492490996686,1.54505830878261,0,-0.00954219150594143,20.3847409841337,6,0,15030.0879820872,-15030.1422056049,1.54505830878261,1.5418159808907,1.54181150159316,4.47929754043841e-06,-0.00617338318234915,0.00323336929683235,1.54505830878261,0,267.161443506003,60.6481711487664,8.63083608651866e-10,1,0.986611492675971,0,-5.26616926244117e-06,8.95859508087682e-06,0,0,0
117.525,9500.00299626243,1.54505769953455,9500,9500.0034902277,1.63492531683367,1.54505769953455,0,-0.00980646226878029,20.3847524148495,6,0,15030.0845458248,-15030.1402710607,1.54505769953455,1.5418159808907,1.5418106213291,5.35956159386508e-06,-0.00661767997684556,0.00323099952066426,1.54505769953455,0,267.161443506003,60.6481711487664,8.94206532055365e-10,1,0.986611477811077,0,-5.08728104109402e-06,1.07191231877302e-05,0,0,0
117.54,9500.00284916549,1.54505712210542,9500,9500.00336221043,1.63492595002553,1.54505712210542,0,-0.01004662783259,20.3847631155434,6,0,15030.0812417004,-15030.1383316765,1.54505712210542,1.5418159808907,1.54180976540544,6.21548526114069e-06,-0.00704167574135656,0.00322871024419576,1.54505712210542,0,267.161443506003,60.6481711487664,9.23020668915171e-10,1,0.9866114625345,0,-4.9006849565103e-06,1.24309705222814e-05,0,0,0
117.555,9500.00269846608,1.54505657717009,9500,9500.00322924842,1.63492680479659,1.54505657717009,0,-0.0102625782726241,20.3847730759139,6,0,15030.0780743605,-15030.1363914744,1.54505657717009,1.5418159808907,1.54180893521898,7.04567171516679e-06,-0.00744480205359295,0.00322650493596533,1.54505657717009,0,267.161443506003,60.6481711487664,9.49503773935482e-10,1,0.986611446883792,0,-4.70688166109845e-06,1.40913434303336e-05,0,0,0
117.57,9500.0025445274,1.54505606533319,9500,9500.00309168954,1.63492787602179,1.54505606533319,0,-0.0104542506356983,20.3847822871889,6,0,15030.0750481298,-15030.1344544212,1.54505606533319,1.5418159808907,1.54180813208906,7.84880163506863e-06,-0.00782654541064123,0.00322438683921784,1.54505606533319,0,267.161443506003,60.6481711487664,9.73639455708305e-10,1,0.986611430896675,0,-4.50637821947097e-06,1.56976032701373e-05,0,0,0
117.585,9500.00238771364,1.54505558713809,9500,9500.00294988563,1.63492915821418,1.54505558713809,0,-0.0106216221085426,20.3847907419233,6,0,15030.0721670523,-15030.1325244313,1.54505558713809,1.5418159808907,1.54180735725151,8.62363918519016e-06,-0.00818644725890736,0.00322235896901908,1.54505558713809,0,267.161443506003,60.6481711487664,9.95416591324842e-10,1,0.986611414610969,0,-4.29968911141998e-06,1.72472783703803e-05,0,0,0
117.6,9500.00222838931,1.54505514305646,9500,9500.00280419173,1.63493064554167,1.54505514305646,0,-0.0107666962302205,20.3847984330274,7,0,15030.0694456307,-15030.1306273924,1.54505514305646,1.5418159808907,1.54180661186228,9.36902842041398e-06,-0.00852410329319078,0.00322042410891894,1.54505514305646,0,267.161443506003,60.6481711487664,4.48001242062798e-10,1,0.98661139806453,0,-4.0873274738118e-06,1.8738056840828e-05,0,0,0
117.615,9500.00206688887,1.54505473349335,9500,9500.00265496534,1.63493233184361,1.54505473349335,0,-0.0108856033088522,20.3848053578017,7,0,15030.0668658159,-15030.1287232662,1.54505473349335,1.5418159808907,1.54180589699515,1.00838955479077e-05,-0.00883916245479577,0.00321858481155572,1.54505473349335,0,267.161443506003,60.6481711487664,4.66373993809963e-10,1,0.986611381292094,0,-3.86981746869353e-06,2.01677910958153e-05,0,0,0
117.63,9500.00190360482,1.54505435915312,9500,9500.00250255797,1.63493421084276,1.54505435915312,0,-0.0109801532066495,20.3848115047654,7,0,15030.0644429463,-15030.1268376754,1.54505435915312,1.5418159808907,1.54180521345633,1.0767434364567e-05,-0.00913143934826741,0.00321684339369481,1.54505435915312,0,267.161443506003,60.6481711487664,4.7308468302087e-10,1,0.986611364334424,0,-3.64767219007689e-06,2.15348687291339e-05,0,0,0
117.645,9500.00173890252,1.54505402011689,9500,9500.00234733177,1.63493627572857,1.54505402011689,0,-0.0110506368682201,20.3848168764085,7,0,15030.06217899,-15030.1249742415,1.54505402011689,1.5418159808907,1.5418045622482,1.14186424930995e-05,-0.00940063298934509,0.00321520194120928,1.54505402011689,0,267.161443506003,60.6481711487664,4.78629854753649e-10,1,0.986611347229464,0,-3.42141726838996e-06,2.28372849861991e-05,0,0,0
117.66,9500.00157314296,1.54505371639407,9500,9500.00218964973,1.63493851939773,1.54505371639407,0,-0.0110973735172236,20.3848214767265,7,0,15030.0600754853,-15030.1231363167,1.54505371639407,1.5418159808907,1.54180394429073,1.20365999691785e-05,-0.00964649668588853,0.0032136623034385,1.54505371639407,0,267.161443506003,60.6481711487664,4.83098781266859e-10,1,0.986611330014703,0,-3.19158322814594e-06,2.4073199938357e-05,0,0,0
117.675,9500.00140668236,1.54505344795524,9500,9500.00202987429,1.63494093448774,1.54505344795524,0,-0.0111207030343851,20.3848253104948,7,0,15030.0581337685,-15030.1213271688,1.54505344795524,1.5418159808907,1.54180336040392,1.26204867783031e-05,-0.0098688458782155,0.00321222609098584,1.54505344795524,0,267.161443506003,60.6481711487664,4.86503901907317e-10,1,0.986611312727136,0,-2.95869753275113e-06,2.52409735566061e-05,0,0,0
117.69,9500.00123987182,1.54505321475243,9500,9500.00186836631,1.63494351340548,1.54505321475243,0,-0.0111209726004905,20.3848283828274,7,0,15030.056355069,-15030.11955,1.54505321475243,1.5418159808907,1.54180281129838,1.31695923162312e-05,-0.0100675607848753,0.0032108946770961,1.54505321475243,0,267.161443506003,60.6481711487664,4.88859997594743e-10,1,0.986611295403225,0,-2.72328749173489e-06,2.63391846324623e-05,0,0,0
117.705,9500.00107305723,1.54505301669081,9500,9500.00170548411,1.63494624835122,1.54505301669081,0,-0.0110985550710256,20.3848306997851,7,0,15030.054740375,-15030.1178079173,1.54505301669081,1.5418159808907,1.5418022975895,1.36833011943338e-05,-0.0102425852979548,0.00320966919772482,1.54505301669081,0,267.161443506003,60.6481711487664,4.90181117506539e-10,1,0.986611278078895,0,-2.48587221540753e-06,2.73666023886676e-05,0,0,0
117.72,9500.0009065789,1.54505285365247,9500,9500.00154158278,1.63494913133826,1.54505285365247,0,-0.011053833105722,20.3848322678607,7,0,15030.0532905444,-15030.116103953,1.54505285365247,1.5418159808907,1.54180181978743,1.41611032717925e-05,-0.0103939231989333,0.00320855055522788,1.54505285365247,0,267.161443506003,60.6481711487664,4.90482774306241e-10,1,0.986611260789487,0,-2.24697517725581e-06,2.83222065435851e-05,0,0,0
117.735,9500.00074077141,1.54505272546866,9500,9500.00137701359,1.6349521542109,1.54505272546866,0,-0.0109872169850374,20.3848330945719,7,0,15030.0520061738,-15030.1144410352,1.54505272546866,1.5418159808907,1.54180137830992,1.46025807818972e-05,-0.0105216339508614,0.00320753941639812,1.54505272546866,0,267.161443506003,60.6481711487664,4.89779602569848e-10,1,0.986611243569748,0,-2.00710098541279e-06,2.92051615637945e-05,0,0,0
117.75,9500.00057596315,1.54505263191608,9500,9500.00121212347,1.63495530865992,1.54505263191608,0,-0.0108991466847214,20.3848331885381,7,0,15030.0508875801,-15030.1128219809,1.54505263191608,1.5418159808907,1.54180097348848,1.50074022140512e-05,-0.0106258277045762,0.00320663622095468,1.54505263191608,0,267.161443506003,60.6481711487664,4.88089017499064e-10,1,0.986611226453783,0,-1.7667614107264e-06,3.00148044281023e-05,0,0,0
117.765,9500.00041247595,1.54505257269721,9500,9500.00104725457,1.63495858623779,1.54505257269721,0,-0.0107901041165026,20.3848325598971,7,0,15030.0499347061,-15030.1112494715,1.54505257269721,1.5418159808907,1.5418006055766,1.5375314095456e-05,-0.0107066610340013,0.00320584117831986,1.54505257269721,0,267.161443506003,60.6481711487664,4.85427556211289e-10,1,0.986611209475015,0,-1.52645279594132e-06,3.0750628190912e-05,0,0,0
117.78,9500.00025062439,1.54505254745061,9500,9500.00088274376,1.63496197837417,1.54505254745061,0,-0.0106606060318365,20.3848312200761,7,0,15030.0491471662,-15030.1097260577,1.54505254745061,1.5418159808907,1.54180027474802,1.57061426775407e-05,-0.0107643335611482,0.00320515427456168,1.54505254745061,0,267.161443506003,60.6481711487664,4.81814243756298e-10,1,0.986611192666114,0,-1.28666502985375e-06,3.14122853550813e-05,0,0,0
117.795,9500.0000907153,1.54505255573687,9500,9500.00071892212,1.63496547639269,1.54505255573687,0,-0.010511212303955,20.384829182089,7,0,15030.0485241797,-15030.1082541404,1.54505255573687,1.5418159808907,1.54179998110526,1.59997854347615e-05,-0.0107990859177908,0.00320457527529825,1.54505255573687,0,267.161443506003,60.6481711487664,4.77269275981709e-10,1,0.986611176058946,0,-1.04788280719248e-06,3.19995708695231e-05,0,0,0
117.81,9499.99993304711,1.54505259703705,9500,9500.00055611447,1.63496907152834,1.54505259703705,0,-0.0103425269208546,20.3848264605604,7,0,15030.0480645584,-15030.1068359634,1.54505259703705,1.5418159808907,1.54179972468154,1.62562091607921e-05,-0.0108111982116638,0.00320410372803501,1.54505259703705,0,267.161443506003,60.6481711487664,4.71815190322733e-10,1,0.986611159684505,0,-8.10576668897056e-07,3.25124183215841e-05,0,0,0
117.825,9499.99977790921,1.54505267076991,9500,9500.00039463878,1.63497275494609,1.54505267076991,0,-0.0101551856108597,20.3848230713498,7,0,15030.0477667872,-15030.1054736244,1.54505267076991,1.5418159808907,1.54179950543536,1.64754553368951e-05,-0.0108009894220638,0.00320373896853401,1.54505267076991,0,267.161443506003,60.6481711487664,4.65476134061502e-10,1,0.986611143572843,0,-5.7521504892577e-07,3.29509106737902e-05,0,0,0
117.84,9499.99962558143,1.5450527762858,9500,9500.0002348056,1.63497651776065,1.5450527762858,0,-0.00994985985047637,20.3848190316752,7,0,15030.0476289916,-15030.1041690643,1.5450527762858,1.5418159808907,1.54179932325403,1.66576366706916e-05,-0.0107688172510297,0.00320348012176199,1.5450527762858,0,267.161443506003,60.6481711487664,4.5827771797998e-10,1,0.986611127753023,0,-3.42245360274163e-07,3.33152733413833e-05,0,0,0
117.855,9499.99947633353,1.5450529128726,9500,9500.00007691754,1.63498035105593,1.5450529128726,0,-0.00972725229953783,20.384814359981,7,0,15030.0476489638,-15030.1029240684,1.5450529128726,1.5418159808907,1.54179917795542,1.6802935274951e-05,-0.0107150776587311,0.00320332611134987,1.5450529128726,0,267.161443506003,60.6481711487664,4.50248479846794e-10,1,0.98661111225306,0,-1.12113354600041e-07,3.36058705499021e-05,0,0,0
117.87,9499.99933042474,1.54505307976867,9500,9499.99992126869,1.63498424590503,1.54505307976867,0,-0.00948808806521805,20.3848090756529,7,0,15030.047824222,-15030.1017402751,1.54505307976867,1.5418159808907,1.54179906928188,1.69116088177823e-05,-0.010640204528452,0.0032032756603403,1.54505307976867,0,267.161443506003,60.6481711487664,4.41417689190555e-10,1,0.986611097099877,0,1.14756685265505e-07,3.38232176355646e-05,0,0,0
117.885,9499.99918810342,1.54505327616149,9500,9499.99976814409,1.63498819338984,1.54505327616149,0,-0.00923118205253691,20.3848032035485,6,0,15030.0481415639,-15030.1005977481,1.54505327616149,1.5418159808907,1.54179899690572,1.69839849724074e-05,-0.0105446689764972,0.00320332730084867,1.54505327616149,0,267.161443506003,60.6481711487664,9.79582518529776e-10,1,0.986611082319266,0,3.37947307249564e-07,3.39679699448148e-05,0,0,0
117.9,9499.99904963569,1.54505350119288,9500,9499.9996178193,1.63499218462009,1.54505350119288,0,-0.00896127185872974,20.3847967562406,6,0,15030.0486193827,-15030.0995418017,1.54505350119288,1.5418159808907,1.54179896042817,1.70204625238313e-05,-0.0104289781977962,0.00320347937713693,1.54505350119288,0,267.161443506003,60.6481711487664,9.32393795345344e-10,1,0.986611067938865,0,5.57056346384144e-07,3.40409250476625e-05,0,0,0
117.915,9499.99891521661,1.54505375358982,9500,9499.99947056742,1.63499621056073,1.54505375358982,0,-0.00867731386571487,20.3847897678463,6,0,15030.0492415178,-15030.0985503451,1.54505375358982,1.5418159808907,1.54179895956738,1.70213233139371e-05,-0.0102935631670546,0.0032037300524928,1.54505375358982,0,267.161443506003,60.6481711487664,9.08349362104748e-10,1,0.986611053978932,0,7.71687255207709e-07,3.40426466278743e-05,0,0,0
117.93,9499.9987850569,1.54505403260577,9500,9499.99932664131,1.6350002624856,1.54505403260577,0,-0.0083800137470327,20.3847822568317,6,0,15030.0500055404,-15030.0976249594,1.54505403260577,1.5418159808907,1.54179899368904,1.69872016564376e-05,-0.0101390578098728,0.00320407731175765,1.54505403260577,0,267.161443506003,60.6481711487664,8.82439126594919e-10,1,0.986611040461351,0,9.81470645200488e-07,3.39744033128753e-05,0,0,0
117.945,9499.9986593567,1.54505433741594,9500,9499.99918628294,1.63500433175625,1.54505433741594,0,-0.00807008337791733,20.3847742432534,6,0,15030.0509084256,-15030.096766665,1.54505433741594,1.5418159808907,1.54179906211485,1.69187758454203e-05,-0.00996611693256115,0.00320451897354799,1.54505433741594,0,267.161443506003,60.6481711487664,8.55145599873556e-10,1,0.986611027406906,0,1.18605236210101e-06,3.38375516908407e-05,0,0,0
117.96,9499.99853830545,1.5450546671278,9500,9499.99904972342,1.63500840982801,1.5450546671278,0,-0.00774826954338919,20.3847657484992,6,0,15030.0519467902,-15030.0959763223,1.5450546671278,1.5418159808907,1.5417991641207,1.6816769993433e-05,-0.00977541031579417,0.00320505269711093,1.5450546671278,0,267.161443506003,60.6481711487664,8.265268821693e-10,1,0.986611014835273,0,1.38509689651123e-06,3.36335399868659e-05,0,0,0
117.975,9499.9984220814,1.54505502074716,9500,9499.99891718306,1.63501248825705,1.54505502074716,0,-0.00741537435445541,20.3847567960112,6,0,15030.053116731,-15030.0952545861,1.54505502074716,1.5418159808907,1.54179929895782,1.66819328728529e-05,-0.00956761881216652,0.00320567599071436,1.54505502074716,0,267.161443506003,60.6481711487664,7.96648537528288e-10,1,0.986611002764964,0,1.5782858051594e-06,3.33638657457058e-05,0,0,0
117.99,9499.99831085079,1.54505539721641,9500,9499.99878887128,1.63501655871108,1.54505539721641,0,-0.00707223001113617,20.3847474104556,6,0,15030.0544139988,-15030.0946019361,1.54505539721641,1.5418159808907,1.54179946583751,1.65150531921121e-05,-0.00934343339923327,0.00320638621932668,1.54505539721641,0,267.161443506003,60.6481711487664,7.65585057302329e-10,1,0.986610991213241,0,1.76530821649479e-06,3.30301063842242e-05,0,0,0
118.005,9499.99820476734,1.54505579540343,9500,9499.99866498629,1.63502061298516,1.54505579540343,0,-0.00671970581186665,20.3847376179543,6,0,15030.0558339436,-15030.0940186622,1.54505579540343,1.5418159808907,1.54179966393834,1.63169523534901e-05,-0.00910355736582589,0.00320718060802411,1.54505579540343,0,267.161443506003,60.6481711487664,7.33412835416042e-10,1,0.986610980196071,0,1.94587911916955e-06,3.26339047069801e-05,0,0,0
118.02,9499.99810397175,1.54505621412598,9500,9499.9985457148,1.63502464301826,1.54505621412598,0,-0.00635869127326372,20.3847274455552,6,0,15030.0573716297,-15030.0935048834,1.54505621412598,1.5418159808907,1.54179989239987,1.60884908282366e-05,-0.00884870833664418,0.00320805625362773,1.54505621412598,0,267.161443506003,60.6481711487664,7.00212656293197e-10,1,0.986610969728065,0,2.11972573005426e-06,3.21769816564732e-05,0,0,0
118.035,9499.99800859138,1.54505665216495,9500,9499.99843123157,1.63502864091215,1.54505665216495,0,-0.00599008800382846,20.3847169209439,6,0,15030.0590218923,-15030.093060558,1.54505665216495,1.5418159808907,1.54180015031868,1.58305720208141e-05,-0.00857962105608707,0.00320901013020626,1.54505665216495,0,267.161443506003,60.6481711487664,6.66069987553613e-10,1,0.986610959822451,0,2.28659169865253e-06,3.16611440416281e-05,0,0,0
118.05,9499.99791874006,1.54505710828743,9500,9499.99832169908,1.63503259894955,1.54505710828743,0,-0.00561479409693896,20.3847060719448,6,0,15030.0607794472,-15030.0926855057,1.54505710828743,1.5418159808907,1.54180043674057,1.55441501292763e-05,-0.00829704893935172,0.00321003909647065,1.54505710828743,0,267.161443506003,60.6481711487664,6.31073955571959e-10,1,0.986610950491049,0,2.44624427048201e-06,3.10883002585527e-05,0,0,0
118.065,9499.99783451815,1.54505758124826,9500,9499.99821726721,1.63503650961151,1.54505758124826,0,-0.00523370361032717,20.3846949264896,6,0,15030.0626388966,-15030.0923794087,1.54505758124826,1.5418159808907,1.54180075066511,1.52302255835846e-05,-0.00800176469030417,0.00321113990639237,1.54505758124826,0,267.161443506003,60.6481711487664,5.95311784227467e-10,1,0.986610941744283,0,2.59846105987727e-06,3.04604511671691e-05,0,0,0
118.08,9499.9977560126,1.54505806980166,9500,9499.99811807301,1.63504036559247,1.54505806980166,0,-0.0048476988537682,20.3846835123669,6,0,15030.0645947846,-15030.092141825,1.54505806980166,1.5418159808907,1.54180109104215,1.4889848545252e-05,-0.00769455928053705,0.00321230921386931,1.54505806980166,0,267.161443506003,60.6481711487664,5.5887172187443e-10,1,0.986610933591183,0,2.74304284353377e-06,2.9779697090504e-05,0,0,0
118.095,9499.99768329712,1.54505857269861,9500,9499.99802424053,1.63504415981384,1.54505857269861,0,-0.00445765225288872,20.3846718572814,6,0,15030.0666415854,-15030.0919721865,1.54505857269861,1.5418159808907,1.54180145677832,1.45241123796769e-05,-0.00737624021542123,0.0032135435831489,1.54505857269861,0,267.161443506003,60.6481711487664,5.21841431504495e-10,1,0.986610926039403,0,2.87981005797633e-06,2.90482247593538e-05,0,0,0
118.11,9499.99761643233,1.54505908868797,9500,9499.99793588078,1.63504788543533,1.54505908868797,0,-0.00406442580200977,20.3846599888305,6,0,15030.0687737098,-15030.0918698021,1.54505908868797,1.5418159808907,1.5418018467409,1.41341497992276e-05,-0.00704762878886083,0.00321483949767499,1.54505908868797,0,267.161443506003,60.6481711487664,4.84306819954537e-10,1,0.986610919095241,0,3.00860063351394e-06,2.82682995984551e-05,0,0,0
118.125,9499.99755546594,1.54505961652739,9500,9499.99785309172,1.63505153586488,1.54505961652739,0,-0.00366886432977093,20.3846479342731,6,0,15030.0709855548,-15030.0918338696,1.54505961652739,1.5418159808907,1.54180225975633,1.37211343680388e-05,-0.00670955714057618,0.00321619336796007,1.54505961652739,0,267.161443506003,60.6481711487664,4.46353940436414e-10,1,0.986610912763649,0,3.12927086687509e-06,2.74422687360776e-05,0,0,0
118.14,9499.99750043298,1.54506015496652,9500,9499.99777595828,1.63505510476782,1.54506015496652,0,-0.00327348185262221,20.3846357366796,5,0,15030.0732810918,-15030.0918826463,1.54506015496652,1.5418159808907,1.54180269462271,1.32862679871337e-05,-0.00636286545465875,0.00321760153985017,1.54506015496652,0,267.161443506003,60.6481711487664,9.17207990166151e-10,1,0.986610907048266,0,3.24169818166631e-06,2.65725359742675e-05,0,0,0
118.155,9499.99745133075,1.54506070275106,9500,9499.99770455246,1.63505858607417,1.54506070275106,0,-0.00287563238617008,20.3846233915025,5,0,15030.0756345743,-15030.0919753499,1.54506070275106,1.5418159808907,1.54180315011253,1.28307781679382e-05,-0.00600839878531793,0.00321906030403192,1.54506070275106,0,267.161443506003,60.6481711487664,8.80680992703476e-10,1,0.986610901948813,0,3.34577896055066e-06,2.56615563358764e-05,0,0,0
118.17,9499.99740819627,1.54506125895619,9500,9499.99763892689,1.63506197415144,1.54506125895619,0,-0.00247765052099673,20.3846109347624,5,0,15030.078051655,-15030.0921308994,1.54506125895619,1.5418159808907,1.54180362481023,1.2356080466569e-05,-0.00564710066810684,0.00322056590456417,1.54506125895619,0,267.161443506003,60.6481711487664,7.90175767205562e-10,1,0.986610897469132,0,3.4414306446795e-06,2.4712160933138e-05,0,0,0
118.185,9499.99737103151,1.54506182214943,9500,9499.99757913016,1.63506526343055,1.54506182214943,0,-0.00208053251626887,20.3845983972127,5,0,15030.0805260376,-15030.0923486596,1.54506182214943,1.5418159808907,1.54180411753551,1.18633551868808e-05,-0.00527976566615735,0.00322211454835427,1.54506182214943,0,267.161443506003,60.6481711487664,6.97331444775715e-10,1,0.986610893609431,0,3.52859003283079e-06,2.37267103737615e-05,0,0,0
118.2,9499.99733982352,1.54506239092391,9500,9499.99752519879,1.63506844861269,1.54506239092391,0,-0.00168517776522477,20.3845858089402,5,0,15030.0830511176,-15030.0926271369,1.54506239092391,1.5418159808907,1.54180462708102,1.13538096737642e-05,-0.00490719072361403,0.00322370241386905,1.54506239092391,0,267.161443506003,60.6481711487664,6.10275473059308e-10,1,0.986610890368362,0,3.6071981899255e-06,2.27076193475284e-05,0,0,0
118.215,9499.99731454586,1.54506296391582,9500,9499.99747715648,1.63507152469722,1.54506296391582,0,-0.00129244313338301,20.3845731989539,5,0,15030.0856204216,-15030.0929647272,1.54506296391582,1.5418159808907,1.54180515220466,1.0828686033415e-05,-0.00453018552947384,0.00322532565305451,1.54506296391582,0,267.161443506003,60.6481711487664,5.40835746032088e-10,1,0.986610887743181,0,3.67722238259205e-06,2.165737206683e-05,0,0,0
118.23,9499.99729515921,1.5450635398291,9500,9499.9974350139,1.63507448699574,1.5450635398291,0,-0.00090063342067534,20.3845606811752,4,0,15030.0882167935,-15030.0933346411,1.5450635398291,1.5418159808907,1.54180569162306,1.02892676401289e-05,-0.00414957232718039,0.00322698040312668,1.5450635398291,0,267.161443506003,60.6481711487664,9.85345856443501e-10,1,0.986610885729803,0,3.73864943559177e-06,2.05785352802579e-05,0,0,0
118.245,9499.99728164971,1.54506411742477,9500,9499.99739876881,1.6350773311409,1.54506411742477,0,-0.000516104422888122,20.3845481078935,4,0,15030.0908593957,-15030.093792158,1.54506411742477,1.5418159808907,1.54180624402135,9.7368693503519e-06,-0.00376618257428754,0.00322866279537269,1.54506411742477,0,267.161443506003,60.6481711487664,6.56420148034155e-10,1,0.98661088432679,0,3.79147802043178e-06,1.94737387007038e-05,0,0,0
118.26,9499.99727390814,1.54506469503513,9500,9499.99736841593,1.63508005284341,1.54506469503513,0,-0.000136553501681649,20.3845356006719,4,0,15030.0935247713,-15030.0943007363,1.54506469503513,1.5418159808907,1.54180680829872,9.17259197574793e-06,-0.00338070815055462,0.00323036896048189,1.54506469503513,0,267.161443506003,60.6481711487664,4.85518681798794e-10,1,0.986610883522799,0,3.83571920670178e-06,1.83451839514959e-05,0,0,0
118.275,9499.99727185984,1.54506527184495,9500,9499.99734392305,1.63508264850202,1.54506527184495,0,0.000237336131219307,20.3845231767399,4,0,15030.0962100513,-15030.0948613892,1.54506527184495,1.5418159808907,1.54180738293063,8.59796006369429e-06,-0.00299408515496392,0.0032320950341249,1.54506527184495,0,267.161443506003,60.6481711487664,5.80223952932254e-10,1,0.986610883310075,0,3.87141953916981e-06,1.71959201273886e-05,0,0,0
118.29,9499.99727541988,1.54506584695002,9500,9499.99732524697,1.635085114819,1.54506584695002,0,0.000605077460759732,20.3845108545599,4,0,15030.0989105537,-15030.0954722022,1.54506584695002,1.5418159808907,1.54180796644749,8.01444320330802e-06,-0.00260720485329746,0.00323383717291753,1.54506584695002,0,267.161443506003,60.6481711487664,6.85636625447907e-10,1,0.986610883679799,0,3.89864049532562e-06,1.6028886406616e-05,0,0,0
118.305,9499.99728449604,1.54506641938887,9500,9499.99731233366,1.63508744880363,1.54506641938887,0,0.000966131551589464,20.384498653716,4,0,15030.1016214171,-15030.0961313765,1.54506641938887,1.5418159808907,1.54180855742218,7.42346851589915e-06,-0.0022209208323404,0.00323559156114043,1.54506641938887,0,267.161443506003,60.6481711487664,7.96306384883743e-10,1,0.986610884622393,0,3.91746380046243e-06,1.48469370317983e-05,0,0,0
118.32,9499.99729898802,1.54506698812632,9500,9499.99730511919,1.6350896477571,1.54506698812632,0,0.00131992095428269,20.3844865952817,4,0,15030.1043373921,-15030.0968369439,1.54506698812632,1.5418159808907,1.54180915448281,6.82640788673972e-06,-0.00183604384200614,0.00323735441985064,1.54506698812632,0,267.161443506003,60.6481711487664,9.04583731672784e-10,1,0.98661088612744,0,3.92797741044504e-06,1.36528157734794e-05,0,0,0
118.335,9499.99731878683,1.54506755206695,9500,9499.99730353022,1.63509170926793,1.54506755206695,0,0.00166611677468323,20.3844746287355,5,0,15030.1070490975,-15030.0975813922,1.54506755206695,1.5418159808907,1.54180975630741,6.22458328480846e-06,-0.00145334432341951,0.00323912200968534,1.54506755206695,0,267.161443506003,60.6481711487664,1.8864815581784e-10,1,0.986610888183622,0,3.93029537537615e-06,1.24491665696169e-05,0,0,0
118.35,9499.99734377858,1.54506811009367,9500,9499.99730748416,1.63509363121414,1.54506811009367,0,0.00200391333628774,20.384462924721,5,0,15030.1097565161,-15030.0983692825,1.54506811009367,1.5418159808907,1.54181036161051,5.61928018427693e-06,-0.00107355845502817,0.00324089064260426,1.54506811009367,0,267.161443506003,60.6481711487664,2.84966818820098e-10,1,0.986610890779111,0,3.92453145048322e-06,1.12385603685539e-05,0,0,0
118.365,9499.99737383728,1.54506866101999,9500,9499.99731689031,1.63509541174178,1.54506866101999,0,0.00233254393002731,20.3844514323289,5,0,15030.1124518625,-15030.0991971861,1.54506866101999,1.5418159808907,1.54181096916693,5.01172376954351e-06,-0.000697379261583573,0.00324265668175697,1.54506866101999,0,267.161443506003,60.6481711487664,3.66889890520198e-10,1,0.986610893900821,0,3.91082217032768e-06,1.0023447539087e-05,0,0,0
118.38,9499.99740882544,1.54506920368833,9500,9499.99733164883,1.63509704929716,1.54506920368833,0,0.00265140058958038,20.3844401747382,5,0,15030.1151290766,-15030.1000624978,1.54506920368833,1.5418159808907,1.54181157776775,4.40312295002521e-06,-0.000325481342052267,0.00324441655173362,1.54506920368833,0,267.161443506003,60.6481711487664,4.46388401320956e-10,1,0.986610897534475,0,3.88930964367873e-06,8.80624590005041e-06,0,0,0
118.395,9499.99744859645,1.54506973702663,9500,9499.99735165012,1.6350985426492,1.54506973702663,0,0.0029599238545439,20.3844291732897,5,0,15030.1177825455,-15030.1009627838,1.54506973702663,1.5418159808907,1.54181218619327,3.79469742917138e-06,4.14660954204972e-05,0.00324616674107328,1.54506973702663,0,267.161443506003,60.6481711487664,5.23763536424456e-10,1,0.986610901664845,0,3.86015667741546e-06,7.58939485834276e-06,0,0,0
118.41,9499.99749299531,1.54507026002865,9500,9499.99737677497,1.63509989089263,1.54507026002865,0,0.0032576037107331,20.3844184478111,5,0,15030.1204069321,-15030.1018956051,1.54507026002865,1.5418159808907,1.54181279322751,3.18766318785357e-06,0.000402800374747687,0.00324790381157811,1.54507026002865,0,267.161443506003,60.6481711487664,5.98887240350416e-10,1,0.986610906275836,0,3.82353514871703e-06,6.37532637570715e-06,0,0,0
118.425,9499.99754185936,1.54507077177324,9500,9499.99740689492,1.63510109344722,1.54507077177324,0,0.00354399192929969,20.3844080162126,5,0,15030.1229972647,-15030.102858537,1.54507077177324,1.5418159808907,1.54181339765062,2.58324007607058e-06,0.0007578685743791,0.00324962440239504,1.54507077177324,0,267.161443506003,60.6481711487664,6.71622091354445e-10,1,0.986610911350554,0,3.77963382147684e-06,5.16648015214116e-06,0,0,0
118.44,9499.99759501924,1.54507127140267,9500,9499.99744187265,1.63510215005395,1.54507127140267,0,0.00381868733807116,20.3843978949626,5,0,15030.1255488397,-15030.1038491558,1.54507127140267,1.5418159808907,1.54181399825352,1.9826371808751e-06,0.00110603161958241,0.0032513252376147,1.54507127140267,0,267.161443506003,60.6481711487664,7.41850717517301e-10,1,0.98661091687141,0,3.72865117581611e-06,3.9652743617502e-06,0,0,0
118.455,9499.99765229955,1.54507175811178,9500,9499.9974815625,1.63510306076776,1.54507175811178,0,0.00408132807739481,20.3843880993288,5,0,15030.128057174,-15030.1048650344,1.54507175811178,1.5418159808907,1.54181459384548,1.38704522001376e-06,0.00144666929354246,0.00325300313064382,1.54507175811178,0,267.161443506003,60.6481711487664,8.09466284080544e-10,1,0.986610922820188,0,3.67080051733026e-06,2.77409044002752e-06,0,0,0
118.47,9499.99771351947,1.54507223114409,9500,9499.99752581114,1.63510382594866,1.54507223114409,0,0.00433158862696092,20.3843786434691,5,0,15030.130517989,-15030.1059037441,1.54507223114409,1.5418159808907,1.54181518325944,7.97631259930043e-07,0.00177918483743166,0.00325465499087662,1.54507223114409,0,267.161443506003,60.6481711487664,8.74374103282309e-10,1,0.98661092917811,0,3.60630511342386e-06,1.59526251986009e-06,0,0,0
118.485,9499.9977784933,1.5450726897696,9500,9499.9975744581,1.63510444625241,1.5450726897696,0,0.00456916497871163,20.3843695409153,5,0,15030.1329271094,-15030.1069628372,1.5450726897696,1.5418159808907,1.54181576536534,2.15525360225399e-07,0.00210300853294837,0.00325627782817766,1.5450726897696,0,267.161443506003,60.6481711487664,9.36490902613207e-10,1,0.986610935925889,0,3.53539841380091e-06,4.31050720450799e-07,0,0,0
118.5,9499.99784703078,1.54507313330347,9500,9499.99762733638,1.63510492262129,1.54507313330347,0,0.00479378636163763,20.3843608041754,5,0,15030.1352805521,-15030.108039869,1.54507313330347,1.5418159808907,1.54181633906304,-3.5817234711466e-07,0.00241760019733736,0.00325786875746387,1.54507313330347,0,267.161443506003,60.6481711487664,9.95737068335699e-10,1,0.986610943043767,0,3.45832479409225e-06,-7.16344694229321e-07,0,0,0
118.515,9499.99791893757,1.54507356107867,9500,9499.99768427293,1.63510525627585,1.54507356107867,0,0.00500308329910958,20.3843524349049,6,0,15030.1375856395,-15030.1091556267,1.54507356107867,1.5418159808907,1.54181690329852,-9.22407823233939e-07,0.00272245026814773,0.00325942500362121,1.54507356107867,0,267.161443506003,60.6481711487664,4.62714252892805e-10,1,0.986610950511561,0,3.37533577554616e-06,-1.84481564646788e-06,0,0,0
118.53,9499.99799398382,1.54507397246644,9500,9499.9977450892,1.63510544870643,1.54507397246644,0,0.00520101922116514,20.3843444653277,6,0,15030.1398163823,-15030.1102615987,1.54507397246644,1.5418159808907,1.54181745705519,-1.47616449064358e-06,0.00301708059439535,0.0032609439047202,1.54507397246644,0,267.161443506003,60.6481711487664,4.60818586264199e-10,1,0.9866109583054,0,3.28669306948193e-06,-2.95232898128717e-06,0,0,0
118.545,9499.99807199911,1.54507436727533,9500,9499.99780959335,1.63510550187517,1.54507436727533,0,0.0053855483267833,20.3843368866008,6,0,15030.1419821961,-15030.1113788259,1.54507436727533,1.5418159808907,1.54181799915668,-2.01826598233978e-06,0.00330092257463159,0.00326242291660147,1.54507436727533,0,267.161443506003,60.6481711487664,4.82200552087839e-10,1,0.986610966407585,0,3.1926729373577e-06,-4.03653196467957e-06,0,0,0
118.56,9499.99815278234,1.54507474476776,9500,9499.99787759909,1.63510541774689,1.54507474476776,0,0.00555640933017061,20.3843297122677,6,0,15030.1440786209,-15030.112504333,1.54507474476776,1.5418159808907,1.54181852876188,-2.54787118136868e-06,0.00357361538237364,0.00326385961942328,1.54507474476776,0,267.161443506003,60.6481711487664,5.01906092166277e-10,1,0.98661097479723,0,3.09355089833652e-06,-5.09574236273735e-06,0,0,0
118.575,9499.99823612848,1.54507510426469,9500,9499.99794891627,1.6351051985236,1.54507510426469,0,0.00571334821606566,20.3843229545381,6,0,15030.1461016423,-15030.1136355491,1.54507510426469,1.5418159808907,1.54181904506236,-3.06417166706652e-06,0.00383482140717037,0.00326525171732753,1.54507510426469,0,267.161443506003,60.6481711487664,5.20321713406896e-10,1,0.986610983453044,0,2.9896014579478e-06,-6.12834333413304e-06,0,0,0
118.59,9499.9983218287,1.54507544517884,9500,9499.9980233509,1.63510484664797,1.54507544517884,0,0.00585617413893802,20.3843166236066,6,0,15030.1480476549,-15030.1147699533,1.54507544517884,1.5418159808907,1.54181954726562,-3.56637491960576e-06,0.00408422077052309,0.00326659703798361,1.54507544517884,0,267.161443506003,60.6481711487664,5.37407170024544e-10,1,0.986610992353339,0,2.88110788293494e-06,-7.13274983921153e-06,0,0,0
118.605,9499.99840967131,1.54507576699904,9500,9499.99810070515,1.63510436480577,1.54507576699904,0,0.00598474771150861,20.3843107279982,6,0,15030.1499133957,-15030.1159050747,1.54507576699904,1.5418159808907,1.54182003460479,-4.05371409284427e-06,0.00432150767183097,0.00326789353653093,1.54507576699904,0,267.161443506003,60.6481711487664,5.53137436514032e-10,1,0.986611001476128,0,2.768358291938e-06,-8.10742818568855e-06,0,0,0
118.62,9499.99849944253,1.54507606932117,9500,9499.99818077759,1.63510375592232,1.54507606932117,0,0.00609900086916086,20.384305273913,6,0,15030.1516960947,-15030.1170385299,1.54507606932117,1.5418159808907,1.54182050632434,-4.52543364337643e-06,0.00454639100289803,0.0032691392977623,1.54507606932117,0,267.161443506003,60.6481711487664,5.67490121664007e-10,1,0.986611010799211,0,2.65164627899495e-06,-9.05086728675286e-06,0,0,0
118.635,9499.99859092754,1.5450763518207,9500,9499.9982633636,1.63510302315541,1.5450763518207,0,0.00619891756600375,20.3843002658283,6,0,15030.1533933476,-15030.1181680061,1.5450763518207,1.5418159808907,1.54182096169499,-4.98080429367498e-06,0.00475859678465903,0.00327033253858785,1.5450763518207,0,267.161443506003,60.6481711487664,5.80451176152121e-10,1,0.986611020300278,0,2.5312713543002e-06,-9.96160858734996e-06,0,0,0
118.65,9499.99868391131,1.54507661424912,9500,9499.99834825589,1.63510216988318,1.54507661424912,0,0.0062845311149352,20.3842957065844,6,0,15030.1550031048,-15030.1192912639,1.54507661424912,1.5418159808907,1.54182140001683,-5.41912613671869e-06,0.00495787280094491,0.00327147161069729,1.54507661424912,0,267.161443506003,60.6481711487664,5.92013136358892e-10,1,0.986611029956996,0,2.40753622571255e-06,-1.08382522734374e-05,0,0,0
118.665,9499.99877817927,1.54507685642139,9500,9499.99843524518,1.63510119969051,1.54507685642139,0,0.00635591536885785,20.3842915976634,6,0,15030.1565236148,-15030.1204061327,1.54507685642139,1.5418159808907,1.54182182062635,-5.83973565282392e-06,0.00514399285103734,0.00327255500199886,1.54507685642139,0,267.161443506003,60.6481711487664,6.02174685319366e-10,1,0.986611039747083,0,2.28074257235811e-06,-1.16794713056478e-05,0,0,0
118.68,9499.998873518,1.54507707819531,9500,9499.99852412084,1.63510011635382,1.54507707819531,0,0.00641317078235648,20.3842879396392,6,0,15030.1579533308,-15030.1215104945,1.54507707819531,1.5418159808907,1.54182222290647,-6.24201577048566e-06,0.00531676067851212,0.00327358133615642,1.54507707819531,0,267.161443506003,60.6481711487664,6.10938457491291e-10,1,0.986611049648373,0,2.15119974833478e-06,-1.24840315409713e-05,0,0,0
118.695,9499.99896971557,1.54507727946432,9500,9499.99861467148,1.63509892382587,1.54507727946432,0,0.0064564194728083,20.3842847323372,6,0,15030.1592908785,-15030.1226022812,1.54507727946432,1.5418159808907,1.54182260629191,-6.62540120810462e-06,0.00547601278961001,0.00327454937604317,1.54507727946432,0,267.161443506003,60.6481711487664,6.18311916844722e-10,1,0.986611059638856,0,2.01921612896783e-06,-1.32508024162092e-05,0,0,0
118.71,9499.99906656186,1.54507746015656,9500,9499.99870668559,1.63509762622168,1.54507746015656,0,0.0064858042632921,20.3842819748583,6,0,15030.1605350531,-15030.1236794764,1.54507746015656,1.5418159808907,1.54182297026942,-6.98937871934646e-06,0.00562161968252454,0.0032754580233012,1.54507746015656,0,267.161443506003,60.6481711487664,6.24305161630666e-10,1,0.986611069696712,0,1.88509893228606e-06,-1.39787574386929e-05,0,0,0
118.725,9499.99916384892,1.54507762022749,9500,9499.99879995203,1.63509622780558,1.54507762022749,0,0.00650148378191278,20.3842796657408,6,0,15030.1616847869,-15030.1247401109,1.54507762022749,1.5418159808907,1.54182331438121,-7.33349051595944e-06,0.00575348591958237,0.00327630631782073,1.54507762022749,0,267.161443506003,60.6481711487664,6.28928436452981e-10,1,0.986611079800344,0,1.74915666861786e-06,-1.46669810319189e-05,0,0,0
118.74,9499.99926137118,1.54507775966529,9500,9499.99889426045,1.63509473297924,1.54507775966529,0,0.00650363550735339,20.3842778028477,6,0,15030.1627391737,-15030.1257822701,1.54507775966529,1.5418159808907,1.54182363822256,-7.65733186325335e-06,0.00587154937873938,0.00327709343832161,1.54507775966529,0,267.161443506003,60.6481711487664,6.32196230027801e-10,1,0.986611089928402,0,1.61169530210614e-06,-1.53146637265067e-05,0,0,0
118.755,9499.99935892571,1.54507787849316,9500,9499.99898940179,1.63509314627086,1.54507787849316,0,0.00649245720306395,20.3842763833204,6,0,15030.1636974826,-15030.1268040994,1.54507787849316,1.5418159808907,1.54182394144007,-7.96054937257651e-06,0.00597577981227936,0.00327781870120756,1.54507787849316,0,267.161443506003,60.6481711487664,6.34122299329363e-10,1,0.986611100059811,0,1.47302035946595e-06,-1.5921098745153e-05,0,0,0
118.77,9499.99945631257,1.54507797676691,9500,9499.99908516853,1.63509147232485,1.54507797676691,0,0.00646816495907559,20.3842754036336,6,0,15030.1645591468,-15030.1278038038,1.54507797676691,1.5418159808907,1.54182422373278,-8.24284208023052e-06,0.00606617724149645,0.00327848156036932,1.54507797676691,0,267.161443506003,60.6481711487664,6.34723767349268e-10,1,0.986611110173807,0,1.33343425190446e-06,-1.6485684160461e-05,0,0,0
118.785,9499.99955333504,1.54507805458891,9500,9499.99918135515,1.63508971589154,1.54507805458891,0,0.00643100200094167,20.3842748592991,6,0,15030.1653238303,-15030.1287796654,1.54507805458891,1.5418159808907,1.54182448484448,-8.50395378537705e-06,0.00614277054552913,0.00327908160578268,1.54507805458891,0,267.161443506003,60.6481711487664,6.34018488820282e-10,1,0.986611120249961,0,1.1932347059318e-06,-1.70079075707541e-05,0,0,0
118.8,9499.99964980007,1.545078112093,9500,9499.99927775839,1.63508788181739,1.545078112093,0,0.00638122868226192,20.3842747451947,6,0,15030.1659913597,-15030.1297300313,1.545078112093,1.5418159808907,1.54182472457024,-8.74367954661892e-06,0.00620561590633594,0.00327961856140034,1.545078112093,0,267.161443506003,60.6481711487664,6.32027245443507e-10,1,0.986611130268221,0,1.05271983641408e-06,-1.74873590932378e-05,0,0,0
118.815,9499.9997455185,1.54507814946586,9500,9499.99937417764,1.63508597503414,1.54507814946586,0,0.00631913568825108,20.3842750551084,6,0,15030.1665618229,-15030.1306533376,1.54507814946586,1.5418159808907,1.54182494274578,-8.961855083367e-06,0.00625479608047234,0.00328009228532673,1.54507814946586,0,267.161443506003,60.6481711487664,6.28771697006888e-10,1,0.986611140208945,0,9.12182094747749e-07,-1.7923710166734e-05,0,0,0
118.83,9499.99984030554,1.54507816692701,9500,9499.99947041527,1.63508400054869,1.54507816692701,0,0.00624503126526393,20.3842757821721,6,0,15030.167035481,-15030.1315480937,1.54507816692701,1.5418159808907,1.54182513925617,-9.15836547665805e-06,0.00629041924182329,0.00328050276726937,1.54507816692701,0,267.161443506003,60.6481711487664,6.24278186446445e-10,1,0.986611150052939,0,7.71908117203068e-07,-1.83167309533161e-05,0,0,0
118.845,9499.99993398101,1.54507816474556,9500,9499.99956627695,1.63508196343157,1.54507816474556,0,0.00615925131164758,20.3842769185065,6,0,15030.1674128445,-15030.1324129014,1.54507816474556,1.5418159808907,1.54182531402623,-9.33313552886617e-06,0.00631261877774487,0.00328085012592211,1.54507816474556,0,267.161443506003,60.6481711487664,6.18573056690662e-10,1,0.986611159781493,0,6.32183919879736e-07,-1.86662710577323e-05,0,0,0
118.86,9500.00002636978,1.54507814321879,9500,9499.99966157206,1.63507986880599,1.54507814321879,0,0.00606214542668082,20.3842784556849,6,0,15030.1676945765,-15030.1332464372,1.54507814321879,1.5418159808907,1.54182546703099,-9.48614029416817e-06,0.00632155259382039,0.00328113460868605,1.54507814321879,0,267.161443506003,60.6481711487664,6.11687041115961e-10,1,0.986611169376419,0,4.93282590330324e-07,-1.89722805883363e-05,0,0,0
118.875,9500.00011730196,1.54507810269637,9500,9499.99975611394,1.63507772183617,1.54507810269637,0,0.00595409236472473,20.384280384216,6,0,15030.1678816071,-15030.134047479,1.54507810269637,1.5418159808907,1.54182559828079,-9.61739008942253e-06,0.00631740289429127,0.0032813565858517,1.54507810269637,0,267.161443506003,60.6481711487664,6.03650141346087e-10,1,0.986611178820072,0,3.5548207644176e-07,-1.92347801788451e-05,0,0,0
118.89,9500.00020661334,1.54507804354797,9500,9499.99984972033,1.63507552771597,1.54507804354797,0,0.00583547848938878,20.3842826942442,6,0,15030.167974982,-15030.1348148769,1.54507804354797,1.5418159808907,1.54182570783846,-9.72694775835947e-06,0.00630037563552124,0.0032815165527861,1.54507804354797,0,267.161443506003,60.6481711487664,5.94498505632682e-10,1,0.986611188095399,0,2.19043089000337e-07,-1.94538955167189e-05,0,0,0
118.905,9500.00029414552,1.54507796617651,9500,9499.99994221362,1.63507329165706,1.54507796617651,0,0.00570670657089187,20.3842853752664,6,0,15030.167975927,-15030.1355475679,1.54507796617651,1.5418159808907,1.54182579580888,-9.8149181810836e-06,0.00627070028812142,0.00328161512217615,1.54507796617651,0,267.161443506003,60.6481711487664,5.84268135866608e-10,1,0.986611197185949,0,8.4227398833292e-08,-1.96298363621672e-05,0,0,0
118.92,9500.00037974612,1.54507787102624,9500,9500.00003342117,1.635071018878,1.54507787102624,0,0.00556820054082933,20.3842884159628,6,0,15030.1678858855,-15030.1362445866,1.54507787102624,1.5418159808907,1.54182586233518,-9.88144448355044e-06,0.00622862890062295,0.00328165302450563,1.54507787102624,0,267.161443506003,60.6481711487664,5.72994302183361e-10,1,0.986611206075897,0,-4.87135629612112e-08,-1.97628889671009e-05,0,0,0
118.935,9500.00046326913,1.54507775856233,9500,9500.00012317561,1.63506871459352,1.54507775856233,0,0.00542039211085054,20.3842918046361,6,0,15030.1677064249,-15030.1369050472,1.54507775856233,1.5418159808907,1.54182590760658,-9.92671588684324e-06,0.00617443518249695,0.0032816311034023,1.54507775856233,0,267.161443506003,60.6481711487664,5.60718860388871e-10,1,0.986611214750079,0,-1.7953715225616e-07,-1.98534317736865e-05,0,0,0
118.95,9500.00054457501,1.54507762927794,9500,9500.00021131509,1.63506638400323,1.54507762927794,0,0.00526372523676672,20.384295529064,6,0,15030.1674392702,-15030.1375281518,1.54507762927794,1.5418159808907,1.54182593185292,-9.95096222111691e-06,0.00610841397777728,0.00328155031168378,1.54507762927794,0,267.161443506003,60.6481711487664,5.47480153910211e-10,1,0.986611223194005,0,-3.08008091254308e-07,-1.99019244422338e-05,0,0,0
118.965,9500.00062353088,1.54507748369228,9500,9500.00029768357,1.63506403228138,1.54507748369228,0,0.00509865470462732,20.3842995765412,6,0,15030.1670862957,-15030.1381131903,1.54507748369228,1.5418159808907,1.54182593534393,-9.95445322815591e-06,0.00603088013087131,0.00328141170804272,1.54507748369228,0,267.161443506003,60.6481711487664,5.33322233752413e-10,1,0.986611231393873,0,-4.33896251372801e-07,-1.99089064563118e-05,0,0,0
118.98,9500.00070001071,1.54507732235342,9500,9500.00038213097,1.6350616645666,1.54507732235342,0,0.00492564768360416,20.3843039338217,6,0,15030.1666495378,-15030.1386595445,1.54507732235342,1.5418159808907,1.5418259183867,-9.93749600253224e-06,0.00594216749595669,0.0032812164547296,1.54507732235342,0,267.161443506003,60.6481711487664,5.18286223935312e-10,1,0.986611239336594,0,-5.56983728694505e-07,-1.98749920050645e-05,0,0,0
118.995,9500.00077389542,1.54507714582759,9500,9500.00046451348,1.63505928595218,1.54507714582759,0,0.00474517689376424,20.3843085873504,6,0,15030.1661311477,-15030.1391666795,1.54507714582759,1.5418159808907,1.54182588132828,-9.90043758175574e-06,0.00584262776313974,0.00328096581205169,1.54507714582759,0,267.161443506003,60.6481711487664,5.02417199873711e-10,1,0.986611247009803,0,-6.77063326737226e-07,-1.98008751635115e-05,0,0,0
119.01,9500.00084507307,1.54507695470637,9500,9500.00054469368,1.63505690147615,1.54507695470637,0,0.00455772496885208,20.3843135231097,6,0,15030.165533424,-15030.1396341512,1.54507695470637,1.5418159808907,1.54182582454964,-9.8436589408557e-06,0.00573262954426674,0.00328066113355465,1.54507695470637,0,267.161443506003,60.6481711487664,4.85760529664361e-10,1,0.986611254401873,0,-7.9393080087975e-07,-1.96873178817114e-05,0,0,0
119.025,9500.00091343895,1.54507674960086,9500,9500.00062254075,1.63505451611212,1.54507674960086,0,0.00436378053065411,20.3843187267472,6,0,15030.1648587856,-15030.140061602,1.54507674960086,1.5418159808907,1.54182574846796,-9.76757726611766e-06,0.00561255720494605,0.00328030386469426,1.54507674960086,0,267.161443506003,60.6481711487664,4.68360703298112e-10,1,0.986611261501929,0,-9.07399493765837e-07,-1.95351545322353e-05,0,0,0
119.04,9500.00097889566,1.5450765311483,9500,9500.00069793066,1.63505213476007,1.5450765311483,0,0.00416384262531435,20.3843241834335,6,0,15030.1641098049,-15030.1404487683,1.5450765311483,1.5418159808907,1.54182565352936,-9.67263865869761e-06,0.00548280979398251,0.00327989553492206,1.5450765311483,0,267.161443506003,60.6481711487664,4.5026572311512e-10,1,0.986611268299858,0,-1.01728583934424e-06,-1.93452773173952e-05,0,0,0
119.055,9500.0010413533,1.5450762999926,9500,9500.00077074625,1.63504976223751,1.5450762999926,0,0.00396024884206795,20.3843298707516,5,0,15030.1632788056,-15030.1407746905,1.5450762999926,1.5418159808907,1.54182554021789,-9.55932719559627e-06,0.00534380002185251,0.00327943775629436,1.5450762999926,0,267.161443506003,60.6481711487664,9.73821281964883e-10,1,0.986611274786321,0,-1.12342090696771e-06,-1.91186543911925e-05,0,0,0
119.07,9500.00110075703,1.54507605680196,9500,9500.00084087745,1.63504740327058,1.54507605680196,0,0.00374978339397906,20.3843357885537,5,0,15030.1623893713,-15030.1410812261,1.54507605680196,1.5418159808907,1.54182540904351,-9.42815281268494e-06,0.00519595338466774,0.00327893221688622,1.54507605680196,0,267.161443506003,60.6481711487664,9.83712510984765e-10,1,0.986611280955625,0,-1.22564156224136e-06,-1.88563056253699e-05,0,0,0
119.085,9500.00115700378,1.54507580190528,9500,9500.00090822849,1.63504506230436,1.54507580190528,0,0.00353453101765804,20.384341921199,5,0,15030.1614326425,-15030.1413476688,1.54507580190528,1.5418159808907,1.5418252607225,-9.27983180232239e-06,0.00503981241715303,0.00327838067818321,1.54507580190528,0,267.161443506003,60.6481711487664,9.38265721294274e-10,1,0.986611286797064,0,-1.32381068329579e-06,-1.85596636046448e-05,0,0,0
119.1,9500.00121002174,1.54507553616293,9500,9500.00097270171,1.63504274390393,1.54507553616293,0,0.00331518226542094,20.3843482494347,5,0,15030.1604119541,-15030.1415734297,1.54507553616293,1.5418159808907,1.54182509573627,-9.11484557297726e-06,0.00487577166841223,0.00327778496337573,1.54507553616293,0,267.161443506003,60.6481711487664,8.89473555169927e-10,1,0.986611292303182,0,-1.4177867537768e-06,-1.82296911459545e-05,0,0,0
119.115,9500.00125974948,1.54507526044386,9500,9500.00103420617,1.63504045253746,1.54507526044386,0,0.00309235630091501,20.3843547538717,5,0,15030.1593310924,-15030.1417587765,1.54507526044386,1.5418159808907,1.54182491459378,-8.93370308441277e-06,0.00470423723297456,0.00327714695933653,1.54507526044386,0,267.161443506003,60.6481711487664,8.39461577942937e-10,1,0.986611297467596,0,-1.50743303706236e-06,-1.78674061688255e-05,0,0,0
119.13,9500.00130613482,1.54507497558824,9500,9500.00109265853,1.63503819254708,1.54507497558824,0,0.00286664265155425,20.3843614158443,5,0,15030.1581937614,-15030.1419040634,1.54507497558824,1.5418159808907,1.54182471784916,-8.73695846603795e-06,0.00452563817222592,0.00327646861446985,1.54507497558824,0,267.161443506003,60.6481711487664,7.8845838584543e-10,1,0.986611302284891,0,-1.5926326895066e-06,-1.74739169320759e-05,0,0,0
119.145,9500.00134913446,1.54507468238357,9500,9500.00114798358,1.63503596813237,1.54507468238357,0,0.00263858880455294,20.3843682179198,5,0,15030.1570034567,-15030.1420096746,1.54507468238357,1.5418159808907,1.54182450610914,-8.52521844518783e-06,0.00434042771095908,0.00327575192975958,1.54507468238357,0,267.161443506003,60.6481711487664,7.36615742126751e-10,1,0.986611306750567,0,-1.67327186884059e-06,-1.70504368903757e-05,0,0,0
119.16,9500.0013887133,1.54507438157512,9500,9500.00120011435,1.63503378333932,1.54507438157512,0,0.00240870763205125,20.3843751436695,5,0,15030.1557635107,-15030.1420760285,1.54507438157512,1.5418159808907,1.54182428002719,-8.29913649713632e-06,0.00414908078943202,0.0032749989574186,1.54507438157512,0,267.161443506003,60.6481711487664,6.84071945950194e-10,1,0.98661131086098,0,-1.74925756835087e-06,-1.65982729942726e-05,0,0,0
119.175,9500.00142484391,1.5450740738788,9500,9500.00124899212,1.63503164205441,1.5450740738788,0,0.00217748606920189,20.384382177386,5,0,15030.1544771509,-15030.1421035853,1.5450740738788,1.5418159808907,1.5418240402924,-8.05940170556241e-06,0.00395208907215648,0.00327421179151284,1.5450740738788,0,267.161443506003,60.6481711487664,6.30954613018008e-10,1,0.986611314613281,0,-1.8205000722471e-06,-1.61188034111248e-05,0,0,0
119.19,9500.0014575062,1.5450737599912,9500,9500.00129456631,1.63502954800224,1.5450737599912,0,0.00194539198403247,20.3843893038619,5,0,15030.1531475446,-15030.1420928537,1.5450737599912,1.5418159808907,1.54182378762368,-7.8067329873921e-06,0.00374995504894342,0.00327339256648033,1.5450737599912,0,267.161443506003,60.6481711487664,5.77382870801963e-10,1,0.986611318005385,0,-1.88692860381146e-06,-1.56134659747842e-05,0,0,0
119.205,9500.00148668708,1.5450734405972,9500,9500.00133679422,1.63502750474466,1.5450734405972,0,0.00171287937283328,20.3843965082239,5,0,15030.1517778337,-15030.1420443958,1.5450734405972,1.5418159808907,1.54182352276175,-7.5418710510089e-06,0.00354318660925062,0.00327254344860861,1.5450734405972,0,267.161443506003,60.6481711487664,5.23470578212646e-10,1,0.98661132103593,0,-1.948478369318e-06,-1.50837421020178e-05,0,0,0
119.22,9500.00151238027,1.54507311638801,9500,9500.00137564083,1.63502551568065,1.54507311638801,0,0.00148040014574929,20.3844037755422,5,0,15030.1503712176,-15030.141958843,1.54507311638801,1.5418159808907,1.54182324645871,-7.26556801522449e-06,0.00333229246796914,0.00327166663334242,1.54507311638801,0,267.161443506003,60.6481711487664,4.69323544981677e-10,1,0.986611323704266,0,-2.00510001779897e-06,-1.4531136030449e-05,0,0,0
119.235,9500.00153458627,1.54507278806562,9500,9500.00141107856,1.63502358404641,1.54507278806562,0,0.0012461818186419,20.3844110378181,4,0,15030.1489414901,-15030.1418600612,1.54507278806562,1.5418159808907,1.5418229594724,-6.97858170406462e-06,0.00311777860302227,0.00327076433833441,1.54507278806562,0,267.161443506003,60.6481711487664,9.62133515944722e-10,1,0.986611326010444,0,-2.05675351483414e-06,-1.39571634081292e-05,0,0,0
119.25,9500.001553279,1.54507245633891,9500,9500.00144308713,1.63502171291393,1.54507245633891,0,0.0010155578683948,20.3844183857565,4,0,15030.1474686359,-15030.1416977277,1.54507245633891,1.5418159808907,1.54182266256622,-6.68167552131393e-06,0.00290014641980255,0.00326983879925273,1.54507245633891,0,267.161443506003,60.6481711487664,7.20531090398633e-10,1,0.986611327951754,0,-2.10340923323393e-06,-1.33633510426279e-05,0,0,0
119.265,9500.00156851237,1.54507212235934,9500,9500.00147164473,1.63501990540867,1.54507212235934,0,0.000786404474583686,20.3844257422719,4,0,15030.1459720111,-15030.1415032672,1.54507212235934,1.5418159808907,1.54182235628893,-6.37539822845312e-06,0.0026797642298277,0.00326889226509778,1.54507212235934,0,267.161443506003,60.6481711487664,6.22910813115422e-10,1,0.986611329533798,0,-2.14503400952637e-06,-1.27507964569062e-05,0,0,0
119.28,9500.00158030843,1.54507178658184,9500,9500.00149674919,1.63501816417408,1.54507178658184,0,0.000559203437768781,20.3844330975463,4,0,15030.1444526844,-15030.1412750106,1.54507178658184,1.5418159808907,1.54182204154502,-6.0606543239583e-06,0.0024572082510117,0.00326792699979349,1.54507178658184,0,267.161443506003,60.6481711487664,5.13450363456532e-10,1,0.986611330758864,0,-2.18162531506749e-06,-1.21213086479166e-05,0,0,0
119.295,9500.00158869648,1.54507144954446,9500,9500.00151840461,1.63501649169577,1.54507144954446,0,0.000334257151749527,20.3844404403448,4,0,15030.1429133885,-15030.141013972,1.54507144954446,1.5418159808907,1.54182171919802,-5.73830731931402e-06,0.0022330198653663,0.00326694526840171,1.54507144954446,0,267.161443506003,60.6481711487664,4.05763805656528e-10,1,0.986611331629995,0,-2.21318921389546e-06,-1.1476614638628e-05,0,0,0
119.31,9500.00159371034,1.54507111184378,9500,9500.00153662163,1.63501489029052,1.54507111184378,0,0.000111921742897738,20.3844477582479,4,0,15030.1413570404,-15030.140721045,1.54507111184378,1.5418159808907,1.54182139008078,-5.40919008651386e-06,0.00200771694590652,0.00326594933325546,1.54507111184378,0,267.161443506003,60.6481711487664,2.98809284632796e-10,1,0.986611332150703,0,-2.23974321378329e-06,-1.08183801730277e-05,0,0,0
119.325,9500.00159538917,1.5450707741383,9500,9500.00155141688,1.63501336211454,1.5450707741383,0,-0.000107413308986699,20.3844550375664,4,0,15030.1397868775,-15030.1403972537,1.5450707741383,1.5418159808907,1.5418210549913,-5.07410060324176e-06,0.00178179143882474,0.00326494144880926,1.5450707741383,0,267.161443506003,60.6481711487664,3.30509170490523e-10,1,0.986611332325056,0,-2.26130741887154e-06,-1.01482012064835e-05,0,0,0
119.34,9500.00159377797,1.54507043712115,9500,9500.00156281285,1.63501190916342,1.54507043712115,0,-0.000323341385635523,20.3844622639295,4,0,15030.1382063225,-15030.1400437101,1.54507043712115,1.5418159808907,1.54182071470571,-4.73381501109316e-06,0.00155571249656176,0.00326392386047076,1.54507043712115,0,267.161443506003,60.6481711487664,3.92722977191916e-10,1,0.986611332157727,0,-2.27791912510433e-06,-9.46763002218631e-06,0,0,0
119.355,9500.00158892785,1.54507010151348,9500,9500.00157083785,1.6350105332675,1.54507010151348,0,-0.000535443285323268,20.3844694224341,4,0,15030.1366189542,-15030.139661611,1.54507010151348,1.5418159808907,1.54182036997774,-4.38908704203378e-06,0.00132993165388651,0.00326289879686447,1.54507010151348,0,267.161443506003,60.6481711487664,4.5712074961532e-10,1,0.986611331654023,0,-2.28961561465901e-06,-8.77817408406756e-06,0,0,0
119.37,9500.0015808962,1.54506976804163,9500,9500.0015755261,1.63500923608597,1.54506976804163,0,-0.000743302060959466,20.3844764981345,4,0,15030.1350284025,-15030.1392522169,1.54506976804163,1.5418159808907,1.54182002155015,-4.0406594516984e-06,0.00110488763692507,0.00326186846983787,1.54506976804163,0,267.161443506003,60.6481711487664,5.20773126429975e-10,1,0.986611330819906,0,-2.29644934890416e-06,-8.08131890339681e-06,0,0,0
119.385,9500.00156974667,1.54506943742055,9500,9500.00157691783,1.63500801909993,1.54506943742055,0,-0.000946514014763506,20.3844834763997,4,0,15030.1334382686,-15030.1388168351,1.54506943742055,1.5418159808907,1.54181967015958,-3.68926888749677e-06,0.000881010644914948,0.00326083506763086,1.54506943742055,0,267.161443506003,60.6481711487664,5.82347433286955e-10,1,0.986611329661985,0,-2.29847666499694e-06,-7.37853777499353e-06,0,0,0
119.4,9500.00155554896,1.54506911033743,9500,9500.00157505933,1.63500688360609,1.54506911033743,0,-0.00114469861599521,20.3844903432633,4,0,15030.1318520508,-15030.1383568013,1.54506911033743,1.5418159808907,1.5418193165439,-3.33565319943219e-06,0.000658725255655705,0.00325980075313162,1.54506911033743,0,267.161443506003,60.6481711487664,6.41746227639428e-10,1,0.986611328187498,0,-2.29576904708928e-06,-6.67130639886437e-06,0,0,0
119.415,9500.00153837848,1.54506878744461,9500,9500.00157000297,1.63500583071242,1.54506878744461,0,-0.00133750312023524,20.3844970855727,4,0,15030.1302731069,-15030.1378734692,1.54506878744461,1.5418159808907,1.54181896144227,-2.98055157621491e-06,0.000438451588494823,0.00325876765706043,1.54506878744461,0,267.161443506003,60.6481711487664,6.98888944667761e-10,1,0.986611326404279,0,-2.28839970839445e-06,-5.96110315242981e-06,0,0,0
119.43,9500.00151831593,1.5450684693572,9500,9500.00156180709,1.63500486133591,1.5450684693572,0,-0.0015246034332566,20.3845036910367,4,0,15030.1287046441,-15030.1373682039,1.5450684693572,1.5418159808907,1.54181860559604,-2.62470534462267e-06,0.000220604922513105,0.00325773787719165,1.5450684693572,0,267.161443506003,60.6481711487664,7.53704381416514e-10,1,0.986611324320707,0,-2.27645133166199e-06,-5.24941068924534e-06,0,0,0
119.445,9500.00149544688,1.54506815665538,9500,9500.00155053581,1.63500397620274,1.54506815665538,0,-0.00170570247534303,20.3845101481728,4,0,15030.1271497254,-15030.1368423806,1.54506815665538,1.5418159808907,1.5418182497454,-2.26885470722138e-06,5.59408479432579e-06,0.0032567134740924,1.54506815665538,0,267.161443506003,60.6481711487664,8.0612951007955e-10,1,0.986611321945669,0,-2.26002208125742e-06,-4.53770941444276e-06,0,0,0
119.46,9500.00146986134,1.54506784989467,9500,9500.00153625883,1.63500317584976,1.54506784989467,0,-0.00188052299297539,20.3845164460811,4,0,15030.1256113175,-15030.1362973904,1.54506784989467,1.5418159808907,1.54181789462079,-1.91373008973095e-06,-0.000206180529037875,0.00325569646415583,1.54506784989467,0,267.161443506003,60.6481711487664,8.56099456848834e-10,1,0.986611319288513,0,-2.23921356612422e-06,-3.82746017946189e-06,0,0,0
119.475,9500.0014416535,1.54506754959142,9500,9500.00151905109,1.63500246062786,1.54506754959142,0,-0.00204881673312324,20.3845225747509,4,0,15030.1240922219,-15030.135734624,1.54506754959142,1.5418159808907,1.54181754094936,-1.56005866536191e-06,-0.000414329435265158,0.00325468881805108,1.54506754959142,0,267.161443506003,60.6481711487664,9.03568862790416e-10,1,0.986611316359021,0,-2.21413296253026e-06,-3.12011733072382e-06,0,0,0
119.49,9500.00141092124,1.54506725624842,9500,9500.00149899253,1.63500183070517,1.54506725624842,0,-0.00221034770892008,20.3845285245097,4,0,15030.1225951905,-15030.1351554924,1.54506725624842,1.5418159808907,1.54181718944095,-1.20855025009803e-06,-0.000618475832903503,0.00325369245821794,1.54506725624842,0,267.161443506003,60.6481711487664,9.48476150527958e-10,1,0.98661131316736,0,-2.1848945130909e-06,-2.41710050019606e-06,0,0,0
119.505,9500.00137776603,1.54506697034424,9500,9500.00147616776,1.63500128607169,1.54506697034424,0,-0.00236489842104316,20.3845342862457,4,0,15030.1211228788,-15030.1345614152,1.54506697034424,1.5418159808907,1.54181684079177,-8.5990107434597e-07,-0.000818257626600693,0.00325270925568705,1.54506697034424,0,267.161443506003,60.6481711487664,9.90772269124998e-10,1,0.986611309724064,0,-2.15162624828125e-06,-1.71980214869194e-06,0,0,0
119.52,9500.00134229255,1.54506669234515,9500,9500.00145066572,1.63500082654304,1.54506669234515,0,-0.00251404235169512,20.3845398789401,5,0,15030.1196885072,-15030.1339745539,1.54506669234515,1.5418159808907,1.54181649567541,-5.14784713523397e-07,-0.00101332841194387,0.00325174102387532,1.54506669234515,0,267.161443506003,60.6481711487664,4.5239103113041e-10,1,0.986611306040009,0,-2.11445410247535e-06,-1.02956942704679e-06,0,0,0
119.535,9500.00130458192,1.54506642268756,9500,9500.00142257946,1.63500045176448,1.54506642268756,0,-0.00265424299529656,20.3845452366773,5,0,15030.1182744365,-15030.1333571734,1.54506642268756,1.5418159808907,1.54181615475203,-1.73861332442016e-07,-0.00120335821599391,0.00325078951952921,1.54506642268756,0,267.161443506003,60.6481711487664,5.40801750308204e-10,1,0.986611302123615,0,-2.07351718439774e-06,-3.47722664884031e-07,0,0,0
119.55,9500.00126476827,1.54506616214466,9500,9500.00139199892,1.63500016139017,1.54506616214466,0,-0.0027865965942911,20.3845503740849,5,0,15030.1168938299,-15030.1327286661,1.54506616214466,1.5418159808907,1.54181581848212,1.62408581250162e-07,-0.00138813573672948,0.00324985643679623,1.54506616214466,0,267.161443506003,60.6481711487664,5.77764549264483e-10,1,0.986611297988817,0,-2.0289439728316e-06,3.24817162500324e-07,0,0,0
119.565,9500.00122296932,1.54506591099576,9500,9500.00135902551,1.63499995471578,1.54506591099576,0,-0.00291109348397218,20.3845552864952,5,0,15030.1155488304,-15030.1320911202,1.54506591099576,1.5418159808907,1.54181548754417,4.93346527630223e-07,-0.00156732742117762,0.00324894341200845,1.54506591099576,0,267.161443506003,60.6481711487664,6.11039807586111e-10,1,0.986611293647837,0,-1.98088275937813e-06,9.86693055260446e-07,0,0,0
119.58,9500.00117930292,1.54506566948971,9500,9500.00132376485,1.63499983085364,1.54506566948971,0,-0.00302768173999164,20.3845599699268,5,0,15030.1142411002,-15030.1314459027,1.54506566948971,1.5418159808907,1.54181516259857,8.18292124948883e-07,-0.00174061118601974,0.00324805201476673,1.54506566948971,0,267.161443506003,60.6481711487664,6.42430099210395e-10,1,0.986611289112915,0,-1.92948703081619e-06,1.63658424989777e-06,0,0,0
119.595,9500.00113388769,1.54506543786974,9500,9500.00128632573,1.63499978875653,1.54506543786974,0,-0.00313631113447808,20.384564420531,5,0,15030.1129722666,-15030.1307943556,1.54506543786974,1.5418159808907,1.54181484427398,1.13661672074272e-06,-0.00190768954569138,0.00324718374560287,1.54506543786974,0,267.161443506003,60.6481711487664,6.7199074382046e-10,1,0.98661128439637,0,-1.87491716752142e-06,2.27323344148544e-06,0,0,0
119.61,9500.00108684303,1.54506521638936,9500,9500.00124681951,1.63499982723079,1.54506521638936,0,-0.00323692565764306,20.3845686342478,5,0,15030.1117440065,-15030.1301378374,1.54506521638936,1.5418159808907,1.54181453315781,1.44773289201261e-06,-0.00206829315739661,0.00324634003287748,1.54506521638936,0,267.161443506003,60.6481711487664,6.99715448382598e-10,1,0.986611279510603,0,-1.81733338200374e-06,2.89546578402522e-06,0,0,0
119.625,9500.00103828914,1.54506500531724,9500,9500.0012053596,1.63499994494639,1.54506500531724,0,-0.00332946016246265,20.384572606701,5,0,15030.1105580711,-15030.1294777294,1.54506500531724,1.5418159808907,1.54181422979385,1.75109684352748e-06,-0.00222218157017291,0.00324552223285558,1.54506500531724,0,267.161443506003,60.6481711487664,7.25593090349182e-10,1,0.986611274468097,0,-1.75690174164522e-06,3.50219368705496e-06,0,0,0
119.64,9500.00098834724,1.54506480492177,9500,9500.00116206121,1.63500014044349,1.54506480492177,0,-0.00341385058291025,20.3845763335315,5,0,15030.1094162147,-15030.1288154214,1.54506480492177,1.5418159808907,1.54181393468869,2.04620200228156e-06,-0.00236914152822892,0.00324473162707184,1.54506480492177,0,267.161443506003,60.6481711487664,7.49608449401228e-10,1,0.98661126928144,0,-1.69379221870436e-06,4.09240400456312e-06,0,0,0
119.655,9500.00093713948,1.54506461547407,9500,9500.00111704106,1.63500041213634,1.54506461547407,0,-0.0034900318825514,20.3845798103327,5,0,15030.1083202084,-15030.1281523152,1.54506461547407,1.5418159808907,1.5418136483093,2.33258139936687e-06,-0.00250898401332255,0.00324396942057342,1.54506461547407,0,267.161443506003,60.6481711487664,7.71746744251569e-10,1,0.98661126396332,0,-1.62817152515871e-06,4.66516279873375e-06,0,0,0
119.67,9500.000884789,1.5450644372273,9500,9500.00107041732,1.63500075831596,1.5450644372273,0,-0.00355795155861462,20.3845830330945,5,0,15030.1072717432,-15030.1274898035,1.5450644372273,1.5418159808907,1.54181337109409,2.60979660793303e-06,-0.00264154108299673,0.0032432367433871,1.5450644372273,0,267.161443506003,60.6481711487664,7.91989827584986e-10,1,0.986611258526523,0,-1.56021406461093e-06,5.21959321586607e-06,0,0,0
119.685,9500.00083141973,1.54506427041383,9500,9500.00102230942,1.63500117715193,1.54506427041383,0,-0.00361757132862519,20.3845859982632,5,0,15030.1062724157,-15030.1268292653,1.54506427041383,1.5418159808907,1.54181310345266,2.87743803495388e-06,-0.00276666289854021,0.00324253464705803,1.54506427041383,0,267.161443506003,60.6481711487664,8.10320722861639e-10,1,0.986611252983921,0,-1.49009285843604e-06,5.75487606990777e-06,0,0,0
119.7,9500.00077715616,1.54506411523418,9500,9500.00097283797,1.63500166669475,1.54506411523418,0,-0.00366887379993271,20.3845887029755,5,0,15030.1053236777,-15030.1261720534,1.54506411523418,1.5418159808907,1.54181284577159,3.13511910321473e-06,-0.00288421562495262,0.00324186410527173,1.54506411523418,0,267.161443506003,60.6481711487664,8.26724209711887e-10,1,0.986611247348443,0,-1.41798524189163e-06,6.27023820642947e-06,0,0,0
119.715,9500.00072212305,1.54506397184669,9500,9500.00092212458,1.63500222487882,1.54506397184669,0,-0.00371186918208491,20.3845911452774,5,0,15030.104426784,-15030.1255194809,1.54506397184669,1.5418159808907,1.54181259841866,3.38247203979236e-06,-0.00299408014414665,0.00324122601191288,1.54506397184669,0,267.161443506003,60.6481711487664,8.41188872816147e-10,1,0.986611241633045,0,-1.34406529106457e-06,6.76494407958472e-06,0,0,0
119.73,9500.00066644501,1.54506384038362,9500,9500.00087029169,1.6350028495267,1.54506384038362,0,-0.00374658432515592,20.3845933237749,5,0,15030.1035828676,-15030.1248728332,1.54506384038362,1.5418159808907,1.5418123617355,3.61915519531131e-06,-0.00309615169656353,0.0032406211825319,1.54506384038362,0,267.161443506003,60.6481711487664,8.53710906967236e-10,1,0.986611235850669,0,-1.26851586323973e-06,7.23831039062262e-06,0,0,0
119.745,9500.00061024625,1.54506372093441,9500,9500.00081746227,1.63500353835473,1.54506372093441,0,-0.0037730733867058,20.3845952379884,5,0,15030.1027928601,-15030.1242333496,1.54506372093441,1.5418159808907,1.54181213604404,3.84484666104967e-06,-0.00319034035313289,0.00324005035039344,1.54506372093441,0,267.161443506003,60.6481711487664,8.64289141223196e-10,1,0.986611230014213,0,-1.19151331134937e-06,7.68969332209934e-06,0,0,0
119.76,9500.00055365015,1.54506361355826,9500,9500.00076375965,1.63500428897905,1.54506361355826,0,-0.00379140934997574,20.3845968880798,5,0,15030.102057548,-15030.1236022315,1.54506361355826,1.5418159808907,1.54181192164162,4.05924907953548e-06,-0.0032765714364835,0.00323951416940333,1.54506361355826,0,267.161443506003,60.6481711487664,8.72929722060751e-10,1,0.986611224136493,0,-1.11323641727168e-06,8.11849815907095e-06,0,0,0
119.775,9500.00049677901,1.54506351828444,9500,9500.00070930715,1.63500509892275,1.54506351828444,0,-0.00380168344546471,20.3845982748413,5,0,15030.1013775745,-15030.1229806404,1.54506351828444,1.5418159808907,1.54181171880034,4.26209036219483e-06,-0.00335478646593293,0.00323901321301556,1.54506351828444,0,267.161443506003,60.6481711487664,8.79644942589177e-10,1,0.986611218230208,0,-1.03386892469359e-06,8.52418072438965e-06,0,0,0
119.79,9500.00043975376,1.54506343511251,9500,9500.00065422782,1.63500596562326,1.54506343511251,0,-0.00380400497607079,20.3845993996876,5,0,15030.1007534375,-15030.1223696954,1.54506343511251,1.5418159808907,1.54181152776579,4.45312490837679e-06,-0.00342494386662236,0.00323854797199945,1.54506343511251,0,267.161443506003,60.6481711487664,8.84449876536457e-10,1,0.986611212307919,0,-9.53585890250963e-07,8.90624981675359e-06,0,0,0
119.805,9500.00038269368,1.54506336402005,9500,9500.00059864419,1.63500688643975,1.54506336402005,0,-0.00379849590284055,20.3846002644878,5,0,15030.1001855263,-15030.1217704787,1.54506336402005,1.5418159808907,1.5418113487552,4.63213549961594e-06,-0.00348701941449557,0.00323811885834884,1.54506336402005,0,267.161443506003,60.6481711487664,8.87365305220913e-10,1,0.986611206382013,0,-8.7256942338243e-07,9.26427099923188e-06,0,0,0
119.82,9500.00032571624,1.54506330496308,9500,9500.00054267792,1.63500785866063,1.54506330496308,0,-0.0037852904199814,20.3846008715522,5,0,15030.0996741217,-15030.1211840339,1.54506330496308,1.5418159808907,1.54181118195556,4.79893513816165e-06,-0.00354100650237708,0.00323772620210831,1.54506330496308,0,267.161443506003,60.6481711487664,8.88417571204401e-10,1,0.986611200464689,0,-7.90992880528307e-07,9.59787027632331e-06,0,0,0
119.835,9500.00026893689,1.5450632578784,9500,9500.00048644959,1.63500887951086,1.5450632578784,0,-0.00376453331975899,20.3846012235819,5,0,15030.0992194069,-15030.1206113667,1.5450632578784,1.5418159808907,1.5418110275245,4.95336619432685e-06,-0.00358691613260262,0.00323737025531208,1.5450632578784,0,267.161443506003,60.6481711487664,8.87633309747401e-10,1,0.986611194567937,0,-7.09036160673193e-07,9.90673238865369e-06,0,0,0
119.85,9500.00021246889,1.54506322267709,9500,9500.00043007845,1.63500994615873,1.54506322267709,0,-0.00373638409183364,20.3846013238044,5,0,15030.0988214356,-15030.1200534373,1.54506322267709,1.5418159808907,1.54181088559202,5.09529867565028e-06,-0.00362477648209665,0.00323705118903977,1.54506322267709,0,267.161443506003,60.6481711487664,8.85043107522939e-10,1,0.98661118870352,0,-6.26871858200317e-07,1.01905973513006e-05,0,0,0
119.865,9500.00015642313,1.54506319925053,9500,9500.00037368221,1.63501105572243,1.54506319925053,0,-0.0037010127689187,20.3846011758436,5,0,15030.0984801599,-15030.1195111639,1.54506319925053,1.5418159808907,1.54181075625913,5.22463156360509e-06,-0.00365463234906303,0.00323676909670358,1.54506319925053,0,267.161443506003,60.6481711487664,8.8067974643576e-10,1,0.986611182882954,0,-5.44669574109591e-07,1.04492631272102e-05,0,0,0
119.88,9500.00010090794,1.54506318746891,9500,9500.00031737681,1.63501220527674,1.54506318746891,0,-0.00365860084276228,20.3846007837491,5,0,15030.0981954219,-15030.11898542,1.54506318746891,1.5418159808907,1.54181063959929,5.3412914076123e-06,-0.0036765446684193,0.00323652399539523,1.54506318746891,0,267.161443506003,60.6481711487664,8.74579959805737e-10,1,0.98661117711749,0,-4.62601259076934e-07,1.06825828152246e-05,0,0,0
119.895,9500.00004602892,1.54506318718532,9500,9500.00026127619,1.63501339185962,1.54506318718532,0,-0.00360933824696614,20.3846001519063,5,0,15030.0979669735,-15030.1184770368,1.54506318718532,1.5418159808907,1.5418105356558,5.44523489476312e-06,-0.00369059000029694,0.00323631582482865,1.54506318718532,0,267.161443506003,60.6481711487664,8.66782968883889e-10,1,0.986611171418096,0,-3.80830272872501e-07,1.08904697895262e-05,0,0,0
119.91,9499.99999188885,1.54506319822704,9500,9500.00020549217,1.63501461247836,1.54506319822704,0,-0.00355342907173852,20.3845992852221,5,0,15030.0977944341,-15030.1179867935,1.54506319822704,1.5418159808907,1.54181044444813,5.53644256906516e-06,-0.00369685980979764,0.00323614445120586,1.54506319822704,0,267.161443506003,60.6481711487664,8.57329604762123e-10,1,0.986611165795443,0,-2.99520139801501e-07,1.10728851381303e-05,0,0,0
119.925,9499.99993858741,1.54506322039888,9500,9500.0001501342,1.63501586411606,1.54506322039888,0,-0.00349108924093688,20.3845981890512,5,0,15030.0976773051,-15030.1175154183,1.54506322039888,1.5418159808907,1.54181036597018,5.61492051942558e-06,-0.00369545995971491,0.00323600966714295,1.54506322039888,0,267.161443506003,60.6481711487664,8.46262454722686e-10,1,0.986611160259886,0,-2.18832076459563e-07,1.12298410388512e-05,0,0,0
119.94,9499.99988622108,1.5450632534916,9500,9500.00009530921,1.63501714373785,1.5450632534916,0,-0.0034225406971477,20.3845968690121,5,0,15030.0976150096,-15030.1170635956,1.5450632534916,1.5418159808907,1.5418103001866,5.68070409823207e-06,-0.00368651015452155,0.00323591119270854,1.5450632534916,0,267.161443506003,60.6481711487664,8.33631423483515e-10,1,0.986611154821443,0,-1.38920376313578e-07,1.13614081964641e-05,0,0,0
119.955,9499.99983488296,1.54506329726952,9500,9500.0000411214,1.63501844829762,1.54506329726952,0,-0.00334801957083005,20.3845953312534,5,0,15030.0976068329,-15030.1166319526,1.54506329726952,1.5418159808907,1.54181024704056,5.73385014090988e-06,-0.00367014364146638,0.0032358486785392,1.54506329726952,0,267.161443506003,60.6481711487664,8.19482757058817e-10,1,0.986611149489784,0,-5.99386913435751e-08,1.14677002818198e-05,0,0,0
119.97,9499.99978466267,1.54506335147969,9500,9499.99998767213,1.63501977474398,1.54506335147969,0,-0.00326776984718835,20.3845935822533,5,0,15030.0976519657,-15030.1162210662,1.54506335147969,1.5418159808907,1.54181020644927,5.77444143079475e-06,-0.00364650652178129,0.00323582170612809,1.54506335147969,0,267.161443506003,60.6481711487664,8.03869579854451e-10,1,0.986611144274216,0,1.79691619361932e-08,1.15488828615895e-05,0,0,0
119.985,9499.99973564612,1.5450634158576,9500,9499.99993505969,1.63502112002689,1.5450634158576,0,-0.00318203980067611,20.3845916286964,5,0,15030.0977495289,-15030.1158314684,1.5450634158576,1.5418159808907,1.54181017830337,5.80258732818528e-06,-0.00361575750931193,0.00323582979225097,1.5450634158576,0,267.161443506003,60.6481711487664,7.86847065166996e-10,1,0.986611139183661,0,9.46550100522359e-08,1.16051746563706e-05,0,0,0
120,9499.99968791553,1.54506349011243,9500,9499.99988337917,1.63502248110398,1.54506349011243,0,-264.501400513323,20.3845894777892,5,1503.01235607484,15030.0978985056,-15030.1154636299,1.54506349011243,1.5418159808907,1.54181016247333,5.81841736391198e-06,-0.00357806747429984,0.00323587238700549,1.54506349011243,0,267.161443506003,60.6481711487664,7.68469508213086e-10,1,0.986611134226656,0,1.6998362140086e-07,1.1636834727824e-05,0,0,0
120.015,9496.03216690783,1.54506357394022,9500,9499.99983272233,1.63502385494638,1.54506357394022,0,-261.038548882215,20.3383640802529,19,1503.01235607484,15013.6846418592,-14993.4050568056,1.54506357394022,1.5418159808907,1.54181015880575,5.82208494304126e-06,-0.00353361873936839,0.00323594887963512,1.54506357394022,0,267.161443506003,60.6481711487664,7.03175650650511e-10,1,0.986199092065597,0,2.43820626577573e-07,1.16441698860825e-05,0,0,0
120.03,9492.11658867459,1.59553742000995,9500,9498.97156253068,1.66113580907767,1.59553742000995,0,-226.4971753557,19.2018971521675,19,1503.01235607484,15224.9036341055,-15007.8942000317,1.59553742000995,1.5418159808907,1.51657329063053,0.0252426902601679,-15.1662560639928,0.00323605859891708,1.59553742000995,0,267.161443506003,60.6481711487664,8.91963749650228e-10,1,0.985792444359412,0,0.00149759057004673,0.0504853805203358,0,0,0
120.045,9488.71913104426,1.67136258522613,9500,9497.1950103687,1.7070207912162,1.67136258522613,0,-178.228772367167,17.5624717499368,19,1503.01235607484,15542.6920443465,-15051.2628393498,1.67136258522613,1.5418159808907,1.4789976659007,0.0628183149899955,-38.0096219030359,0.00390997435543811,1.67136258522613,0,267.161443506003,60.6481711487664,9.52825356885284e-10,1,0.985439605450332,0,0.00407773355881114,0.125636629979991,0,0,0
120.06,9486.04569945875,1.75095143820092,9500,9494.99838029328,1.76490561962994,1.75095143820092,0,-128.33209151148,15.9261525206874,19,1503.01235607484,15877.1418911189,-15102.306284962,1.75095143820092,1.5418159808907,1.44012072946404,0.101695251426657,-61.9947801399692,0.00574495445690312,1.75095143820092,0,267.161443506003,60.6481711487664,8.65800756059598e-10,1,0.985161959402384,0,0.00725575982243143,0.203390502853315,0,0,0
120.075,9484.12071808608,1.82014923347481,9500,9492.6781811465,1.82757582583841,1.82014923347481,0,-86.1696612058208,14.5475775476346,19,1503.01235607484,16165.5370123728,-15151.3661164484,1.82014923347481,1.5418159808907,1.40715437778714,0.134661603103558,-82.4966656117487,0.00901004637699726,1.82014923347481,1,267.161443506003,60.6481711487664,5.36410032526613e-10,1,0.9849620427584,0,0.0105976237962515,0.269323206207115,0,0,0
120.09,9482.82817316799,1.87202705788661,9500,9490.4604076261,1.88938519148278,1.87202705788661,0,-54.7713250443493,13.5494833290285,18,1503.01235607484,16380.5614434967,-15188.2253989057,1.87202705788661,1.5418159808907,1.38359993093539,0.158216049955303,-96.9531188483262,0.0137789770853104,1.87202705788661,1,267.161443506003,60.6481711487664,8.50759417166988e-10,1,0.984827807047919,0,0.0137774182813604,0.316432099910607,0,0,0
120.105,9482.00660329233,1.90526582351242,9500,9488.48241866335,1.9467688132687,1.90526582351242,0,-34.7384624050634,12.9244033748328,18,1503.01235607484,16517.3205510056,-15211.3364671053,1.90526582351242,1.5418159808907,1.3700804672358,0.171735513654902,-104.675805523896,0.0199788153119226,1.90526582351242,1,267.161443506003,60.6481711487664,5.68181933322151e-10,1,0.984742483888603,0,0.0166013397021114,0.343471027309804,0,0,0
120.12,9481.48552635625,1.92184581668452,9500,9486.80413016226,1.99802535207408,1.92184581668452,0,-24.6815015373248,12.6151269885185,17,1503.01235607484,16584.7037265857,-15221.671515313,1.92184581668452,1.5418159808907,1.36552577208272,0.176290208807976,-106.270672792129,0.0274494181778727,1.92184581668452,1,267.161443506003,60.6481711487664,8.12106852424336e-10,1,0.984688368065044,0,0.0189884485249308,0.352580417615952,0,0,0
120.135,9481.11530383319,1.9254440688618,9500,9485.42574750338,2.04292481713159,1.9254440688618,0,-22.2904652198023,12.5448252524413,17,1503.01235607484,16598.1124894264,-15221.5147586111,1.9254440688618,1.5418159808907,1.36799904691219,0.173816933978507,-103.090160839444,0.0359942200140916,1.9254440688618,1,267.161443506003,60.6481711487664,5.94591775851782e-10,1,0.984649919046582,0,0.020942867507338,0.347633867957014,0,0,0
120.15,9480.78094685489,1.92034698528201,9500,9484.30864214571,2.08222320980441,1.92034698528201,0,-24.9733463868365,12.6326609211222,17,1503.01235607484,16575.1570684216,-15213.7695083304,1.92034698528201,1.5418159808907,1.37525973389124,0.166556246999459,-96.7602200116991,0.0454185103923937,1.92034698528201,1,267.161443506003,60.6481711487664,5.50260404856274e-10,1,0.984615194801483,0,0.0225227908159593,0.333112493998918,0,0,0
120.165,9480.40634665909,1.91072972513815,9500,9483.3943958149,2.11720804210636,1.91072972513815,0,-30.2505893033241,12.8026052765062,17,1503.01235607484,16532.9766343412,-15201.5095596191,1.91072972513815,1.5418159808907,1.38513599189676,0.156679988993939,-88.8389732788713,0.0555537662595754,1.91072972513815,1,267.161443506003,60.6481711487664,6.22775148003637e-10,1,0.984576291145041,0,0.0238131424434846,0.313359977987879,0,0,0
120.18,9479.95258781954,1.90016637818444,9500,9482.62000552556,2.14932706362228,1.90016637818444,0,-36.0197065202721,12.9897436595607,17,1503.01235607484,16486.3773317303,-15187.6158724268,1.90016637818444,1.5418159808907,1.3957756224234,0.146040358467299,-80.6074969968373,0.0662696803591435,1.90016637818444,1,267.161443506003,60.6481711487664,7.54738583129433e-10,1,0.984529166562087,0,0.024904236562052,0.292080716934597,0,0,0
120.195,9479.41229222174,1.89132318977797,9500,9481.92871088432,2.17991675218543,1.89132318977797,0,-40.7237154863397,13.1450695690894,17,1503.01235607484,16446.5708245628,-15174.4703251171,1.89132318977797,1.5418159808907,1.4058006698531,0.136015311037602,-72.971437336449,0.0774765868120669,1.89132318977797,1,267.161443506003,60.6481711487664,8.98090680290456e-10,1,0.984473054807342,0,0.0258768133405245,0.272030622075203,0,0,0
120.21,9478.80143648944,1.88583282614326,9500,9481.27654953268,2.2100311634311,1.88583282614326,0,-43.4211732453812,13.2381324213444,18,1503.01235607484,16420.5678941536,-15163.7466134778,1.88583282614326,1.5418159808907,1.41436813467207,0.127447846218632,-66.4473845591129,0.0891211528153029,1.88583282614326,0,267.161443506003,60.6481711487664,4.68705255668512e-10,1,0.984409615114007,0,0.0267930979802022,0.254895692437263,0,0,0
120.225,9478.15011889076,1.88434147408744,9500,9480.63509304861,2.24036285695557,1.88434147408744,0,-43.7565241718182,13.2568168581781,18,1503.01235607484,16411.2764861582,-15156.3395375841,1.88434147408744,1.5418159808907,1.42114225774553,0.120673723145172,-61.2085865923371,0.101178046906394,1.88434147408744,0,267.161443506003,60.6481711487664,5.03456873027952e-10,1,0.984341973301808,0,0.0276931792030075,0.241347446290344,0,0,0
120.24,9477.49377102818,1.88669227061382,9500,9479.99108093343,2.27124054037916,1.88669227061382,0,-41.8489555947016,13.2043171049753,18,1503.01235607484,16418.2042587446,-15152.4360538486,1.88669227061382,1.5418159808907,1.42619782480301,0.115618156087687,-57.166293540229,0.113639977547747,1.88669227061382,0,267.161443506003,60.6481711487664,5.13019381292297e-10,1,0.984273809077554,0,0.0285956938083891,0.231236312175374,0,0,0
120.255,9476.86603669426,1.89218574030698,9500,9479.34387185511,2.30268241637016,1.89218574030698,0,-38.134938765485,13.094250638604,18,1503.01235607484,16438.5279056214,-15151.6904815045,1.89218574030698,1.5418159808907,1.42988512106332,0.11193085982738,-54.0652969286103,0.126508039761522,1.89218574030698,0,267.161443506003,60.6481711487664,4.97345572052874e-10,1,0.984208616477182,0,0.0295015334580673,0.22386171965476,0,0,0
120.27,9476.29401261278,1.89985336866402,9500,9478.70170990024,2.3344815328341,1.89985336866402,0,-33.2034475802259,12.9452806127647,17,1503.01235607484,16468.2472801603,-15153.4435390658,1.89985336866402,1.5418159808907,1.43268915191286,0.109126828977838,-51.5758103556029,0.139783729817653,1.89985336866402,0,267.161443506003,60.6481711487664,9.94498765951549e-10,1,0.984149209598616,0,0.0303991734713582,0.218253657955675,0,0,0
120.285,9475.79596089908,1.90869320023285,9500,9478.07772505197,2.36630068246037,1.90869320023285,0,-27.6551564539626,12.7764587023722,17,1503.01235607484,16503.190336513,-15156.9288686077,1.90869320023285,1.5418159808907,1.4351090501595,0.106706930731193,-49.3689454798483,0.153463357879764,1.90869320023285,0,267.161443506003,60.6481711487664,8.77142794300397e-10,1,0.984097485032058,0,0.0312703300750417,0.213413861462387,0,0,0
120.3,9475.38113355227,1.91783811503887,9500,9477.4863773497,2.39775903508725,1.91783811503887,0,-22.0032695358025,12.6039844574908,17,1503.01235607484,16539.7331810206,-15161.4312351342,1.91783811503887,1.5418159808907,1.43757241702338,0.10424356386732,-47.1689499774992,0.167535006413533,1.91783811503887,0,267.161443506003,60.6481711487664,7.38888802597164e-10,1,0.984054403632838,0,0.0320949520518801,0.20848712773464,0,0,0
120.315,9475.05108450923,1.92664927000415,9500,9476.94077710405,2.42849919045022,1.92664927000415,0,-16.620144332608,12.4395236188543,17,1503.01235607484,16575.1987037008,-15166.3831413672,1.92664927000415,1.5418159808907,1.44038820375241,0.101427777138289,-44.7809716520862,0.181977734836879,1.92664927000415,0,267.161443506003,60.6481711487664,5.93032270535324e-10,1,0.984020126783217,0,0.0328549506603186,0.202855554276578,0,0,0
120.33,9474.80178234424,1.93474330034138,9500,9476.45103964694,2.45822996985315,1.93474330034138,0,-11.7239427948282,12.2898446808053,16,1503.01235607484,16607.9716930283,-15171.4047868658,1.93474330034138,1.5418159808907,1.44373355248237,0.0980824284083313,-42.0974252568196,0.196762462634022,1.93474330034138,0,267.161443506003,60.6481711487664,9.70065847109511e-10,1,0.983994235804286,0,0.033536462324272,0.196164856816663,0,0,0
120.345,9474.62592320232,1.94197050502835,9500,9476.02361400123,2.48674571012349,1.94197050502835,0,-7.39401005432174,12.1573673413796,16,1503.01235607484,16637.408105276,-15176.3008430684,1.94197050502835,1.5418159808907,1.44766565416184,0.0941503267288566,-39.0885889637472,0.211853870679944,1.94197050502835,0,267.161443506003,60.6481711487664,6.83203774369311e-10,1,0.983975972162899,0,0.034130745980131,0.188300653457713,0,0,0
120.36,9474.5150130515,1.94836347764294,9500,9475.66138495956,2.5139264211594,1.94836347764294,0,-3.60318220718594,12.0412112032958,15,1503.01235607484,16663.620785732,-15181.0294426832,1.94836347764294,1.5418159808907,1.45214858570008,0.0896673951906184,-35.7838757185852,0.227212706371003,1.94836347764294,0,267.161443506003,60.6481711487664,9.14978432802889e-10,1,0.983964453721501,0,0.0346340079885368,0.179334790381237,0,0,0
120.375,9474.4609653184,1.95407366027,9500,9475.36428834994,2.53972483508727,1.95407366027,0,-0.256183313409228,11.9384098931395,14,1503.01235607484,16687.2174012677,-15185.6577517444,1.95407366027,1.5418159808907,1.45708614618397,0.0847298347067307,-32.2496795909962,0.242798009965845,1.95407366027,0,267.161443506003,60.6481711487664,9.05024709126697e-10,1,0.983958840658657,0,0.0350465241325859,0.169459669413461,0,0,0
120.39,9474.45712256869,1.95930934301975,9500,9475.13018089477,2.56414652883962,1.95930934301975,0,2.77356528307226,11.845053832318,12,1503.01235607484,16709.0451478095,-15190.3152429392,1.95930934301975,1.5418159808907,1.46235377273892,0.0794622081517735,-28.5683681032063,0.258568945825509,1.95930934301975,0,267.161443506003,60.6481711487664,7.60047217985017e-10,1,0.983958441574471,0,0.0353714197873467,0.158924416303547,0,0,0
120.405,9474.49872604794,1.96428403475673,9500,9474.95574941634,2.58722839517782,1.96428403475673,0,5.61377081634137,11.7572168713434,14,1503.01235607484,16729.9776429211,-15195.1515260126,1.96428403475673,1.5418159808907,1.46782499632259,0.0739909845681075,-24.8213412123043,0.274486084729815,1.96428403475673,0,267.161443506003,60.6481711487664,9.16641929460899e-10,1,0.983962762254176,0,0.0356134051579815,0.147981969136215,0,0,0
120.42,9474.58293261019,1.96917984474042,9500,9474.83730609763,2.60901932531292,1.96917984474042,0,8.37216756696555,11.6715990204218,15,1503.01235607484,16750.7633402957,-15200.304289158,1.96917984474042,1.5418159808907,1.47339010749129,0.0684258733994105,-21.0775179296835,0.290512117050906,1.96917984474042,0,267.161443506003,60.6481711487664,8.08373792995037e-10,1,0.983971507426241,0,0.0357776747956697,0.136851746798821,0,0,0
120.435,9474.70851512369,1.97412691193143,9500,9474.77138202869,2.62956541740639,1.97412691193143,0,11.1249567871213,11.5858741280005,16,1503.01235607484,16771.939547557,-15205.8787887989,1.97412691193143,1.5418159808907,1.47896655072481,0.0628494301658871,-17.3873442972328,0.306612070708958,1.97412691193143,0,267.161443506003,60.6481711487664,5.49362836373992e-10,1,0.983984549648363,0,0.0358690896796789,0.125698860331774,0,0,0
120.45,9474.8753894755,1.9791972344869,9500,9474.75508928442,2.64890061780963,1.9791972344869,0,13.9137407515016,11.498779876181,16,1503.01235607484,16793.8054167191,-15211.9381948302,1.9791972344869,1.5418159808907,1.484501934625,0.0573140462656951,-13.7815401724496,0.322753161064813,1.9791972344869,0,267.161443506003,60.6481711487664,7.22596098588265e-10,1,0.984001880185091,0,0.0358916806165837,0.11462809253139,0,0,0
120.465,9475.08409558677,1.98440955585827,9500,9474.78626658269,2.66704258649194,1.98440955585827,0,16.7488238139389,11.4100115523911,16,1503.01235607484,16816.4409098269,-15218.5038455569,1.98440955585827,1.5418159808907,1.48997140207805,0.0518445788126469,-10.273314680689,0.338904417342276,1.98440955585827,0,267.161443506003,60.6481711487664,8.97534137171268e-10,1,0.984023555109294,0,0.0358484506956067,0.103689157625294,0,0,0
120.48,9475.33532794398,1.98974123120797,9500,9474.86345269196,2.68399282734332,1.98974123120797,0,19.6165150366062,11.3199953780338,17,1503.01235607484,16839.7546496365,-15225.5617221841,1.98974123120797,1.5418159808907,1.49537146580971,0.0464445150809887,-6.86263172285577,0.355036220155299,1.98974123120797,0,267.161443506003,60.6481711487664,4.99332545484297e-10,1,0.984049646546035,0,0.0357414150386721,0.0928890301619774,0,0,0
120.495,9475.62957566953,1.99514311282578,9500,9474.98574506196,2.69973975306032,1.99514311282578,0,22.4880412480119,11.2296133481028,17,1503.01235607484,16863.5446972823,-15233.0727298174,1.99514311282578,1.5418159808907,1.50071234338451,0.0411036375061917,-3.54122452765835,0.371119856922701,1.99514311282578,0,267.161443506003,60.6481711487664,5.81458801738851e-10,1,0.984080205292539,0,0.0355717983441965,0.0822072750123835,0,0,0
120.51,9475.96689628825,2.00055418267949,9500,9475.1526018118,2.71426329443689,2.00055418267949,0,25.2801133204777,11.1388050266181,17,1503.01235607484,16887.4481887751,-15241.1458730242,2.00055418267949,1.5418159808907,1.5060104630851,0.0358055178055996,-0.297336274995108,0.38712716617759,2.00055418267949,0,267.161443506003,60.6481711487664,7.40062496694162e-10,1,0.984115237322977,0,0.0353403100212284,0.0716110356111992,0,0,0
120.525,9476.34609798806,2.00591367997525,9500,9475.36363640405,2.72753984389499,2.00591367997525,0,27.9942439162028,11.0494505819844,17,1503.01235607484,16911.2898654281,-15249.5971710602,2.00591367997525,1.5418159808907,1.51128228419199,0.030533696698706,2.8804800462904,0.403030305687143,2.00591367997525,0,267.161443506003,60.6481711487664,8.65257172422565e-10,1,0.984154618863129,0,0.0350474291028313,0.061067393397412,0,0,0
120.54,9476.7660116468,2.01117874092834,9500,9475.61825360432,2.73955138339797,2.01117874092834,0,30.6214194224936,10.9626127888695,17,1503.01235607484,16934.9215350455,-15258.3293967908,2.01117874092834,1.5418159808907,1.51653542526358,0.0252805556271147,5.99806180336204,0.418801648783417,2.01117874092834,0,267.161443506003,60.6481711487664,9.40909232544991e-10,1,0.984198228495206,0,0.0346939096980752,0.0505611112542295,0,0,0
120.555,9477.22533293814,2.01631793781562,9500,9475.915709448,2.75028411817995,2.01631793781562,0,33.1450800376339,10.8788104743284,18,1503.01235607484,16958.2093268963,-15267.3024544234,2.01631793781562,1.5418159808907,1.52177195650201,0.0200440243886852,9.05776187563847,0.434413908147551,2.01631793781562,0,267.161443506003,60.6481711487664,4.71983963204801e-10,1,0.984245930759955,0,0.0342806986384414,0.0400880487773705,0,0,0
120.57,9477.7225091387,2.02130892909521,9500,9476.25511474576,2.7597284992767,2.02130892909521,0,35.5539741809361,10.7983941408742,18,1503.01235607484,16981.0555619607,-15276.482391999,2.02130892909521,1.5418159808907,1.52698961805587,0.0148263628348315,12.059271114045,0.449840222534849,2.02130892909521,0,267.161443506003,60.6481711487664,5.02318353679459e-10,1,0.98429756440114,0,0.0338089316490171,0.029652725669663,0,0,0
120.585,9478.25581875142,2.02613813273617,9500,9476.63540834512,2.7678800114371,2.02613813273617,0,37.8419168916921,10.7215552294365,18,1503.01235607484,17003.3978681862,-15285.8418807867,2.02613813273617,1.5418159808907,1.53218202585642,0.00963395503428144,14.9998128789664,0.465054241776907,2.02613813273617,0,267.161443506003,60.6481711487664,5.30012213533487e-10,1,0.984352950634738,0,0.0332799717952099,0.0192679100685629,0,0,0
120.6,9478.82344750479,2.03079916703284,9500,9477.05535795704,2.77473928110535,2.03079916703284,0,40.0068535172662,10.648356642555,18,1503.01235607484,17025.2029897263,-15295.359325296,2.03079916703284,1.5418159808907,1.537339502362,0.00447647852869815,17.8747010364742,0.480030229084751,2.03079916703284,0,267.161443506003,60.6481711487664,5.55014308600785e-10,1,0.984411901041747,0,0.0326954099633605,0.00895295705739629,0,0,0
120.615,9479.42355030755,2.03529067993514,9500,9477.51358046446,2.78031168905982,2.03529067993514,0,42.0495820115349,10.5787730776524,18,1503.01235607484,17046.4581038944,-15305.0174166621,2.03529067993514,1.5418159808907,1.54245021315261,-0.00063423226190884,20.6780618190512,0.494743163568264,2.03529067993514,0,267.161443506003,60.6481711487664,5.77333588862661e-10,1,0.984474224002414,0,0.0320570384589765,-0.00126846452381768,0,0,0
120.63,9480.05429403772,2.03961409686637,9500,9478.00857302392,2.78460669374133,2.03961409686637,0,43.9724487743007,10.5127318186224,18,1503.01235607484,17067.1617384382,-15314.8014379886,2.03961409686637,1.5418159808907,1.54750133834026,-0.00568535744956389,23.4035551729331,0.509168830874803,2.03961409686637,0,267.161443506003,60.6481711487664,5.97017262372568e-10,1,0.984539729140042,0,0.0313668096720456,-0.0113707148991278,0,0,0
120.645,9480.71388076934,2.04377167081644,9500,9478.53874719616,2.78763705433764,2.04377167081644,0,45.7782335424024,10.4501473823418,18,1503.01235607484,17087.3158745248,-15324.6976858236,2.04377167081644,1.5418159808907,1.55248008354144,-0.0106641026507417,26.0449812110135,0.523283895227223,2.04377167081644,0,267.161443506003,60.6481711487664,6.14130512592964e-10,1,0.984608229733177,0,0.0306267904988364,-0.0213282053014834,0,0,0
120.66,9481.40055427247,2.04776505403206,9500,9479.10246025082,2.78941810003083,2.04776505403206,0,47.4693383827921,10.3909463959725,18,1503.01235607484,17106.9201090212,-15334.6922289933,2.04776505403206,1.5418159808907,1.55737441979587,-0.0155584389051706,28.5967108464078,0.5370659509517,2.04776505403206,0,267.161443506003,60.6481711487664,6.28744255849031e-10,1,0.984679543390653,0,0.0298391205836119,-0.0311168778103412,0,0,0
120.675,9482.11259434821,2.0515944607787,9500,9479.69804004271,2.78996713900902,2.0515944607787,0,49.0473281056705,10.3350818394036,18,1503.01235607484,17125.9682394437,-15344.770099301,2.0515944607787,1.5418159808907,1.56217351855386,-0.0203575376631595,31.0539263727067,0.550493555214325,2.0515944607787,0,267.161443506003,60.6481711487664,6.40930045884344e-10,1,0.984753491463266,0,0.0290059794124113,-0.040715075326319,0,0,0
120.69,9482.8483042698,2.05525837634875,9500,9480.32380197291,2.78930304981833,2.05525837634875,0,50.5127746875093,10.2825375840576,18,1503.01235607484,17144.4470107074,-15354.914921241,2.05525837634875,1.5418159808907,1.56686790613663,-0.0250519252459303,33.4126921061242,0.56354624594991,2.05525837634875,0,267.161443506003,60.6481711487664,6.50754550169626e-10,1,0.984829897739481,0,0.0281295643035309,-0.0501038504918605,0,0,0
120.705,9483.60599589011,2.05875369193634,9500,9480.97805829942,2.78744605426934,2.05875369193634,0,51.8653470151613,10.2333255857989,18,1503.01235607484,17162.3366160619,-15365.1089050752,2.05875369193634,1.5418159808907,1.57144940031112,-0.0296334194204257,35.6698965831899,0.576204549886499,2.05875369193634,0,267.161443506003,60.6481711487664,6.58282202433403e-10,1,0.984908586898793,0,0.0272120790206907,-0.0592668388408515,0,0,0
120.72,9484.38397609534,2.06207611498103,9500,9481.65912117527,2.7844176426452,2.06207611498103,0,53.1040529375056,10.187478433145,18,1503.01235607484,17179.6123219339,-15375.3330997606,2.06207611498103,1.5418159808907,1.57591090656843,-0.0340949256777368,37.8231150454927,0.58844998544581,2.06207611498103,0,267.161443506003,60.6481711487664,6.63577857679666e-10,1,0.984989383104888,0,0.0262557310821943,-0.0681898513554735,0,0,0
120.735,9485.1805368894,2.06522070502126,9500,9482.36530138849,2.78024060577618,2.06522070502126,0,54.2275483707968,10.1450399077754,18,1503.01235607484,17196.2466174776,-15385.5677895623,2.06522070502126,1.5418159808907,1.58024615104181,-0.0384301701511154,39.8704389606556,0.600265064432797,2.06522070502126,0,267.161443506003,60.6481711487664,6.66711373191006e-10,1,0.98507210897587,0,0.0252627350941688,-0.0768603403022308,0,0,0
120.75,9485.99395011496,2.06818241037893,9500,9483.094904859,2.77493912502281,2.06818241037893,0,55.2344426857654,10.1060557139575,18,1503.01235607484,17212.2113841609,-15395.7929308687,2.06818241037893,1.5418159808907,1.58444941375917,-0.0426334328684703,41.8103101735389,0.611633295225173,2.06818241037893,0,267.161443506003,60.6481711487664,6.67759513583778e-10,1,0.985156585036021,0,0.0242353192441405,-0.0852668657369406,0,0,0
120.765,9486.82246675525,2.07095651860442,9500,9483.84622867515,2.76853887657325,2.07095651860442,0,56.1235516704864,10.0705658447024,18,1503.01235607484,17227.4797306704,-15405.9885507797,2.07095651860442,1.5418159808907,1.58851530647635,-0.0466993255856571,43.6413849563963,0.622539188885036,2.07095651860442,0,267.161443506003,60.6481711487664,6.66807257308796e-10,1,0.985242629643289,0,0.0231757324507187,-0.0933986511713143,0,0,0
120.78,9487.6643200303,2.07353897388889,9500,9484.61755797658,2.76106711722453,2.07353897388889,0,56.8940725934645,10.0385993380328,18,1503.01235607484,17242.027300035,-15416.1350590703,2.07353897388889,1.5418159808907,1.59243861863553,-0.0506226377448347,45.3624406097939,0.63296826848786,2.07353897388889,0,267.161443506003,60.6481711487664,6.63952207865367e-10,1,0.985330059310851,0,0.0220862503478612,-0.101245275489669,0,0,0
120.795,9488.51773111921,2.07592655012665,9500,9485.40716444733,2.75255273160999,2.07592655012665,0,57.5456761032712,10.0101715624787,18,1503.01235607484,17255.8329989378,-15426.2134536394,2.07592655012665,1.5418159808907,1.59621423684492,-0.054398255954224,46.9723264696769,0.642907081144397,2.07592655012665,0,267.161443506003,60.6481711487664,6.59299368418991e-10,1,0.985418689301382,0,0.0209691789815294,-0.108796511908448,0,0,0
120.81,9489.38091626075,2.07811689528335,9500,9486.21330668243,2.74302623298083,2.07811689528335,0,58.0785248652427,9.98528371532872,18,1503.01235607484,17268.8792085728,-15436.2054229349,2.07811689528335,1.5418159808907,1.59983712953741,-0.0580211486467155,48.4699533797521,0.652343211686086,2.07811689528335,0,267.161443506003,60.6481711487664,6.52963473103537e-10,1,0.98550833436449,0,0.0198268558063157,-0.116042297293431,0,0,0
120.825,9490.25209413373,2.0801084785124,9500,9487.03423229977,2.73251971939504,2.0801084785124,0,58.4932375267299,9.96392396043051,18,1503.01235607484,17281.1516010298,-15446.093364116,2.0801084785124,1.5418159808907,1.60330238047931,-0.0614863995886146,49.8543112284475,0.661265296798928,2.0801084785124,0,267.161443506003,60.6481711487664,6.45063617932307e-10,1,0.985598809503186,0,0.0186616481412285,-0.122972799177229,0,0,0
120.84,9491.12949269663,2.08190047790845,9500,9487.86818141732,2.72106679364998,2.08190047790845,0,58.7908199510871,9.94606953758648,18,1503.01235607484,17292.6387123272,-15455.8603437697,2.08190047790845,1.5418159808907,1.60660525161306,-0.0647892707223625,51.1245027414801,0.66966303846248,2.08190047790845,0,267.161443506003,60.6481711487664,6.35725002949669e-10,1,0.985689930684213,0,0.0174759495356207,-0.129578541444725,0,0,0
120.855,9492.0113549959,2.08349264467854,9500,9488.71339100174,2.70870245847792,2.08349264467854,0,58.9725841767549,9.93168922555227,18,1503.01235607484,17303.3314157672,-15465.4900288807,2.08349264467854,1.5418159808907,1.60974125687353,-0.0679252759828324,52.2797826502377,0.67752721575351,2.08349264467854,0,267.161443506003,60.6481711487664,6.25071356498654e-10,1,0.985781515441254,0,0.0162721747571697,-0.135850551965665,0,0,0
120.87,9492.89594375855,2.08488517251439,9500,9489.56809959538,2.69546299887421,2.08488517251439,0,59.040071368166,9.92074567040884,18,1503.01235607484,17313.2224119719,-15474.9666121283,2.08488517251439,1.5418159808907,1.61270623227597,-0.0708902513852698,53.3195937744248,0.684849694394236,2.08488517251439,0,267.161443506003,60.6481711487664,6.13227576973843e-10,1,0.985873383351898,0,0.0150527540219307,-0.14178050277054,0,0,0
120.885,9493.78154482907,2.08607859128906,9500,9490.43055200832,2.68138586176417,2.08607859128906,0,58.9949894001113,9.9131972619865,18,1503.01235607484,17322.3058135911,-15484.2747490749,2.08607859128906,1.5418159808907,1.61549639254357,-0.0736804116528722,54.2435946099249,0.691623433704105,2.08607859128906,0,267.161443506003,60.6481711487664,6.00314688248529e-10,1,0.985965356394567,0,0.0138201270783169,-0.147360823305744,0,0,0
120.9,9494.66646967008,2.08707369427233,9500,9491.29900368523,2.66650954041189,2.08707369427233,0,58.8391700258891,9.90899941251838,18,1503.01235607484,17330.5768629517,-15493.3995173554,2.08707369427233,1.5418159808907,1.61810836964455,-0.0762923887538567,55.0516760170037,0.697842490889347,2.08707369427233,0,267.161443506003,60.6481711487664,5.86451160365789e-10,1,0.986057259208227,0,0.0125767375055477,-0.152584777507713,0,0,0
120.915,9495.54905722047,2.08787149975298,9500,9492.17172458852,2.65087346783511,2.08787149975298,0,58.5745458672039,9.90810523260959,18,1503.01235607484,17338.0317874415,-15502.3264012366,2.08787149975298,1.5418159808907,1.62053923284298,-0.078723251952282,55.743967085227,0.703502022766844,2.08787149975298,0,267.161443506003,60.6481711487664,5.71750538967797e-10,1,0.986148919285359,0,0.0113250275041492,-0.157446503904564,0,0,0
120.93,9496.42767540847,2.08847324194174,9500,9493.04700255675,2.63451792063469,2.08847324194174,0,58.2031441011933,9.91046569969643,18,1503.01235607484,17344.6677730041,-15511.0412995912,2.08847324194174,1.5418159808907,1.62278649293703,-0.0809705120463364,56.3208319619024,0.708598285143711,2.08847324194174,0,267.161443506003,60.6481711487664,5.56320558548348e-10,1,0.986240167129095,0,0.0100674331784578,-0.161941024092673,0,0,0
120.945,9497.30072256999,2.08888038270701,9500,9493.92314618468,2.61748393244981,2.08888038270701,0,57.7270919022282,9.91602946775867,18,1503.01235607484,17350.4830224099,-15519.5305519661,2.08888038270701,1.5418159808907,1.62484809501955,-0.0830321141288517,56.7828603295708,0.713128630074017,2.08888038270701,0,267.161443506003,60.6481711487664,5.40265063271963e-10,1,0.986330836400522,0,0.00880638030977643,-0.166064228257703,0,0,0
120.96,9498.16662894852,2.08909463478919,9500,9494.79848732464,2.59981321487327,2.08909463478919,0,57.1486282552362,9.92474247967206,18,1503.01235607484,17355.4768609778,-15527.7809759555,2.08909463478919,1.5418159808907,1.62672240454816,-0.0849064236574604,57.1308544033032,0.717091501213416,2.08909463478919,0,267.161443506003,60.6481711487664,5.23680321030942e-10,1,0.986420764074451,0,0.00754428044069799,-0.169812847314921,0,0,0
120.975,9499.02385837235,2.08911798796709,9500,9495.67138332824,2.5815480830809,2.08911798796709,0,56.4701172916269,9.93654752736304,18,1503.01235607484,17359.6498554387,-15535.7799091006,2.08911798796709,1.5418159808907,1.62840819105837,-0.0865922101676679,57.3658149772402,0.720486427411731,2.08911798796709,0,267.161443506003,60.6481711487664,5.0665812922751e-10,1,0.9865097906136,0,0.00628352714618452,-0.173184420335336,0,0,0
120.99,9499.87091013173,2.08895273181659,9500,9496.54021914186,2.56273138349517,2.08895273181659,0,55.6940595689194,9.9513838667812,18,1503.01235607484,17363.0039201043,-15543.5152498168,2.08895273181659,1.5418159808907,1.62990461274151,-0.0880886318508118,57.4889283999627,0.723314014627514,2.08895273181659,0,267.161443506003,60.6481711487664,4.89284935924707e-10,1,0.98659776016355,0,0.005026492326627,-0.176177263701624,0,0,0
121.005,9500.70632102526,2.08860147101124,9500,9497.40340934552,2.543406421314,2.08860147101124,0,54.8230990552997,9.9691869549016,18,1503.01235607484,17365.5423936697,-15550.9754934127,2.08860147101124,1.5418159808907,1.63121120391767,-0.089395223026975,57.5015555965154,0.725575936174496,2.08860147101124,0,267.161443506003,60.6481711487664,4.71639785664189e-10,1,0.986684520765265,0,0.00377552239683721,-0.17879044605395,0,0,0
121.02,9501.52866751109,2.08806713163592,9500,9498.25940019372,2.52361688646055,2.08806713163592,0,53.8600250177678,9.98988833319122,18,1503.01235607484,17367.2700800816,-15558.1497612126,2.08806713163592,1.5418159808907,1.63232786614462,-0.0905118852539257,57.4052235477192,0.727274921253072,2.08806713163592,0,267.161443506003,60.6481711487664,4.53798014350714e-10,1,0.986769924578503,0,0.0025329343247309,-0.181023770507851,0,0,0
121.035,9502.33656788636,2.08735295882298,9500,9499.10667168486,2.50340677727665,2.08735295882298,0,52.8077708442097,10.0134156543587,17,1503.01235607484,17368.1932425295,-15565.0278003247,2.08735295882298,1.5418159808907,1.63325486277416,-0.0914388818834595,57.2016190757113,0.728414741699201,2.08735295882298,0,267.161443506003,60.6481711487664,9.66438938702297e-10,1,0.986853828108163,0,0.00130101148591821,-0.182877763766919,0,0,0
121.05,9503.12868444902,2.08646250737751,9500,9499.94373965918,2.48282032193968,2.08646250737751,0,51.6693999206539,10.0396928042736,17,1503.01235607484,17368.3196283083,-15571.6000879737,2.08646250737751,1.5418159808907,1.63399281608122,-0.0921768351905272,56.8925844248256,0.729000196867864,2.08646250737751,0,267.161443506003,60.6481711487664,9.27710757531865e-10,1,0.986936092428795,0,8.19993381355744e-05,-0.184353670381054,0,0,0
121.065,9503.90372544783,2.08539962720522,9500,9500.76915791328,2.46190189788574,2.08539962720522,0,50.4481070450858,10.0686401365781,17,1503.01235607484,17367.6583517407,-15577.8577057276,2.08539962720522,1.5418159808907,1.63454270601845,-0.0927267251277499,56.4801140639956,0.729037096570025,2.08539962720522,0,267.161443506003,60.6481711487664,8.88850889111215e-10,1,0.987016583387114,0,-0.00112189900613036,-0.1854534502555,0,0,0
121.08,9504.66044705351,2.08416844758122,9500,9501.58152027195,2.44069595072969,2.08416844758122,0,49.1472007852828,10.1001746872332,17,1503.01235607484,17366.219893251,-15583.7924383202,2.08416844758122,1.5418159808907,1.63490586855407,-0.0930898876633732,55.9663515677378,0.728532242017267,2.08416844758122,0,267.161443506003,60.6481711487664,8.4997891120881e-10,1,0.987095171806713,0,-0.0023085272552954,-0.186179775326746,0,0,0
121.095,9505.39765506528,2.08277335938904,9500,9502.37946263398,2.41924691229399,2.08277335938904,0,47.770094205649,10.1342104330758,17,1503.01235607484,17364.0160280335,-15589.3967546525,2.08277335938904,1.5418159808907,1.63508399401772,-0.0932680131270218,55.3535868022155,0.727493404752384,2.08277335938904,0,267.161443506003,60.6481711487664,8.11196774577328e-10,1,0.987171733665298,0,-0.00347578040918273,-0.186536026254044,0,0,0
121.11,9506.11420647837,2.08121899882552,9500,9503.16166492996,2.39759911933549,2.08121899882552,0,46.3202946702821,10.1706585163359,17,1503.01235607484,17361.0597722628,-15594.6638117271,2.08121899882552,1.5418159808907,1.63507912370741,-0.0932631428167161,54.6442524373968,0.725929303568252,2.08121899882552,0,267.161443506003,60.6481711487664,7.72596924667463e-10,1,0.987246150257468,0,-0.00462160916083731,-0.186526285633432,0,0,0
121.125,9506.80901089842,2.07951023280395,9500,9503.926852979,2.37579673337329,2.07951023280395,0,44.8013947309013,10.2094274352754,17,1503.01235607484,17357.3653354345,-15599.5874586824,2.07951023280395,1.5418159808907,1.63489364465701,-0.0930776637663098,53.8409197386646,0.723849579445875,2.07951023280395,0,267.161443506003,60.6481711487664,7.34261739601172e-10,1,0.987318308341622,0,-0.00574402414732544,-0.18615532753262,0,0,0
121.14,9507.48103181939,2.07765214626907,9500,9504.67380023079,2.35388366203412,2.07765214626907,0,43.2170642065156,10.2504231981039,17,1503.01235607484,17352.9480797749,-15604.1622412503,2.07765214626907,1.5418159808907,1.6345302824913,-0.0927143016006013,52.9462935993321,0.721264768579578,2.07765214626907,0,267.161443506003,60.6481711487664,6.96262529024191e-10,1,0.987388100272657,0,-0.00684110003723926,-0.185428603201203,0,0,0
121.155,9508.12928778249,2.07565003122441,9500,9505.40132938737,2.33190348214653,2.07565003122441,0,41.5710433261852,10.293549444257,17,1503.01235607484,17347.8244859627,-15608.383406605,2.07565003122441,1.5418159808907,1.63399209250525,-0.0921761116145545,51.9632068977725,0.718186273562821,2.07565003122441,0,267.161443506003,60.6481711487664,6.58662792405573e-10,1,0.987455424122345,0,-0.00791097940041907,-0.184352223229109,0,0,0
121.17,9508.75285343238,2.07350937699352,9500,9506.10831390494,2.30989936466425,2.07350937699352,0,39.8671366544136,10.3387075417892,17,1503.01235607484,17342.0121232768,-15612.2469083018,2.07350937699352,1.5418159808907,1.6332824492556,-0.0914664683649036,50.8946143340843,0.714626332832632,2.07350937699352,0,267.161443506003,60.6481711487664,6.21516187309349e-10,1,0.987520183789009,0,-0.00895187637245831,-0.182932936729807,0,0,0
121.185,9509.35086048219,2.07123586119195,9500,9506.79367938022,2.28791400139623,2.07123586119195,0,38.1092074937356,10.3857966703318,17,1503.01235607484,17335.5296220535,-15615.7494109234,2.07123586119195,1.5418159808907,1.63240503497258,-0.0905890540818848,49.7435859269227,0.710597988465026,2.07123586119195,0,267.161443506003,60.6481711487664,5.8486816912272e-10,1,0.987582289097754,0,-0.00996208006689714,-0.18117810816377,0,0,0
121.2,9509.9224985946,2.0688353408472,9500,9507.45640482756,2.26598953346946,2.0688353408472,0,36.3011724438841,10.4347138997125,17,1503.01235607484,17328.3966461766,-15618.8882939704,2.0688353408472,1.5418159808907,1.63136382712991,-0.0895478462392085,48.513300338666,0.706115052434922,2.0688353408472,0,267.161443506003,60.6481711487664,5.48757333815973e-10,1,0.987641655891962,0,-0.010939957758795,-0.179095692478417,0,0,0
121.215,9510.46701618126,2.06631384322467,9500,9508.09552385346,2.24416748144076,2.06631384322467,0,34.4469958657209,10.4853542722692,17,1503.01235607484,17320.6338637687,-15621.6616545953,2.06631384322467,1.5418159808907,1.63016308544544,-0.0883471045547448,47.2070381633488,0.701192071443465,2.06631384322467,0,267.161443506003,60.6481711487664,5.13215144688403e-10,1,0.987698206116323,0,-0.0118839578322902,-0.17669420910949,0,0,0
121.23,9510.98372111924,2.06367755617622,9500,9508.71012573386,2.22248867699575,2.06367755617622,0,32.5506841464981,10.5376108924903,17,1503.01235607484,17312.2629153028,-15624.0683089778,2.06367755617622,1.5418159808907,1.6288073384574,-0.0869913575667065,45.8281752659622,0.695844290418934,2.06367755617622,0,267.161443506003,60.6481711487664,4.78266978239023e-10,1,0.987751867891236,0,-0.0127926124782218,-0.173982715133413,0,0,0
121.245,9511.47198138144,2.06093281776754,9500,9509.29935639793,2.20099319621489,2.06093281776754,0,30.6162767076092,10.5913750043832,16,1503.01235607484,17303.3063851904,-15626.1078157981,2.06093281776754,1.5418159808907,1.62730136985414,-0.0854853889634455,44.3801762159426,0.690087614803734,2.06093281776754,0,267.161443506003,60.6481711487664,9.91434002263947e-10,1,0.987802575578279,0,-0.0136645401439999,-0.170970777926891,0,0,0
121.26,9511.93122553205,2.05808610528607,9500,9509.86241932022,2.17972029442727,2.05808610528607,0,28.6478514794095,10.6465362002902,16,1503.01235607484,17293.7877332415,-15627.7803773561,2.05808610528607,1.5418159808907,1.62565020456248,-0.0838342236717806,42.8665878226362,0.683938571738934,2.05808610528607,0,267.161443506003,60.6481711487664,9.16339522721314e-10,1,0.98785026983167,0,-0.0144984477549917,-0.167668447343561,0,0,0
121.275,9512.36094330425,2.05514402426799,9500,9510.39857631009,2.15870834300602,2.05514402426799,0,26.6495007144499,10.7029823902849,16,1503.01235607484,17283.7313019584,-15629.0869853466,2.05514402426799,1.5418159808907,1.62385909432664,-0.0820431134359469,41.2910325846252,0.677414270249188,2.05514402426799,0,267.161443506003,60.6481711487664,8.42545884111492e-10,1,0.987894897658253,0,-0.0152931326586057,-0.164086226871894,0,0,0
121.29,9512.76068581496,2.05211329501281,9500,9510.90714824622,2.1379947669651,2.05211329501281,0,24.6253354733749,10.7606000541872,16,1503.01235607484,17273.1622334344,-15630.0293131887,2.05211329501281,1.5418159808907,1.62193350410605,-0.0801175232153506,39.6572027788601,0.670532360552815,2.05211329501281,0,267.161443506003,60.6481711487664,7.70067818407305e-10,1,0.987936412439817,0,-0.0160474843876171,-0.160235046430701,0,0,0
121.305,9513.13006584706,2.04900074122557,9500,9511.38751567638,2.11761598542528,2.04900074122557,0,22.5422133296605,10.8184297093745,16,1503.01235607484,17262.0234018311,-15630.7387420333,2.04900074122557,1.5418159808907,1.61987909701246,-0.0780631161217589,37.9688538712267,0.663310992578388,2.04900074122557,0,267.161443506003,60.6481711487664,7.05521172948046e-10,1,0.987974773962386,0,-0.0167604861039741,-0.156126232243518,0,0,0
121.32,9513.46819904701,2.04581327757171,9500,9511.83911933499,2.09760735372125,2.04581327757171,0,20.4354152244228,10.8770422854628,16,1503.01235607484,17250.4073165741,-15631.106949516,2.04581327757171,1.5418159808907,1.61770171946599,-0.0758857385752945,36.2297981703448,0.655768773831599,2.04581327757171,0,267.161443506003,60.6481711487664,6.62401200898225e-10,1,0.988009890382478,0,-0.0174312158264194,-0.151771477150589,0,0,0
121.335,9513.77473027537,2.04256533631824,9500,9512.26131570585,2.07800678609152,2.04256533631824,0,18.3197661319406,10.9363371521107,16,1503.01235607484,17238.3858637895,-15631.121356825,2.04256533631824,1.5418159808907,1.61540366653178,-0.0735876856410851,34.4417622939605,0.647924726709711,2.04256533631824,0,267.161443506003,60.6481711487664,5.96117909271606e-10,1,0.988041724817513,0,-0.0180586320960763,-0.14717537128217,0,0,0
121.35,9514.04952676735,2.03926921402626,9500,9512.65353600923,2.05885078155906,2.03926921402626,0,16.2024030985703,10.9961092227391,16,1503.01235607484,17226.0092172814,-15630.7914077011,2.03926921402626,1.5418159808907,1.61298853545615,-0.0711725545654562,32.6071930428901,0.639798342266476,2.03926921402626,0,267.161443506003,60.6481711487664,5.31013367051508e-10,1,0.988070263479359,0,-0.0186418101320733,-0.142345109130912,0,0,0
121.365,9514.29256281383,2.03593360389862,9500,9513.01532446408,2.04017339624935,2.03593360389862,0,14.0883120187768,11.0562149910232,16,1503.01235607484,17213.3131991912,-15630.1244298007,2.03593360389862,1.5418159808907,1.61046193324026,-0.0686459523495586,30.7296623360494,0.631409527707044,2.03593360389862,0,267.161443506003,60.6481711487664,4.67168857194944e-10,1,0.988095503698027,0,-0.0191799991165535,-0.137291904699117,0,0,0
121.38,9514.50388749411,2.03256444542491,9500,9513.3463367479,2.02200619775309,2.03256444542491,0,11.9808389141517,11.1165580459643,15,1503.01235607484,17200.3225936467,-15629.1260421888,2.03256444542491,1.5418159808907,1.60783101267589,-0.0660150317851929,28.8135956224465,0.622778528104594,2.03256444542491,0,267.161443506003,60.6481711487664,9.16990954298786e-10,1,0.988117450570591,0,-0.0196726202463064,-0.132030063570386,0,0,0
121.395,9514.68360007783,2.02916597998467,9500,9513.64633049316,2.00437842286397,2.02916597998467,0,9.88230023613209,11.177071040479,15,1503.01235607484,17187.0553920771,-15627.8009296919,2.02916597998467,1.5418159808907,1.60510390584059,-0.0632879249498925,26.8639429363115,0.613925848993757,2.02916597998467,0,267.161443506003,60.6481711487664,7.78259290038966e-10,1,0.988136114406578,0,-0.0201192528194905,-0.126575849899785,0,0,0
121.41,9514.83183458137,2.02574176607007,9500,9513.9151518719,1.98731724178406,2.02574176607007,0,7.79459618773279,11.2376983270295,15,1503.01235607484,17173.526894234,-15626.1534547508,2.02574176607007,1.5418159808907,1.60228918091351,-0.0604732000228085,24.8858650265093,0.604872185224986,2.02574176607007,0,267.161443506003,60.6481711487664,6.4203471584824e-10,1,0.988151509124102,0,-0.0205196143467608,-0.120946400045617,0,0,0
121.425,9514.94875352419,2.02229549429066,9500,9514.15272165459,1.97084804573743,2.02229549429066,0,5.71967839677049,11.2983819616131,15,1503.01235607484,17159.753123248,-15624.1884115554,2.02229549429066,1.5418159808907,1.59939540357519,-0.0575794226844908,22.8844811632384,0.595638358768944,2.02229549429066,0,267.161443506003,60.6481711487664,5.08179638271289e-10,1,0.988163651601425,0,-0.020873539783457,-0.115158845368982,0,0,0
121.44,9515.03454870014,2.01883152005729,9500,9514.359023264,1.95499469438271,2.01883152005729,0,3.65985574044473,11.3590525069166,14,1503.01235607484,17145.7530438629,-15621.91150419,2.01883152005729,1.5418159808907,1.5964308442406,-0.0546148633498991,20.8647021468564,0.586245265866388,2.01883152005729,0,267.161443506003,60.6481711487664,8.55812817044241e-10,1,0.988172561757071,0,-0.0211809636037597,-0.109229726699798,0,0,0
121.455,9515.08944653625,2.01535511056582,9500,9514.53409412484,1.93977968848863,2.01535511056582,0,1.61793985182864,11.4196248098393,14,1503.01235607484,17131.5495768045,-15619.3295333133,2.01535511056582,1.5418159808907,1.59340333217548,-0.0515873512847849,18.8311488588941,0.576713832244696,2.01535511056582,0,267.161443506003,60.6481711487664,5.61845674588231e-10,1,0.988178263106348,0,-0.0214419067757248,-0.10317470256957,0,0,0
121.47,9515.11371563402,2.01187245132499,9500,9514.67802064416,1.92522425690174,2.01187245132499,0,-0.402767407497518,11.4799976909558,13,1503.01235607484,17117.1697376616,-15616.4506069253,2.01187245132499,1.5418159808907,1.59032023277136,-0.0485042518806658,16.7881423687015,0.56706497419562,2.01187245132499,0,267.161443506003,60.6481711487664,8.80281292273132e-10,1,0.988180783544545,0,-0.0216564690733465,-0.0970085037613315,0,0,0
121.485,9515.10767412291,2.00839048302173,9500,9514.79093644697,1.91134836461299,2.00839048302173,0,-2.39856881481702,11.5400569212566,13,1503.01235607484,17102.6439861429,-15613.2840303273,2.00839048302173,1.5418159808907,1.58718851138149,-0.0453725304907917,14.7397442337647,0.557319563112614,2.00839048302173,0,267.161443506003,60.6481711487664,4.32816567783671e-10,1,0.988180156110616,0,-0.0218248262532865,-0.0907450609815834,0,0,0
121.5,9515.07169559069,2.00491664953338,9500,9514.87302297491,1.89817066214215,2.00491664953338,0,-4.36551420397426,11.5996793216828,13,1503.01235607484,17088.0051582719,-15609.840049805,2.00491664953338,1.5418159808907,1.58401484221867,-0.0421988613279769,12.6898227315787,0.547498391298635,2.00491664953338,0,267.161443506003,60.6481711487664,6.69353434347784e-10,1,0.988176419603074,0,-0.021947230740607,-0.0843977226559538,0,0,0
121.515,9515.00621287763,2.00145862470113,9500,9514.9245114667,1.88570839938393,2.00145862470113,0,-6.29956421676951,11.6587376401966,14,1503.01235607484,17073.2873874569,-15606.1297066859,2.00145862470113,1.5418159808907,1.58080572771816,-0.0389897468274669,10.6421248179926,0.537622137465362,2.00145862470113,0,267.161443506003,60.6481711487664,5.69667787892744e-10,1,0.988169618974029,0,-0.0220240143861261,-0.0779794936549338,0,0,0
121.53,9514.91171941438,1.99802406720057,9500,9514.94568540861,1.87397732603274,1.99802406720057,0,-8.196739475675,11.7171045906981,14,1503.01235607484,17058.525131286,-15602.1647141411,1.99802406720057,1.5418159808907,1.57756760323156,-0.0357516223408649,8.60033909978318,0.527711330991605,1.99802406720057,0,267.161443506003,60.6481711487664,8.41311894194405e-10,1,0.988159805468132,0,-0.0220555919209406,-0.0715032446817299,0,0,0
121.545,9514.78876832224,1.99462043452247,9500,9514.93688269663,1.86299159749151,1.99462043452247,0,-10.0532157878376,11.7746563396926,15,1503.01235607484,17043.7523301248,-15597.9571585479,1.99462043452247,1.5418159808907,1.5743069113884,-0.0324909304977057,6.56814062580214,0.517786314627182,1.99462043452247,0,267.161443506003,60.6481711487664,4.88194347554942e-10,1,0.988147036529137,0,-0.0220424639973431,-0.0649818609954114,0,0,0
121.56,9514.63797008542,1.99125486792775,9500,9514.89849700508,1.85276369930975,1.99125486792775,0,-11.8653882937486,11.831274340169,15,1503.01235607484,17029.0019028748,-15593.5193611414,1.99125486792775,1.5418159808907,1.57103014028636,-0.0292141593956607,4.54921406852208,0.507867205828377,1.99125486792775,0,267.161443506003,60.6481711487664,6.03648356900265e-10,1,0.988131375558153,0,-0.0219852190338254,-0.0584283187913215,0,0,0
121.575,9514.45998926102,1.98793414084937,9500,9514.83097819726,1.84330439492152,1.98793414084937,0,-13.6299073891801,11.886846318479,15,1503.01235607484,17014.3055738377,-15588.8639099787,1.98793414084937,1.5418159808907,1.56774382954294,-0.0259278486522403,2.54725765115131,0.497973857263156,1.98793414084937,0,267.161443506003,60.6481711487664,7.16972089943935e-10,1,0.988112891571962,0,-0.0218845336415963,-0.0518556973044806,0,0,0
121.59,9514.25554065018,1.98466465705732,9500,9514.73483177707,1.83462269743004,1.98466465705732,0,-15.343670406785,11.9412663085833,15,1503.01235607484,16999.693797132,-15584.0035375265,1.98466465705732,1.5418159808907,1.56445455136961,-0.0226385704789094,0.565972062966118,0.488125817124438,1.98466465705732,0,267.161443506003,60.6481711487664,8.28143221302868e-10,1,0.988091658805388,0,-0.0217411715978493,-0.0452771409578188,0,0,0
121.605,9514.02538559408,1.9814524824903,9500,9514.6106174904,1.82672586339253,1.9814524824903,0,-17.0038019683056,11.9944341270256,15,1503.01235607484,16985.1958765876,-15578.9511291258,1.9814524824903,1.5418159808907,1.5611688750436,-0.0193528941529009,-1.39096071038129,0.478342289905405,1.9814524824903,0,267.161443506003,60.6481711487664,9.37126427991478e-10,1,0.988067756326608,0,-0.0215559815751591,-0.0387057883058017,0,0,0
121.62,9513.77032856455,1.97830339137301,9500,9514.45894732907,1.81961940282691,1.97830339137301,0,-18.6076229369761,12.046254601179,16,1503.01235607484,16970.840124034,-15573.7197048691,1.97830339137301,1.5418159808907,1.55789332474783,-0.0160773438571375,-3.31990268498861,0.468642098196584,1.97830339137301,0,267.161443506003,60.6481711487664,4.5974696136866e-10,1,0.988041267683087,0,-0.0213298939233511,-0.0321546877142751,0,0,0
121.635,9513.4912142205,1.97522291242244,9500,9514.28048316851,1.81330710001608,1.97522291242244,0,-20.1526292901424,12.096636752677,16,1503.01235607484,16956.6540829792,-15568.3225232374,1.97522291242244,1.5418159808907,1.55463433809036,-0.0128183571996656,-5.21728498182261,0.459043645931076,1.97522291242244,0,267.161443506003,60.6481711487664,5.0590466805532e-10,1,0.988012280595864,0,-0.0210639169445919,-0.0256367143993312,0,0,0
121.65,9513.18892478115,1.97221636507091,9500,9514.07593425477,1.80779103990981,1.97221636507091,0,-21.6364582225744,12.1454932411477,16,1503.01235607484,16942.664590069,-15562.7729497752,1.97221636507091,1.5418159808907,1.55139823045359,-0.00958224956289655,-7.07962959884775,0.449564883306009,1.97221636507091,0,267.161443506003,60.6481711487664,5.51093985526137e-10,1,0.987980886686767,0,-0.0207591329017511,-0.0191644991257931,0,0,0
121.665,9512.86437790781,1.96928888228132,9500,9513.84605466206,1.80307163715986,1.96928888228132,0,-23.05688079776,12.1927399617904,16,1503.01235607484,16928.8979027658,-15557.0845429971,1.96928888228132,1.5418159808907,1.5481911669455,-0.00637518605479914,-8.90356680175156,0.440223273500221,1.96928888228132,0,267.161443506003,60.6481711487664,5.95286373835329e-10,1,0.987947181258416,0,-0.0204166939659736,-0.0127503721095983,0,0,0
121.68,9512.51852469584,1.96644541654556,9500,9513.59164086024,1.79914766427009,1.96644541654556,0,-24.4117954090843,12.2382959815952,16,1503.01235607484,16915.3796986857,-15551.271016488,1.96644541654556,1.5418159808907,1.54501914367103,-0.00320316278033439,-10.6858470466434,0.431035761215533,1.96644541654556,0,267.161443506003,60.6481711487664,6.38456957497075e-10,1,0.987911263085685,0,-0.0200378183284933,-0.00640632556066878,0,0,0
121.695,9512.1523477647,1.96369073308735,9500,9513.31352939228,1.79601627877719,1.96369073308735,0,-25.6992304948265,12.2820836954739,16,1503.01235607484,16902.1350331902,-15545.3462118376,1.96369073308735,1.5418159808907,1.54188797627622,-7.19953855270461e-05,-12.4233486430693,0.422018742967711,1.96369073308735,0,267.161443506003,60.6481711487664,6.80574136384412e-10,1,0.987873234217346,0,-0.0196237864403701,-0.000143990771054092,0,0,0
121.71,9511.76685930728,1.96102939362521,9500,9513.01259465872,1.7936730494587,1.96102939362521,0,-26.9173527072219,12.324029151315,16,1503.01235607484,16889.1882570935,-15539.3240626441,1.96102939362521,1.5418159808907,1.53880329405821,0.00301268683248335,-14.1130821455585,0.413188039069545,1.96102939362521,0,267.161443506003,60.6481711487664,7.21602945496012e-10,1,0.987833199773482,0,-0.0191759373945337,0.00602537366496669,0,0,0
121.725,9511.36309901667,1.95846573498265,9500,9512.68974677071,1.79211198245867,1.95846573498265,0,-28.0644779992814,12.3640624679532,16,1503.01235607484,16876.5629120342,-15533.2185526917,1.95846573498265,1.5418159808907,1.53577053746572,0.00604544342497482,-15.7521927609714,0.404558867242005,1.95846573498265,0,267.161443506003,60.6481711487664,7.61501099225159e-10,1,0.987791267730181,0,-0.0186956653877282,0.0120908868499496,0,0,0
121.74,9510.94213184668,1.95600384649031,9500,9512.34592942215,1.79132554853867,1.95600384649031,0,-29.1390833140034,12.4021182755912,16,1503.01235607484,16864.2816198711,-15527.0436714901,1.95600384649031,1.5418159808907,1.53279495699965,0.00902102389104287,-17.3379619418006,0.396145817817527,1.95600384649031,0,267.161443506003,60.6481711487664,8.00223375978282e-10,1,0.98774754868695,0,-0.0181844161841944,0.0180420477820857,0,0,0
121.755,9510.50504559697,1.9536475491823,9500,9511.982117733,1.79130471265959,1.9536475491823,0,-30.1398171290322,12.4381361245529,16,1503.01235607484,16852.3659787248,-15520.8133698563,1.9536475491823,1.5418159808907,1.52988161201222,0.0119343688784808,-18.8678090538033,0.387962830534639,1.9536475491823,0,267.161443506003,60.6481711487664,8.3772000419743e-10,1,0.987702155615924,0,-0.0176436835074589,0.0238687377569615,0,0,0
121.77,9510.05294834004,1.951400378737,9500,9511.59931602555,1.79203896687953,1.951400378737,0,-31.0655077334524,12.4720608267483,16,1503.01235607484,16840.836474033,-15514.54151752,1.951400378737,1.5418159808907,1.52703536844569,0.0147806124450089,-20.3392936610981,0.380023172956283,1.951400378737,0,267.161443506003,60.6481711487664,8.73935633010285e-10,1,0.98765520359465,0,-0.0170750053163167,0.0295612248900179,0,0,0
121.785,9509.58696572403,1.94926557294971,9500,9511.19855551025,1.79351636721868,1.94926557294971,0,-31.9151687980006,12.5038427148774,16,1503.01235607484,16829.712408193,-15508.2418638421,1.94926557294971,1.5418159808907,1.52426089514316,0.0175550857475375,-21.7501186410149,0.37233942056394,1.94926557294971,0,267.161443506003,60.6481711487664,9.08812256330992e-10,1,0.987606809525976,0,-0.0164799599068848,0.035110171495075,0,0,0
121.8,9509.10823819206,1.94724606374594,9500,9510.78089187228,1.79572357477999,1.94724606374594,0,-32.6880020782898,12.533437818359,16,1503.01235607484,16819.0118501289,-15501.9280020778,1.94724606374594,1.5418159808907,1.521562658766,0.0202533221247001,-23.0981340734293,0.364923438605842,1.94724606374594,0,267.161443506003,60.6481711487664,9.42288917936066e-10,1,0.987557091849258,0,-0.0158601618745091,0.0405066442494002,0,0,0
121.815,9508.61791816089,1.94534447314249,9500,9510.34740276288,1.79864590109741,1.94534447314249,0,-33.3833971784873,12.5608079659011,16,1503.01235607484,16808.751605081,-15495.6133370844,1.94534447314249,1.5418159808907,1.51894491764596,0.0228710632447386,-24.381341673611,0.357786365762313,1.94534447314249,0,267.161443506003,60.6481711487664,9.74300537922758e-10,1,0.987506170247365,0,-0.015217257883245,0.0457421264894773,0,0,0
121.83,9508.11716720321,1.94356311219567,9500,9509.89918520972,1.80226735742291,1.94356311219567,0,-34.0009333439722,12.5859208253971,17,1503.01235607484,16798.9471986815,-15489.3110788067,1.94356311219567,1.5418159808907,1.51641171509564,0.0254042657950599,-25.5978994392932,0.350938599714853,1.94356311219567,0,267.161443506003,60.6481711487664,4.45432872622329e-10,1,0.987454165354044,0,-0.0145529223289445,0.0508085315901199,0,0,0
121.845,9507.60715320305,1.94190398191545,9500,9509.43735296811,1.80657070745672,1.94190398191545,0,-34.5403701957923,12.6087499330096,17,1503.01235607484,16789.6128126291,-15483.0341244294,1.94190398191545,1.5418159808907,1.51396687271174,0.0278491081789611,-26.7461261414046,0.344389784666828,1.94190398191545,0,267.161443506003,60.6481711487664,4.58529737893985e-10,1,0.987401198458497,0,-0.0138688528981012,0.0556982163579223,0,0,0
121.86,9507.08904765012,1.94036877590382,9500,9508.9630338215,1.81153752335319,1.94036877590382,0,-35.0016552550238,12.6292746314203,17,1503.01235607484,16780.761352997,-15476.7951686291,1.94036877590382,1.5418159808907,1.51161398381548,0.0302019970752196,-27.8245055700309,0.338148800862682,1.94036877590382,0,267.161443506003,60.6481711487664,4.70904051004629e-10,1,0.987347391224389,0,-0.0131667660518768,0.0604039941504393,0,0,0
121.875,9506.56402282129,1.93895888268348,9500,9508.47736688036,1.81714824379126,1.93895888268348,0,-35.3849133477353,12.6474800637306,17,1503.01235607484,16772.4043969936,-15470.6065892022,1.93895888268348,1.5418159808907,1.50935640806397,0.0324595728267245,-28.8316898644019,0.332223756139338,1.93895888268348,0,267.161443506003,60.6481711487664,4.82526315283657e-10,1,0.987292865397138,0,-0.0124483925070371,0.064919145653449,0,0,0
121.89,9506.03324912107,1.93767538972869,9500,9507.98149985065,1.8233822348437,1.93767538972869,0,-35.6904441515636,12.6633571054617,17,1503.01235607484,16764.5522078304,-15464.4804471001,1.93767538972869,1.5418159808907,1.50719726622729,0.0346187146634098,-29.7665025551333,0.326621979511171,1.93767538972869,0,267.161443506003,60.6481711487664,4.9336168617897e-10,1,0.987237742527707,0,-0.011715472695432,0.0692374293268196,0,0,0
121.905,9505.4978924588,1.93651908722346,9500,9507.47658632094,1.83021785242122,1.93651908722346,0,-35.9187181025265,12.6769023018778,17,1503.01235607484,16757.2137372253,-15458.4284647694,1.93651908722346,1.5418159808907,1.50513943612343,0.0366765447672657,-30.627940658367,0.321350016798227,1.93651908722346,0,267.161443506003,60.6481711487664,5.03374221948119e-10,1,0.98718214370022,0,-0.0109697522596166,0.0733530895345313,0,0,0
121.92,9504.95911168726,1.93549047184015,9500,9506.9637830729,1.8376325061582,1.93549047184015,0,-36.070372306293,12.6881178000192,17,1503.01235607484,16750.3966287447,-15452.4620053641,1.93549047184015,1.5418159808907,1.50318554955667,0.0386304313340262,-31.4151759623769,0.316413628281399,1.93549047184015,0,267.161443506003,60.6481711487664,5.12529086005573e-10,1,0.987126189265949,0,-0.0102129776160202,0.0772608626680524,0,0,0
121.935,9504.41805610267,1.93458975078591,9500,9506.44424742492,1.8456027244723,1.93458975078591,0,-36.1462063103614,12.6970112709113,17,1503.01235607484,16744.1072230141,-15446.5920530456,1.93458975078591,1.5418159808907,1.50133799012019,0.0404779907705117,-32.1275555398009,0.31181778835419,1.93458975078591,0,267.161443506003,60.6481711487664,5.2079093727472e-10,1,0.987069998583683,0,-0.00944689159116918,0.0809559815410235,0,0,0
121.95,9503.87586300801,1.9338168461571,9500,9505.91913461636,1.85410422058774,1.9338168461571,0,-36.1471777150909,12.7035958212005,17,1503.01235607484,16738.3505649615,-15440.8291944208,1.9338168461571,1.5418159808907,1.49959889182658,0.0422170890641169,-32.7646015493051,0.307566687138164,1.9338168461571,0,267.161443506003,60.6481711487664,5.28124373656345e-10,1,0.987013689766666,0,-0.00867322916510016,0.0844341781282338,0,0,0
121.965,9503.33365534229,1.93317139986761,9500,9505.38959523816,1.86311195934123,1.93317139986761,0,-36.0743974727433,12.7078898894577,17,1503.01235607484,16733.1304142019,-15435.1836013716,1.93317139986761,1.5418159808907,1.49797013840918,0.0438458424815207,-33.326010396332,0.303663734013869,1.93317139986761,0,267.161443506003,60.6481711487664,5.34494670042209e-10,1,0.986957379436388,0,-0.00789371331911748,0.0876916849630414,0,0,0
121.98,9502.79253938019,1.93265277923978,9500,9504.8567727149,1.872600224608,1.93265277923978,0,-35.9291248258316,12.7099171256475,17,1503.01235607484,16728.4492589446,-15429.6650153908,1.93265277923978,1.5418159808907,1.49645336322629,0.0453626176644066,-33.8116513205341,0.300111563020266,1.93265277923978,0,267.161443506003,60.6481711487664,5.39867930313228e-10,1,0.986901182483688,0,-0.00711005101632201,0.0907252353288133,0,0,0
121.995,9502.25360250781,1.93226008337099,9500,9504.32180084329,1.88254268718399,1.93226008337099,0,-35.7127618251792,12.7097062518841,17,1503.01235607484,16724.3083338949,-15424.2827335615,1.93226008337099,1.5418159808907,1.49504994968201,0.0467660312086839,-34.2215644639089,0.296912040062921,1.93226008337099,0,267.161443506003,60.6481711487664,5.44212267952441e-10,1,0.98684521183775,0,-0.00632392931950454,0.0935320624173679,0,0,0
122.01,9501.71791108043,1.93199215027674,9500,9503.78580139217,1.89291247295334,1.93199215027674,0,-35.4268474330584,12.707290904692,17,1503.01235607484,16720.7076421591,-15419.045596226,1.93199215027674,1.5418159808907,1.49376103213225,0.0480549487584487,-34.555958459881,0.294066271869144,1.93199215027674,0,267.161443506003,60.6481711487664,5.47496785013493e-10,1,0.986789578243632,0,-0.00553701164401321,0.0961098975168975,0,0,0
122.025,9501.18650836893,1.93184756485572,9500,9503.24988176925,1.90368223115868,1.93184756485572,0,-35.0730511907198,12.7027094582345,17,1503.01235607484,16717.6459813435,-15413.9619764226,1.93184756485572,1.5418159808907,1.49258749722286,0.0492284836678418,-34.8152075700846,0.291574616629338,1.93184756485572,0,267.161443506003,60.6481711487664,5.49693194787577e-10,1,0.986734390048985,0,-0.00475093419654082,0.0984569673356837,0,0,0
122.04,9500.66041260107,1.93182466753226,9500,9502.71513276039,1.91482420258135,1.93182466753226,0,-34.6531665419327,12.6960048314665,17,1503.01235607484,16715.1209732321,-15409.0397710005,1.93182466753226,1.5418159808907,1.49152998569036,0.0502859952003341,-34.9998483859303,0.289436696240895,1.93182466753226,0,267.161443506003,60.6481711487664,5.50773919633849e-10,1,0.986679753000639,0,-0.00396730254827871,0.100571990400668,0,0,0
122.055,9500.14061510294,1.93192156353342,9500,9502.1826263471,1.92631028742957,1.93192156353342,0,-34.1691038420017,12.6872242803685,17,1503.01235607484,16713.1290968584,-15404.2863934006,1.93192156353342,1.5418159808907,1.49058889461642,0.0512270862742772,-35.1105761056279,0.287651410094169,1.93192156353342,0,267.161443506003,60.6481711487664,5.5071577238e-10,1,0.986625770051581,0,-0.00318768842900274,0.102454172548554,0,0,0
122.07,9499.62807854531,1.93213613268406,9500,9501.65341360804,1.93811211273131,1.93213613268406,0,-33.6228831269376,12.6764191777857,17,1503.01235607484,16711.665724458,-15399.7087680147,1.93213613268406,1.5418159808907,1.48976438014458,0.0520516007461218,-35.1482403964567,0.286216950301118,1.93213613268406,0,267.161443506003,60.6481711487664,5.49497026262441e-10,1,0.986572541178837,0,-0.00241362667255585,0.104103201492244,0,0,0
122.085,9499.12373529841,1.93246603959512,9500,9501.12852270985,1.95020109903168,1.93246603959512,0,-33.0166267194409,12.6636447835703,17,1503.01235607484,16710.7251597617,-15395.3133260234,1.93246603959512,1.5418159808907,1.48905636068772,0.0527596202029754,-35.1138408545719,0.285130818298468,1.93246603959512,0,267.161443506003,60.6481711487664,5.47100657655684e-10,1,0.986520163212604,0,-0.0016466123745249,0.105519240405951,0,0,0
122.1,9498.62848589762,1.93290874416695,9500,9500.60895699233,1.96254852620202,1.93290874416695,0,-32.3525517213548,12.6489600068982,17,1503.01235607484,16710.3006782707,-15391.1060026358,1.93290874416695,1.5418159808907,1.48846452061754,0.0533514602731608,-35.0085220780359,0.284389842729932,1.93290874416695,0,267.161443506003,60.6481711487664,5.43511709149831e-10,1,0.98646872967691,0,-0.000888098248076341,0.106702920546322,0,0,0
122.115,9498.1431976218,1.93346151230167,9500,9500.09569315225,1.97512559818067,1.93346151230167,0,-31.6329624586767,12.6324271631403,17,1503.01235607484,16710.3845690361,-15387.0922356316,1.93346151230167,1.5418159808907,1.48798831444436,0.0538276664463384,-34.8335683754855,0.283990198518297,1.93346151230167,0,267.161443506003,60.6481711487664,5.38720092722554e-10,1,0.986418330641967,0,-0.000139492184672685,0.107655332892677,0,0,0
122.13,9497.66870318492,1.93412142679357,9500,9499.58967952934,1.98790350647978,1.93412142679357,0,-30.8602428991843,12.6141117263194,17,1503.01235607484,16710.9681777827,-15383.2769651588,1.93412142679357,1.5418159808907,1.48762697145686,0.0541890094338375,-34.5903981375176,0.283927427035195,1.93412142679357,0,267.161443506003,60.6481711487664,5.32719128686655e-10,1,0.98636905258829,0,0.000597844982444196,0.108378018867675,0,0,0
122.145,9497.20579954143,1.93488539826099,9500,9499.09183449747,2.00085349230798,1.93488539826099,0,-30.0368491254981,12.5940820800866,17,1503.01235607484,16712.0419507649,-15379.6646346443,1.93488539826099,1.5418159808907,1.4873795008442,0.0544364800464989,-34.2805579028843,0.284196457277295,1.93488539826099,0,267.161443506003,60.6481711487664,5.25507026199418e-10,1,0.986320978282633,0,0.00132260151194141,0.108872960092998,0,0,0
122.16,9496.75524680455,1.93575017618602,9500,9498.60304496318,2.01394690717357,1.93575017618602,0,-29.1653018266318,12.5724092664794,17,1503.01235607484,16713.5954795956,-15376.2591928501,1.93575017618602,1.5418159808907,1.48724469722187,0.0545712836688264,-33.9057161541732,0.284791627957668,1.93575017618602,0,267.161443506003,60.6481711487664,5.1708571526513e-10,1,0.986274186665647,0,0.00203351657290551,0.109142567337653,0,0,0
122.175,9496.31776727715,1.93671235990247,9500,9498.12416497289,2.02715527185158,1.93671235990247,0,-28.2481789030815,12.5491667357914,17,1503.01235607484,16715.6175463455,-15373.0640969069,1.93671235990247,1.5418159808907,1.48722114659255,0.0545948342981488,-33.4676568817264,0.285706710415476,1.93671235990247,0,267.161443506003,60.6481711487664,5.07462621747259e-10,1,0.986228752751235,0,0.00272938187874017,0.109189668596298,0,0,0
122.19,9495.8940445936,1.9377684096196,9500,9497.65601443007,2.04045033360724,1.9377684096196,0,-27.2881081361014,12.5244300964117,17,1503.01235607484,16718.0961692358,-15370.0823163694,1.9377684096196,1.5418159808907,1.4873072326567,0.054508748233995,-32.9682729522028,0.286934932260909,1.9377684096196,0,267.161443506003,60.6481711487664,4.9664890929385e-10,1,0.986184747537431,0,0.00340904311261325,0.10901749646799,0,0,0
122.205,9495.48472297156,1.93891465736044,9500,9497.19937792232,2.05380412158629,1.93891465736044,0,-26.2877599925318,12.4982768672372,17,1503.01235607484,16721.0186483878,-15367.3163381571,1.93891465736044,1.5418159808907,1.48750114348662,0.0543148374040814,-32.4095593206254,0.288469001661585,1.93891465736044,0,267.161443506003,60.6481711487664,4.84662432266035e-10,1,0.986142237928688,0,0.00407140116523097,0.108629674808163,0,0,0
122.22,9495.09040657167,1.94014731785731,9500,9496.75500365865,2.06718900029037,1.94014731785731,0,-25.2498404777523,12.4707862322939,17,1503.01235607484,16724.3716121314,-15364.7681723848,1.94014731785731,1.5418159808907,1.48780087850036,0.054015102390337,-31.7936061211504,0.290301132185939,1.94014731785731,0,267.161443506003,60.6481711487664,4.71524356049665e-10,1,0.986101286669392,0,0.00471541319310376,0.108030204780674,0,0,0
122.235,9494.7116589645,1.94146249931388,9500,9496.32360251609,2.08057772106909,1.94146249931388,0,-24.1770834469929,12.4420387996357,17,1503.01235607484,16728.1410671186,-15362.4393589749,1.94146249931388,1.5418159808907,1.48820425574052,0.053611725150174,-31.1225916714858,0.292423068122835,1.94146249931388,0,267.161443506003,60.6481711487664,4.57261961810975e-10,1,0.98606195228849,0,0.00534009349157549,0.107223450300348,0,0,0
122.25,9494.3490027128,1.94285621408454,9500,9495.9058471954,2.09394347156119,1.94285621408454,0,-23.0722420477991,12.4121163703035,16,1503.01235607484,16732.3124320876,-15360.3309530371,1.94285621408454,1.5418159808907,1.4887089193908,0.053107061499899,-30.3987754185641,0.294826110194044,1.94285621408454,0,267.161443506003,60.6481711487664,9.77980166490724e-10,1,0.986024289056113,0,0.00594451420362896,0.106214122999798,0,0,0
122.265,9494.00291908208,1.94432438903136,9500,9495.50237148718,2.1072599229616,1.94432438903136,0,-21.9380899451988,12.3811016840281,16,1503.01235607484,16736.8706282963,-15358.4436225218,1.94432438903136,1.5418159808907,1.48931234761321,0.0525036332774904,-29.6244908142941,0.297501141585677,1.94432438903136,0,267.161443506003,60.6481711487664,9.41138150273844e-10,1,0.985988346953517,0,0.00652780586340285,0.105007266554981,0,0,0
122.28,9493.6738477329,1.94586287530659,9500,9495.11376965325,2.1205012749136,1.94586287530659,0,-20.7774041736012,12.3490782405071,16,1503.01235607484,16741.8000488593,-15356.7775204699,1.94586287530659,1.5418159808907,1.49001186079485,0.0518041200958441,-28.8021380685117,0.300438654224209,1.94586287530659,0,267.161443506003,60.6481711487664,9.02122256917029e-10,1,0.985954171641126,0,0.0070891577616099,0.103608240191688,0,0,0
122.295,9493.3621866703,1.94746745920738,9500,9494.74059588856,2.13364229881926,1.94746745920738,0,-19.592966011786,12.3161300421882,16,1503.01235607484,16747.0846550688,-15355.3323866451,1.94746745920738,1.5418159808907,1.49080462934082,0.0510113515498756,-27.9341773169405,0.303628775216933,1.94746745920738,0,267.161443506003,60.6481711487664,8.61027959847445e-10,1,0.985921804453276,0,0.00762781821963898,0.102022703099751,0,0,0
122.31,9493.06829218012,1.94913387152376,9500,9494.38336390954,2.14665837834469,1.94913387152376,0,-18.3875534679111,12.2823413982645,16,1503.01235607484,16752.708004876,-15354.1075337079,1.94913387152376,1.5418159808907,1.49168768228205,0.0501282986086435,-27.0231214370956,0.307061293415771,1.94913387152376,0,267.161443506003,60.6481711487664,8.17968326329684e-10,1,0.985891282391611,0,0.00814309466431173,0.100256597217287,0,0,0
122.325,9492.79247887811,1.95085779726732,9500,9494.04254663246,2.15952554794377,1.95085779726732,0,-17.1639355238465,12.2477967190464,16,1503.01235607484,16758.6532955134,-15353.1018575524,1.95085779726732,1.5418159808907,1.49265791570974,0.0491580651809544,-26.0715291232132,0.310725686014711,1.95085779726732,0,267.161443506003,60.6481711487664,7.730666497539e-10,1,0.985862638130171,0,0.00863435361231346,0.0983161303619089,0,0,0
122.34,9492.53501984525,1.95263488521284,9500,9493.71857594807,2.17222052918394,1.95263488521284,0,-15.9248665811624,12.2125803172555,16,1503.01235607484,16764.903405435,-15352.3138481287,1.95263488521284,1.5418159808907,1.49371210129975,0.0481038795909445,-25.0819980766685,0.314611145140252,1.95263488521284,0,267.161443506003,60.6481711487664,7.26454973835891e-10,1,0.985835900029458,0,0.00910102052419592,0.0962077591818891,0,0,0
122.355,9492.29614684653,1.95446075730653,9500,9493.41184258957,2.18472076486622,1.95446075730653,0,-14.6730810746722,12.1767762154156,16,1503.01235607484,16771.4409357879,-15351.7416007704,1.95446075730653,1.5418159808907,1.49484689487085,0.0469690860198479,-24.0571583234895,0.31870660437614,1.95446075730653,0,267.161443506003,60.6481711487664,6.78271285812181e-10,1,0.985811092159148,0,0.0095425795362365,0.0939381720396959,0,0,0
122.37,9492.07605063041,1.95633101780694,9500,9493.12269609157,2.19700445093649,1.95633101780694,0,-13.4112883299404,12.1404679618386,16,1503.01235607484,16778.2482508429,-15351.3828278792,1.95633101780694,1.5418159808907,1.4960588450163,0.0457571358743993,-22.9996656699339,0.323000765167447,1.95633101780694,0,267.161443506003,60.6481711487664,6.28662755427341e-10,1,0.985788234329195,0,0.00995857311220139,0.0915142717487987,0,0,0
122.385,9491.87488130546,1.95824126222866,9500,9492.85144483724,2.20905056618606,1.95824126222866,0,-12.1421676200187,12.1037384540141,16,1503.01235607484,16785.3075176714,-15351.2348710001,1.95824126222866,1.5418159808907,1.49734440175569,0.0444715791350117,-21.9121953040024,0.327482123067937,1.95824126222866,0,267.161443506003,60.6481711487664,5.7778115339614e-10,1,0.985767342128944,0,0.0103486015713827,0.0889431582700233,0,0,0
122.4,9491.69274879116,1.96018708603712,9500,9492.59835619093,2.22083889974882,1.96018708603712,0,-10.8683634495638,12.0666697703606,16,1503.01235607484,16792.6007448403,-15351.2947132118,1.96018708603712,1.5418159808907,1.49869992520502,0.0431160556856811,-20.7974355533104,0.33213899377506,1.96018708603712,0,267.161443506003,60.6481711487664,5.25785792024163e-10,1,0.985748426973953,0,0.0107123225380117,0.0862321113713622,0,0,0
122.415,9491.52972333941,1.96216409306422,9500,9492.36365671319,2.23235007640468,1.96216409306422,0,-9.59248107852151,12.0293430108819,16,1503.01235607484,16800.1098200045,-15351.5589917772,1.96216409306422,1.5418159808907,1.50012169426252,0.0416942866281791,-19.6580818074903,0.336959538917165,1.96216409306422,0,267.161443506003,60.6481711487664,4.72838643551639e-10,1,0.985731496160149,0,0.0110494503071243,0.0833885732563582,0,0,0
122.43,9491.38583612324,1.9641679036985,9500,9492.14753245521,2.24356557970467,1.9641679036985,0,-8.31708394972794,11.9918381407895,15,1503.01235607484,16807.8165578243,-15352.0240319279,1.9641679036985,1.5418159808907,1.50160591526448,0.0402100656262177,-18.4968306136589,0.341931791555371,1.9641679036985,0,267.161443506003,60.6481711487664,9.22850477642844e-10,1,0.985716552924968,0,0.0113597551270366,0.0804201312524353,0,0,0
122.445,9491.26107986399,1.96619416277227,9500,9491.95012932957,2.25446777293906,1.96619416277227,0,-7.04468263212969,11.9542338685431,15,1503.01235607484,16815.7026890268,-15352.6857736177,1.96619416277227,1.5418159808907,1.50314873063118,0.0386672502595189,-17.3163739535846,0.347043681362537,1.96619416277227,0,267.161443506003,60.6481711487664,8.02993328935669e-10,1,0.985703596512497,0,0.0116430624040564,0.0773345005190378,0,0,0
122.46,9491.15540962451,1.96823854755121,9500,9491.77155354745,2.26503991813884,1.96823854755121,0,-5.77774171916289,11.9166074748045,15,1503.01235607484,16823.7499684013,-15353.5399191408,1.96823854755121,1.5418159808907,1.50474622728262,0.0370697536080764,-16.1193938062179,0.352283059444363,1.96823854755121,0,267.161443506003,60.6481711487664,6.82216630000957e-10,1,0.985692622255838,0,0.0118992518522674,0.0741395072161528,0,0,0
122.475,9491.06874349872,1.9702967743052,9500,9491.61187214802,2.27526619240762,1.9702967743052,0,-4.51866917944292,11.8790347220329,15,1503.01235607484,16831.9401553367,-15354.5818536545,1.9702967743052,1.5418159808907,1.50639444557239,0.0354215353183092,-14.9085565530396,0.357637722777883,1.9702967743052,0,267.161443506003,60.6481711487664,5.60915166734183e-10,1,0.985683621648736,0,0.0121282565491749,0.0708430706366183,0,0,0
122.49,9491.00096346103,1.97236460597682,9500,9491.47111356945,2.28513170280151,1.97236460597682,0,-3.2698127720088,11.8415897312521,14,1503.01235607484,16840.2550495871,-15355.8066610233,1.97236460597682,1.5418159808907,1.50808938746014,0.0337265934305555,-13.6865080084172,0.363095438225012,1.97236460597682,0,267.161443506003,60.6481711487664,9.66765579277101e-10,1,0.985676582433782,0,0.0123300619708091,0.067453186861111,0,0,0
122.505,9490.95191626945,1.97443785912314,9500,9491.34926829198,2.29462249894885,1.97443785912314,0,-2.03346458636425,11.804344832557,14,1503.01235607484,16848.6765735171,-15357.209232251,1.97443785912314,1.5418159808907,1.50982702483042,0.0319889560602815,-12.4558684853512,0.368643966111876,1.97443785912314,0,267.161443506003,60.6481711487664,6.99875601931258e-10,1,0.985671488696213,0,0.0125047049353881,0.063977912120563,0,0,0
122.52,9490.92141430065,1.97651241020421,9500,9491.24628954844,2.30372558347637,1.97651241020421,0,-0.811847481929145,11.7673705334152,13,1503.01235607484,16857.1867320381,-15358.7841488234,1.97651241020421,1.5418159808907,1.51160330790034,0.0302126729903565,-11.2192279589551,0.3742710833328,1.97651241020421,0,267.161443506003,60.6481711487664,9.55494840321421e-10,1,0.985668320950633,0,0.0126522725289375,0.0604253459807129,0,0,0
122.535,9490.90923658842,1.97858420293184,9500,9491.16209406703,2.31242892108248,1.97858420293184,0,0.3928891107821,11.7307353926586,12,1503.01235607484,16865.7676398791,-15360.5256865117,1.97858420293184,1.5418159808907,1.51341417285554,0.0284018080351609,-9.97914182359164,0.379964605970822,1.97858420293184,0,267.161443506003,60.6481711487664,8.27508617233098e-10,1,0.985667056248857,0,0.0127729009764863,0.0568036160703218,0,0,0
122.55,9490.91512992509,1.98064925407679,9500,9491.09656289073,2.32072144510792,1.98064925407679,0,1.57865364280989,11.6945059207438,11,1503.01235607484,16874.4016690071,-15362.4280513989,1.98064925407679,1.5418159808907,1.51525555000277,0.0265604308879277,-8.73812645872926,0.385712411410241,1.98064925407679,0,267.161443506003,60.6481711487664,9.49574555251144e-10,1,0.985667668294305,0,0.0128667744599491,0.0531208617758554,0,0,0
122.565,9490.93880972973,1.982703658015,9500,9491.04954226977,2.32859306163568,1.982703658015,0,2.74343136528686,11.658746131371,13,1503.01235607484,16883.0713353165,-15364.4851594854,1.982703658015,1.5418159808907,1.51712337228716,0.0246926086035413,-7.49865469768157,0.391502459917218,1.982703658015,0,267.161443506003,60.6481711487664,7.61213137564235e-10,1,0.985670127532167,0,0.0129341238567666,0.0493852172070826,0,0,0
122.58,9490.97996120021,1.98474359395154,9500,9491.02084454786,2.33603465308135,1.98474359395154,0,3.88528611528233,11.6235185986803,14,1503.01235607484,16891.7593988938,-15366.6907271031,1.98474359395154,1.5418159808907,1.51901358218666,0.0228023987040396,-6.26315239146849,0.397322815652763,1.98474359395154,0,267.161443506003,60.6481711487664,5.98773370816958e-10,1,0.98567440126904,0,0.0129752255196709,0.0456047974080791,0,0,0
122.595,9491.03824049194,1.98676533142608,9500,9491.01024911728,2.34303807936941,1.98676533142608,0,5.00235845004375,11.5888830813143,14,1503.01235607484,16900.4488523711,-15369.0382701218,1.98676533142608,1.5418159808907,1.52092213919132,0.020893841699382,-5.03399471689961,0.403161667136615,1.98676533142608,0,267.161443506003,60.6481711487664,8.46283335497379e-10,1,0.985680453795356,0,0.0129903999792478,0.041787683398764,0,0,0
122.61,9491.11327586869,1.98876523477259,9500,9491.01750343191,2.34959617692114,1.98876523477259,0,6.09286633924269,11.5548971290744,15,1503.01235607484,16909.1229811187,-15371.5211604389,1.98876523477259,1.5418159808907,1.52284502751339,0.0189709533773095,-3.81350244637396,0.409007347127277,1.98876523477259,0,267.161443506003,60.6481711487664,4.94923667086432e-10,1,0.985688246504892,0,0.0129800106005669,0.0379419067546189,0,0,0
122.625,9491.20466886378,1.99073976766491,9500,9491.04232405606,2.35570275597636,1.99073976766491,0,7.15510398780871,11.5216159258569,15,1503.01235607484,16917.7653987097,-15374.1326683259,1.99073976766491,1.5418159808907,1.52477826345235,0.0170377174383429,-2.6039385165117,0.414848351897532,1.99073976766491,0,267.161443506003,60.6481711487664,6.02118958748336e-10,1,0.985697738015367,0,0.0129444622048103,0.0340754348766859,0,0,0
122.64,9491.31199542359,1.9926854978274,9500,9491.08439774229,2.36135259638834,1.9926854978274,0,8.18745265987436,11.4890922458894,15,1503.01235607484,16926.3600086918,-15376.8658629178,1.9926854978274,1.5418159808907,1.5267179023672,0.0150980785235013,-1.40750492589448,0.420673359889696,1.9926854978274,0,267.161443506003,60.6481711487664,7.0616984918105e-10,1,0.985708884287198,0,0.0128841996726745,0.0301961570470026,0,0,0
122.655,9491.43480721349,1.99459910233063,9500,9491.14338252637,2.3665414421788,1.99459910233063,0,9.18837591028131,11.4573763860141,15,1503.01235607484,16934.8910750034,-15379.7137098341,1.99459910233063,1.5418159808907,1.52866004504193,0.0131559358487656,-0.226340068487644,0.4264712497424,1.99459910233063,0,267.161443506003,60.6481711487664,8.0684490060303e-10,1,0.985721638759125,0,0.012799706552701,0.0263118716975312,0,0,0
122.67,9491.57263285215,1.99647737130055,9500,9491.21890887685,2.37126599388297,1.99647737130055,0,10.1564221506787,11.4265161403686,15,1503.01235607484,16943.3432310856,-15382.6690658248,1.99647737130055,1.5418159808907,1.53060084453133,0.0112151363593711,0.937484149607822,0.432231117691115,1.99647737130055,0,267.161443506003,60.6481711487664,9.0391157994795e-10,1,0.985735952476403,0,0.0126915035926856,0.0224302727187422,0,0,0
122.685,9491.72497918441,1.99831721177143,9500,9491.3105808666,2.37552389947451,1.99831721177143,0,11.0902257232323,11.3965567713767,15,1503.01235607484,16951.701500092,-15385.7246929561,1.99831721177143,1.5418159808907,1.53253651260424,0.00927946828645565,2.08196487961073,0.437942294307824,1.99831721177143,0,267.161443506003,60.6481711487664,9.97154732752287e-10,1,0.985751774222993,0,0.0125601472755099,0.0185589365729113,0,0,0
122.7,9491.89133257025,2.00011565131377,9500,9491.41797737063,2.37931374374532,2.00011565131377,0,11.9885058082979,11.3675409777923,16,1503.01235607484,16959.9513275055,-15388.8732974689,2.00011565131377,1.5418159808907,1.53446332597006,0.00735265492063442,3.20517071819612,0.443594360581803,2.00011565131377,0,267.161443506003,60.6481711487664,4.93819582297929e-10,1,0.985769050655423,0,0.0124062283156969,0.0147053098412688,0,0,0
122.715,9492.07116015738,2.00186984136786,9500,9491.54065328755,2.38263503618692,2.00186984136786,0,12.8500751457133,11.3395089066907,16,1503.01235607484,16968.078547459,-15392.1074465925,2.00186984136786,1.5418159808907,1.53637763231405,0.00543834857664716,4.30524391579383,0.449177163323867,2.00186984136786,0,267.161443506003,60.6481711487664,5.32368928401992e-10,1,0.985787726434952,0,0.0122303701438542,0.0108766971532943,0,0,0
122.73,9492.26391128456,2.00357706073366,9500,9491.67814077421,2.38548819761925,2.00357706073366,0,13.6738291330274,11.3124980890003,16,1503.01235607484,16976.0694783782,-15395.4197260627,2.00357706073366,1.5418159808907,1.53827585591352,0.00354012497717937,5.3804022919061,0.454680829888601,2.00357706073366,0,267.161443506003,60.6481711487664,5.68930577763401e-10,1,0.985807744373317,0,0.012033227374153,0.00708024995435874,0,0,0
122.745,9492.46901872156,2.00523471747535,9500,9491.8299505241,2.3878745447833,2.00523471747535,0,14.4587534252303,11.2865434753118,16,1503.01235607484,16983.9108855328,-15398.8026594776,2.00523471747535,1.5418159808907,1.54015450370186,0.00166147718884035,6.4289413713643,0.46009578220697,2.00523471747535,0,267.161443506003,60.6481711487664,6.03431990213745e-10,1,0.985829045561496,0,0.0118154842157208,0.00332295437768071,0,0,0
122.76,9492.68590002294,2.00684035203814,9500,9491.99557303582,2.3897962742283,2.00684035203814,0,15.2039226742618,11.2616774153779,16,1503.01235607484,16991.590011041,-15402.2487453817,2.00684035203814,1.5418159808907,1.542010170369,-0.0001941894782993,7.44923590097182,0.465412750104044,2.00684035203814,0,267.161443506003,60.6481711487664,6.3582215662959e-10,1,0.985851569510314,0,0.0115778529176835,-0.000388378956598601,0,0,0
122.775,9492.91395886305,2.00839163961747,9500,9492.17447990362,2.39125644468562,2.00839163961747,0,15.9085007163002,11.2379296574736,16,1503.01235607484,16999.0945886337,-15405.7504708654,2.00839163961747,1.5418159808907,1.54383954348581,-0.00202356259511371,8.43974135697979,0.470622783917002,2.00839163961747,0,267.161443506003,60.6481711487664,6.66058011771252e-10,1,0.985875254289084,0,0.0113210721629713,-0.00404712519022743,0,0,0
122.79,9493.1525863738,2.0098863922126,9500,9492.36612511944,2.39225895818229,2.0098863922126,0,16.5717405792607,11.2153273529859,16,1503.01235607484,17006.4128572162,-15409.3003249584,2.0098863922126,1.5418159808907,1.54563940842491,-0.00382342753421727,9.39899528895961,0.475717266390339,2.0098863922126,0,267.161443506003,60.6481711487664,6.94107234355549e-10,1,0.985900036664533,0,0.0110459054615231,-0.00764685506843454,0,0,0
122.805,9493.40116248248,2.01132256046934,9500,9492.56994638428,2.39280853994324,2.01132256046934,0,17.1929843728989,11.1938950642332,16,1503.01235607484,17013.5335736535,-15412.89081189,2.01132256046934,1.5418159808907,1.54740665302539,-0.00559067213469011,10.3256185027311,0.480687923848025,2.01132256046934,0,267.161443506003,60.6481711487664,7.19946912204694e-10,1,0.985925852239753,0,0.0107531395227229,-0.0111813442693802,0,0,0
122.82,9493.65905724808,2.01269823520889,9500,9492.78536642633,2.39291071713521,2.01269823520889,0,17.7716630029717,11.1736547771338,16,1503.01235607484,17020.4460243395,-15416.5144641124,2.01269823520889,1.5418159808907,1.54913827204823,-0.00732229115753014,11.2183160831298,0.48552683663325,2.01269823520889,0,267.161443506003,60.6481711487664,7.43561468979924e-10,1,0.985952635592969,0,0.0104435826167952,-0.0146445823150603,0,0,0
122.835,9493.92563219312,2.01401164874073,9500,9493.01179432392,2.39257179650336,2.01401164874073,0,18.3072957689994,11.1546259168628,16,1503.01235607484,17027.1400359555,-15420.1638551543,2.01401164874073,1.5418159808907,1.55083137137108,-0.00901539048038669,12.0758782594761,0.490226448810808,2.01401164874073,0,267.161443506003,60.6481711487664,7.64945902961766e-10,1,0.985980320415866,0,0.0101180629201092,-0.0180307809607734,0,0,0
122.85,9494.20024162966,2.01526117589877,9500,9493.24862683069,2.39179884095605,2.01526117589877,0,18.7994898114937,11.1368253674048,16,1503.01235607484,17033.6059851522,-15423.8316122366,2.01526117589877,1.5418159808907,1.55248317194909,-0.0106671910583906,12.8971811142335,0.494779577124857,2.01526117589877,0,267.161443506003,60.6481711487664,7.8410179358502e-10,1,0.986008839651292,0,0.00977742684290206,-0.0213343821167813,0,0,0
122.865,9494.48223397683,2.01644533483763,9500,9493.49524970103,2.39059964515125,2.01644533483763,0,19.2479394310816,11.120267494225,16,1503.01235607484,17039.8348072971,-15427.5104286658,2.01644533483763,1.5418159808907,1.55409101351931,-0.0122750326286127,13.6811871375135,0.499179419204163,2.01644533483763,0,267.161443506003,60.6481711487664,8.01039357990759e-10,1,0.986038125630095,0,0.00942253737221077,-0.0245500652572255,0,0,0
122.88,9494.7709530683,2.01756278759028,9500,9493.75103901341,2.38898271014017,2.01756278759028,0,19.6524252825534,11.1049641699094,16,1503.01235607484,17045.8180042868,-15431.1930759896,2.01756278759028,1.5418159808907,1.55565235805173,-0.013836377161037,14.4269456291237,0.503419561021658,2.01756278759028,0,267.161443506003,60.6481711487664,8.15776407952849e-10,1,0.986068110206902,0,0.00905427236717182,-0.0276727543220741,0,0,0
122.895,9495.06573944753,2.01861234035718,9500,9494.01536248966,2.38695721712335,2.01861234035718,0,20.0128134274789,11.0909248031774,16,1503.01235607484,17051.5476512869,-15434.8724158726,2.01861234035718,1.5418159808907,1.5571647929509,-0.0153488120601994,15.1335929507657,0.507493983586885,2.01861234035718,0,267.161443506003,60.6481711487664,8.28336864384306e-10,1,0.986098724894642,0,0.00867352288045353,-0.0306976241203989,0,0,0
122.91,9495.36593164894,2.01959294360117,9500,9494.287580808,2.3845330003749,2.01959294360117,0,20.3290542898501,11.0781563698781,16,1503.01235607484,17057.0164026969,-15438.5414117396,2.01959294360117,1.5418159808907,1.55862603397701,-0.0168100530863098,15.8003526308698,0.511397068883089,2.01959294360117,0,267.161443506003,60.6481711487664,8.38752369359731e-10,1,0.986129900997594,0,0.00828119145607653,-0.0336201061726196,0,0,0
122.925,9495.67086746329,2.02050369185888,9500,9494.56704890782,2.38172051939233,2.02050369185888,0,20.6011814645053,11.0666634474192,16,1503.01235607484,17062.2174969615,-15442.1931400934,2.02050369185888,1.5418159808907,1.56003392792577,-0.0182179470350723,16.4265353241118,0.515123605038323,2.02050369185888,0,267.161443506003,60.6481711487664,8.47060062786414e-10,1,0.986161569742809,0,0.00787819042891647,-0.0364358940701446,0,0,0
122.94,9495.97988518526,2.02134382336193,9500,9494.8531172842,2.37853083032625,2.02134382336193,0,20.8293104334018,11.0564482509377,16,1503.01235607484,17067.1447605983,-15445.8208015702,2.02134382336193,1.5418159808907,1.56138645502075,-0.0195704741300537,17.0115386298305,0.518668790731336,2.02134382336193,0,267.161443506003,60.6481711487664,8.53302129666079e-10,1,0.986193662409671,0,0.00746544021737705,-0.0391409482601075,0,0,0
122.955,9496.29232484176,2.022112719386,9500,9495.14513327036,2.37497555674873,2.022112719386,0,21.0136371444241,11.0475106725546,16,1503.01235607484,17071.7926111003,-15449.4177316461,2.022112719386,1.5418159808907,1.56268173105763,-0.0208657501669283,17.5548467707576,0.522028238829155,2.022112719386,0,267.161443506003,60.6481711487664,8.57526084688408e-10,1,0.986226110457461,0,0.00704386762526998,-0.0417315003338565,0,0,0
122.97,9496.60752939893,2.02280990342242,9500,9495.44244230598,2.3710668598159,2.02280990342242,0,21.1544365074865,11.0398483220224,16,1503.01235607484,17076.1560590822,-15452.9774110585,2.02280990342242,1.5418159808907,1.5639180092551,-0.0221020283644044,18.0560301361333,0.525197979260527,2.02280990342242,0,267.161443506003,60.6481711487664,8.59784172175301e-10,1,0.986258845650711,0,0.00661440412292125,-0.0442040567288089,0,0,0
122.985,9496.92484594654,2.02343504009412,9500,9495.74438918971,2.3668174078829,2.02343504009412,0,21.2520607654432,11.0334565700683,16,1503.01235607484,17080.2307093471,-15456.4934758599,2.02343504009412,1.5418159808907,1.56509368184691,-0.0232777009562086,18.5147446914433,0.528174461115842,2.02343504009412,0,267.161443506003,60.6481711487664,8.60133208685174e-10,1,0.986291800182209,0,0.00617798416165649,-0.0465554019124172,0,0,0
123,9497.24362685802,2.02398793385772,9500,9496.05031931395,2.36224034562753,2.02398793385772,0,21.306937763863,11.0283285936724,16,1503.01235607484,17084.0127610253,-15459.959727122,2.02398793385772,1.5418159808907,1.56620728140148,-0.0243913005107814,18.930731258556,0.530954553988587,2.02398793385772,0,267.161443506003,60.6481711487664,8.5863251012119e-10,1,0.98632490679347,0,0.00573554346425564,-0.0487826010215628,0,0,0
123.015,9497.56323092448,2.0244685275162,9500,9496.35957988034,2.35734926274025,2.0244685275162,0,21.3195691362308,11.0244554228356,16,1503.01235607484,17087.4990068821,-15463.3701402953,2.0244685275162,1.5418159808907,1.5672574818517,-0.025441500961001,19.3038146690965,0.533535548547502,2.0244685275162,0,267.161443506003,60.6481711487664,8.55344914944434e-10,1,0.986358098892509,0,0.00528801734057893,-0.0508830019220019,0,0,0
123.03,9497.88302446152,2.02487690049266,9500,9496.67152109407,2.35215816223802,2.02487690049266,0,21.2905283766121,11.0218259896746,16,1503.01235607484,17090.686831577,-15466.7188741655,2.02487690049266,1.5418159808907,1.5682430992651,-0.0264271183743989,19.6339027941769,0.535915156350762,2.02487690049266,0,267.161443506003,60.6481711487664,8.50335891632912e-10,1,0.98639131066879,0,0.00483633900586167,-0.0528542367487979,0,0,0
123.045,9498.20238238717,2.02521326691245,9500,9496.98549733554,2.34668142845883,2.02521326691245,0,21.2204588289751,11.0204271790239,16,1503.01235607484,17093.5742090601,-15470.0002794306,2.02521326691245,1.5418159808907,1.56916309233152,-0.0273471114408237,19.9209854539869,0.5380915089034,2.02521326691245,0,267.161443506003,60.6481711487664,8.43673236412678e-10,1,0.986424477205169,0,0.00438143791731238,-0.0546942228816474,0,0,0
123.06,9498.52068926961,2.02547797350761,9500,9497.30086830773,2.34093379479405,2.02547797350761,0,21.1100716028712,11.020243880308,16,1503.01235607484,17096.1596991575,-15473.2089068948,2.02547797350761,1.5418159808907,1.57001656256534,-0.028200581674638,20.1651332105631,0.540063155966191,2.02547797350761,0,267.161443506003,60.6481711487664,8.35426329752742e-10,1,0.986457534586708,0,0.00392423811460985,-0.056401163349276,0,0,0
123.075,9498.83734034365,2.02567149728842,9500,9497.61700015776,2.33493031121614,2.02567149728842,0,20.9601433788422,11.021259041652,16,1503.01235607484,17098.4424430729,-15476.3395152182,2.02567149728842,1.5418159808907,1.57080275425072,-0.0289867733600233,20.3664960466698,0.541829063117765,2.02567149728842,0,267.161443506003,60.6481711487664,8.25665393877728e-10,1,0.986490420006243,0,0.00346565659143927,-0.0579735467200466,0,0,0
123.09,9499.15174249433,2.02579444306887,9500,9497.93326657119,2.32868631165633,2.02579444306887,0,20.7715141617886,11.0234537247533,16,1503.01235607484,17100.4221581927,-15479.3870782773,2.02579444306887,1.5418159808907,1.57152105409357,-0.0297050732028681,20.5253019355982,0.543388608583913,2.02579444306887,0,267.161443506003,60.6481711487664,8.14462223828566e-10,1,0.986523071866525,0,0.00300660166629152,-0.0594101464057362,0,0,0
123.105,9499.46331520676,2.02584754076915,9500,9498.24904983762,2.32221738129084,2.02584754076915,0,20.5450849389543,11.0268071618745,16,1503.01235607484,17102.099131868,-15482.3467920599,2.02584754076915,1.5418159808907,1.57217099061835,-0.0303550097276482,20.6418553038275,0.544741579333744,2.02584754076915,0,267.161443506003,60.6481711487664,8.01889298888177e-10,1,0.986555429878872,0,0.00254797141156859,-0.0607100194552963,0,0,0
123.12,9499.77149148085,2.02583164258081,9500,9498.56374188635,2.31553932378933,2.02583164258081,0,20.2818152924654,11.0312968135173,16,1503.01235607484,17103.4742145131,-15485.2140811493,2.02583164258081,1.5418159808907,1.57275223328012,-0.0309362523894192,20.7165353915258,0.54588816646895,2.02583164258081,0,267.161443506003,60.6481711487664,7.88018159148704e-10,1,0.986587435158168,0,0.00209065206607684,-0.0618725047788384,0,0,0
123.135,9500.07571871023,2.02574771994008,9500,9498.87674529063,2.30866812858234,2.02574771994008,0,19.9827209312765,11.0368984277721,16,1503.01235607484,17104.5488117628,-15487.9846047423,2.02574771994008,1.5418159808907,1.57326459131535,-0.0314486104246525,20.7497945136639,0.546828959898685,2.02574771994008,0,267.161443506003,60.6481711487664,7.72921758034462e-10,1,0.986619030314137,0,0.0016355165145856,-0.062897220849305,0,0,0
123.15,9500.3754595242,2.02559686032271,9500,9499.18747423949,2.3016199382004,2.02559686032271,0,19.6488711542358,11.0435861011555,16,1503.01235607484,17105.3248757478,-15490.6542621926,2.02559686032271,1.5418159808907,1.57370801233982,-0.03189203144912,20.7421562267479,0.547564942330248,2.02559686032271,0,267.161443506003,60.6481711487664,7.56672103948924e-10,1,0.986650159538785,0,0.0011834227717813,-0.06378406289824,0,0,0
123.165,9500.67019259152,2.02538026391994,9500,9499.49535547584,2.29441101573939,2.02538026391994,0,19.2813862793686,11.0513323399782,16,1503.01235607484,17105.8048957279,-15493.2191981229,2.02538026391994,1.5418159808907,1.57408258066485,-0.0322665997741545,20.6942134044775,0.54809748257755,2.02538026391994,0,267.161443506003,60.6481711487664,7.39339817255752e-10,1,0.986680768689879,0,0.000735212519114903,-0.0645331995483089,0,0,0
123.18,9500.95941338571,2.02509924010196,9500,9499.79982919983,2.28705771250592,2.02509924010196,0,18.8814349874767,11.0601081239181,16,1503.01235607484,17105.9918876929,-15495.6758070088,2.02509924010196,1.5418159808907,1.57438851539064,-0.0325725344999426,20.6066262259519,0.548428328211151,2.02509924010196,0,267.161443506003,60.6481711487664,7.20996189368824e-10,1,0.986710805370423,0,0.00029170966977965,-0.0651450689998851,0,0,0
123.195,9501.24263491052,2.02475520379608,9500,9500.1003499364,2.27957643589379,2.02475520379608,0,18.4502316529131,11.0698829696796,16,1503.01235607484,17105.8893834425,-15498.0207373338,2.02475520379608,1.5418159808907,1.57462616821928,-0.0328101873285858,20.4801200812568,0.548559597562552,2.02475520379608,0,267.161443506003,60.6481711487664,7.01710091650912e-10,1,0.986740219004004,0,-0.000146281021834005,-0.0656203746571715,0,0,0
123.21,9501.51938838532,2.0243496716665,9500,9500.39638736601,2.27198361754478,2.0243496716665,0,17.9890335967949,11.080624996764,16,1503.01235607484,17105.5014186697,-15500.2508952062,2.0243496716665,1.5418159808907,1.57479602105416,-0.0329800401634619,20.315483397363,0.548493771102727,2.0243496716665,0,267.161443506003,60.6481711487664,6.81549447144513e-10,1,0.986768960905966,0,-0.000577975302529454,-0.0659600803269238,0,0,0
123.225,9501.78922388927,2.02388425820144,9500,9500.68742711767,2.2642956818433,2.02388425820144,0,17.4991383249865,11.09230099361,16,1503.01235607484,17104.8325204789,-15502.3634475176,2.02388425820144,1.5418159808907,1.57489868334362,-0.0330827024529243,20.1135653892505,0.548233682216589,2.02388425820144,0,267.161443506003,60.6481711487664,6.60580936643862e-10,1,0.986796984350319,0,-0.00100261072475427,-0.0661654049058487,0,0,0
123.24,9502.05171096414,2.02336067163395,9500,9500.97297152349,2.25652901479543,2.02336067163395,0,16.981880707716,11.1048764854557,16,1503.01235607484,17103.8876940237,-15504.3558245699,2.02336067163395,1.5418159808907,1.57493488921429,-0.0331189083235965,19.875273739868,0.547782507390449,2.02336067163395,0,267.161443506003,60.6481711487664,6.38869852442338e-10,1,0.986824244632337,0,-0.00141944789491566,-0.0662378166471931,0,0,0
123.255,9502.30643917476,2.02278070975541,9500,9501.25254033378,2.24869993334087,2.02278070975541,0,16.4386301369161,11.1183158029925,16,1503.01235607484,17102.6724085068,-15506.2257222104,2.02278070975541,1.5418159808907,1.57490549437721,-0.0330895134865123,19.6015722132432,0.547143755837737,2.02278070975541,0,267.161443506003,60.6481711487664,6.16479952553553e-10,1,0.986850699126763,0,-0.001827771662954,-0.0661790269730247,0,0,0
123.27,9502.55301862681,2.02214625563114,9500,9501.52567139216,2.24082465514636,2.02214625563114,0,15.8707876651004,11.132582151739,16,1503.01235607484,17101.1925825662,-15507.9711034758,2.02214625563114,1.5418159808907,1.57481147281518,-0.0329954919244813,19.293478204532,0.546321258589408,2.02214625563114,0,267.161443506003,60.6481711487664,5.93472433194649e-10,1,0.98687630734159,0,-0.00222689227691286,-0.0659909838489625,0,0,0
123.285,9502.79108044179,2.0214592731639,9500,9501.79192126986,2.23291926892799,2.0214592731639,0,15.2797830967553,11.1476376831588,16,1503.01235607484,17099.4545688278,-15509.5901996907,2.0214592731639,1.5418159808907,1.57465391328649,-0.032837932395797,18.9520602308444,0.545319157064797,2.0214592731639,0,267.161443506003,60.6481711487664,5.69907989548143e-10,1,0.98690103096738,0,-0.00261614645997743,-0.065675864791594,0,0,0
123.3,9503.02027718824,2.02072180257773,9500,9502.05086585875,2.2249997053465,2.02072180257773,0,14.6670720720491,11.1634435663639,16,1503.01235607484,17097.4651379041,-15511.0815110724,2.02072180257773,1.5418159808907,1.57443401562609,-0.0326180347353893,18.5784353680331,0.544141891157807,2.02072180257773,0,267.161443506003,60.6481711487664,5.45844465497428e-10,1,0.986924833922055,0,-0.00299489843084633,-0.0652360694707785,0,0,0
123.315,9503.24028326932,2.01993595580838,9500,9502.30210092243,2.21708170852255,2.01993595580838,0,14.0341331370609,11.179960060734,16,1503.01235607484,17095.2314617904,-15512.4438068262,2.01993595580838,1.5418159808907,1.57415308686382,-0.0323371059731219,18.173766636251,0.542794186863926,2.01993595580838,0,267.161443506003,60.6481711487664,5.21337003838393e-10,1,0.986947682391142,0,-0.00336254087930765,-0.0646742119462438,0,0,0
123.33,9503.45079526638,2.01910391178526,9500,9502.54524260491,2.20918080821483,2.01910391178526,0,13.3824647902838,11.1971465898043,16,1503.01235607484,17092.7610965799,-15513.6761247111,2.01910391178526,1.5418159808907,1.57381253717754,-0.0319965562868392,17.7392603387703,0.541281043468238,2.01910391178526,0,267.161443506003,60.6481711487664,4.96440841985607e-10,1,0.986969544863458,0,-0.00371849584830364,-0.0639931125736783,0,0,0
123.345,9503.65153223823,2.01822791164137,9500,9502.77992789654,2.2013122927034,2.01822791164137,0,12.7135825268986,11.2149618158816,16,1503.01235607484,17090.0619646494,-15514.7777701018,2.01822791164137,1.5418159808907,1.57341387568361,-0.0315978947929136,17.2761633584736,0.539607720336501,2.01822791164137,0,267.161443506003,60.6481711487664,4.71207934138029e-10,1,0.986990392162194,0,-0.00406221558293907,-0.0631957895858273,0,0,0
123.36,9503.84223597614,2.01731025385267,9500,9503.00581505674,2.19349118242013,2.01731025385267,0,12.0290177313295,11.2333637208763,15,1503.01235607484,17087.1423241804,-15515.7482918943,2.01731025385267,1.5418159808907,1.5729587060718,-0.0311427251811041,16.7857604154774,0.537779723324179,2.01731025385267,0,267.161443506003,60.6481711487664,9.96147942378856e-10,1,0.987010197471387,0,-0.00439318327994886,-0.0622854503622081,0,0,0
123.375,9504.0226712421,2.01635328929071,9500,9503.22258399326,2.18573220436625,2.01635328929071,0,11.3303071791234,11.2523096611794,15,1503.01235607484,17084.0107995782,-15516.5875727053,2.01635328929071,1.5418159808907,1.57244872211479,-0.0306327412240952,16.2693712902493,0.535802790848202,2.01635328929071,0,267.161443506003,60.6481711487664,9.3887113628794e-10,1,0.987028936360677,0,-0.00471091380138966,-0.0612654824481904,0,0,0
123.39,9504.19262584979,2.01535941587343,9500,9503.42993660489,2.17804976717306,2.01535941587343,0,10.6190013651896,11.2717564834497,15,1503.01235607484,17080.6762853169,-15517.2956854869,2.01535941587343,1.5418159808907,1.57188570321812,-0.0300697223274207,15.7283481222636,0.533682879637576,2.01535941587343,0,267.161443506003,60.6481711487664,8.81102966265041e-10,1,0.987046586793705,0,-0.00501495429232501,-0.0601394446548413,0,0,0
123.405,9504.35191087027,2.01433107441766,9500,9503.62759705632,2.17045793762851,2.01433107441766,0,9.89665428280382,11.2916605652781,15,1503.01235607484,17077.1479808363,-15517.8729866491,2.01433107441766,1.5418159808907,1.57127150923023,-0.0294555283395328,15.16407230566,0.53142615020603,2.01433107441766,0,267.161443506003,60.6481711487664,8.22965629379026e-10,1,0.987063129149482,0,-0.00530488473047264,-0.0589110566790656,0,0,0
123.42,9504.50036068451,2.01327074297134,9500,9503.81531203513,2.16297041745266,2.01327074297134,0,9.1648221295678,11.3119779091329,15,1503.01235607484,17073.4353549112,-15518.3200879187,2.01327074297134,1.5418159808907,1.57060807588903,-0.0287920949983351,14.5779518073909,0.529038952077317,2.01327074297134,0,267.161443506003,60.6481711487664,7.64556415171531e-10,1,0.987078546227842,0,-0.00558031841231799,-0.0575841899966703,0,0,0
123.435,9504.63783301646,2.01218093165002,9500,9503.99285095572,2.15560052122586,2.01218093165002,0,8.42506036522826,11.332664222141,15,1503.01235607484,17069.5481248108,-15518.6378523646,2.01218093165002,1.5418159808907,1.56989740990692,-0.0280814290162275,13.9714182971841,0.526527808791774,2.01218093165002,0,267.161443506003,60.6481711487664,7.05971663603146e-10,1,0.987092823252874,0,-0.00584090236570267,-0.0561628580324549,0,0,0
123.45,9504.76420892193,2.01106417749372,9500,9504.16000611904,2.14836115528897,2.01106417749372,0,7.67892081558689,11.353674995569,15,1503.01235607484,17065.4962352771,-15518.827389987,2.01106417749372,1.5418159808907,1.56914158395279,-0.0273256030620921,13.3459242591664,0.523899402727208,2.01106417749372,0,267.161443506003,60.6481711487664,6.47301778415775e-10,1,0.987105947871772,0,-0.00608631768860879,-0.0546512061241842,0,0,0
123.465,9504.87939273417,2.00992303928055,9500,9504.31659282794,2.14126479764716,2.00992303928055,0,6.92794878726491,11.3749655851777,15,1503.01235607484,17061.2898370696,-15518.8900528161,2.00992303928055,1.5418159808907,1.56834273157944,-0.0265267506887397,12.7029400899283,0.521160559767334,2.00992303928055,0,267.161443506003,60.6481711487664,5.88635054220552e-10,1,0.987117910149179,0,-0.0063162798145715,-0.0530535013774793,0,0,0
123.48,9504.98331196598,2.00876009234624,9500,9504.46244945864,2.13432347890584,2.00876009234624,0,6.17368022032267,11.3964912916544,15,1503.01235607484,17056.9392652765,-15518.827429567,2.00876009234624,1.5418159808907,1.56750304208832,-0.0256870611976181,12.0439511889522,0.518318233850777,2.00876009234624,0,267.161443506003,60.6481711487664,5.3005739014864e-10,1,0.987128702557025,0,-0.00653053870699072,-0.0513741223952362,0,0,0
123.495,9505.07591716928,2.00757792341649,9500,9504.5974374882,2.12754876426634,2.00757792341649,0,5.4176388812164,11.4182074410617,15,1503.01235607484,17052.45501742,-15518.6413398613,2.00757792341649,1.5418159808907,1.56662475534412,-0.0248087744534184,11.3704550460727,0.515379491432631,2.00757792341649,0,267.161443506003,60.6481711487664,4.71650241467736e-10,1,0.987138319959937,0,-0.00672887897125607,-0.0496175489068369,0,0,0
123.51,9505.1571817525,2.00637912542678,9500,9504.72144147855,2.12095173660651,2.00637912542678,0,4.6613318299633,11.4400694566511,14,1503.01235607484,17047.8477425604,-15518.3338492612,2.00637912542678,1.5418159808907,1.56571015657044,-0.0238941756797417,10.683958331183,0.512351495895566,2.00637912542678,0,267.161443506003,60.6481711487664,9.26490498859384e-10,1,0.98714675959628,0,-0.0069111198941405,-0.0477883513594834,0,0,0
123.525,9505.22710172995,2.00516629238497,9500,9504.8343690173,2.1145429806703,2.00516629238497,0,3.90625396336982,11.4620329764551,14,1503.01235607484,17043.1281720873,-15517.9071743889,2.00516629238497,1.5418159808907,1.56476157111516,-0.0229455902244644,9.98597399068234,0.509241491943203,2.00516629238497,0,267.161443506003,60.6481711487664,7.97014066254282e-10,1,0.987154021052124,0,-0.00707711542863954,-0.0458911804489288,0,0,0
123.54,9505.2856955394,2.00394201456846,9500,9504.93615060894,2.10833256856089,2.00394201456846,0,3.15387420972906,11.4840538721612,14,1503.01235607484,17038.3071715468,-15517.3638134008,2.00394201456846,1.5418159808907,1.56378135905197,-0.0219653781612739,9.27801825493883,0.506056790000315,2.00394201456846,0,267.161443506003,60.6481711487664,6.68429615565564e-10,1,0.987160106242303,0,-0.00722675407088902,-0.0439307563225477,0,0,0
123.555,9505.33300365254,2.00270887254296,9500,9505.02673954698,2.10233004580042,2.00270887254296,0,2.40564018051215,11.5060883829841,14,1503.01235607484,17033.3956639737,-15516.7064430288,2.00270887254296,1.5418159808907,1.56277191039877,-0.0209559295080757,8.56160802610184,0.502804750668415,2.00270887254296,0,267.161443506003,60.6481711487664,5.40860343990515e-10,1,0.987165019369956,0,-0.00735995871719353,-0.0419118590161514,0,0,0
123.57,9505.36908825525,2.00146943271009,9500,9505.10611171824,2.09654441920771,2.00146943271009,0,1.66297555401964,11.5280931712699,13,1503.01235607484,17028.4046114545,-15515.9379151688,2.00146943271009,1.5418159808907,1.56173563960384,-0.0199196587131432,7.83825784362468,0.499492769245678,2.00146943271009,0,267.161443506003,60.6481711487664,9.28572540081269e-10,1,0.987168766893322,0,-0.00747668640643084,-0.0398393174262863,0,0,0
123.585,9505.39403288856,2.0002262423212,9500,9505.17426537501,2.09098414573887,2.0002262423212,0,0.927270444806281,11.5500254193164,13,1503.01235607484,17023.3450410693,-15515.0613377259,2.0002262423212,1.5418159808907,1.56067498035684,-0.018858999466143,7.10947704713948,0.496128260362784,2.0002262423212,0,267.161443506003,60.6481711487664,6.48410496785039e-10,1,0.987171357488456,0,-0.00757692800947818,-0.037717998932286,0,0,0
123.6,9505.40794194523,1.99898182424032,9500,9505.23122087324,2.08565712236227,1.99898182424032,0,0.199888428107877,11.571842851243,12,1503.01235607484,17018.2279530363,-15514.0799429606,1.99898182424032,1.5418159808907,1.55959238059515,-0.0177763997044502,6.37676706542856,0.492718642758519,1.99898182424032,0,267.161443506003,60.6481711487664,8.34053988023525e-10,1,0.987172801996943,0,-0.00766070785190753,-0.0355527994089004,0,0,0
123.615,9505.41094027165,1.99773867296276,9500,9505.27702034806,2.08057067771986,1.99773867296276,0,-0.517835113628337,11.5935039687206,12,1503.01235607484,17013.0643086659,-15512.9970849775,1.99773867296276,1.5418159808907,1.55849029696724,-0.016674316076547,5.64161838176649,0.48927132422516,1.99773867296276,0,267.161443506003,60.6481711487664,2.45968267837959e-10,1,0.987173113384557,0,-0.00772808324696417,-0.033348632153094,0,0,0
123.63,9505.40317274495,1.99649924957335,9500,9505.31172737026,2.07573156451667,1.99649924957335,0,-1.22461019236395,11.6149677765715,11,1503.01235607484,17007.8650879033,-15511.8163951983,1.99649924957335,1.5418159808907,1.55737118993138,-0.0155552090406847,4.90550788898208,0.485793686764026,1.99649924957335,0,267.161443506003,60.6481711487664,8.62748972390171e-10,1,0.987172306697337,0,-0.00777914398604551,-0.0311104180813695,0,0,0
123.645,9505.38480359207,1.99526597598111,9500,9505.33542658218,2.07114595268978,1.99526597598111,0,-1.91917349560874,11.6361946187796,13,1503.01235607484,17002.6411545411,-15510.5415412606,1.99526597598111,1.5418159808907,1.55623751933064,-0.0144215384399458,4.16989652652179,0.482293071970306,1.99526597598111,0,267.161443506003,60.6481711487664,4.36475848289238e-10,1,0.987170398990878,0,-0.00781401179019126,-0.0288430768798915,0,0,0
123.66,9505.35601598963,1.99404123170247,9500,9505.3482232515,2.06681942493591,1.99404123170247,0,-2.60031228141006,11.6571449821147,13,1503.01235607484,16997.4033287868,-15509.1764355548,1.99404123170247,1.5418159808907,1.55509173881717,-0.0132757579264742,3.43622622911899,0.47877676666472,1.99404123170247,0,267.161443506003,60.6481711487664,6.96911303270486e-10,1,0.987167409288771,0,-0.0078328396386218,-0.0265515158529483,0,0,0
123.675,9505.31701130541,1.9928273481038,9500,9505.350242837,2.06275697227003,1.9928273481038,0,-3.26684859075049,11.6777808555053,13,1503.01235607484,16992.1622981473,-15507.7250564427,1.9928273481038,1.5418159808907,1.55393629169781,-0.0121203108071171,2.70591772672886,0.47525198882734,1.9928273481038,0,267.161443506003,60.6481711487664,9.52458865761769e-10,1,0.987163358503823,0,-0.00783581110812626,-0.0242406216142341,0,0,0
123.69,9505.26800857655,1.99162660547683,9500,9505.34163047019,2.05896299204411,1.99162660547683,0,-3.91764754364595,11.6980651296751,14,1503.01235607484,16986.9286173513,-15506.1914954367,1.99162660547683,1.5418159808907,1.55277360551197,-0.0109576246212741,1.98036759160888,0.471725873828683,1.99162660547683,0,267.161443506003,60.6481711487664,5.36285418627447e-10,1,0.987158269383877,0,-0.00782313957458891,-0.0219152492425483,0,0,0
123.705,9505.2092438634,1.99044122833224,9500,9505.32255043618,2.05544128637696,1.99044122833224,0,-4.55162629082585,11.7179617512357,14,1503.01235607484,16981.7127345215,-15504.5800343453,1.99044122833224,1.5418159808907,1.55160608767999,-0.00979010678928915,1.26094592562665,0.468205461020118,1.99044122833224,0,267.161443506003,60.6481711487664,6.45434442399775e-10,1,0.987152166444698,0,-0.00779506740664448,-0.0195802135785783,0,0,0
123.72,9505.14096946903,1.98927338093727,9500,9505.29318562151,2.05219506180946,1.98927338093727,0,-5.16774349173067,11.7374358895418,14,1503.01235607484,16976.5248892285,-15502.8949835678,1.98927338093727,1.5418159808907,1.55043612121097,-0.00862014032027725,0.548994073620366,0.464697680687128,1.98927338093727,0,267.161443506003,60.6481711487664,7.52040833915516e-10,1,0.987145075888922,0,-0.00775186512583392,-0.0172402806405545,0,0,0
123.735,9505.06345331666,1.98812516451968,9500,9505.2537369029,2.04922693087656,1.98812516451968,0,-5.76500827468271,11.7564539219521,14,1503.01235607484,16971.375147081,-15501.1407676819,1.98812516451968,1.5418159808907,1.54926605976646,-0.00745007887575944,-0.154178030020604,0.461209341380503,1.98812516451968,0,267.161443506003,60.6481711487664,8.5594326766534e-10,1,0.987137025541392,0,-0.00769383044087646,-0.0149001577515189,0,0,0
123.75,9504.97697819254,1.9869986130394,9500,9505.20442253298,2.04653891421224,1.9869986130394,0,-6.34248023028449,11.7749835191844,14,1503.01235607484,16966.2733663268,-15499.3218920503,1.9869986130394,1.5418159808907,1.5480982236574,-0.0062822427667022,-0.84729397113458,0.457747117682108,1.9869986130394,0,267.161443506003,60.6481711487664,9.57021404588429e-10,1,0.98712804477054,0,-0.00762128730674139,-0.0125644855334044,0,0,0
123.765,9504.88184098908,1.98589568969161,9500,9505.1454774891,2.04413244405514,1.98589568969161,0,-6.8992727700236,11.7929936990738,15,1503.01235607484,16961.2291919823,-15497.4429560743,1.98589568969161,1.5418159808907,1.54693489568728,-0.005118914796582,-1.52911304475213,0.454317538394075,1.98589568969161,0,267.161443506003,60.6481711487664,4.70787620547413e-10,1,0.987118164409773,0,-0.00753458489567382,-0.010237829593164,0,0,0
123.78,9504.77835189753,1.9848182836102,9500,9505.07715279466,2.04200836893812,1.9848182836102,0,-7.43454681109257,11.8104548977046,15,1503.01235607484,16956.251987482,-15495.508548958,1.9848182836102,1.5418159808907,1.54577831712646,-0.00396233623576103,-2.19843236372454,0.450926975191022,1.9848182836102,0,267.161443506003,60.6481711487664,5.13274385229611e-10,1,0.987107416673631,0,-0.00743409654407867,-0.00792467247152207,0,0,0
123.795,9504.66683369537,1.98376820712441,9500,9504.99971480716,2.04016695973377,1.98376820712441,0,-7.94752290786663,11.827338991706,15,1503.01235607484,16951.3508928336,-15493.523376842,1.98376820712441,1.5418159808907,1.54463068364693,-0.00281470275623619,-2.85408899279581,0.447581631746186,1.98376820712441,0,267.161443506003,60.6481711487664,5.54345367494682e-10,1,0.987095835083784,0,-0.00732021863722432,-0.00562940551247237,0,0,0
123.81,9504.54762085175,1.98274719199646,9500,9504.91344450602,2.03860791623779,1.98274719199646,0,-8.43747550525931,11.8436193756333,15,1503.01235607484,16946.5347562983,-15491.4921618068,1.98274719199646,1.5418159808907,1.54349414201753,-0.00167816112683683,-3.4949616128997,0.444287533359435,1.98274719199646,0,267.161443506003,60.6481711487664,5.93970868202671e-10,1,0.98708345437613,0,-0.00719336949975413,-0.00335632225367366,0,0,0
123.825,9504.42105871917,1.98175688725257,9500,9504.81863673322,2.03733037548699,1.98175688725257,0,-8.90373532223077,11.8592709938735,15,1503.01235607484,16941.8121325904,-15489.4196536071,1.98175688725257,1.5418159808907,1.54237078625204,-0.000554805361338229,-4.11997251441586,0.441050517084546,1.98175688725257,0,267.161443506003,60.6481711487664,6.3210424403595e-10,1,0.987070310416837,0,-0.00705398819818748,-0.00110961072267646,0,0,0
123.84,9504.28750268934,1.98079885675379,9500,9504.71559942116,2.03633292096911,1.98079885675379,0,-9.34569010073736,11.8742703804153,15,1503.01235607484,16937.1912681857,-15487.310619211,1.98079885675379,1.5418159808907,1.54126265415683,0.000553326733865545,-4.72808933669687,0.437876222395362,1.98079885675379,0,267.161443506003,60.6481711487664,6.68700552275338e-10,1,0.98705644011469,0,-0.00690253333614699,0.00110665346773109,0,0,0
123.855,9504.14731733783,1.97987457695611,9500,9504.6046528019,2.03561359288549,1.97987457695611,0,-9.76278523803401,11.8885956952306,15,1503.01235607484,16932.6800873805,-15485.1698324166,1.97987457695611,1.5418159808907,1.54017172405504,0.00164425683565628,-5.31832669794622,0.434770082394095,1.97987457695611,0,267.161443506003,60.6481711487664,7.03714935440461e-10,1,0.987041881332247,0,-0.0067394818268256,0.00328851367131255,0,0,0
123.87,9504.00087555926,1.97898543490707,9500,9504.48612859969,2.03516989943179,1.97898543490707,0,-10.1545242768811,11.9022267563817,15,1503.01235607484,16928.2861793084,-15483.0020636082,1.97898543490707,1.5418159808907,1.53909991166852,0.00271606922217438,-5.88974771134883,0.431737315572024,1.97898543490707,0,267.161443506003,60.6481711487664,7.37105852018478e-10,1,0.987026672796037,0,-0.00656532761812167,0.00543213844434876,0,0,0
123.885,9503.8485576951,1.97813272644253,9500,9504.3603692086,2.03499882906188,1.97813272644253,0,-10.5204692745923,11.9151450684536,15,1503.01235607484,16924.0167857824,-15480.8120696403,1.97813272644253,1.5418159808907,1.53804906718671,0.0037669137039833,-6.44146538506673,0.428782918143869,1.97813272644253,0,267.161443506003,60.6481711487664,7.68831699760267e-10,1,0.987010854005968,0,-0.00638058041732914,0.0075338274079666,0,0,0
123.9,9503.69075065598,1.97731765461564,9500,9504.22772685723,2.03509686369627,1.97731765461564,0,-10.8602410342377,11.9273338466974,15,1503.01235607484,16919.8787901087,-15478.6045839005,1.97731765461564,1.5418159808907,1.53702097250626,0.00479500838443525,-6.97264390292617,0.425911656956071,1.97731765461564,0,267.161443506003,60.6481711487664,7.9885287247575e-10,1,0.986994465144182,0,-0.00618576438234197,0.0095900167688705,0,0,0
123.915,9503.52784704047,1.97654132836295,9500,9504.08856276248,2.03545999283632,1.97654132836295,0,-11.1735191964747,11.9387780367582,15,1503.01235607484,16915.8787069019,-15476.3843065745,1.97654132836295,1.5418159808907,1.53601733864658,0.00579864224411852,-7.48249978399539,0.423128062984017,1.97654132836295,0,267.161443506003,60.6481711487664,8.27131027150345e-10,1,0.986977546983535,0,-0.00598141680713371,0.011597284488237,0,0,0
123.93,9503.36024425252,1.97580476139546,9500,9503.94324627417,2.03608372854281,1.97580476139546,0,-11.4600421997063,11.9494643301653,15,1503.01235607484,16912.0226728717,-15474.1558951267,1.97580476139546,1.5418159808907,1.53503980334872,0.00677617754197968,-7.97030291908681,0.420436425420807,1.97580476139546,0,267.161443506003,60.6481711487664,8.53630848237991e-10,1,0.98696014079594,0,-0.00576808679279672,0.0135523550839594,0,0,0
123.945,9503.18834361953,1.97510887134471,9500,9503.79215401274,2.03696312123573,1.97510887134471,0,-11.7196070924243,11.9593811750188,15,1503.01235607484,16908.3164387162,-15471.9239550401,1.97510887134471,1.5418159808907,1.53408992884571,0.00772605204498289,-8.43537748227733,0.417840786364048,1.97510887134471,0,267.161443506003,60.6481711487664,8.78317406042585e-10,1,0.986942288260775,0,-0.00554633390870163,0.0154521040899658,0,0,0
123.96,9503.01254951314,1.97445447910581,9500,9503.63566900171,2.03809277626926,1.97445447910581,0,-11.9520692330646,11.9685187828678,15,1503.01235607484,16904.7653618913,-15469.6930307894,1.97445447910581,1.5418159808907,1.53316919983571,0.00864678105498839,-8.87710271542517,0.415344936105133,1.97445447910581,0,267.161443506003,60.6481711487664,9.01159537573925e-10,1,0.986924031373577,0,-0.00531672684634255,0.0172935621099768,0,0,0
123.975,9502.83326847465,1.97384230847362,9500,9503.47417979725,2.03946687123462,1.97384230847362,0,-12.157341822644,11.9768691300589,15,1503.01235607484,16901.3744006705,-15467.4675971478,1.97384230847362,1.5418159808907,1.53227902161137,0.00953695927932285,-9.29491358402865,0.412952409024279,1.97384230847362,0,267.161443506003,60.6481711487664,9.22126323965914e-10,1,0.986905412355203,0,-0.00507984208022405,0.0190739185586457,0,0,0
123.99,9502.65090834731,1.97327298596452,9500,9503.30807961661,2.04107917394313,1.97327298596452,0,-12.335395333293,11.9844259554325,15,1503.01235607484,16898.1481090617,-15465.2520507564,1.97327298596452,1.5418159808907,1.53142071839787,0.0103952624928232,-9.68830130383567,0.410666480088178,1.97327298596452,0,267.161443506003,60.6481711487664,9.4119061922308e-10,1,0.986886473561731,0,-0.00483626252550984,0.0207905249856464,0,0,0
124.005,9502.46587741731,1.97274704088783,9500,9503.13776546753,2.04292306103695,1.97274704088783,0,-12.4862567978496,11.9911847532206,15,1503.01235607484,16895.090632852,-15463.0507020291,1.97274704088783,1.5418159808907,1.53059553186798,0.011220449022717,-10.0568137359462,0.408490161951698,1.97274704088783,0,267.161443506003,60.6481711487664,9.5832758482975e-10,1,0.986867257395236,0,-0.00458657619549441,0.022440898045434,0,0,0
124.02,9502.27858356534,1.97226490565827,9500,9502.96363728071,2.04499153717729,1.97226490565827,0,-12.6100089658903,11.997142761289,15,1503.01235607484,16892.2057067605,-15460.8677674043,1.97226490565827,1.5418159808907,1.52980461983877,0.0120113610519257,-10.4000556506611,0.406426202663726,1.97226490565827,0,267.161443506003,60.6481711487664,9.73515134311924e-10,1,0.986847806215678,0,-0.00433137487895063,0.0240227221038514,0,0,0
124.035,9502.08943343085,1.97182691629137,9500,9502.7860970472,2.04727725475725,1.97182691629137,0,-12.7067893610533,12.0022989457465,15,1503.01235607484,16889.4966524668,-15458.707361911,1.97182691629137,1.5418159808907,1.52904905517446,0.0127669257162373,-10.7176888597657,0.404477083968198,1.97182691629137,0,267.161443506003,60.6481711487664,9.86733496453918e-10,1,0.986828162254114,0,-0.00407125282352672,0.0255338514324746,0,0,0
124.05,9501.89883159044,1.97143331315569,9500,9502.60554796273,2.04977253408475,1.97143331315569,0,-12.7767891992431,12.0066539806143,15,1503.01235607484,16886.966377824,-15456.5734921282,1.97143331315569,1.5418159808907,1.52832982485701,0.0134861560336894,-11.0094322168697,0.402645020197611,1.97143331315569,0,267.161443506003,60.6481711487664,9.97966689109519e-10,1,0.986808367527363,0,-0.00380680543743384,0.0269723120673788,0,0,0
124.065,9501.70717975245,1.97108424191078,9500,9502.4223935809,2.05246938398322,1.97108424191078,0,-12.8202503445672,12.0102102300988,16,1503.01235607484,16884.6173647146,-15454.4700266359,1.97108424191078,1.5418159808907,1.52764782925604,0.0141681516346603,-11.2750614876031,0.400931957750766,1.97108424191078,0,267.161443506003,60.6481711487664,4.51048742457048e-10,1,0.986788463754367,0,-0.00353862800731775,0.0283363032693207,0,0,0
124.08,9501.51487599728,1.97077975464535,9500,9502.23703697708,2.05535952275473,1.97077975464535,0,-12.8374714915932,12.0129716959512,16,1503.01235607484,16882.4517192279,-15452.4007812279,1.97077975464535,1.5418159808907,1.52700388158711,0.0148120993035881,-11.5144090901562,0.399339575147473,1.97077975464535,0,267.161443506003,60.6481711487664,4.54391094092837e-10,1,0.986768492277289,0,-0.0032673144311588,0.0296241986071761,0,0,0
124.095,9501.3223139249,1.9705198108802,9500,9502.04987993215,2.05843439926764,1.9705198108802,0,-12.8287957595297,12.0149440280165,16,1503.01235607484,16880.47109864,-15450.3693752813,1.9705198108802,1.5418159808907,1.52639870772267,0.0154172731680251,-11.7273636013939,0.397869283653451,1.9705198108802,0,267.161443506003,60.6481711487664,4.56842420902623e-10,1,0.986748493972987,0,-0.00299345600906276,0.0308345463360502,0,0,0
124.11,9501.12988198851,1.97030427996365,9500,9501.8613221068,2.0616852148944,1.97030427996365,0,-12.7946161853689,12.0161344494683,16,1503.01235607484,16878.6767671475,-15448.3793186165,1.97030427996365,1.5418159808907,1.52583294557891,0.0159830353117918,-11.9138695103878,0.396522228449373,1.97030427996365,0,267.161443506003,60.6481711487664,4.58391123253152e-10,1,0.986728509183801,0,-0.00271764019491672,0.0319660706235836,0,0,0
124.125,9500.93796274573,1.97013294224117,9500,9501.67176025714,2.06510294502029,1.97013294224117,0,-12.7353725939185,12.0165517332101,16,1503.01235607484,16877.069585254,-15446.4339830012,1.97013294224117,1.5418159808907,1.52530714539629,0.0165088354944041,-12.0739264176702,0.395299290361661,1.97013294224117,0,267.161443506003,60.6481711487664,4.5903662113921e-10,1,0.986708577639799,0,-0.00244044944332655,0.0330176709888081,0,0,0
124.14,9500.74693215682,1.97000549093926,9500,9501.48158745959,2.06867836090589,1.97000549093926,0,-12.6515499387602,12.0162061594513,16,1503.01235607484,16875.6500145492,-15444.5365974126,1.97000549093926,1.5418159808907,1.5248217699225,0.0169942109681998,-12.2075882754546,0.394201088112164,1.97000549093926,0,267.161443506003,60.6481711487664,4.58780096728932e-10,1,0.986688738385884,0,-0.00216246005728893,0.0339884219363995,0,0,0
124.155,9500.55715890774,1.96992153418511,9500,9501.29119235469,2.07240205164862,1.96992153418511,0,-12.5436765817015,12.0151094706306,16,1503.01235607484,16874.4181232077,-15442.6902436755,1.96992153418511,1.5418159808907,1.52437719478668,0.0174387861040157,-12.3149625157965,0.393227981086384,1.96992153418511,0,267.161443506003,60.6481711487664,4.57625378983153e-10,1,0.986669029711498,0,-0.00188424108372409,0.0348775722080314,0,0,0
124.17,9500.36900375901,1.96988059723692,9500,9501.10095841149,2.07626444618969,1.96988059723692,0,-12.4123224678649,12.0132748223968,16,1503.01235607484,16873.3735925281,-15440.8978525525,1.96988059723692,1.5418159808907,1.52397370901694,0.0178422718737563,-12.3962090686544,0.392380072598708,1.96988059723692,0,267.161443506003,60.6481711487664,4.55575710938072e-10,1,0.986649489082993,0,-0.0016063532358217,0.0356845437475126,0,0,0
124.185,9500.182818922,1.96988212483622,9500,9500.91126321387,2.08025583531696,1.96988212483622,0,-12.258097250063,12.0107167322635,16,1503.01235607484,16872.5157241363,-15439.1622002169,1.96988212483622,1.5418159808907,1.52361151573923,0.018204465151465,-12.4515392744097,0.391657213642588,1.96988212483622,0,267.161443506003,60.6481711487664,4.52639045660023e-10,1,0.98663015307886,0,-0.00132934785011085,0.03640893030293,0,0,0
124.2,9499.99894746325,1.96992548370156,9500,9500.72247777008,2.08436639361077,1.96992548370156,0,-12.0816501997732,12.0074510195918,15,1503.01235607484,16871.8434601091,-15437.4859278053,1.96992548370156,1.5418159808907,1.52329073304028,0.0185252478504141,-12.481214692973,0.391059007110038,1.96992548370156,0,267.161443506003,60.6481711487664,9.99899359538091e-10,1,0.986611057327868,0,-0.00105376590922024,0.0370504957008282,0,0,0
124.215,9499.81772271025,1.97000996516436,9500,9500.53496584693,2.08858620128409,1.97000996516436,0,-11.8836607723,12.0034947728956,15,1503.01235607484,16871.3553427455,-15435.871447516,1.97000996516436,1.5418159808907,1.52301139497931,0.0188045859113868,-12.485545814192,0.390584812450889,1.97000996516436,0,267.161443506003,60.6481711487664,9.89230225214789e-10,1,0.986592236447344,0,-0.000780137069798403,0.0376091718227736,0,0,0
124.23,9499.63946779866,1.97013478825696,9500,9500.34908332252,2.09290526605065,1.97013478825696,0,-11.66484758482,11.9988662499027,15,1503.01235607484,16871.0495990981,-15434.3210781084,1.97013478825696,1.5418159808907,1.5227734525923,0.0190425282983926,-12.4648907798582,0.39023375076948,1.97013478825696,0,267.161443506003,60.6481711487664,9.76642657923802e-10,1,0.986573723996157,0,-0.000508978753287925,0.0380850565967852,0,0,0
124.245,9499.46449508489,1.97029910169912,9500,9500.16517758932,2.09731354419869,1.97029910169912,0,-11.4259593244729,11.9935848557198,15,1503.01235607484,16870.9240978817,-15432.8369501013,1.97029910169912,1.5418159808907,1.52257677565173,0.0192392052389634,-12.4196536451136,0.3900047103305,1.97029910169912,0,267.161443506003,60.6481711487664,9.62191417357889e-10,1,0.986555552413708,0,-0.000240795302447028,0.0384784104779268,0,0,0
124.26,9499.29310569503,1.97050198737013,9500,9499.98358695977,2.10180096204999,1.97050198737013,0,-11.1677742195805,11.9876710657501,15,1503.01235607484,16870.9763745384,-15431.4210277975,1.97050198737013,1.5418159808907,1.52242115387318,0.019394827017515,-12.3502829882206,0.389896352444399,1.97050198737013,0,267.161443506003,60.6481711487664,9.4591349817875e-10,1,0.986537752973089,0,2.3922854943681e-05,0.0387896540350301,0,0,0
124.275,9499.12558908173,1.97074246337705,9500,9499.80464010899,2.10635743692114,1.97074246337705,0,-10.8910978842846,11.9811463616507,15,1503.01235607484,16871.2036423812,-15430.0751081511,1.97074246337705,1.5418159808907,1.52230629851208,0.0195096823786138,-12.2572702799174,0.389907117729124,1.97074246337705,0,267.161443506003,60.6481711487664,9.27852403693444e-10,1,0.98652035573506,0,0.000284699983313041,0.0390193647572277,0,0,0
124.29,9498.96222261347,1.97101948714932,9500,9499.62865554714,2.11097289775152,1.97101948714932,0,-10.5967611728754,11.9740331669969,15,1503.01235607484,16871.6028040034,-15428.8008199623,1.97101948714932,1.5418159808907,1.52223184412219,0.0195841367685039,-12.1411481772053,0.390035232721614,1.97101948714932,0,267.161443506003,60.6481711487664,9.08054765685004e-10,1,0.986503389505392,0,0.000541075747429787,0.0391682735370078,0,0,0
124.305,9498.80327119587,1.97133195862546,9500,9499.45594112197,2.11563730535781,1.97133195862546,0,-10.2856180065657,11.9663547815357,15,1503.01235607484,16872.1704632195,-15427.5996234564,1.97133195862546,1.5418159808907,1.52219735042729,0.019618630463405,-12.0024887478246,0.390278716807958,1.97133195862546,0,267.161443506003,60.6481711487664,8.86571377276967e-10,1,0.986486881795544,0,0.000792605913775724,0.0392372609268099,0,0,0
124.32,9498.64898692577,1.97167872347783,9500,9499.28679355225,2.12034067227962,1.97167872347783,0,-9.95854320383416,11.9581353150373,15,1503.01235607484,16872.9029373157,-15426.4728101985,1.97167872347783,1.5418159808907,1.52220230433171,0.0196136765589872,-11.8419016334516,0.390635389469157,1.97167872347783,0,267.161443506003,60.6481711487664,8.63457931553383e-10,1,0.986470858786732,0,0.00103886296547184,0.0392273531179743,0,0,0
124.335,9498.49960877772,1.97205857638497,9500,9499.12149799241,2.12507308218153,1.97205857638497,0,-9.61643030945826,11.9493996206195,15,1503.01235607484,16873.796269643,-15425.4215033516,1.97205857638497,1.5418159808907,1.52224612204537,0.0195698588453288,-11.6600321583072,0.391102877803619,1.97205857638497,0,267.161443506003,60.6481711487664,8.38772669273552e-10,1,0.986455345297372,0,0.00127943669056352,0.0391397176906576,0,0,0
124.35,9498.35536232308,1.97247026436793,9500,9498.96032762881,2.1298247087793,1.97247026436793,0,-9.26018941335094,11.9401732273065,15,1503.01235607484,16874.8462426168,-15424.4466582898,1.97247026436793,1.5418159808907,1.52232815130927,0.0194878295814278,-11.457559390261,0.391678624314373,1.97247026436793,0,267.161443506003,60.6481711487664,8.12580060137919e-10,1,0.986440364753909,0,0.00151393471026307,0.0389756591628556,0,0,0
124.365,9498.21645948188,1.97291249014343,9500,9498.80354330776,2.13458583426054,1.97291249014343,0,-8.89074498671656,11.9304822726966,15,1503.01235607484,16876.0483909245,-15423.5490635249,1.97291249014343,1.5418159808907,1.52244767373133,0.0193683071593718,-11.2351941613723,0.392359894933991,1.97291249014343,0,267.161443506003,60.6481711487664,7.8494521139943e-10,1,0.986425939165045,0,0.00174198297076544,0.0387366143187435,0,0,0
124.38,9498.08309830708,1.97338391550816,9500,9498.65139319574,2.13934686716972,1.97338391550816,0,-8.50903372631485,11.9203534355328,15,1503.01235607484,16877.3980150016,-15422.7293419538,1.97338391550816,1.5418159808907,1.52260390721738,0.0192120736733132,-10.9936770532192,0.393143787270836,1.97338391550816,0,267.161443506003,60.6481711487664,7.55938873124905e-10,1,0.986412089099334,0,0.00196322617064792,0.0384241473466265,0,0,0
124.395,9497.95546280118,1.97388316474571,9500,9498.50411247166,2.14409835973127,1.97388316474571,0,-8.11600241373098,11.9098138683618,15,1503.01235607484,16878.8901947283,-15421.9879524176,1.97388316474571,1.5418159808907,1.522796008487,0.0190199724036941,-10.7337763535966,0.394027239047627,1.97388316474571,0,267.161443506003,60.6481711487664,7.25635820065811e-10,1,0.986398833666137,0,0.0021773281591484,0.0380399448073883,0,0,0
124.41,9497.83372276498,1.97440882806613,9500,9498.36192305143,2.1488310245854,1.97440882806613,0,-7.71260578266481,11.8988911301482,15,1503.01235607484,16880.5198033906,-15421.3251915771,1.97440882806613,1.5418159808907,1.5230230756626,0.0187929052280968,-10.456285990086,0.395007036719244,1.97440882806613,0,267.161443506003,60.6481711487664,6.94111612982284e-10,1,0.986386190499911,0,0.00238397227517995,0.0375858104561937,0,0,0
124.425,9497.71803367823,1.97495946501186,9500,9498.22503334469,2.15353575091329,1.97495946501186,0,-7.29980443220861,11.8876131200453,15,1503.01235607484,16882.2815216306,-15420.7411960426,1.97495946501186,1.5418159808907,1.52328415095165,0.0185318299390442,-10.162023446176,0.396079824243075,1.97495946501186,0,267.161443506003,60.6481711487664,6.61446278622956e-10,1,0.986374175747823,0,0.00258286163762933,0.0370636598780885,0,0,0
124.44,9497.60853661175,1.97553360788793,9500,9498.09363804363,2.15820361992845,1.97553360788793,0,-6.87856275394726,11.8760080113305,15,1503.01235607484,16884.1698516119,-15420.2359448035,1.97553360788793,1.5418159808907,1.52357822338208,0.0182377575086128,-9.85182766430173,0.397242111980008,1.97553360788793,0,267.161443506003,60.6481711487664,6.27723278759001e-10,1,0.986362804060612,0,0.00277371940278859,0.0364755150172256,0,0,0
124.455,9497.50535817044,1.97612976517925,9500,9497.96791794379,2.16282591971605,1.97612976517925,0,-6.44984689282032,11.8641041861921,15,1503.01235607484,16886.1791312518,-15419.8092619199,1.97612976517925,1.5418159808907,1.52390423160205,0.0179117492886427,-9.52655694210577,0.398490285711263,1.97612976517925,0,267.161443506003,60.6481711487664,5.93027005956191e-10,1,0.98635208858668,0,0.0029562889610466,0.0358234985772854,0,0,0
124.47,9497.40861046705,1.97674642492706,9500,9497.84803979653,2.1673941594016,1.97674642492706,0,-6.01462275843488,11.8519301718803,15,1503.01235607484,16888.3035483955,-15419.4608194468,1.97674642492706,1.5418159808907,1.52426106674438,0.0175549141463163,-9.18708682655575,0.399820615743734,1.97674642492706,0,267.161443506003,60.6481711487664,5.57443812488892e-10,1,0.986342040969363,0,0.00313033410648966,0.0351098282926325,0,0,0
124.485,9497.31839112567,1.97738205811183,9500,9497.73415619293,2.17190008263237,1.97738205811183,0,-5.57385405827836,11.8395145774114,15,1503.01235607484,16890.5371551296,-15419.1901406254,1.97738205811183,1.5418159808907,1.52464757532596,0.0171684055647372,-8.83430801052549,0.401229266091654,1.97738205811183,0,267.161443506003,60.6481711487664,5.21064364692015e-10,1,0.986332671347294,0,0.00329563913849462,0.0343368111294744,0,0,0
124.5,9497.2347833148,1.97803512195427,9500,9497.62640547869,2.1763356803586,1.97803512195427,0,-5.12850040469344,11.826886032395,15,1503.01235607484,16892.8738818572,-15418.9966032576,1.97803512195427,1.5418159808907,1.5250625622109,0.0167534186797964,-8.46912423743655,0.402712303703977,1.97803512195427,0,267.161443506003,60.6481711487664,4.83978486687096e-10,1,0.986323988357839,0,0.00345200894826236,0.0335068373595928,0,0,0
124.515,9497.15785580873,1.97870406324852,9500,9497.52491169964,2.18069320290112,1.97870406324852,0,-4.67951358284637,11.814073133668,14,1503.01235607484,16895.3075395584,-15418.8794208208,1.97870406324852,1.5418159808907,1.52550479357713,0.0163111873135635,-8.09245021797145,0.404265707730695,1.97870406324852,0,267.161443506003,60.6481711487664,9.89954622364965e-10,1,0.986315999143469,0,0.0035992690430775,0.032622374627127,0,0,0
124.53,9497.08766310499,1.97938732157666,9500,9497.42978457731,2.18496517129694,1.97938732157666,0,-4.22784331891833,11.801104356177,14,1503.01235607484,16897.8318830865,-15418.8377385895,1.97938732157666,1.5418159808907,1.52597299994775,0.0158429809429435,-7.70520956455736,0.40588537880008,1.97938732157666,0,267.161443506003,60.6481711487664,9.05013006851103e-10,1,0.986308709363961,0,0.00373726553900156,0.0316859618858869,0,0,0
124.545,9497.0242454552,1.98008333217918,9500,9497.34111952124,2.18914438772981,1.98008333217918,0,-3.77442409684296,11.7880080479555,14,1503.01235607484,16900.4405479377,-15418.8704955715,1.98008333217918,1.5418159808907,1.52646587939277,0.0153501014979252,-7.30833264073593,0.407567148292631,1.98008333217918,0,267.161443506003,60.6481711487664,8.19203508750244e-10,1,0.986302123199599,0,0.00386586510101417,0.0307002029958503,0,0,0
124.56,9496.96762909375,1.98079052997921,9500,9497.2589976461,2.19322394582903,1.98079052997921,0,-3.32018086536345,11.7748123279413,14,1503.01235607484,16903.1271194282,-15418.9765261647,1.98079052997921,1.5418159808907,1.52698210014049,0.0148338807502122,-6.90275481511376,0.409306787588087,1.98079052997921,0,267.161443506003,60.6481711487664,7.32683870162507e-10,1,0.986296243374923,0,0.00398495488328532,0.0296677615004244,0,0,0
124.575,9496.91782638077,1.98150735211627,9500,9497.18348584365,2.1971972395638,1.98150735211627,0,-2.86602568681365,11.7615450496667,14,1503.01235607484,16905.8851308569,-15419.1545393415,1.98150735211627,1.5418159808907,1.52752030392069,0.0142956769700029,-6.48941429338614,0.411100017285565,1.98150735211627,0,267.161443506003,60.6481711487664,6.45661817190116e-10,1,0.98629107117358,0,0.00409444238613665,0.0285913539400058,0,0,0
124.59,9496.87483599547,1.98223224093169,9500,9497.1146368731,2.2010579716156,1.98223224093169,0,-2.41285616846936,11.7482337498515,14,1503.01235607484,16908.7080768385,-15419.4031231287,1.98223224093169,1.5418159808907,1.52807910904987,0.0137368718408315,-6.06925015816211,0.412942516359327,1.98223224093169,0,267.161443506003,60.6481711487664,5.58343650797569e-10,1,0.986286606458401,0,0.00419425529775364,0.027473743681663,0,0,0
124.605,9496.83864315294,1.98296364693183,9500,9497.05248947815,2.20480016100539,1.98296364693183,0,-1.9615539285673,11.7349055980721,14,1503.01235607484,16911.5894266226,-15419.7207492712,1.98296364693183,1.5418159808907,1.52865711349179,0.0131588673989087,-5.64320044897891,0.414829931243316,1.98296364693183,0,267.161443506003,60.6481711487664,4.70935122219575e-10,1,0.986282847693918,0,0.00428434130073874,0.0263177347978174,0,0,0
124.62,9496.80921984401,1.98370003169123,9500,9496.99706852989,2.20841814997649,1.98370003169123,0,-1.51298465559381,11.7215873474776,13,1503.01235607484,16914.5226475721,-15420.1057971024,1.98370003169123,1.5418159808907,1.52925289790475,0.0125630829859427,-5.21220028576709,0.416757884828649,1.98370003169123,0,267.161443506003,60.6481711487664,8.50333413372768e-10,1,0.986279791971271,0,0.00436466783590284,0.0251261659718853,0,0,0
124.635,9496.78652507418,1.98443987066479,9500,9496.94838519484,2.21190661013222,1.98443987066479,0,-1.06799017245622,11.7083052920765,13,1503.01235607484,16917.5011742645,-15420.5564776206,1.98443987066479,1.5418159808907,1.52986502868106,0.0119509522096419,-4.77718003685781,0.418721985354805,1.98443987066479,0,267.161443506003,60.6481711487664,6.57575928230947e-10,1,0.986277435033025,0,0.0044352218508652,0.0239019044192839,0,0,0
124.65,9496.77050522159,1.98518165622962,9500,9496.90643712132,2.21526054798079,1.98518165622962,0,-0.627397281623619,11.6950852103473,13,1503.01235607484,16920.5184917226,-15421.0709670174,1.98518165622962,1.5418159808907,1.53049206081508,0.0113239200756168,-4.33906362119652,0.420717835187694,1.98518165622962,0,267.161443506003,60.6481711487664,4.6587431218309e-10,1,0.986275771310346,0,0.00449600950233209,0.0226478401512336,0,0,0
124.665,9496.76109426237,1.98592389956699,9500,9496.87120867035,2.21847530921125,1.98592389956699,0,-0.192008381582386,11.6819523609975,12,1503.01235607484,16923.5680883066,-15421.6473063162,1.98592389956699,1.5418159808907,1.53113254128442,0.0106834396062729,-3.89876653042127,0.422741039463744,1.98592389956699,0,267.161443506003,60.6481711487664,6.11346774449376e-10,1,0.986274793946403,0,0.00454705582650772,0.0213668792125459,0,0,0
124.68,9496.75821413664,1.98666513378904,9500,9496.84267114509,2.22154658283284,1.98666513378904,0,0.237391939713741,11.6689313999079,11,1503.01235607484,16926.6435230963,-15422.2835062558,1.98666513378904,1.5418159808907,1.53178501173436,0.0100309691563352,-3.4571943096199,0.424787214585672,1.98666513378904,0,267.161443506003,60.6481711487664,8.93630828225225e-10,1,0.986274494834382,0,0.0045884043917388,0.0200619383126703,0,0,0
124.695,9496.76177501574,1.98740391617585,9500,9496.82078305564,2.22447040424302,1.98740391617585,0,0.6600510805307,11.6560462820664,11,1503.01235607484,16929.7383448826,-15422.9773858008,1.98740391617585,1.5418159808907,1.5324480115291,0.00936796936159667,-3.01524085201466,0.426851996561955,1.98740391617585,0,267.161443506003,60.6481711487664,4.81603517154191e-10,1,0.986274864645232,0,0.00462011691362529,0.0187359387231933,0,0,0
124.71,9496.77167578195,1.98813883140875,9500,9496.8054903845,2.22724315808191,1.98813883140875,0,1.07523216029149,11.643320342278,12,1503.01235607484,16932.846233483,-15423.7268058921,1.98813883140875,1.5418159808907,1.53312008021821,0.0086959006724856,-2.57378706211656,0.428931049173086,1.98813883140875,0,267.161443506003,60.6481711487664,6.22479912609657e-10,1,0.986275892877495,0,0.0046422728774469,0.0173918013449712,0,0,0
124.725,9496.78780426435,1.98886849274085,9500,9496.79672690757,2.22986157947649,1.98886849274085,0,1.48223516121376,11.6307763436188,13,1503.01235607484,16935.9608696135,-15424.5294192606,1.98886849274085,1.5418159808907,1.53379976094959,0.00801621994110602,-2.13369899514464,0.431020071967937,1.98886849274085,0,267.161443506003,60.6481711487664,4.60595204461062e-10,1,0.986277567881794,0,0.00465496907417884,0.016032439882212,0,0,0
124.74,9496.81003779177,1.98959154536483,9500,9496.79441449304,2.23232275560499,1.98959154536483,0,1.88037709984488,11.6184361712505,13,1503.01235607484,16939.0760819338,-15425.3829301422,1.98959154536483,1.5418159808907,1.53448560267929,0.00733037821140869,-1.6958267337004,0.433114808051318,1.98959154536483,0,267.161443506003,60.6481711487664,6.36832242016493e-10,1,0.98627987691826,0,0.00465831917635118,0.0146607564228174,0,0,0
124.755,9496.83824344827,1.99030666705282,9500,9496.7984634662,2.23462412536515,1.99030666705282,0,2.26900752633531,11.6063209882868,13,1503.01235607484,16942.1857554359,-15426.284914652,1.99030666705282,1.5418159808907,1.53517616364998,0.0066398172407216,-1.26100254205545,0.435211051680676,1.99030666705282,0,267.161443506003,60.6481711487664,8.09108258499142e-10,1,0.986282806183066,0,0.00465245323076435,0.0132796344814432,0,0,0
124.77,9496.87227856116,1.99101257123471,9500,9496.8087729458,2.23676347948787,1.99101257123471,0,2.64750368954911,11.5944511774633,13,1503.01235607484,16945.2838873719,-15427.2329042027,1.99101257123471,1.5418159808907,1.53587001353595,0.00594596735474484,-0.830039846197049,0.437304655634519,1.99101257123471,0,267.161443506003,60.6481711487664,9.7715308779807e-10,1,0.986286340859113,0,0.00463751717125804,0.0118919347094897,0,0,0
124.785,9496.9119911165,1.99170800862555,9500,9496.82523121984,2.23873895940111,1.99170800862555,0,3.01527000810164,11.5828462986891,14,1503.01235607484,16948.364602148,-15428.2244034251,1.99170800862555,1.5418159808907,1.53656573620406,0.00525024468663582,-0.403731860223841,0.439391538361586,1.99170800862555,0,267.161443506003,60.6481711487664,5.14671666890533e-10,1,0.986290465159171,0,0.00461367230775789,0.0105004893732716,0,0,0
124.8,9496.95722016663,1.99239176901737,9500,9496.84771613156,2.24054905555006,1.99239176901737,0,3.37174705906206,11.5715251095034,14,1503.01235607484,16951.4221067866,-15429.2567945866,1.99239176901737,1.5418159808907,1.5372619322774,0.00455404861329911,0.017149635429415,0.441467690900077,1.99239176901737,0,267.161443506003,60.6481711487664,5.8618531324339e-10,1,0.986295162368214,0,0.00458109478104762,0.00910809722659822,0,0,0
124.815,9497.00779637251,1.99306268339455,9500,9496.87609547105,2.24219260528661,1.99306268339455,0,3.71640033326427,11.5605054737128,14,1503.01235607484,16954.4507795921,-15430.327490147,1.99306268339455,1.5418159808907,1.53795722141454,0.00385875947615277,0.431855327619487,0.443529183551548,1.99306268339455,0,267.161443506003,60.6481711487664,6.55419127153114e-10,1,0.98630041489974,0,0.00453997501899073,0.00771751895230555,0,0,0
124.83,9497.06354237751,1.99371962457461,9500,9496.91022740592,2.24366878947253,1.99371962457461,0,4.04872798219387,11.5498043999075,14,1503.01235607484,16957.4451246456,-15431.4338432554,1.99371962457461,1.5418159808907,1.53865024520379,0.00316573568690726,0.839659751770094,0.445572172310094,1.99371962457461,0,267.161443506003,60.6481711487664,7.22206112093322e-10,1,0.986306204334585,0,0.00449051714101878,0.00633147137381451,0,0,0
124.845,9497.12427329724,1.99436150923484,9500,9496.94996089725,2.24497712913462,1.99436150923484,0,4.36825972252208,11.53943800528,14,1503.01235607484,16960.399794217,-15432.5731763908,1.99436150923484,1.5418159808907,1.5393396692304,0.00247631166029461,1.23986214996089,0.447592905023552,1.99436150923484,0,267.161443506003,60.6481711487664,7.86434725007902e-10,1,0.986312511471802,0,0.00443293837879621,0.00495262332058921,0,0,0
124.86,9497.18979719308,1.99498729936669,9500,9496.99513613461,2.24611748132103,1.99498729936669,0,4.67455727135317,11.5294214995547,14,1503.01235607484,16963.3095968107,-15433.7427869362,1.99498729936669,1.5418159808907,1.54002418529971,0.00179179559098919,1.63178742190527,0.449587727294011,1.99498729936669,0,267.161443506003,60.6481711487664,8.48001145637995e-10,1,0.986319316377835,0,0.00436746847390368,0.00358359118197837,0,0,0
124.875,9497.25991555215,1.99559600353266,9500,9497.04558498118,2.24709003437851,1.99559600353266,0,4.9672146618333,11.5197691725158,14,1503.01235607484,16966.1695044225,-15434.93995264,1.99559600353266,1.5418159808907,1.54070251362335,0.00111346726734807,2.01478701232641,0.451553088107267,1.99559600353266,0,267.161443506003,60.6481711487664,9.06811781719311e-10,1,0.986326598436366,0,0.00429434907349058,0.00222693453469613,0,0,0
124.89,9497.33442377208,1.99618667808646,9500,9497.10113142777,2.2478953026659,1.99618667808646,0,5.24585853395281,11.5104943822859,14,1503.01235607484,16968.9746596745,-15436.1619370926,1.99618667808646,1.5418159808907,1.54137340488798,0.000442576002712691,2.38823973565643,0.453485545190338,1.99618667808646,0,267.161443506003,60.6481711487664,9.62779881038554e-10,1,0.98633433639866,0,0.00421383308974832,0.000885152005425383,0,0,0
124.905,9497.41311165009,1.99675842823309,9500,9497.16159205496,2.24853412072528,1.99675842823309,0,5.51015020970485,11.5016095521268,15,1503.01235607484,16971.7203699486,-15437.4059720611,1.99675842823309,1.5418159808907,1.54203564225986,-0.000219661369166957,2.75155253545287,0.455381770080725,1.99675842823309,0,267.161443506003,60.6481711487664,4.58159192941338e-10,1,0.986342508434357,0,0.00412618406297005,-0.000439322738333914,0,0,0
124.92,9497.49576390323,1.99731040898732,9500,9497.22677650203,2.24900763692854,1.99731040898732,0,5.75977837545979,11.4931261415269,15,1503.01235607484,16974.4021624466,-15438.6693541064,1.99731040898732,1.5418159808907,1.54268804329692,-0.00087206240622173,3.10416117918545,0.457238552909061,1.99731040898732,0,267.161443506003,60.6481711487664,4.80716940520202e-10,1,0.986351092185505,0,0.00403167552238948,-0.00174412481244346,0,0,0
124.935,9497.58216057886,1.99784182568996,9500,9497.29648794939,2.24931730643543,1.99784182568996,0,5.99447002547588,11.4850546785225,15,1503.01235607484,16977.0157157785,-15439.9493139866,1.99784182568996,1.5418159808907,1.54332946193813,-0.00151348104743509,3.44553099499039,0.459052806894137,1.99784182568996,0,267.161443506003,60.6481711487664,5.01873959761818e-10,1,0.986360064809182,0,0.00393059031563059,-0.00302696209487019,0,0,0
124.95,9497.67207762925,1.99835193559649,9500,9497.37052358223,2.24946488426249,1.99835193559649,0,6.21398366067822,11.4774047212581,15,1503.01235607484,16979.5569166227,-15441.2431119337,1.99835193559649,1.5418159808907,1.54395878980589,-0.00214280891518959,3.77515717085849,0.46082157253617,1.99835193559649,0,267.161443506003,60.6481711487664,5.21628974397686e-10,1,0.98636940303718,0,0.00382321995796175,-0.00428561783037917,0,0,0
124.965,9497.76528738416,1.99884004802043,9500,9497.44867508294,2.24945241727455,1.99884004802043,0,6.41811075147937,11.4701848700038,15,1503.01235607484,16982.0218506581,-15442.5480202535,1.99884004802043,1.5418159808907,1.54457495808446,-0.00275897719376239,4.09256541148823,0.462542021517253,1.99884004802043,0,267.161443506003,60.6481711487664,5.39963941341508e-10,1,0.986379083225078,0,0.00370986396706807,-0.00551795438752478,0,0,0
124.98,9497.86155904543,1.99930552485377,9500,9497.53072911845,2.24928223593736,1.99930552485377,0,6.60667561833466,11.4634027675502,15,1503.01235607484,16984.4068068915,-15443.8613283067,1.99930552485377,1.5418159808907,1.54517693906038,-0.00336095816967918,4.39731237401204,0.464211460302434,1.99930552485377,0,267.161443506003,60.6481711487664,5.56864376805181e-10,1,0.986389081403609,0,0.0035908291680351,-0.00672191633935837,0,0,0
124.995,9497.9606591797,1.99974778098988,9500,9497.6164678294,2.24895694565691,1.99974778098988,0,6.7795352585129,11.4570651011714,15,1503.01235607484,16986.7082815872,-15445.1803473951,1.99974778098988,1.5418159808907,1.54576374755513,-0.00394776666443275,4.68898603512995,0.46582733342805,1.99974778098988,0,267.161443506003,60.6481711487664,5.72320385652374e-10,1,0.986399373329829,0,0.00346642902102379,-0.0078955333288655,0,0,0
125.01,9498.06235220858,2.00016628466963,9500,9497.70566932023,2.24847941772863,2.00016628466963,0,6.93657913035042,11.4511776057707,15,1503.01235607484,16988.9229818728,-15446.5024155642,2.00016628466963,1.5418159808907,1.54633444224499,-0.00451846135428924,4.96720599055285,0.46738722648751,2.00016628466963,0,267.161443506003,60.6481711487664,5.86326070415058e-10,1,0.986409934538025,0,0.00333698294870155,-0.00903692270857848,0,0,0
125.025,9498.16640089554,2.00056055773054,9500,9497.79810814928,2.2478527799185,2.00056055773054,0,7.07772888571962,11.4457450685365,15,1503.01235607484,16991.047828946,-15447.8249022988,2.00056055773054,1.5418159808907,1.54688812687799,-0.005072145987294,5.23162368847725,0.468888868814426,2.00056055773054,0,267.161443506003,60.6481711487664,5.98878056707134e-10,1,0.98642074039028,0,0.00320281563197433,-0.010144291974588,0,0,0
125.04,9498.27256682882,2.00093017573949,9500,9497.89355581813,2.2470804066977,2.00093017573949,0,7.20293803907745,11.440771335423,15,1503.01235607484,16993.0799607898,-15449.1452130861,2.00093017573949,1.5418159808907,1.54742395139071,-0.00560797050001272,5.48192259915725,0.470330135848814,2.00093017573949,0,267.161443506003,60.6481711487664,6.09977994739753e-10,1,0.986431766126627,0,0.00306425634167429,-0.0112159410000254,0,0,0
125.055,9498.38061089941,2.00127476805566,9500,9497.99178125919,2.24616590915229,2.00127476805566,0,7.31219160032468,11.4362593186176,15,1503.01235607484,16995.0167345847,-15450.4607938803,2.00127476805566,1.5418159808907,1.5479411129095,-0.00612513201880116,5.71781832258418,0.471709051202568,2.00127476805566,0,267.161443506003,60.6481711487664,6.19629906402571e-10,1,0.986442986914683,0,0.00292163824140035,-0.0122502640376023,0,0,0
125.07,9498.49029377341,2.00159401777903,9500,9498.09255132082,2.24511312459098,2.00159401777903,0,7.40550564803911,11.4322110057558,15,1503.01235607484,16996.8557286401,-15451.7691354243,2.00159401777903,1.5418159808907,1.54843885665213,-0.00662287576143195,5.93905863530387,0.473023788411198,2.00159401777903,0,267.161443506003,60.6481711487664,6.27842539153576e-10,1,0.986454377898712,0,0.00277529771814766,-0.0132457515228639,0,0,0
125.085,9498.60137635813,2.0018876615926,9500,9498.19563124919,2.24392610587262,2.0018876615926,0,7.48292684666949,11.4286274707189,15,1503.01235607484,16998.5947438623,-15453.0677774256,2.0018876615926,1.5418159808907,1.54891647673193,-0.00710049584122951,6.14542347829977,0.474272672384364,2.0018876615926,0,267.161443506003,60.6481711487664,6.34626271487705e-10,1,0.986465914248029,0,0.00262557368714877,-0.014200991682459,0,0,0
125.1,9498.71362026083,2.00215548951666,9500,9498.30078516599,2.24260911047609,2.00215548951666,0,7.54453191983313,11.4255088856771,15,1503.01235607484,17000.2318048377,-15454.3543125972,2.00215548951666,1.5418159808907,1.54937331684951,-0.00755733595880992,6.3367248873634,0.475454180543581,2.00215548951666,0,267.161443506003,60.6481711487664,6.39996350038814e-10,1,0.986477571204638,0,0.00247280692972329,-0.0151146719176198,0,0,0
125.115,9498.82678823963,2.00239734455398,9500,9498.40777654126,2.24116658933691,2.00239734455398,0,7.59042706825825,11.4228545347308,15,1503.01235607484,17001.7651604402,-15455.6263905363,2.00239734455398,1.5418159808907,1.54980877089003,-0.00799278999933728,6.51280686622761,0.476566943661957,2.00239734455398,0,267.161443506003,60.6481711487664,6.4396847017573e-10,1,0.986489324130069,0,0.00231733940896328,-0.0159855799986746,0,0,0
125.13,9498.94064464566,2.00261312226696,9500,9498.51636866054,2.23960317547337,2.00261312226696,0,7.62074735625657,11.4206628284225,15,1503.01235607484,17003.1932841272,-15456.8817214714,2.00261312226696,1.5418159808907,1.55022228340056,-0.00840630250986529,6.67354520404515,0.47760974639599,2.00261312226696,0,267.161443506003,60.6481711487664,6.46564221286954e-10,1,0.986501148551287,0,0.00215951361321221,-0.0168126050197306,0,0,0
125.145,9499.054955856,2.00280277022075,9500,9498.62632508553,2.2379236724268,2.00280277022075,0,7.63565602969909,11.4189313202534,15,1503.01235607484,17004.5148736489,-15458.1180798119,2.00280277022075,1.5418159808907,1.55061334998664,-0.00879736909594175,6.81884723774759,0.478581527521936,2.00280277022075,0,267.161443506003,60.6481711487664,6.47805637047662e-10,1,0.986513020205666,0,0.00199967189390415,-0.0175947381918835,0,0,0
125.16,9499.16949069645,2.00296628738652,9500,9498.73741010758,2.23613304253863,2.00296628738652,0,7.63534381937524,11.4176567235578,15,1503.01235607484,17005.7288505528,-15459.3333075776,2.00296628738652,1.5418159808907,1.55098151757988,-0.00916553668918407,6.94865156109629,0.479481379874193,2.00296628738652,0,267.161443506003,60.6481711487664,6.477174017606e-10,1,0.986524915084882,0,0.0018381558131666,-0.0183310733783681,0,0,0
125.175,9499.28402085374,2.0031037234107,9500,9498.84938919319,2.23423639509002,2.0031037234107,0,7.62002817773711,11.4168349303658,15,1503.01235607484,17006.8343590998,-15460.5253176181,2.0031037234107,1.5418159808907,1.55132638462575,-0.00951040373505641,7.06292768038752,0.480308549990118,2.0031037234107,0,267.161443506003,60.6481711487664,6.46328025750707e-10,1,0.986536809477734,0,0.0016753054991292,-0.0190208074701128,0,0,0
125.19,9499.3983212764,2.00321517783762,9500,9498.96202942092,2.23223897432589,2.00321517783762,0,7.58995249784579,11.4164610307249,15,1503.01235607484,17007.8307649373,-15461.6920966925,2.00321517783762,1.5418159808907,1.5516476011496,-0.00983162025890172,7.16167561943817,0.481062437464726,2.00321517783762,0,267.161443506003,60.6481711487664,6.436668991734e-10,1,0.986548680011772,0,0.00151145902567662,-0.0196632405178034,0,0,0
125.205,9499.51217056387,2.00330079924362,9500,9499.07509990892,2.23014614738867,2.00330079924362,0,7.54538529268038,11.4165293332089,15,1503.01235607484,17008.717653366,-15462.831708369,2.00330079924362,1.5418159808907,1.55194486872738,-0.0101288878366805,7.24492547401968,0.48174259402628,2.00330079924362,0,267.161443506003,60.6481711487664,6.39765320637146e-10,1,0.986560503693701,0,0.00134695177887401,-0.0202577756733611,0,0,0
125.22,9499.62535134326,2.00336078426702,9500,9499.18837223253,2.22796339218443,2.00336078426702,0,7.48661932467172,11.4170333868807,15,1503.01235607484,17009.4948271206,-15463.9422957236,2.00336078426702,1.5418159808907,1.55221794036592,-0.0104019594752238,7.31273691801655,0.482348722326774,2.00336078426702,0,267.161443506003,60.6481711487664,6.34657672785664e-10,1,0.986572257948522,0,0.00118211585939898,-0.0208039189504476,0,0,0
125.235,9499.73765063313,2.00339537660933,9500,9499.30162083131,2.22569628520435,2.00339537660933,0,7.41397073077294,11.4179660033987,15,1503.01235607484,17010.1623039832,-15465.0220838976,2.00339537660933,1.5418159808907,1.55246662026313,-0.0106506393724337,7.36519866276057,0.482880674463503,2.00339537660933,0,267.161443506003,60.6481711487664,6.28378182577491e-10,1,0.9865839206573,0,0.00101727947381658,-0.0213012787448674,0,0,0
125.25,9499.84886019409,2.00340486591848,9500,9499.41462340483,2.22335048932547,2.00340486591848,0,7.32777809063632,11.4193192808176,15,1503.01235607484,17010.7203138493,-15466.0693824338,2.00340486591848,1.5418159808907,1.55269076349017,-0.0108747825994702,7.40242787083175,0.483338450226721,2.00340486591848,0,267.161443506003,60.6481711487664,6.20964599166527e-10,1,0.986595470193582,0,0.000852766366523428,-0.0217495651989403,0,0,0
125.265,9499.95877686545,2.00338958662652,9500,9499.52716129673,2.22093174161217,2.00338958662652,0,7.22840148111141,11.4210846278257,15,1503.01235607484,17011.1692955488,-15467.0825874471,2.00338958662652,1.5418159808907,1.55289027556861,-0.0110742946779174,7.42456952661892,0.483722195091656,2.00338958662652,0,267.161443506003,60.6481711487664,6.12455101733061e-10,1,0.986606885458357,0,0.000688895249499222,-0.0221485893558349,0,0,0
125.28,9500.06720288767,2.00334991671582,9500,9499.63901986656,2.21844584114192,2.00334991671582,0,7.11622150191337,11.4232527888768,15,1503.01235607484,17011.5098933092,-15468.0601836035,2.00334991671582,1.5418159808907,1.5530651119551,-0.0112491310644032,7.43179576483573,0.484032197953931,2.00334991671582,0,267.161443506003,60.6481711487664,6.02888151249309e-10,1,0.986618145913544,0,0.00052597924582698,-0.0224982621288063,0,0,0
125.295,9500.1739462102,2.0032862764116,9500,9499.74998884877,2.21589863687645,2.0032862764116,0,6.99163827158091,11.4258138702549,15,1503.01235607484,17011.7429528492,-15469.0007459009,2.0032862764116,1.5418159808907,1.55321527743752,-0.0113992965468246,7.42430515915696,0.484268888614553,2.0032862764116,0,267.161443506003,60.6481711487664,5.92306168059914e-10,1,0.986629231613962,0,0.000364325366424723,-0.0227985930936492,0,0,0
125.31,9500.27882078427,2.00319912682217,9500,9499.85986269845,2.21329601560095,2.00319912682217,0,6.85507040641308,11.4287573667089,15,1503.01235607484,17011.8695171909,-15469.9029412669,2.00319912682217,1.5418159808907,1.55334082543968,-0.0115248445489839,7.40232197242014,0.484432835029444,2.00319912682217,0,267.161443506003,60.6481711487664,5.80749350571264e-10,1,0.986640123237738,0,0.000204233984905766,-0.0230496890979679,0,0,0
125.325,9500.38164684037,2.00308896851401,9500,9499.96844092337,2.21064388995211,2.00308896851401,0,6.7069539749001,11.4320721888882,15,1503.01235607484,17011.8908221299,-15470.7655299574,2.00308896851401,1.5418159808907,1.55344185724037,-0.0116258763496695,7.36609537048307,0.484524740322652,2.00308896851401,0,267.161443506003,60.6481711487664,5.68260383198502e-10,1,0.986650802115124,0,4.5998344548881e-05,-0.023251752699339,0,0,0
125.34,9500.48225114999,2.00295634002755,9500,9500.07552840183,2.20794818655636,2.00295634002755,0,6.5477414319412,11.4357466914838,15,1503.01235607484,17011.8082913923,-15471.5873667579,2.00295634002755,1.5418159808907,1.55351852111112,-0.0117025402204241,7.3158986013389,0.484545439577699,2.00295634002755,0,267.161443506003,60.6481711487664,5.54883405428831e-10,1,0.986661250255681,0,-0.000110095918540498,-0.0234050804408481,0,0,0
125.355,9500.58046727147,2.00280181635645,9500,9500.18093568605,2.20521483429892,2.00280181635645,0,6.37790054548951,11.4397687016885,15,1503.01235607484,17011.6235315655,-15472.3674020055,2.00280181635645,1.5418159808907,1.553571011365,-0.0117550304742997,7.25202814146024,0.484495896414355,2.00280181635645,0,267.161443506003,60.6481711487664,5.40661804376756e-10,1,0.986671450373807,0,-0.000263771237180244,-0.0235100609485994,0,0,0
125.37,9500.67613577965,2.00262600734554,9500,9500.28447929056,2.20244975274393,2.00262600734554,0,6.19791329001534,11.4441255487676,15,1503.01235607484,17011.3383266149,-15473.1046823874,2.00262600734554,1.5418159808907,1.55359956734209,-0.0117835864513889,7.17480281106869,0.484377199357624,2.00262600734554,0,267.161443506003,60.6481711487664,5.25639538637109e-10,1,0.986681385912593,0,-0.000414758551494199,-0.0235671729027778,0,0,0
125.385,9500.769104479,2.00242955607666,9500,9500.38598196541,2.19965884072495,2.00242955607666,0,6.00827474764692,11.4488040935431,15,1503.01235607484,17010.9546322771,-15473.7983515742,2.00242955607666,1.5418159808907,1.55360447230244,-0.0117884914117468,7.08456286058966,0.484190558009452,2.00242955607666,0,267.161443506003,60.6481711487664,5.09861432192683e-10,1,0.986691041065953,0,-0.000562797718583585,-0.0235769828234935,0,0,0
125.4,9500.85922860022,2.00221313718431,9500,9500.48527295384,2.19684796512606,2.00221313718431,0,5.80949198225109,11.4537907588148,15,1503.01235607484,17010.4745700789,-15474.4476506364,2.00221313718431,1.5418159808907,1.55358605226194,-0.0117700713712392,6.9816690294357,0.483937299036089,2.00221313718431,0,267.161443506003,60.6481711487664,4.93373174174537e-10,1,0.986700400799045,0,-0.000707637917669812,-0.0235401427424784,0,0,0
125.415,9500.94637097995,2.00197745515037,9500,9500.58218823404,2.1940229498713,2.00197745515037,0,5.60208291636279,11.4590715598753,15,1503.01235607484,17009.900421193,-15475.0519182827,2.00197745515037,1.5418159808907,1.55354467474743,-0.0117286938567307,6.86650157991306,0.483618861973138,2.00197745515037,0,267.161443506003,60.6481711487664,4.7621911239175e-10,1,0.986709450866933,0,-0.000849038010821701,-0.0234573877134614,0,0,0
125.43,9501.0304022237,2.00172324255676,9500,9500.67657074493,2.1911895651414,2.00172324255676,0,5.38657519772134,11.4646321354957,15,1503.01235607484,17009.2346200354,-15475.6105909017,2.00172324255676,1.5418159808907,1.5534807474918,-0.0116647666011014,6.73945930738183,0.483236794868268,2.00172324255676,0,267.161443506003,60.6481711487664,4.5844490128043e-10,1,0.986718177831504,0,-0.000986766900323177,-0.0233295332022028,0,0,0
125.445,9501.11120085166,2.00145125828733,9500,9500.76827059555,2.18835351683476,2.00145125828733,0,5.16350321997746,11.4704577724471,14,1503.01235607484,17008.4797595159,-15476.1232247494,2.00145125828733,1.5418159808907,1.55339471707394,-0.0115787361832429,6.60095852932057,0.482792749763123,2.00145125828733,0,267.161443506003,60.6481711487664,9.80643743755491e-10,1,0.98672656907662,0,-0.0011206038463627,-0.0231574723664858,0,0,0
125.46,9501.18865339996,2.00116228574195,9500,9500.85714525805,2.18552043628975,2.00116228574195,0,4.93341441976316,11.4765334649427,14,1503.01235607484,17007.6385358827,-15476.5894050142,2.00116228574195,1.5418159808907,1.5532870674812,-0.0114710865905017,6.45143205498409,0.48228847803226,2.00116228574195,0,267.161443506003,60.6481711487664,9.38649253744758e-10,1,0.986734612818624,0,-0.00125033878017988,-0.0229421731810033,0,0,0
125.475,9501.26265461626,2.00085713132354,9500,9500.94305973688,2.18269587046614,2.00085713132354,0,4.69685703506184,11.4828438986763,14,1503.01235607484,17006.7138166392,-15477.0088833123,2.00085713132354,1.5418159808907,1.55315831846486,-0.0113423375741659,6.29132803232971,0.481725825581179,2.00085713132354,0,267.161443506003,60.6481711487664,8.95605228961594e-10,1,0.98674229812666,0,-0.00137577255597177,-0.0226846751483318,0,0,0
125.49,9501.33310747178,2.00053662171973,9500,9501.0258867448,2.17988527182559,2.00053662171973,0,4.45438609126134,11.4893735257524,14,1503.01235607484,17005.7085800876,-15477.3814832244,2.00053662171973,1.5418159808907,1.55300902444168,-0.0111930435509786,6.12110915107513,0.481106727930991,2.00053662171973,0,267.161443506003,60.6481711487664,8.51567549001038e-10,1,0.986749614923921,0,-0.00149671723992872,-0.0223860871019572,0,0,0
125.505,9501.39992326315,2.00020160255908,9500,9501.10550683646,2.1770939891595,2.00020160255908,0,4.20656064403396,11.4961065805568,14,1503.01235607484,17004.6259227419,-15477.7071233894,2.00020160255908,1.5418159808907,1.55283977264302,-0.0110237917523213,5.94125139519067,0.480433205173023,2.00020160255908,0,267.161443506003,60.6481711487664,8.06634418923365e-10,1,0.986756553998223,0,-0.00161299631587708,-0.0220475835046425,0,0,0
125.52,9501.46302167281,1.99985293656118,9500,9501.18180853364,2.17432725852551,1.99985293656118,0,3.95394267238123,11.5030271112375,14,1503.01235607484,17003.4690519936,-15477.9858164761,1.99985293656118,1.5418159808907,1.5526511814709,-0.0108352005801982,5.75224295014872,0.479707356830879,1.99985293656118,0,267.161443506003,60.6481711487664,7.60905923801931e-10,1,0.986763107008283,0,-0.00172444488900148,-0.0216704011603963,0,0,0
125.535,9501.5223308129,1.99949150161388,9500,9501.25468843382,2.17159019451683,1.99949150161388,0,3.69709594267937,11.5101190122848,14,1503.01235607484,17002.2412783868,-15478.2176679294,1.99949150161388,1.5418159808907,1.55244389884452,-0.0106279179538227,5.55458310398202,0.478931356630828,1.99949150161388,0,267.161443506003,60.6481711487664,7.14478736345773e-10,1,0.986769266488272,0,-0.00183090986774115,-0.0212558359076453,0,0,0
125.55,9501.57778725204,1.9991181888729,9500,9501.32405130189,2.16888778187564,1.9991181888729,0,3.43658490034532,11.5173660565605,14,1503.01235607484,17000.9460079047,-15478.4028745729,1.9991181888729,1.5418159808907,1.55221860049477,-0.0104026196040734,5.34878114437843,0.478107447190345,1.9991181888729,0,267.161443506003,60.6481711487664,6.6745053058209e-10,1,0.9867750258506,0,-0.00193225010560938,-0.0208052392081468,0,0,0
125.565,9501.62933602554,1.9987339008141,9500,9501.38981014507,2.16622486746505,1.9987339008141,0,3.17297354685352,11.524751928005,14,1503.01235607484,16999.5867339683,-15478.5417230076,1.9987339008141,1.5418159808907,1.55197598825041,-0.010160007359709,5.1353552515625,0.47723793464282,1.9987339008141,0,267.161443506003,60.6481711487664,6.19916748744862e-10,1,0.986780379386976,0,-0.0020283365358913,-0.020320014719418,0,0,0
125.58,9501.67693062875,1.99833954933796,9500,9501.45188627107,2.16360615261094,1.99833954933796,0,2.90682436105489,11.5322602532963,14,1503.01235607484,16998.1670295695,-15478.6345878945,1.99833954933796,1.5418159808907,1.5517167882679,-0.00990080737720334,4.91483138864676,0.476325183201669,1.99833954933796,0,267.161443506003,60.6481711487664,5.71971926951335e-10,1,0.986785322267712,0,-0.00211905226252362,-0.0198016147544067,0,0,0
125.595,9501.72053299416,1.99793605381609,9500,9501.51020932942,2.16103618582657,1.99793605381609,0,2.63869720000473,11.5398746343933,14,1503.01235607484,16996.6905390783,-15478.6819300283,1.99793605381609,1.5418159808907,1.55144174926977,-0.00962576837907059,4.6877421898247,0.475371609683534,1.99793605381609,0,267.161443506003,60.6481711487664,5.23710285568218e-10,1,0.986789850539355,0,-0.00220429264531008,-0.0192515367581412,0,0,0
125.61,9501.76011345216,1.99752433918103,9500,9501.56471733618,2.15851935592871,1.99752433918103,0,2.36914823783228,11.5475786802068,14,1503.01235607484,16995.1609701438,-15478.6842942891,1.99752433918103,1.5418159808907,1.5511516407421,-0.00933565985140516,4.45462584913605,0.474379677993144,1.99752433918103,0,267.161443506003,60.6481711487664,4.75223378956436e-10,1,0.986793961120602,0,-0.00228396533953301,-0.0186713197028103,0,0,0
125.625,9501.79565067573,1.99710533403981,9500,9501.61535668209,2.15605988555668,1.99710533403981,0,2.0987306715078,11.5553560403341,13,1503.01235607484,16993.5820740397,-15478.6422859972,1.99710533403981,1.5418159808907,1.55084725111132,-0.00903127022062034,4.21602501029471,0.473351893590354,1.99710533403981,0,267.161443506003,60.6481711487664,9.51540898649324e-10,1,0.98679765179656,0,-0.00235799032881134,-0.0180625404412407,0,0,0
125.64,9501.8271316358,1.99667996876943,9500,9501.66208212422,2.15366182510202,1.99667996876943,0,1.8279865034027,11.563190425765,13,1503.01235607484,16991.9576851581,-15478.5566571319,1.99667996876943,1.5418159808907,1.55052938592252,-0.00871340503182694,3.97248566008035,0.472290797942389,1.99667996876943,0,267.161443506003,60.6481711487664,8.43121807903577e-10,1,0.986800921214112,0,-0.00242629991951704,-0.0174268100636539,0,0,0
125.655,9501.85455143335,1.99624917333178,9500,9501.70485676826,2.1513290468841,1.99624917333178,0,1.55745647418887,11.5710656615,13,1503.01235607484,16990.2916377443,-15478.4281666319,1.99624917333178,1.5418159808907,1.55019886615946,-0.0083828852687613,3.7245561273215,0.471198962978606,1.99624917333178,0,267.161443506003,60.6481711487664,7.34677791091118e-10,1,0.986803768864475,0,-0.00248883871865502,-0.0167657705375226,0,0,0
125.67,9501.87791328047,1.99581387630658,9500,9501.7436520119,2.14906524032716,1.99581387630658,0,1.28767195987538,11.578965690141,13,1503.01235607484,16988.5878120351,-15478.2576726088,1.99581387630658,1.5418159808907,1.54985652596036,-0.00804054506966323,3.4727857294852,0.470078985555212,1.99581387630658,0,267.161443506003,60.6481711487664,6.26503682459691e-10,1,0.986806195081237,0,-0.00254556357378788,-0.0160810901393265,0,0,0
125.685,9501.89722835987,1.99537500248054,9500,9501.77844749792,2.1468739069315,1.99537500248054,0,1.01915564476625,11.5868746147666,13,1503.01235607484,16986.8501106706,-15478.0461049537,1.99537500248054,1.5418159808907,1.54950321106928,-0.00768723017858397,3.21772386281854,0.468933481947007,1.99537500248054,0,267.161443506003,60.6481711487664,5.18790498320215e-10,1,0.986808201025765,0,-0.0025964434967618,-0.0153744603571679,0,0,0
125.7,9501.91251569454,1.9949334710802,9500,9501.80923104305,2.14475835589607,1.9949334710802,0,0.752418818179189,11.5947767107243,12,1503.01235607484,16985.0824619631,-15477.7944839899,1.9949334710802,1.5418159808907,1.54913977698268,-0.00732379609198208,2.95991893594582,0.467765082373464,1.9949334710802,0,267.161443506003,60.6481711487664,9.19014577501602e-10,1,0.98680978867367,0,-0.00264145957864259,-0.0146475921839642,0,0,0
125.715,9501.92380197681,1.99449019399994,9500,9501.83599855154,2.14272170018412,1.99449019399994,0,0.487968128682062,11.6026565230411,12,1503.01235607484,16983.2887638256,-15477.5038260329,1.99449019399994,1.5418159808907,1.54876708711761,-0.00695110622691542,2.69991731295907,0.466576425563075,1.99449019399994,0,267.161443506003,60.6481711487664,6.81781636368855e-10,1,0.986810960797051,0,-0.00268060485614674,-0.0139022124538308,0,0,0
125.73,9501.93112149874,1.99404607443132,9500,9501.85875390674,2.14076685320948,1.99404607443132,0,0.226292741060949,11.6104987831883,12,1503.01235607484,16981.4729538855,-15477.1752865164,1.99404607443132,1.5418159808907,1.54838601080929,-0.00657002991859135,2.43826216765784,0.465370153377809,1.99404607443132,0,267.161443506003,60.6481711487664,4.4701879524244e-10,1,0.986811720957269,0,-0.00271388416245877,-0.0131400598371827,0,0,0
125.745,9501.93451588986,1.99360200427771,9500,9501.87750887281,2.13889652534907,1.99360200427771,0,-0.0321278087401005,11.6182884907392,11,1503.01235607484,16979.6389380973,-15476.8100439792,1.99360200427771,1.5418159808907,1.54799742194954,-0.00618144105884633,2.17549273924478,0.464148905504703,1.99360200427771,0,267.161443506003,60.6481711487664,7.43306057980063e-10,1,0.986812073477709,0,-0.00274131398775701,-0.0123628821176927,0,0,0
125.76,9501.93403397273,1.99315886314306,9500,9501.89228295386,2.13711322160789,1.99315886314306,0,-0.286829674839326,11.6260110367013,11,1503.01235607484,16977.7906288251,-15476.4093726128,1.99315886314306,1.5418159808907,1.54760219686962,-0.00578621597892637,1.91214312626818,0.462915314210212,1.99315886314306,0,267.161443506003,60.6481711487664,3.91881154967162e-10,1,0.98681202342878,0,-0.00276292227186414,-0.0115724319578527,0,0,0
125.775,9501.9297315276,1.99271751667669,9500,9501.90310325229,2.13541923941375,1.99271751667669,0,-0.537358995363929,11.6336520444262,11,1503.01235607484,16975.9318841116,-15475.9745491158,1.99271751667669,1.5418159808907,1.54720121259164,-0.00538523170093819,1.64874133334139,0.461671999187873,1.99271751667669,0,267.161443506003,60.6481711487664,5.36814227797962e-10,1,0.986811576603475,0,-0.00277874819124202,-0.0107704634018764,0,0,0
125.79,9501.92167114267,1.9922788154819,9500,9501.91000430269,2.13381666713402,1.9922788154819,0,-0.783275481219625,11.6411975472052,12,1503.01235607484,16974.0665310947,-15475.5068965211,1.9922788154819,1.5418159808907,1.54679534484601,-0.00497936395530818,1.38580817113731,0.460421562501814,1.9922788154819,0,267.161443506003,60.6481711487664,4.62287404826956e-10,1,0.986810739501813,0,-0.00278884192257456,-0.00995872791061636,0,0,0
125.805,9501.90992201045,1.99184359315682,9500,9501.91302791011,2.13230738261015,1.99184359315682,0,-1.02415967013848,11.6486338341245,12,1503.01235607484,16972.1983899233,-15475.0078493552,1.99184359315682,1.5418159808907,1.54638546657596,-0.00456948568526627,1.12385646172014,0.459166583636656,1.99184359315682,0,267.161443506003,60.6481711487664,6.80185915377008e-10,1,0.986809519309704,0,-0.00279326440280103,-0.00913897137053254,0,0,0
125.82,9501.8945596154,1.99141266441201,9500,9501.91222297739,2.13089305208848,1.99141266441201,0,-1.25960334039426,11.6559477104889,12,1503.01235607484,16970.3312058465,-15474.4788312534,1.99141266441201,1.5418159808907,1.54597244645774,-0.00415646556704252,0.863390259974215,0.457909614655395,1.99141266441201,0,267.161443506003,60.6481711487664,8.93795260308073e-10,1,0.986807923866492,0,-0.00279208706614087,-0.00831293113408504,0,0,0
125.835,9501.8756655653,1.99098682455347,9500,9501.90764529634,2.12957513020059,1.99098682455347,0,-1.48921766485878,11.6631263557718,13,1503.01235607484,16968.4686925511,-15473.9213446519,1.99098682455347,1.5418159808907,1.54555714679713,-0.00374116590642837,0.604903712973115,0.456653175475632,1.99098682455347,0,267.161443506003,60.6481711487664,4.94244626933791e-10,1,0.986805961647459,0,-0.00278539153946333,-0.00748233181285674,0,0,0
125.85,9501.85332730032,1.99056684774983,9500,9501.89935734929,2.12835485983512,1.99056684774983,0,-1.71262519191473,11.6701573769719,13,1503.01235607484,16966.6144657566,-15473.3368588155,1.99056684774983,1.5418159808907,1.54514042210257,-0.00332444121187092,0.348880325597904,0.455399749282873,1.99056684774983,0,267.161443506003,60.6481711487664,5.85696677728858e-10,1,0.9868036417336,0,-0.0027732693460325,-0.00664888242374184,0,0,0
125.865,9501.82763792244,1.99015348612809,9500,9501.88742808673,2.12723327276761,1.99015348612809,0,-1.92947090721466,11.6770288416472,13,1503.01235607484,16964.7721113618,-15472.7269408614,1.99015348612809,1.5418159808907,1.54472311731058,-0.00290713641988405,0.0957920348996756,0.454151778077159,1.99015348612809,0,267.161443506003,60.6481711487664,6.74674619676546e-10,1,0.986800973793907,0,-0.00275582157437348,-0.0058142728397681,0,0,0
125.88,9501.79869585884,1.98974746767061,9500,9501.87193271828,2.12621119011591,1.98974746767061,0,-2.13941644505903,11.6837292968003,13,1503.01235607484,16962.9451290859,-15472.0931665062,1.98974746767061,1.5418159808907,1.54430606668509,-0.00249008579439058,-0.153901312692865,0.452911658368691,1.98974746767061,0,267.161443506003,60.6481711487664,7.6113527691059e-10,1,0.986797968050418,0,-0.00273315856143719,-0.00498017158878117,0,0,0
125.895,9501.76660461216,1.98934949552864,9500,9501.85295247069,2.12528922379245,1.98934949552864,0,-2.34214186297079,11.690247782315,13,1503.01235607484,16961.1369392032,-15471.4371368912,1.98934949552864,1.5418159808907,1.54389009207975,-0.00207411118904899,-0.399752856371464,0.451681737016044,1.98934949552864,0,267.161443506003,60.6481711487664,8.44956049557498e-10,1,0.986794635252279,0,-0.00270539953541227,-0.00414822237809798,0,0,0
125.91,9501.73147248421,1.98896024695612,9500,9501.8305743438,2.12446777818829,1.98896024695612,0,-2.53734603223305,11.6965738467858,13,1503.01235607484,16959.3508767345,-15470.7604749958,1.98896024695612,1.5418159808907,1.54347600147054,-0.00166002057984294,-0.641329447157952,0.450464307225108,1.98896024695612,0,267.161443506003,60.6481711487664,9.26021060007599e-10,1,0.986790986647044,0,-0.0026726722465038,-0.00332004115968587,0,0,0
125.925,9501.69341229373,1.98858037230938,9500,9501.80489085812,2.12374705225307,1.98858037230938,0,-2.72474510419955,11.7026975707102,14,1503.01235607484,16957.5901736435,-15470.0647991196,1.98858037230938,1.5418159808907,1.54306458753845,-0.00124860664775195,-0.87821233710839,0.449261604714182,1.98858037230938,0,267.161443506003,60.6481711487664,4.50038890669492e-10,1,0.986787033951366,0,-0.00263511259196303,-0.0024972132955039,0,0,0
125.94,9501.65254111717,1.98821049412008,9500,9501.77599979467,2.12312704196023,1.98821049412008,0,-2.90408022371686,11.7086095463732,14,1503.01235607484,16955.8580017343,-15469.3518096179,1.98821049412008,1.5418159808907,1.5426566262999,-0.000840645409205365,-1.10999782982611,0.448075804047798,1.98821049412008,0,267.161443506003,60.6481711487664,4.8373047485654e-10,1,0.986782789324083,0,-0.00259286422421012,-0.00168129081841073,0,0,0
125.955,9501.60897991381,1.98785120582882,9500,9501.74400393516,2.12260754296134,1.98785120582882,0,-3.07510708508753,11.7143009461258,14,1503.01235607484,16954.15739489,-15468.6231517814,1.98785120582882,1.5418159808907,1.54225287599509,-0.000436895104390267,-1.33629778364834,0.446909015146904,1.98785120582882,0,267.161443506003,60.6481711487664,5.16090517742873e-10,1,0.986778265327276,0,-0.00254607815960028,-0.000873790208780534,0,0,0
125.97,9501.56285330754,1.98750307188037,9500,9501.70901077223,2.12218815419198,1.98750307188037,0,-3.23760280300176,11.7197634857673,14,1503.01235607484,16952.4912945204,-15467.8805003306,1.98750307188037,1.5418159808907,1.5418540753834,-3.80944927045324e-05,-1.55674044290432,0.445763279975084,1.98750307188037,0,267.161443506003,60.6481711487664,5.47036144275403e-10,1,0.98677347490361,0,-0.00249491234921684,-7.61889854090647e-05,0,0,0
125.985,9501.51428926549,1.98716662644005,9500,9501.67113223829,2.12186828122506,1.98716662644005,0,-3.39136465428113,11.7249894518679,14,1503.01235607484,16950.8625313511,-15467.1255340513,1.98716662644005,1.5418159808907,1.54146094282499,0.000355038065709135,-1.77097081242002,0.444640569417936,1.98716662644005,0,267.161443506003,60.6481711487664,5.76529741119322e-10,1,0.986768431342959,0,-0.00243953126565732,0.000710076131418269,0,0,0
126,9501.46341879568,1.98684237273443,9500,9501.63048442135,2.12164714015702,1.98684237273443,0,-3.53621021416308,11.7299717102683,14,1503.01235607484,16949.2738211948,-15466.3599323333,1.98684237273443,1.5418159808907,1.54107417514302,0.000741805747672464,-1.97865114059818,0.44354278034839,1.98684237273443,0,267.161443506003,60.6481711487664,6.04534704722129e-10,1,0.986763148251005,0,-0.00238010548413659,0.00148361149534493,0,0,0
126.015,9501.41037564246,1.98653078241834,9500,9501.58718727614,2.12152376182757,1.98653078241834,0,-3.6719774751496,11.7347037140873,14,1503.01235607484,16947.7277608276,-15465.5853717166,1.98653078241834,1.5418159808907,1.54069444656714,0.00112153432355555,-2.17946136549102,0.442471732880529,1.98653078241834,0,267.161443506003,60.6481711487664,6.31017646960148e-10,1,0.986757639517607,0,-0.00231681124061645,0.0022430686471111,0,0,0
126.03,9501.35529598034,1.98623229507353,9500,9501.54136433113,2.12149699635846,1.98623229507353,0,-3.79852488895219,11.7391795093825,14,1503.01235607484,16946.2268244072,-15464.8035225404,1.98623229507353,1.5418159808907,1.54032240771041,0.00149357318028986,-2.37309952169746,0.441429167822252,1.98623229507353,0,267.161443506003,60.6481711487664,6.55947072357916e-10,1,0.986751919285007,0,-0.0022498300064997,0.00298714636057973,0,0,0
126.045,9501.298318107,1.98594731776754,9500,9501.49314239216,2.12156551799984,1.98594731776754,0,-3.91573137314241,11.7433937397275,14,1503.01235607484,16944.7733601439,-15464.0160456428,1.98594731776754,1.5418159808907,1.53995868461194,0.00185729627875753,-2.55928210827419,0.440416744319327,1.98594731776754,0,267.161443506003,60.6481711487664,6.79296319330614e-10,1,0.986746001915945,0,-0.0021793480287764,0.00371459255751505,0,0,0
126.06,9501.23958213641,1.98567622467383,9500,9501.44265124336,2.12172783026764,1.98567622467383,0,-4.02349628243042,11.7473416496819,14,1503.01235607484,16943.3695872308,-15463.2245891186,1.98567622467383,1.5418159808907,1.53960387785232,0.00221210303837549,-2.73774441515221,0.439436037706377,1.98567622467383,0,267.161443506003,60.6481711487664,7.01039885151498e-10,1,0.98673990196179,0,-0.00210555589545391,0.00442420607675098,0,0,0
126.075,9501.17922969217,1.98541935679827,9500,9501.39002334593,2.12198227135756,1.98541935679827,0,-4.12173931851886,11.751019086368,14,1503.01235607484,16942.0175932255,-15462.430785178,1.98541935679827,1.5418159808907,1.53925856171362,0.00255741917707364,-2.90824080774188,0.438488537553423,1.98541935679827,0,267.161443506003,60.6481711487664,7.21156367485351e-10,1,0.986733634130694,0,-0.00202864808168735,0.00511483835414728,0,0,0
126.09,9501.11740360239,1.985177021771,9500,9501.33539353564,2.12232701982002,1.985177021771,0,-4.21040040358521,11.7544224998754,14,1503.01235607484,16940.7193317147,-15461.6362470812,1.985177021771,1.5418159808907,1.53892328340888,0.00289269748182064,-3.07054496894285,0.437575645916664,1.985177021771,0,267.161443506003,60.6481711487664,7.39625965719918e-10,1,0.986727213255898,0,-0.00194882249623229,0.00578539496364128,0,0,0
126.105,9501.05424759634,1.98494949368516,9500,9501.27889871956,2.12276010047987,1.98494949368516,0,-4.28943952851243,11.7575489428193,14,1503.01235607484,16939.4766201853,-15460.8425661356,1.98494949368516,1.5418159808907,1.53859856239014,0.00321741850055313,-3.22445009800248,0.436698675793359,1.98494949368516,0,267.161443506003,60.6481711487664,7.5643327583014e-10,1,0.986720654264233,0,-0.001866280031394,0.00643483700110625,0,0,0
126.12,9500.98990600341,1.98473701304498,9500,9501.22067757284,2.12327939058388,1.98473701304498,0,-4.35883653871918,11.760396067958,14,1503.01235607484,16938.2911383743,-15460.051308816,1.98473701304498,1.5418159808907,1.53828488970317,0.00353109118752304,-3.36976906554792,0.435858849779232,1.98473701304498,0,267.161443506003,60.6481711487664,7.71565085931794e-10,1,0.986713972144858,0,-0.00178122411043757,0.00706218237504608,0,0,0
126.135,9500.92452345533,1.98453978675405,9500,9501.16087023598,2.12388262616071,1.98453978675405,0,-4.418590900048,11.7629621250886,14,1503.01235607484,16937.1644268018,-15459.2640139546,1.98453978675405,1.5418159808907,1.53798272742379,0.00383325346691121,-3.50633452571464,0.435057298929535,1.98453978675405,0,267.161443506003,60.6481711487664,7.85012730352215e-10,1,0.986707181918328,0,-0.00169386024166318,0.00766650693382243,0,0,0
126.15,9500.85824459183,1.98435798817879,9500,9501.09961801344,2.12456740857637,1.98435798817879,0,-4.46872142383356,11.7652459566098,14,1503.01235607484,16936.0978856395,-15458.4821900348,1.98435798817879,1.5418159808907,1.53769250815704,0.00412347273365277,-3.63399898507111,0.434295061820787,1.98435798817879,0,267.161443506003,60.6481711487664,7.9676797347384e-10,1,0.986700298606028,0,-0.00160439556250647,0.00824694546730553,0,0,0
126.165,9500.79121377048,1.98419175727617,9500,9501.03706307406,2.12533121126848,1.98419175727617,0,-4.50926595762757,11.7672469919421,14,1503.01235607484,16935.0927738759,-15457.7073125848,1.98419175727617,1.5418159808907,1.53741463460679,0.00440134628390898,-3.75263482893683,0.433573083817659,1.98419175727617,0,267.161443506003,60.6481711487664,8.06827128596912e-10,1,0.986693337200043,0,-0.00151303840229233,0.00880269256781796,0,0,0
126.18,9500.72357478111,1.98404120081122,9500,9500.97334815392,2.1261713866438,1.98404120081122,0,-4.54028102823766,11.7689652403708,14,1503.01235607484,16934.1502088782,-15456.9408216988,1.98404120081122,1.5418159808907,1.53714947919875,0.00466650169194827,-3.86213430614954,0.432892216536627,1.98404120081122,0,267.161443506003,60.6481711487664,8.15190471313221e-10,1,0.986686312633495,0,-0.00141999784114888,0.00933300338389653,0,0,0
126.195,9500.65547056569,1.98390639260376,9500,9500.90861626219,2.12708517312191,1.98390639260376,0,-4.56184147114462,11.7704012833722,14,1503.01235607484,16933.2711661133,-15456.1841196384,1.98390639260376,1.5418159808907,1.53689738378822,0.00491859710247677,-3.96240947270082,0.43225321750811,1.98390639260376,0,267.161443506003,60.6481711487664,8.21859740897977e-10,1,0.98667923975145,0,-0.00132548327209392,0.00983719420495355,0,0,0
126.21,9500.58704294362,1.98378737386117,9500,9500.84301039062,2.12806970230798,1.98378737386117,0,-4.57404001577563,11.7715562654346,14,1503.01235607484,16932.4564792507,-15455.4385685661,1.98378737386117,1.5418159808907,1.5366586594233,0.00515732146740211,-4.05339209467453,0.431656750035668,1.98378737386117,0,267.161443506003,60.6481711487664,8.26840641910667e-10,1,0.986672133282393,0,-0.00122970397870525,0.0103146429348042,0,0,0
126.225,9500.51843234338,1.98368415358801,9500,9500.77667322714,2.12912200627865,1.98368415358801,0,-4.57698682983074,11.7724318835395,14,1503.01235607484,16931.7068406286,-15454.7054884092,1.98368415358801,1.5418159808907,1.53643358616467,0.00538239472602875,-4.13503351181846,0.431103383245251,1.98368415358801,0,267.161443506003,60.6481711487664,8.3014196337786e-10,1,0.986665007810357,0,-0.00113286870166318,0.0107647894520575,0,0,0
126.24,9500.44977754094,1.98359670902075,9500,9500.7097468741,2.13023902496439,1.98359670902075,0,-4.57080905571912,11.7730303762207,14,1503.01235607484,16931.0228018552,-15453.9861548141,1.98359670902075,1.5418159808907,1.53622241299042,0.00559356790027454,-4.20730446257093,0.430593592329502,1.98359670902075,0,267.161443506003,60.6481711487664,8.31775286175559e-10,1,0.986657877747753,0,-0.00103518523982649,0.0111871358005491,0,0,0
126.255,9500.3812154051,1.98352498614763,9500,9500.6423725718,2.13141761361055,1.98352498614763,0,-4.55565030208731,11.7733545111492,14,1503.01235607484,16930.4047748077,-15453.2817972447,1.98352498614763,1.5418159808907,1.53602535774802,0.00579062314267587,-4.27019487080661,0.43012775897158,1.98352498614763,0,267.161443506003,60.6481711487664,8.31755572888653e-10,1,0.986650757308929,0,-0.000936860029145281,0.0115812462853517,0,0,0
126.27,9500.31288065057,1.98346890030559,9500,9500.57469042758,2.13265455030154,1.98346890030559,0,-4.53167009779359,11.7734075713961,14,1503.01235607484,16929.8530329887,-15452.5935972235,1.98346890030559,1.5418159808907,1.53584260716248,0.00597337372821283,-4.32371359592928,0.429706171958465,1.98346890030559,0,267.161443506003,60.6481711487664,8.30100286829839e-10,1,0.98664366048452,0,-0.000838097760742507,0.0119467474564257,0,0,0
126.285,9500.2449055991,1.98342833675622,9500,9500.50683915125,2.13394654353115,1.98342833675622,0,-4.4990433637951,11.773193342102,14,1503.01235607484,16929.3677128399,-15451.9226866343,1.98342833675622,1.5418159808907,1.535674316941,0.00614166394969518,-4.36788814714973,0.429329027966131,1.98342833675622,0,267.161443506003,60.6481711487664,8.26830570237593e-10,1,0.986636601016643,0,-0.000739100982531493,0.0122833278993904,0,0,0
126.3,9500.17741994865,1.98340315141956,9500,9500.43895579704,2.1352902398015,1.98340315141956,0,-4.45795980010054,11.7727160944169,14,1503.01235607484,16928.9488157566,-15451.270146242,1.98340315141956,1.5418159808907,1.53552061188826,0.00629536900243766,-4.40276436225314,0.428996432523992,1.98340315141956,0,267.161443506003,60.6481711487664,8.21969921925949e-10,1,0.986629592374924,0,-0.000640069727159354,0.0125907380048753,0,0,0
126.315,9500.11055055164,1.98339317157002,9500,9500.37117551273,2.13668223123698,1.98339317157002,0,-4.40862330264628,11.7719805701611,14,1503.01235607484,16928.596209985,-15450.6370042676,1.98339317157002,1.5418159808907,1.53538158612442,0.00643439476627483,-4.42840605382875,0.42870840114677,1.98339317157002,0,267.161443506003,60.6481711487664,8.15545669660295e-10,1,0.986622647733473,0,-0.000541201147844284,0.0128687895325497,0,0,0
126.33,9500.0444212021,1.98339819663142,9500,9500.30363129625,2.13811906319399,1.98339819663142,0,-4.35125132858813,11.7709919648008,14,1503.01235607484,16928.309632985,-15450.024235135,1.98339819663142,1.5418159808907,1.53525730333546,0.00655867755524175,-4.44489462200481,0.42846486063024,1.98339819663142,0,267.161443506003,60.6481711487664,8.07586617892064e-10,1,0.986615779948768,0,-0.000442689166790355,0.0131173551104835,0,0,0
126.345,9499.97915243218,1.98341799899869,9500,9500.23645376023,2.13959724185296,1.98341799899869,0,-4.28607425502957,11.7697559100292,14,1503.01235607484,16928.0886939442,-15449.4327583329,1.98341799899869,1.5418159808907,1.53514779708929,0.00666818380140621,-4.45232863653761,0.428265650505184,1.98341799899869,0,267.161443506003,60.6481711487664,7.98125402660125e-10,1,0.986609001538531,0,-0.000344724127836038,0.0133363676028124,0,0,0
126.36,9499.91486131835,1.98345232488992,9500,9500.1697709048,2.14111324177603,1.98345232488992,0,-4.21333472710047,11.7682784558855,14,1503.01235607484,16927.9328764695,-15448.8634373953,1.98345232488992,1.5418159808907,1.53505307121491,0.00676290967578352,-4.45082338889087,0.428110524647658,1.98345232488992,0,267.161443506003,60.6481711487664,7.8719716888542e-10,1,0.986602324661603,0,-0.000247492472555289,0.013525819351567,0,0,0
126.375,9499.85166129744,1.98350089526723,9500,9500.1037078991,2.14266351341545,1.98350089526723,0,-4.13328697387601,11.76656605175,14,1503.01235607484,16927.8415416159,-15448.3170790366,1.98350089526723,1.5418159808907,1.53497310021993,0.00684288067076344,-4.44051041579336,0.427999153035008,1.98350089526723,0,267.161443506003,60.6481711487664,7.74840159947078e-10,1,0.986595761098829,0,-0.000151176424354693,0.0136857613415269,0,0,0
126.39,9499.78966199284,1.98356340678379,9500,9500.0383868717,2.1442444905589,1.98356340678379,0,-4.04619611872323,11.7646255269728,14,1503.01235607484,16927.8139310655,-15447.7944324064,1.98356340678379,1.5418159808907,1.53490782976618,0.00690815112452081,-4.42153699639914,0.427931123644049,1.98356340678379,0,267.161443506003,60.6481711487664,7.61094247517931e-10,1,0.986589322235013,0,-5.5953689984678e-05,0.0138163022490416,0,0,0
126.405,9499.72896905106,1.98363953274946,9500,9499.97392671028,2.14585259769619,1.98363953274946,0,-3.95233748573681,11.7624640712738,14,1503.01235607484,16927.8491704422,-15447.2961884587,1.98363953274946,1.5418159808907,1.53485717720309,0.00695880368760404,-4.39406562376626,0.427905944483555,1.98363953274946,0,267.161443506003,60.6481711487664,7.46002697919368e-10,1,0.98658301904195,0,3.80028311202096e-05,0.0139176073752081,0,0,0
126.42,9499.66968398877,1.98372892413529,9500,9499.91044287092,2.14748425729345,1.98372892413529,0,-3.85199589302277,11.7600892145665,14,1503.01235607484,16927.9462728331,-15446.822979454,1.98372892413529,1.5418159808907,1.53482103214718,0.00699494874351481,-4.35827345223053,0.42792304575756,1.98372892413529,0,267.161443506003,60.6481711487664,7.29610407472407e-10,1,0.986576862062533,0,0.00013052532004143,0.0139898974870296,0,0,0
126.435,9499.61190405037,1.98383121064807,9500,9499.84804719713,2.14913589696225,1.98383121064807,0,-3.74546491389513,11.7575088056646,14,1503.01235607484,16928.1041426522,-15446.3753786227,1.98383121064807,1.5418159808907,1.5347992570878,0.00701672380289931,-4.31435172297521,0.427981782151578,1.98383121064807,0,267.161443506003,60.6481711487664,7.11965521625413e-10,1,0.986570861395962,0,0.00022145129377682,0.0140334476057986,0,0,0
126.45,9499.55572207667,1.98394600175449,9500,9499.78684774886,2.15080395651054,1.98394600175449,0,-3.63304617597616,11.7547309919986,14,1503.01235607484,16928.3215793478,-15445.9538998871,1.98394600175449,1.5418159808907,1.53479168807569,0.00702429281500683,-4.26250516921306,0.428081435233778,1.98394600175449,0,267.161443506003,60.6481711487664,6.93116787152608e-10,1,0.986565026684106,0,0.000310623848796432,0.0140485856300137,0,0,0
126.465,9499.50122638403,1.98407288779471,9500,9499.72694864184,2.15248489486099,1.98407288779471,0,-3.51504861749883,11.7517641978846,14,1503.01235607484,16928.5972815281,-15445.5589977619,1.98407288779471,1.5418159808907,1.53479813542156,0.00701784546913675,-4.20295140146693,0.428221215965736,1.98407288779471,0,267.161443506003,60.6481711487664,6.73117083916967e-10,1,0.98655936709896,0,0.000397891892178315,0.0140356909382735,0,0,0
126.48,9499.44850065476,1.98421144109315,9500,9499.6684498972,2.15417519682737,1.98421144109315,0,-3.39178775441851,11.7486171029801,14,1503.01235607484,16928.9298511277,-15445.191067355,1.98421144109315,1.5418159808907,1.53481838444808,0.00699759644261944,-4.13592027638538,0.428400267317216,1.98421144109315,0,267.161443506003,60.6481711487664,6.52020041103249e-10,1,0.986553891331248,0,0.000483110348634463,0.0139951928852389,0,0,0
126.495,9499.39762383845,1.98436121708498,9500,9499.61144730166,2.155871379736,1.98436121708498,0,-3.26358494693615,11.7452986206047,14,1503.01235607484,16929.317797691,-15444.8504444849,1.98436121708498,1.5418159808907,1.5348521962806,0.00696378461009228,-4.06165324975782,0.428617666974102,1.98436121708498,0,267.161443506003,60.6481711487664,6.29881067395563e-10,1,0.986548607580185,0,0.000566140359935741,0.0139275692201846,0,0,0
126.51,9499.34867006424,1.98452175546161,9500,9499.55603227837,2.15756999988105,1.98452175546161,0,-3.13076666478704,11.7418178758713,14,1503.01235607484,16929.7595427816,-15444.5374059167,1.98452175546161,1.5418159808907,1.53489930867328,0.00691667221741765,-3.98040271523945,0.428872430136073,1.98452175546161,0,267.161443506003,60.6481711487664,6.06757203968718e-10,1,0.986543523544366,0,0.000646849465272936,0.0138333444348353,0,0,0
126.525,9499.30170856427,1.98469258134194,9500,9499.50229176855,2.15926765880378,1.98469258134194,0,-2.99366374628403,11.7381841835177,14,1503.01235607484,16930.2534245504,-15444.2521697229,1.98469258134194,1.5418159808907,1.5349594368628,0.00685654402789715,-3.89243133084706,0.429163512395446,1.98469258134194,0,267.161443506003,60.6481711487664,5.82708154626793e-10,1,0.986538646413811,0,0.000725111768181019,0.0137130880557943,0,0,0
126.54,9499.25680360808,1.98487320642317,9500,9499.45030812387,2.16096100938588,1.98487320642317,0,-2.85261067837436,11.7344070262547,14,1503.01235607484,16930.7977022684,-15443.9948957283,1.98487320642317,1.5418159808907,1.53503227447003,0.00678370642067128,-3.79801133493825,0.429489812691127,1.98487320642317,0,267.161443506003,60.6481711487664,5.57794078429756e-10,1,0.986533982863157,0,0.000800808085419602,0.0135674128413426,0,0,0
126.555,9499.2140144479,1.98506313017921,9500,9499.4001590098,2.16264676174651,1.98506313017921,0,-2.70794485837213,11.7304960324359,14,1503.01235607484,16931.3905611042,-15443.7656860968,1.98506313017921,1.5418159808907,1.53511749441122,0.00669848647947346,-3.69742385263245,0.429850176329566,1.98506313017921,0,267.161443506003,60.6481711487664,5.32075883733744e-10,1,0.986529539045973,0,0.000873826078166884,0.0133969729589469,0,0,0
126.57,9499.17339527503,1.98526184102571,9500,9499.35191731978,2.16432168893606,1.98526184102571,0,-2.56000588402404,11.7264609544813,14,1503.01235607484,16932.0301168122,-15443.5645859897,1.98526184102571,1.5418159808907,1.53521474985556,0.00660123103513399,-3.59095819551216,0.430243398064741,1.98526184102571,0,267.161443506003,60.6481711487664,5.05616993860896e-10,1,0.986525320590233,0,0.000944060374580502,0.013202462070268,0,0,0
126.585,9499.13499518677,1.98546881753068,9500,9499.30565110035,2.16598263241679,1.98546881753068,0,-2.40913482617873,11.7223116466639,14,1503.01235607484,16932.714420657,-15443.3915843638,1.98546881753068,1.5418159808907,1.53532367518736,0.00649230570334192,-3.47891115507143,0.430668225233302,1.98546881753068,0,267.161443506003,60.6481711487664,4.78480550620058e-10,1,0.986521332594877,0,0.00101141266446425,0.0129846114066838,0,0,0
126.6,9499.09885816437,1.98568352957713,9500,9499.26142348715,2.16762650732383,1.98568352957713,0,-2.25567353795188,11.718058043914,14,1503.01235607484,16933.4414641874,-15443.2466148243,1.98568352957713,1.5418159808907,1.53544388701364,0.00637209387705995,-3.36158629231427,0.431123360932311,1.98568352957713,0,267.161443506003,60.6481711487664,4.50731621299175e-10,1,0.986517579627527,0,0.00107579179289918,0.0127441877541199,0,0,0
126.615,9499.0650230613,1.98590543956669,9500,9499.21929265169,2.16925030749848,1.98590543956669,0,-2.09996567714676,11.7137101359184,13,1503.01235607484,16934.2091956462,-15443.1295778506,1.98590543956669,1.5418159808907,1.53557498517226,0.00624099571843684,-3.23929322435422,0.431607467239116,1.98590543956669,0,267.161443506003,60.6481711487664,9.39197477089644e-10,1,0.986514065723263,0,0.00113711382611426,0.0124819914368737,0,0,0
126.63,9499.03352357615,1.98613400358764,9500,9499.17931175897,2.17085111028865,1.98613400358764,0,-1.94234897926493,11.709277962849,13,1503.01235607484,16935.0154782626,-15443.040255191,1.98613400358764,1.5418159808907,1.53571655377266,0.0060994271180379,-3.11234691047604,0.432119168460867,1.98613400358764,0,267.161443506003,60.6481711487664,8.75258036831966e-10,1,0.98651079438181,0,0.00119530211231167,0.0121988542360758,0,0,0
126.645,9499.00438834146,1.98636867292826,9500,9499.14152892904,2.17242608127996,1.98636867292826,0,-1.78316517679212,11.7047715634576,13,1503.01235607484,16935.8581678604,-15442.9784438381,1.98636867292826,1.5418159808907,1.53586816207762,0.00594781881307815,-2.98106703732183,0.432657054411408,1.98636867292826,0,267.161443506003,60.6481711487664,8.10302993134004e-10,1,0.986507768576769,0,0.00125028732312549,0.0118956376261563,0,0,0
126.66,9498.97764086381,1.98660889440656,9500,9499.10598723151,2.17397247821827,1.98660889440656,0,-1.62275249532974,11.7002009859423,13,1503.01235607484,16936.7350659622,-15442.9438665043,1.98660889440656,1.5418159808907,1.53602936598617,0.00578661490452603,-2.845777053836,0.433219683706814,1.98660889440656,0,267.161443506003,60.6481711487664,7.44578553541749e-10,1,0.986504990749387,0,0.0013020074670782,0.0115732298090521,0,0,0
126.675,9498.95329957638,1.9868541120612,9500,9499.07272466599,2.17548765529459,1.9868541120612,0,-1.46144656492544,11.6955762541172,13,1503.01235607484,16937.6439392829,-15442.9361962994,1.9868541120612,1.5418159808907,1.53619970883895,0.00561627205175097,-2.70680362769937,0.433805587066999,1.9868541120612,0,267.161443506003,60.6481711487664,6.78231748640518e-10,1,0.98650246281402,0,0.00135040790051977,0.0112325441035019,0,0,0
126.69,9498.9313778779,1.98710376829782,9500,9499.0417741612,2.17696906697,1.98710376829782,0,-1.29957979008548,11.6909073475435,13,1503.01235607484,16938.5825246987,-15442.9550581287,1.98710376829782,1.5418159808907,1.53637872249825,0.00543725839244402,-2.56447594635676,0.434413270622233,1.98710376829782,0,267.161443506003,60.6481711487664,6.11408448795629e-10,1,0.986500186162177,0,0.00139544133684666,0.010874516784888,0,0,0
126.705,9498.91188418105,1.98735730502877,9500,9499.01316358443,2.17841427153889,1.98735730502877,0,-1.13748073188117,11.6862041819503,13,1503.01235607484,16939.548534227,-15443.0000301689,1.98735730502877,1.5418159808907,1.53656592843357,0.00525005245712729,-2.41912502035048,0.435041219223814,1.98735730502877,0,267.161443506003,60.6481711487664,5.4425453954568e-10,1,0.986498161667547,0,0.00143706781273423,0.0105001049142546,0,0,0
126.72,9498.89482197007,1.98761416477963,9500,9498.98691576106,2.17982093442911,1.98761416477963,0,-0.975473516607245,11.6814765904063,13,1503.01235607484,16940.5396599093,-15443.0706453987,1.98761416477963,1.5418159808907,1.536760838816,0.00505514207469515,-2.27108299201721,0.435687899739545,1.98761416477963,0,267.161443506003,60.6481711487664,4.76914300437714e-10,1,0.98649638969198,0,0.00147525466980891,0.0101102841493903,0,0,0
126.735,9498.88018986732,1.98787379176463,9500,9498.96304850395,2.18118683123641,1.98787379176463,0,-0.813875531459722,11.6767343170761,12,1503.01235607484,16941.5535674896,-15443.1663721917,1.98787379176463,1.5418159808907,1.53696295762421,0.00485302326648851,-2.12068245139289,0.436351764340959,1.98787379176463,0,267.161443506003,60.6481711487664,9.10347863561126e-10,1,0.986494870092405,0,0.00150997650957896,0.00970604653297702,0,0,0
126.75,9498.86798173435,1.98813563294213,9500,9498.94157465254,2.18250985049276,1.98813563294213,0,-0.653004131656543,11.6719869514953,12,1503.01235607484,16942.5879475478,-15443.2867035661,1.98813563294213,1.5418159808907,1.53717178175011,0.00464419914058323,-1.96825576162082,0.437031253770269,1.98813563294213,0,267.161443506003,60.6481711487664,7.60572633877365e-10,1,0.98649360223132,0,0.0015412151124985,0.00928839828116645,0,0,0
126.765,9498.85818667238,1.98839913872189,9500,9498.92250212788,2.18378799599683,1.98839913872189,0,-0.493164965563381,11.6672439902607,12,1503.01235607484,16943.6404462973,-15443.4310216542,1.98839913872189,1.5418159808907,1.53738680226055,0.00442917863015113,-1.81413429640174,0.437724800570893,1.98839913872189,0,267.161443506003,60.6481711487664,6.11571641607633e-10,1,0.986492584976843,0,0.00156895938196833,0.00885835726030226,0,0,0
126.78,9498.8507891979,1.98866376485779,9500,9498.90583397364,2.18501938946286,1.98866376485779,0,-0.334658819247499,11.6625147558179,12,1503.01235607484,16944.7087242099,-15443.5986952246,1.98866376485779,1.5418159808907,1.53760750505354,0.00420847583715545,-1.65864805494363,0.438430832292779,1.98866376485779,0,267.161443506003,60.6481711487664,4.63411884261821e-10,1,0.986491816720956,0,0.001593205264796,0.00841695167431089,0,0,0
126.795,9498.84576931561,1.98892897283861,9500,9498.89156843195,2.18620227225257,1.98892897283861,0,-0.177780578218553,11.6578084186629,11,1503.01235607484,16945.7904534843,-15443.7890712573,1.98892897283861,1.5418159808907,1.53783337224771,0.0039826086429855,-1.50212484749402,0.439147774661937,1.98892897283861,0,267.161443506003,60.6481711487664,7.07747253685433e-10,1,0.98649129538707,0,0.00161395564840205,0.00796521728597099,0,0,0
126.81,9498.84310260693,1.98919423086806,9500,9498.87969901846,2.18733500706933,1.98919423086806,0,-0.0228114668520436,11.6531339924252,10,1503.01235607484,16946.8832741616,-15444.0013869719,1.98919423086806,1.5418159808907,1.53806388325388,0.00375209763682172,-1.34488967208327,0.439874054703718,1.98919423086806,0,267.161443506003,60.6481711487664,8.44723978617111e-10,1,0.986491018439222,0,0.00163122024369611,0.00750419527364343,0,0,0
126.825,9498.84276043493,1.98945901500168,9500,9498.87021460096,2.18841607950792,1.98945901500168,0,0.12996306826948,11.6485001168272,10,1503.01235607484,16947.9849134612,-15444.234990779,1.98945901500168,1.5418159808907,1.5382985157419,0.00351746514880102,-1.18726417805909,0.440608103813382,1.98945901500168,0,267.161443506003,60.6481711487664,6.70625297571841e-10,1,0.986490982903357,0,0.00164501547980689,0.00703493029760205,0,0,0
126.84,9498.84470988096,1.98972280902978,9500,9498.86309951065,2.18944409871352,1.98972280902978,0,0.280276836091295,11.6439153815405,11,1503.01235607484,16949.0930429316,-15444.4890660406,1.98972280902978,1.5418159808907,1.5385367472108,0.00327923367989569,-1.02956576513397,0.441348360779295,1.98972280902978,0,267.161443506003,60.6481711487664,2.55948502197541e-10,1,0.986491185360748,0,0.00165536432882685,0.00655846735979138,0,0,0
126.855,9498.8489140335,1.98998510712257,9500,9498.85833360825,2.19041779910698,1.98998510712257,0,0.427869152754239,11.6393882424381,11,1503.01235607484,16950.205389897,-15444.7628206374,1.98998510712257,1.5418159808907,1.5387780551384,0.00303792575230122,-0.872107549477773,0.442093274727267,1.98998510712257,0,267.161443506003,60.6481711487664,5.66372185358688e-10,1,0.986491621977995,0,0.00166229622387593,0.00607585150460244,0,0,0
126.87,9498.85533207079,1.99024541360316,9500,9498.85589240771,2.19133604059401,1.99024541360316,0,0.57248746162522,11.6349267312907,11,1503.01235607484,16951.3197031859,-15445.0554378153,1.99024541360316,1.5418159808907,1.53902191854847,0.00279406234222601,-0.715197485650553,0.442841308028011,1.99024541360316,0,267.161443506003,60.6481711487664,8.71279479136642e-10,1,0.986492288515601,0,0.0016658468685411,0.00558812468445202,0,0,0
126.885,9498.86391938271,1.99050324377925,9500,9498.85574718939,2.19219780895305,1.99050324377925,0,0.713887125361632,11.6305386709651,12,1503.01235607484,16952.433772418,-15445.366096658,1.99050324377925,1.5418159808907,1.53926781900585,0.00254816188485063,-0.559137840407514,0.443590939118854,1.99050324377925,0,267.161443506003,60.6481711487664,5.26351431569759e-10,1,0.986493180340636,0,0.00166605808248121,0.00509632376970126,0,0,0
126.9,9498.87462768959,1.99075812495372,9500,9498.85786511544,2.19300221607983,1.99075812495372,0,0.851839867306833,11.6262316938359,12,1503.01235607484,16953.5453809052,-15445.6938770297,1.99075812495372,1.5418159808907,1.53951524148717,0.00230073940352482,-0.404224748992388,0.444340665255971,1.99075812495372,0,267.161443506003,60.6481711487664,6.57535525195993e-10,1,0.986494292439072,0,0.00166297763245349,0.00460147880704964,0,0,0
126.915,9498.8874052876,1.99100959761286,9500,9498.86220934607,2.19374850012361,1.99100959761286,0,0.986121989564397,11.622013078564,12,1503.01235607484,16954.652386952,-15446.0379078207,1.99100959761286,1.5418159808907,1.53976367512491,0.00205230576579218,-0.250747856917492,0.445089005190575,1.99100959761286,0,267.161443506003,60.6481711487664,7.85686649950476e-10,1,0.98649561944127,0,0.00165665905770851,0.00410461153158437,0,0,0
126.93,9498.90219711744,1.99125721514429,9500,9498.86873918926,2.19443602468595,1.99125721514429,0,1.11652177316375,11.6178898521206,12,1503.01235607484,16955.7526764754,-15446.3972775246,1.99125721514429,1.5418159808907,1.54001261464717,0.00180336624352284,-0.0989895471799259,0.445834501766544,1.99125721514429,0,267.161443506003,60.6481711487664,9.10391745248349e-10,1,0.986497155629112,0,0.00164716146636601,0.00360673248704568,0,0,0
126.945,9498.91894494404,1.99150054502438,9500,9498.87741022958,2.19506427844084,1.99150054502438,0,1.24284012393409,11.6138687500531,13,1503.01235607484,16956.8441669271,-15446.7710344916,1.99150054502438,1.5418159808907,1.54026156103706,0.00155441985363525,0.0507753516056595,0.446575724426409,1.99150054502438,0,267.161443506003,60.6481711487664,4.64156971341587e-10,1,0.986498894954663,0,0.00163454934711416,0.00310883970727049,0,0,0
126.96,9498.9375875459,1.99173916946539,9500,9498.88817447001,2.19563287432295,1.99173916946539,0,1.36488350065744,11.6099562016362,13,1503.01235607484,16957.9248595466,-15447.1582793654,1.99173916946539,1.5418159808907,1.54051002241966,0.00130595847104131,0.198279987308912,0.44731127163261,1.99173916946539,0,267.161443506003,60.6481711487664,5.16987979710268e-10,1,0.986500831059839,0,0.00161889235835999,0.00261191694208263,0,0,0
126.975,9498.95806079841,1.99197268568097,9500,9498.90098048629,2.19614154829725,1.99197268568097,0,1.48247459290705,11.606158335009,13,1503.01235607484,16958.9927699619,-15447.5580350152,1.99197268568097,1.5418159808907,1.5407575150925,0.00105846579819846,0.343265994239536,0.448039773193872,1.99197268568097,0,267.161443506003,60.6481711487664,5.67908314135941e-10,1,0.986502957285054,0,0.00160026511686384,0.00211693159639692,0,0,0
126.99,9498.9802979173,1.99220070725283,9500,9498.91577356268,2.1965901584797,1.99220070725283,0,1.59544607123433,11.6024809523886,13,1503.01235607484,16960.0459807362,-15447.9693345924,1.99220070725283,1.5418159808907,1.54100356395786,0.000812416932836291,0.485483619325837,0.448759892496461,1.99220070725283,0,267.161443506003,60.6481711487664,6.16930107986285e-10,1,0.986505266694508,0,0.00157874699961891,0.00162483386567258,0,0,0
127.005,9499.00422960837,1.99242286422276,9500,9498.93249585574,2.19697868344801,1.99242286422276,0,1.70364216546869,11.5989295317884,13,1503.01235607484,16961.0826313654,-15448.3912025614,1.99242286422276,1.5418159808907,1.54124770354781,0.000568277342888779,0.624692231486313,0.449470328646289,1.99242286422276,0,267.161443506003,60.6481711487664,6.63981315223951e-10,1,0.986507752091734,0,0.00155442190862853,0.00113655468577756,0,0,0
127.02,9499.02978424085,1.99263880348139,9500,9498.9510865544,2.1973072205217,1.99263880348139,0,1.80691874435621,11.5955092229703,13,1503.01235607484,16962.1009206773,-15448.8226566458,1.99263880348139,1.5418159808907,1.54148947884793,0.000326502042762744,0.760660664895363,0.450169818505172,1.99263880348139,0,267.161443506003,60.6481711487664,7.08994469690576e-10,1,0.986510406037604,0,0.00152737804262437,0.000653004085525488,0,0,0
127.035,9499.05688802202,1.99284818924244,9500,9498.97148204357,2.19757598383482,1.99284818924244,0,1.90514344258496,11.5922248419255,13,1503.01235607484,16963.0991095911,-15449.2627098647,1.99284818924244,1.5418159808907,1.541728446027,8.75348636932838e-05,0.893167536962479,0.450857138624353,1.99284818924244,0,267.161443506003,60.6481711487664,7.51908009907386e-10,1,0.986513220868463,0,0.0014977076609981,0.000175069727386568,0,0,0
127.05,9499.08546517366,1.99305070339884,9500,9498.99361607046,2.19778530221326,1.99305070339884,0,1.99819571927137,11.589080867446,13,1503.01235607484,16964.0755233994,-15449.7103724818,1.99305070339884,1.5418159808907,1.54196417317253,-0.000148192281832049,1.02200153824922,0.451531107071802,1.99305070339884,0,267.161443506003,60.6481711487664,7.92664807077052e-10,1,0.986516188714454,0,0.00146550685089086,-0.000296384563664098,0,0,0
127.065,9499.11543810945,1.99324604590278,9500,9499.01741991367,2.19793561686086,1.99324604590278,0,2.08596692856067,11.586081437291,13,1503.01235607484,16965.0285541506,-15450.1646539839,1.99324604590278,1.5418159808907,1.54219624096201,-0.000380260071309868,1.14696169677594,0.452190585154703,1.99324604590278,0,267.161443506003,60.6481711487664,8.31215550194049e-10,1,0.986519301517943,0,0.00143087527914298,-0.000760520142619736,0,0,0
127.08,9499.14672761338,1.99343393507888,9500,9499.04282255433,2.19802747886384,1.99343393507888,0,2.16836035119086,11.5832303455307,13,1503.01235607484,16965.9566627606,-15450.6245650116,1.99343393507888,1.5418159808907,1.54242424331177,-0.000608262421068151,1.26785761578456,0.452834479030318,1.99343393507888,0,267.161443506003,60.6481711487664,8.67513888423572e-10,1,0.986522551052046,0,0.00139391595114491,-0.0012165248421363,0,0,0
127.095,9499.17925301864,1.99361410791861,9500,9499.0697508492,2.19806154651935,1.99361410791861,0,2.2452912153432,11.5805310402173,13,1503.01235607484,16966.8583810521,-15451.0891192776,1.99361410791861,1.5418159808907,1.54264778798091,-0.000831807090212466,1.38450968648342,0.453461741208333,1.99361410791861,0,267.161443506003,60.6481711487664,9.01520699046832e-10,1,0.986525928939207,0,0.00135473496127658,-0.00166361418042493,0,0,0
127.11,9499.21293238687,1.99378632034062,9500,9499.09812970519,2.19803858249559,1.99378632034062,0,2.31668669681522,11.5779866216475,13,1503.01235607484,16967.7323136509,-15451.5573354585,1.99378632034062,1.5418159808907,1.54286649713619,-0.00105051624549324,1.49674927615791,0.454071371940907,1.99378632034062,0,267.161443506003,60.6481711487664,9.33202762082315e-10,1,0.986529426669816,0,0.00131344124355781,-0.00210103249098648,0,0,0
127.125,9499.24768268733,1.99395034738017,9500,9499.12788225518,2.19795945083058,1.99395034738017,0,2.38248587884505,11.5755998418511,13,1503.01235607484,16968.5771395906,-15452.0282390252,1.99395034738017,1.5418159808907,1.54308000789621,-0.00126402700551753,1.60441889234823,0.454662420500508,1.99395034738017,0,267.161443506003,60.6481711487664,9.62531140512202e-10,1,0.986533035620813,0,0.00127014631919331,-0.00252805401103506,0,0,0
127.14,9499.28341997551,1.99410598336649,9500,9499.15893003467,2.19782511377643,1.99410598336649,0,2.44263970563552,11.5733731042678,13,1503.01235607484,16969.3916138667,-15452.5008640568,1.99410598336649,1.5418159808907,1.54328797282487,-0.0014719919341748,1.70737232385475,0.455233986344145,1.99410598336649,0,267.161443506003,60.6481711487664,9.8948353433538e-10,1,0.986536747074243,0,0.00122496404277062,-0.0029439838683496,0,0,0
127.155,9499.32005957109,1.99425304205526,9500,9499.19119315897,2.19763662849826,1.99425304205526,0,2.49710902219725,11.5713084571516,14,1503.01235607484,16970.1745811491,-15452.9742780875,1.99425304205526,1.5418159808907,1.54349006039011,-0.00167407949941234,1.80547475806395,0.455785220163392,1.99425304205526,0,267.161443506003,60.6481711487664,4.56081580591521e-10,1,0.986540552235732,0,0.00117801035002474,-0.00334815899882468,0,0,0
127.17,9499.35751620643,1.99439135670274,9500,9499.2245905005,2.19739514363546,1.99439135670274,0,2.54587200543403,11.5694076226505,14,1503.01235607484,16970.9249276429,-15453.4474917391,1.99439135670274,1.5418159808907,1.54368595539513,-0.00186997450443038,1.89860287503106,0.456315324820903,1.99439135670274,0,267.161443506003,60.6481711487664,4.65978827663565e-10,1,0.986544442249909,0,0.00112940299682451,-0.00373994900886077,0,0,0
127.185,9499.39570428651,1.99452078048232,9500,9499.25903985876,2.19710189591976,1.99452078048232,0,2.58891298549461,11.5676719514301,14,1503.01235607484,16971.641657279,-15453.9195984254,1.99452078048232,1.5418159808907,1.54387535917962,-0.00205937828892488,1.98664481055904,0.456823556169474,1.99452078048232,0,267.161443506003,60.6481711487664,4.74834349442371e-10,1,0.986548408227408,0,0.00107926132704006,-0.00411875657784977,0,0,0
127.2,9499.43453798129,1.99464118559723,9500,9499.29445815352,2.19675820607287,1.99464118559723,0,2.62622927964725,11.5661024675303,14,1503.01235607484,16972.3238399077,-15454.3896837108,1.99464118559723,1.5418159808907,1.54405799042075,-0.0022420095300546,2.06950047181007,0.457309223766642,1.99464118559723,0,267.161443506003,60.6481711487664,4.82603456760726e-10,1,0.986552441254452,0,0.00102770597898338,-0.0044840190601092,0,0,0
127.215,9499.47393142048,1.99475246379679,9500,9499.33076159188,2.19636547522366,1.99475246379679,0,2.65782948463954,11.5646998553174,14,1503.01235607484,16972.9706263999,-15454.8568501102,1.99475246379679,1.5418159808907,1.54423358516624,-0.00241760427554416,2.14708139724178,0.457771691457185,1.99475246379679,0,267.161443506003,60.6481711487664,4.89287530410583e-10,1,0.986556532413083,0,0.000974858657957434,-0.00483520855108832,0,0,0
127.23,9499.51379886275,1.99485452630596,9500,9499.36786584259,2.19592518101744,1.99485452630596,0,2.68373329556582,11.5634644632363,14,1503.01235607484,16973.5812491347,-15455.320218601,1.99485452630596,1.5418159808907,1.5444018971097,-0.00258591621900228,2.21931075353364,0.458210377853266,1.99485452630596,0,267.161443506003,60.6481711487664,4.94890897882699e-10,1,0.986560672798739,0,0.000920841879404444,-0.00517183243800456,0,0,0
127.245,9499.55405486219,1.99494730375523,9500,9499.40568620893,2.19543887362775,1.99494730375523,0,2.70397132737883,11.5623963074931,14,1503.01235607484,16974.1550224784,-15455.7789301119,1.99494730375523,1.5418159808907,1.54456269780793,-0.0027467169172346,2.28612331393367,0.458624756698998,1.99494730375523,0,267.161443506003,60.6481711487664,4.99419802576802e-10,1,0.986564853537535,0,0.000865778714935539,-0.00549343383446921,0,0,0
127.26,9499.5946144321,1.99503074602261,9500,9499.44413780003,2.19490817168134,1.99503074602261,0,2.71858488814759,11.5614950772116,14,1503.01235607484,16974.6913428874,-15456.2321469096,1.99503074602261,1.5418159808907,1.5447157768851,-0.0028997959944046,2.34746541650215,0.459014357120719,1.99503074602261,0,267.161443506003,60.6481711487664,5.02882550380903e-10,1,0.986569065803282,0,0.000809792554890221,-0.00579959198880919,0,0,0
127.275,9499.63539320542,1.99510482203914,9500,9499.48313570019,2.19433475810369,1.99510482203914,0,2.72762573391409,11.5607601401512,14,1503.01235607484,16975.1896888435,-15456.6790539226,1.99510482203914,1.5418159808907,1.54486094220169,-0.00304496131098997,2.40329490307805,0.459378763770419,1.99510482203914,0,267.161443506003,60.6481711487664,5.0528950907198e-10,1,0.986573300834136,0,0.000753006853850602,-0.00608992262197994,0,0,0
127.29,9499.67630759143,1.9951695195902,9500,9499.52259513589,2.19372037589636,1.9951695195902,0,2.73115582461478,11.5601905484232,14,1503.01235607484,16975.649620758,-15457.1188600275,1.9951695195902,1.5418159808907,1.54499801996827,-0.00318203907757564,2.45358103762596,0.459717616854652,1.9951695195902,0,267.161443506003,60.6481711487664,5.06653402026113e-10,1,0.986577549948885,0,0.000695544896074374,-0.00636407815515128,0,0,0
127.305,9499.7172749288,1.9952248450476,9500,9499.56243164014,2.19306682385698,1.9952248450476,0,2.72924704329012,11.5597850453368,14,1503.01235607484,16976.0707805723,-15457.5507992414,1.9952248450476,1.5418159808907,1.54512685484119,-0.00331087395049012,2.49830440324017,0.460030612057885,1.9952248450476,0,267.161443506003,60.6481711487664,5.0698827752073e-10,1,0.986581804562834,0,0.000637529552485416,-0.00662174790098025,0,0,0
127.32,9499.75821363445,1.99527082309317,9500,9499.60256121394,2.19237595224998,1.99527082309317,0,2.72198091348827,11.5595420723118,14,1503.01235607484,16976.4528913027,-15457.9741318676,1.99527082309317,1.5418159808907,1.54524730996772,-0.00343132907701782,2.53745677887909,0.460317500356504,1.99527082309317,0,267.161443506003,60.6481711487664,5.06310685409132e-10,1,0.98658605620327,0,0.000579083045536555,-0.00686265815403564,0,0,0
127.335,9499.79904334815,1.99530749640801,9500,9499.64290048437,2.19164965843951,1.99530749640801,0,2.70944830138696,11.5594597763036,14,1503.01235607484,16976.7957564284,-15458.3881455727,1.99530749640801,1.5418159808907,1.54535926699554,-0.00354328610484211,2.57104099508272,0.460578087726995,1.99530749640801,0,267.161443506003,60.6481711487664,5.04638499312722e-10,1,0.986590296524477,0,0.000520326725732989,-0.00708657220968423,0,0,0
127.35,9499.83968507267,1.99533492533274,9500,9499.6833668593,2.19088988249238,1.99533492533274,0,2.6917491039705,11.5595360176512,14,1503.01235607484,16977.099259134,-15458.7921563968,1.99533492533274,1.5418159808907,1.54546262604646,-0.00364664515576418,2.59907077010342,0.460812234753575,1.99533492533274,0,267.161443506003,60.6481711487664,5.01991504696564e-10,1,0.986594517322292,0,0.000461380838565839,-0.00729329031152837,0,0,0
127.365,9499.88006130923,1.99535318748611,9500,9499.72387867827,2.19009860276101,1.99535318748611,0,2.66899191805816,11.5597683785606,14,1503.01235607484,16977.3633613625,-15459.1855096839,1.99535318748611,1.5418159808907,1.54555730565846,-0.00374132476775979,2.62157052654422,0.46101985613093,1.99535318748611,0,267.161443506003,60.6481711487664,4.98390809755364e-10,1,0.986598710548172,0,0.00040236431351337,-0.00748264953551958,0,0,0
127.38,9499.920096188,1.99536237740418,9500,9499.76435535937,2.18927783145444,1.99536237740418,0,2.64129372495069,11.5601541711386,14,1503.01235607484,16977.5881029301,-15459.5675809851,1.99536237740418,1.5418159808907,1.54564324266996,-0.00382726177926163,2.63857518975863,0.461200920072011,1.99536237740418,0,267.161443506003,60.6481711487664,4.93859580648287e-10,1,0.986602868322746,0,0.000343394539219277,-0.00765452355852325,0,0,0
127.395,9499.95971559388,1.99536260608518,9500,9499.80471754187,2.18842961020718,1.99536260608518,0,2.60877952482003,11.5606904469857,14,1503.01235607484,16977.7736002272,-15459.9377768339,1.99536260608518,1.5418159808907,1.54572039210078,-0.00390441121008633,2.65012996815658,0.461355447614659,1.99536260608518,0,267.161443506003,60.6481711487664,4.88421716743624e-10,1,0.986606982948878,0,0.000284587160220173,-0.00780882242017267,0,0,0
127.41,9499.99884728675,1.99535400058514,9500,9499.84488722452,2.1875560056521,1.99535400058514,0,2.57158200511103,11.5613740058059,14,1503.01235607484,16977.9200451075,-15460.2955355173,1.99535400058514,1.5418159808907,1.54578872696186,-0.00397274607115783,2.65629011756824,0.461483511836759,1.99535400058514,0,267.161443506003,60.6481711487664,4.82103321607451e-10,1,0.986611046924157,0,0.000226055877973641,-0.00794549214231566,0,0,0
127.425,9500.03742101682,1.99533670350164,9500,9499.88478789915,2.18665910500794,1.99533670350164,0,2.52984114846597,11.5622014058791,14,1503.01235607484,16978.0277032872,-15460.6403276994,1.99533670350164,1.5418159808907,1.54584823807615,-0.00403225718545253,2.6571206891147,0.461585236981847,1.99533670350164,0,267.161443506003,60.6481711487664,4.74930936933703e-10,1,0.986615052952877,0,0.000167912250430113,-0.00806451437090505,0,0,0
127.44,9500.07536863405,1.99531087252661,9500,9499.92434467951,2.18574101168725,1.99531087252661,0,2.48370388554159,11.563168973233,14,1503.01235607484,16978.0969130063,-15460.9716570541,1.99531087252661,1.5418159808907,1.54589893382001,-0.0040829529293156,2.65269626270487,0.46166079749454,1.99531087252661,0,267.161443506003,60.6481711487664,4.66932719303698e-10,1,0.986618993957393,0,0.00011026550376636,-0.0081659058586312,0,0,0
127.455,9500.11262419234,1.99527667989263,9500,9499.96348442513,2.18480384093529,1.99527667989263,0,2.43332369099305,11.5642728125812,14,1503.01235607484,16978.128083223,-15461.2890607535,1.99527667989263,1.5418159808907,1.54594083987535,-0.00412485898465298,2.6431006654218,0.461710416971235,1.99527667989263,0,267.161443506003,60.6481711487664,4.58138292700925e-10,1,0.986622863088953,0,5.32223526734654e-05,-0.00824971796930596,0,0,0
127.47,9500.1491240477,1.99523431186137,9500,9500.00213586005,2.18384971550535,1.99523431186137,0,2.37886205762013,11.5655088230714,13,1503.01235607484,16978.1216798007,-15461.592087275,1.99523431186137,1.5418159808907,1.54597399892033,-0.00415801802963167,2.62842667712146,0.461734367029938,1.99523431186137,0,267.161443506003,60.6481711487664,9.98436939024259e-10,1,0.986626653737888,0,-3.11317882317752e-06,-0.00831603605926334,0,0,0
127.485,9500.18480697856,1.9951839681501,9500,9500.04022968623,2.18288076138048,1.9951839681501,0,2.32048062843728,11.5668726870019,13,1503.01235607484,16978.0782725893,-15461.8803881928,1.9951839681501,1.5418159808907,1.54599847031073,-0.00418248942003085,2.60877572247833,0.461732966099468,1.9951839681501,0,267.161443506003,60.6481711487664,9.75668393696446e-10,1,0.986630359546104,0,-5.86399239153046e-05,-0.00836497884006171,0,0,0
127.5,9500.21961418799,1.99512586099246,9500,9500.07769869875,2.18189910336475,1.99512586099246,0,2.25835187485457,11.5683599204636,13,1503.01235607484,16977.9984578008,-15462.1535798725,1.99512586099246,1.5418159808907,1.54601432990667,-0.00419834901597138,2.58425765749131,0.461706578133706,1.99512586099246,0,267.161443506003,60.6481711487664,9.51231726879582e-10,1,0.986633974407314,0,-0.000113259734151105,-0.00839669803194276,0,0,0
127.515,9500.25348946611,1.99506021545028,9500,9500.11447787173,2.1809068613317,1.99506021545028,0,2.19265162479075,11.5699658468141,13,1503.01235607484,16977.8829094899,-15462.4113374101,1.99506021545028,1.5418159808907,1.54602166923757,-0.00420568834687574,2.5549901714831,0.461655611253338,1.99506021545028,0,267.161443506003,60.6481711487664,9.2529929883462e-10,1,0.986637492483911,0,-0.000166877621679884,-0.00841137669375147,0,0,0
127.53,9500.28637924048,1.99498726822329,9500,9500.15050446406,2.17990614590473,1.99498726822329,0,2.12356022499445,11.571685623741,13,1503.01235607484,16977.7323624352,-15462.6533709083,1.99498726822329,1.5418159808907,1.54602059538619,-0.0042046144954957,2.521098613731,0.461580516323582,1.99498726822329,0,267.161443506003,60.6481711487664,8.97946649803542e-10,1,0.986640908212191,0,-0.000219401900213745,-0.00840922899099139,0,0,0
127.545,9500.31823264386,1.99490726703006,9500,9500.18571811081,2.17889905442261,1.99490726703006,0,2.05126212987085,11.5735142547769,13,1503.01235607484,16977.5476098928,-15462.8794255663,1.99490726703006,1.5418159808907,1.54601123055526,-0.00419524966455964,2.48271564691319,0.461481785468486,1.99490726703006,0,267.161443506003,60.6481711487664,8.69249897569345e-10,1,0.986644216309398,0,-0.000270744336444473,-0.00839049932911928,0,0,0
127.56,9500.34900157581,1.99482046994766,9500,9500.22006090848,2.17788766699212,1.99482046994766,0,1.97594547166529,11.5754466014478,13,1503.01235607484,16977.3295011484,-15463.0892816749,1.99482046994766,1.5418159808907,1.54599371162076,-0.00417773073006256,2.43998088676217,0.461359950517086,1.99482046994766,0,267.161443506003,60.6481711487664,8.39285884540247e-10,1,0.986647411780119,0,-0.000320820261343613,-0.00835546146012511,0,0,0
127.575,9500.37864075788,1.99472714476865,9500,9500.25347749417,2.17687404263209,1.99472714476865,0,1.89780164533677,11.5774773950246,13,1503.01235607484,16977.0789391096,-15463.2827545679,1.99472714476865,1.5418159808907,1.54596818965146,-0.00415220876076328,2.39304053119085,0.461215581399481,1.99472714476865,0,267.161443506003,60.6481711487664,8.08133060446259e-10,1,0.986650489922014,0,-0.00036954870208783,-0.00830441752152655,0,0,0
127.59,9500.40710778256,1.99462756834722,9500,9500.28591511851,2.17586021551621,1.99462756834722,0,1.81702489322184,11.5796012483831,13,1503.01235607484,16976.7968778268,-15463.4596945046,1.99462756834722,1.5418159808907,1.54593482940421,-0.00411884851351019,2.34204697969099,0.461049284483542,1.99462756834722,0,267.161443506003,60.6481711487664,7.75871188160198e-10,1,0.986653446330901,0,-0.000416852477565621,-0.00823769702702037,0,0,0
127.605,9500.43436315596,1.99452202595847,9500,9500.3173237123,2.17484819131882,1.99452202595847,0,1.73381190142294,11.581812667546,13,1503.01235607484,16976.4843200346,-15463.6199865052,1.99452202595847,1.5418159808907,1.54589380879113,-0.00407782790043032,2.28715844531658,0.460861700868637,1.99452202595847,0,267.161443506003,60.6481711487664,7.42579431435064e-10,1,0.98665627690519,0,-0.00046265831100234,-0.00815565580086064,0,0,0
127.62,9500.46037033448,1.99441081060836,9500,9500.34765594712,2.1738399436685,1.99441081060836,0,1.64836137391658,11.5841060640088,13,1503.01235607484,16976.1423144653,-15463.7635500863,1.99441081060836,1.5418159808907,1.54584531834621,-0.00402933745551337,2.22853856081212,0.460653504628686,1.99441081060836,0,267.161443506003,60.6481711487664,7.08339003116565e-10,1,0.986658977849689,0,-0.000506896912445098,-0.00805867491102674,0,0,0
127.635,9500.48509575509,1.99429422237991,9500,9500.37686728953,2.17283741071331,1.99429422237991,0,1.56087363155512,11.5864757663477,13,1503.01235607484,16975.7719532749,-15463.890338967,1.99429422237991,1.5418159808907,1.54578956065514,-0.00397357976443802,2.16635598077084,0.460425401018086,1.99429422237991,0,267.161443506003,60.6481711487664,6.7323110590401e-10,1,0.98666154567875,0,-0.000549503058227208,-0.00794715952887604,0,0,0
127.65,9500.50850885956,1.99417256774539,9500,9500.40491604924,2.17184249180363,1.99417256774539,0,1.47155019771427,11.5889160323466,13,1503.01235607484,16975.374369307,-15464.0003406891,1.99417256774539,1.5418159808907,1.54572674978429,-0.00391076889359465,2.10078397973545,0.460178124641884,1.99417256774539,0,267.161443506003,60.6481711487664,6.37336344339796e-10,1,0.986663977218783,0,-0.000590415674020406,-0.0078215377871893,0,0,0
127.665,9500.53058211253,1.99404615887332,9500,9500.43176342095,2.17085704429557,1.99404615887332,0,1.38059338474555,11.5914210611361,13,1503.01235607484,16974.9507332969,-15464.0935761734,1.99404615887332,1.5418159808907,1.54565711069368,-0.00384112980297791,2.03200004834609,0.459912437588574,1.99404615887332,0,267.161443506003,60.6481711487664,6.0073663759067e-10,1,0.986666269610137,0,-0.000629577890688626,-0.00768225960595581,0,0,0
127.68,9500.5512910133,1.99391531294176,9500,9500.4573735201,2.16988288048014,1.99391531294176,0,1.28820589025937,11.5939850051463,13,1503.01235607484,16974.5022510791,-15464.1700992233,1.99391531294176,1.5418159808907,1.54558087863405,-0.00376489774334932,1.96018548745766,0.459629127537764,1.99391531294176,0,267.161443506003,60.6481711487664,5.63512719190827e-10,1,0.986668420308321,0,-0.000666937100619824,-0.00752979548669863,0,0,0
127.695,9500.57061410165,1.9937803514373,9500,9500.48171341243,2.16892176464273,1.9937803514373,0,1.19459038961155,11.5966019822385,13,1503.01235607484,16974.0301607021,-15464.2299959578,1.9937803514373,1.5418159808907,1.54549829853864,-0.00368231764793903,1.88552500083673,0.459329005842485,1.9937803514373,0,267.161443506003,60.6481711487664,5.25746491193567e-10,1,0.98667042708461,0,-0.000702445000389407,-0.00736463529587805,0,0,0
127.71,9500.5885329575,1.99364159946946,9500,9500.5047531373,2.1679754102569,1.99364159946946,0,1.09994914216591,11.5992660874932,13,1503.01235607484,16973.5357295782,-15464.2733842011,1.99364159946946,1.5418159808907,1.54540962439747,-0.00359364350677294,1.8082062871277,0.45901290559231,1.99364159946946,0,267.161443506003,60.6481711487664,4.87518671154075e-10,1,0.986672288026007,0,-0.000736057629221909,-0.00718728701354587,0,0,0
127.725,9500.60503219463,1.9934993850608,9500,9500.52646572496,2.16704547731662,1.9934993850608,0,1.00448169997949,11.6019713951671,12,1503.01235607484,16973.0202637,-15464.3004357229,1.9934993850608,1.5418159808907,1.54531511863523,-0.00349913774452792,1.72841963143765,0.45868167965916,1.9934993850608,0,267.161443506003,60.6481711487664,9.99999961570973e-10,1,0.986674001534596,0,-0.000767735399027636,-0.00699827548905585,0,0,0
127.74,9500.62009942013,1.99335403847677,9500,9500.54682720765,2.16613356980996,1.99335403847677,0,0.908392271991052,11.6047120109769,12,1503.01235607484,16972.4850548271,-15464.3112815778,1.99335403847677,1.5418159808907,1.54521505146246,-0.0033990705717637,1.64635749764357,0.458336198729598,1.99335403847677,0,267.161443506003,60.6481711487664,9.13137617083578e-10,1,0.986675566323325,0,-0.000797443109164853,-0.00679814114352739,0,0,0
127.755,9500.63372530421,1.99320589188617,9500,9500.56581661742,2.16524123352514,1.99320589188617,0,0.811877657023187,11.6074820161296,12,1503.01235607484,16971.9314557389,-15464.3061559359,1.99320589188617,1.5418159808907,1.5451097000582,-0.00329371916749932,1.56221401305436,0.457977349330474,1.99320589188617,0,267.161443506003,60.6481711487664,8.26010523619763e-10,1,0.986676981423261,0,-0.000825149941588332,-0.00658743833499864,0,0,0
127.77,9500.64590346907,1.99305527776158,9500,9500.58341600246,2.16436995338357,1.99305527776158,0,0.715134451667,11.6102755359292,12,1503.01235607484,16971.3608211147,-15464.2852960036,1.99305527776158,1.5418159808907,1.54499934838363,-0.00318336749293646,1.47618484265428,0.457606031856759,1.99305527776158,0,267.161443506003,60.6481711487664,7.38556911644245e-10,1,0.986678246172043,0,-0.000850829495929961,-0.00636673498587292,0,0,0
127.785,9500.65663048584,1.99290252880984,9500,9500.59961041052,2.16352115160031,1.99290252880984,0,0.61835696414965,11.6130867301424,12,1503.01235607484,16970.7745204816,-15464.2489668306,1.99290252880984,1.5418159808907,1.54488428622292,-0.00306830533222358,1.38846660358505,0.45722315858359,1.99290252880984,0,267.161443506003,60.6481711487664,6.50949176295056e-10,1,0.986679360213573,0,-0.000874459754378165,-0.00613661066444715,0,0,0
127.8,9500.6659058403,1.99274797732585,9500,9500.61438787579,2.16269618576739,1.99274797732585,0,0.521736871195619,11.6159098037233,12,1503.01235607484,16970.1739353614,-15464.1974604081,1.99274797732585,1.5418159808907,1.54476480852018,-0.00294882762948512,1.29925646118237,0.45682965169412,1.99274797732585,0,267.161443506003,60.6481711487664,5.63357498265579e-10,1,0.986680323494446,0,-0.000896023078187147,-0.00589765525897024,0,0,0
127.815,9500.67373189337,1.99259195454686,9500,9500.62773940027,2.16189634708641,1.99259195454686,0,0.425462879350817,11.6187390174754,12,1503.01235607484,16969.5604563969,-15464.1310947231,1.99259195454686,1.5418159808907,1.54464121471709,-0.00282523382638877,1.20875173333388,0.456426441308936,1.99259195454686,0,267.161443506003,60.6481711487664,4.75949698336027e-10,1,0.986681136259851,0,-0.000915506164146151,-0.00565046765277755,0,0,0
127.83,9500.68011383656,1.9924347899876,9500,9500.63965892976,2.16112285875277,1.9924347899876,0,0.329721884263253,11.6215686917779,11,1503.01235607484,16968.9354698897,-15464.0501937104,1.9924347899876,1.5418159808907,1.54451380810978,-0.00269782721908296,1.11714950247104,0.45601446353507,1.9924347899876,0,267.161443506003,60.6481711487664,8.66023568180325e-10,1,0.986681799048947,0,-0.000932900028249861,-0.00539565443816592,0,0,0
127.845,9500.68505966483,1.9922768108357,9500,9500.65014332455,2.16037687449273,1.9922768108357,0,0.234692268658413,11.6243932444914,11,1503.01235607484,16968.3003994312,-15463.9551669731,1.9922768108357,1.5418159808907,1.54438289517937,-0.00256691428867595,1.02464623506222,0.455594658522358,1.9922768108357,0,267.161443506003,60.6481711487664,6.73645563372077e-10,1,0.986682312692041,0,-0.000948199950117079,-0.0051338285773519,0,0,0
127.86,9500.68858004886,1.99211834099754,9500,9500.65919233058,2.15965947710827,1.99211834099754,0,0.140553560678494,11.6272071658894,11,1503.01235607484,16967.6566313838,-15463.8463803791,1.99211834099754,1.5418159808907,1.54424878510968,-0.00243280421898207,0.931437493535478,0.455167968544805,1.99211834099754,0,267.161443506003,60.6481711487664,4.82237310877674e-10,1,0.986682678297325,0,-0.000961405439252383,-0.00486560843796413,0,0,0
127.875,9500.69068835227,1.99195970128577,9500,9500.66680852512,2.15897167769456,1.99195970128577,0,0.0474778913521675,11.630004996294,10,1503.01235607484,16967.0055728708,-15463.7242625993,1.99195970128577,1.5418159808907,1.54411178874173,-0.00229580785103289,0.837717333840307,0.454735336097142,1.99195970128577,0,267.161443506003,60.6481711487664,6.53027236016849e-10,1,0.98668289725266,0,-0.000972520152561884,-0.00459161570206579,0,0,0
127.89,9500.69140052064,1.99180120827352,9500,9500.67299728082,2.15831441442706,1.99180120827352,0,-0.044361757601511,11.6327815210202,10,1503.01235607484,16966.3485959629,-15463.5892024247,1.99180120827352,1.5418159808907,1.54397221821353,-0.00215623732283388,0.743678109926133,0.454297702028489,1.99180120827352,0,267.161443506003,60.6481711487664,3.22492509650246e-10,1,0.986682971214057,0,-0.000981551842401673,-0.00431247464566775,0,0,0
127.905,9500.69073509427,1.99164317401092,9500,9500.67776671046,2.15768855186971,1.99164317401092,0,-0.134803340483968,11.6355314968618,10,1503.01235607484,16965.6871008006,-15463.4416788742,1.99164317401092,1.5418159808907,1.54383038618029,-0.00201440528959274,0.649510034453862,0.453856003699408,1.99164317401092,0,267.161443506003,60.6481711487664,5.89723506358008e-10,1,0.986682902106996,0,-0.000988512279935572,-0.00402881057918547,0,0,0
127.92,9500.68871304417,1.99148590457792,9500,9500.68112762923,2.15709487987671,1.99148590457792,0,-0.223687907502477,11.6382498641449,10,1503.01235607484,16965.0224607591,-15463.2821618061,1.99148590457792,1.5418159808907,1.54368660563381,-0.00187062474310906,0.555401096762575,0.453411173173437,1.99148590457792,0,267.161443506003,60.6481711487664,8.53614596258148e-10,1,0.986682692109394,0,-0.000993417192812984,-0.00374124948621812,0,0,0
127.935,9500.68535772555,1.99132970025189,9500,9500.68309348433,2.15653411335386,1.99132970025189,0,-0.310863319408838,11.640931726798,11,1503.01235607484,16964.3560480093,-15463.1111585915,1.99132970025189,1.5418159808907,1.54354118892844,-0.00172520803773901,0.461536516312036,0.452964135436671,1.99132970025189,0,267.161443506003,60.6481711487664,4.40458866732045e-10,1,0.986682343646782,0,-0.000996286170095173,-0.00345041607547802,0,0,0
127.95,9500.68069477576,1.99117485499843,9500,9500.68368029075,2.15600689191532,1.99117485499843,0,-0.396179137300693,11.6435722300683,11,1503.01235607484,16963.689188656,-15462.9291402126,1.99117485499843,1.5418159808907,1.54339444716689,-0.00157846627619573,0.368098408305141,0.452515806660128,1.99117485499843,0,267.161443506003,60.6481711487664,6.16290740709894e-10,1,0.986681859381695,0,-0.000997142559139741,-0.00315693255239147,0,0,0
127.965,9500.6747520887,1.99102165629203,9500,9500.68290655722,2.15551377983787,1.99102165629203,0,-0.479493567803343,11.6461667631788,11,1503.01235607484,16963.023217979,-15462.7366359748,1.99102165629203,1.5418159808907,1.54324668944429,-0.00143070855359317,0.275265378612929,0.452067092508516,1.99102165629203,0,267.161443506003,60.6481711487664,7.88128332216566e-10,1,0.98668124221102,0,-0.000996013366264092,-0.00286141710718635,0,0,0
127.98,9500.66755968519,1.99087038403202,9500,9500.68079322477,2.15505526575138,1.99087038403202,0,-0.560670157818122,11.6487108400373,11,1503.01235607484,16962.3594427933,-15462.5341770837,1.99087038403202,1.5418159808907,1.54309822256688,-0.00128224167618485,0.183212393601619,0.451618886493697,1.99087038403202,0,267.161443506003,60.6481711487664,9.55975301969741e-10,1,0.986680495252533,0,-0.000992929163577516,-0.0025644833523697,0,0,0
127.995,9500.65914963282,1.99072131033277,9500,9500.67736358757,2.15463176282456,1.99072131033277,0,-0.639576453762073,11.6512001541681,12,1503.01235607484,16961.6991333946,-15462.3222809733,1.99072131033277,1.5418159808907,1.5429493503547,-0.001133369464005,0.0921104180251451,0.451172068370087,1.99072131033277,0,267.161443506003,60.6481711487664,5.02416931481077e-10,1,0.986679621836577,0,-0.000987923965751536,-0.00226673892800999,0,0,0
128.01,9500.64955598601,1.99057469908492,9500,9500.67264321352,2.15424360901605,1.99057469908492,0,-0.716092558721499,11.6536305171488,12,1503.01235607484,16961.0435742413,-15462.1015506177,1.99057469908492,1.5418159808907,1.54280037308634,-0.000984392195639616,0.00212612947482008,0.450727502585499,1.99057469908492,0,267.161443506003,60.6481711487664,5.7358572406087e-10,1,0.986678625499833,0,-0.000981035124409058,-0.00196878439127923,0,0,0
128.025,9500.63881459763,1.99043080514624,9500,9500.66665986992,2.15389106725751,1.99043080514624,0,-0.790099360692314,11.6559979720135,12,1503.01235607484,16960.3939834591,-15461.8725271387,1.99043080514624,1.5418159808907,1.54265158715269,-0.000835606261988309,-0.0865782299465995,0.450286036779515,1.99043080514624,0,267.161443506003,60.6481711487664,6.42831703907055e-10,1,0.986677509965757,0,-0.000972303210588166,-0.00167121252397662,0,0,0
128.04,9500.62696310722,1.99028987490639,9500,9500.65944341954,2.15357432644284,1.99028987490639,0,-0.861485950193072,11.6582987162558,12,1503.01235607484,16959.7515639515,-15461.6357830705,1.99028987490639,1.5418159808907,1.54250328405022,-0.000687303159526698,-0.173845404815632,0.44984850033475,1.99028987490639,0,267.161443506003,60.6481711487664,7.09843279378775e-10,1,0.98667627914336,0,-0.00096177186422608,-0.0013746063190534,0,0,0
128.055,9500.61404081797,1.99015214540021,9500,9500.6510257406,2.15329350188863,1.99015214540021,0,-0.930148168787417,11.6605291323524,12,1503.01235607484,16959.1174874218,-15461.3918981332,1.99015214540021,1.5418159808907,1.54235575013386,-0.00053976924316701,-0.259523203430736,0.449415702995848,1.99015214540021,0,267.161443506003,60.6481711487664,7.74523444504906e-10,1,0.986674937114425,0,-0.000949487676134675,-0.00107953848633402,0,0,0
128.07,9500.60008859543,1.99001784392752,9500,9500.64144063559,2.15304863613792,1.99001784392752,0,-0.995988745374063,11.6626857931541,12,1503.01235607484,16958.4928923094,-15461.1414579438,1.99001784392752,1.5418159808907,1.54220926614308,-0.00039328525238469,-0.343464722243922,0.448988433541588,1.99001784392752,0,267.161443506003,60.6481711487664,8.36779887649103e-10,1,0.986673488122999,0,-0.000935500058963035,-0.000786570504769379,0,0,0
128.085,9500.58514876425,1.98988718772252,9500,9500.63072373748,2.15283969989874,1.98988718772252,0,-1.05891740189565,11.6647654663878,12,1503.01235607484,16957.8788819222,-15460.8850527497,1.98988718772252,1.5418159808907,1.54206410673232,-0.000248125841617819,-0.42552855924791,0.448567458515054,1.98988718772252,0,267.161443506003,60.6481711487664,8.96525432523597e-10,1,0.986671936564655,0,-0.00091986109581943,-0.000496251683235638,0,0,0
128.1,9500.56926500323,1.98976038365606,9500,9500.61891241348,2.15266659311552,1.98976038365606,0,-1.11885093928524,11.6667651185671,12,1503.01235607484,16957.2765226965,-15460.6232761755,1.98976038365606,1.5418159808907,1.54192054001898,-0.000104559128284443,-0.505579016455005,0.448153521021935,1.98976038365606,0,267.161443506003,60.6481711487664,9.53680391479147e-10,1,0.986670286975602,0,-0.000902625413377933,-0.000209118256568885,0,0,0
128.115,9500.55248223914,1.98963762797742,9500,9500.60604566652,2.1525291461697,1.98963762797742,0,-1.17571515276856,11.6686819139938,13,1503.01235607484,16956.6868548828,-15460.3567467944,1.98963762797742,1.5418159808907,1.54177882714029,3.71537504040287e-05,-0.583486290715354,0.447747339585915,1.98963762797742,0,267.161443506003,60.6481711487664,4.52601264176769e-10,1,0.986668544021659,0,-0.000883850028185362,7.43075008080574e-05,0,0,0
128.13,9500.53484651184,1.98951910607501,9500,9500.59216403477,2.15242712120473,1.98951910607501,0,-1.22943754148698,11.6705132335872,13,1503.01235607484,16956.1108424846,-15460.086016635,1.98951910607501,1.5418159808907,1.54163922183516,0.00017675905554082,-0.659126651644924,0.447349607073232,1.98951910607501,0,267.161443506003,60.6481711487664,4.7594091002125e-10,1,0.98666671248424,0,-0.000863594201417905,0.000353518111081641,0,0,0
128.145,9500.51640494872,1.98940499262446,9500,9500.57730948224,2.15236021375289,1.98940499262446,0,-1.27995802838754,11.6722566482615,13,1503.01235607484,16955.5494454054,-15459.8117042476,1.98940499262446,1.5418159808907,1.54150196986511,0.000314011025583261,-0.732382711686881,0.446960989682594,1.98940499262446,0,267.161443506003,60.6481711487664,4.97932787560494e-10,1,0.986664797257703,0,-0.000841919276977965,0.000628022051166521,0,0,0
128.16,9500.49720557829,1.9892954505495,9500,9500.56152531107,2.15232805389263,1.9892954505495,0,-1.32722229299828,11.673909950089,13,1503.01235607484,16955.0035671485,-15459.5344045145,1.9892954505495,1.5418159808907,1.54136730906527,0.000448671825424407,-0.803143316184631,0.446582126007954,1.9892954505495,0,267.161443506003,60.6481711487664,5.18644404109192e-10,1,0.986662803329992,0,-0.000818888551946895,0.000897343650848814,0,0,0
128.175,9500.4772972439,1.98919063137046,9500,9500.54485604832,2.15233020812066,1.98919063137046,0,-1.37118325133323,11.6754711414374,13,1503.01235607484,16954.4740674574,-15459.2547096989,1.98919063137046,1.5418159808907,1.5412354687306,0.000580512160093249,-0.8713038346201,0.446213626159578,1.98919063137046,0,267.161443506003,60.6481711487664,5.38053978042596e-10,1,0.986660735773674,0,-0.000794567107814892,0.0011610243201865,0,0,0
128.19,9500.45672949513,1.98909067510754,9500,9500.52734733967,2.1523661811324,1.98909067510754,0,-1.41180102292595,11.676938435309,13,1503.01235607484,16953.9617614003,-15458.9732083415,1.98909067510754,1.5418159808907,1.54110666926281,0.00070931162788912,-0.936766284909239,0.445856070961061,1.98909067510754,0,267.161443506003,60.6481711487664,5.56140458011555e-10,1,0.986658599734662,0,-0.000769021664736691,0.00141862325577824,0,0,0
128.205,9500.43555247979,1.98899571014305,9500,9500.50904584254,2.1524354176966,1.98899571014305,0,-1.44904292172826,11.678310256401,13,1503.01235607484,16953.4674182874,-15458.6904841239,1.98899571014305,1.5418159808907,1.54098112187049,0.000834859020210299,-0.999439438572541,0.44551001121193,1.98899571014305,0,267.161443506003,60.6481711487664,5.72887936004337e-10,1,0.986656400420997,0,-0.000742320409375496,0.0016697180404206,0,0,0
128.22,9500.41381683596,1.98890585317088,9500,9500.48999911891,2.15253730461831,1.98890585317088,0,-1.48288339708205,11.6795852406375,13,1503.01235607484,16952.9917609496,-15458.407114812,1.98890585317088,1.5418159808907,1.54085902826446,0.00095695262623785,-1.0592389074434,0.445175967027711,1.98890585317088,0,267.161443506003,60.6481711487664,5.88280499330819e-10,1,0.986654143091638,0,-0.000714532845962568,0.0019139052524757,0,0,0
128.235,9500.391573585,1.98882120909119,9500,9500.47025552801,2.1526711727867,1.98882120909119,0,-1.51330400645883,11.6807622356645,13,1503.01235607484,16952.535464799,-15458.1236711585,1.98882120909119,1.5418159808907,1.54074058041397,0.00107540047673216,-1.11608721374491,0.444854427247027,1.98882120909119,0,267.161443506003,60.6481711487664,6.02306937983525e-10,1,0.986651833045346,0,-0.000685729634193999,0.00215080095346432,0,0,0
128.25,9500.36887402491,1.98874187098012,9500,9500.44986411895,2.15283629930167,1.98874187098012,0,-1.5402933459128,11.6818403000325,13,1503.01235607484,16952.099157199,-15457.8407158777,1.98874187098012,1.5418159808907,1.54062596030181,0.00119002058888995,-1.16991384370012,0.44454584891164,1.98874187098012,0,267.161443506003,60.6481711487664,6.14958097276354e-10,1,0.986649475609612,0,-0.000655982440559644,0.0023800411777799,0,0,0
128.265,9500.34576962472,1.98866792005211,9500,9500.4288745237,2.15303190967608,1.98866792005211,0,-1.56384698529872,11.6828187025157,13,1503.01235607484,16951.6834168124,-15457.5588026228,1.98866792005211,1.5418159808907,1.54051533971669,0.00130064117401063,-1.22065528644031,0.444250656813388,1.98866792005211,0,267.161443506003,60.6481711487664,6.26228055000721e-10,1,0.986647076129694,0,-0.000625363768622433,0.00260128234802126,0,0,0
128.28,9500.32231191994,1.98859942565376,9500,9500.40733685032,2.15325718010866,1.98859942565376,0,-1.58396738586408,11.6836969208846,13,1503.01235607484,16951.2887730862,-15457.2784750016,1.98859942565376,1.5418159808907,1.54040888006792,0.00140710082277939,-1.26825505872754,0.443969243117508,1.98859942565376,0,267.161443506003,60.6481711487664,6.36112945029299e-10,1,0.986644639957749,0,-0.000593946813283841,0.00281420164555879,0,0,0
128.295,9500.29855240915,1.98853644530624,9500,9500.3853015768,2.15351123982289,1.98853644530624,0,-1.60066379139379,11.6844746398384,13,1503.01235607484,16950.9157059436,-15457.0002656478,1.98853644530624,1.5418159808907,1.54030673220869,0.00150924868200719,-1.31266371602714,0.44370196705153,1.98853644530624,0,267.161443506003,60.6481711487664,6.44611987429668e-10,1,0.986642172442101,0,-0.000561805296713347,0.00301849736401438,0,0,0
128.31,9500.27454245228,1.98847902472576,9500,9500.36281944564,2.15379317346718,1.98847902472576,0,-1.61395213272672,11.6851517493344,13,1503.01235607484,16950.5646453952,-15456.724695288,1.98847902472576,1.5418159808907,1.54020903630717,0.00160694458352806,-1.35383885048201,0.443449154668009,1.98847902472576,0,267.161443506003,60.6481711487664,6.51727341809455e-10,1,0.986639678916673,0,-0.000529013317101645,0.00321388916705612,0,0,0
128.325,9500.25033317029,1.98842719793424,9500,9500.33994135935,2.15410202356951,1.98842719793424,0,-1.62385488215763,11.6857283413502,13,1503.01235607484,16950.2359715292,-15456.4522719033,1.98842719793424,1.5418159808907,1.54011592170658,0.00170005918411431,-1.39174507506457,0.443211098675314,1.98842719793424,0,267.161443506003,60.6481711487664,6.57462342496665e-10,1,0.986637164690573,0,-0.000495645197644778,0.00340011836822862,0,0,0
128.34,9500.22597534706,1.98838098733199,9500,9500.31671827705,2.15443679304347,1.98838098733199,0,-1.63040093071085,11.6862047073314,13,1503.01235607484,16949.9300143599,-15456.183489878,1.98838098733199,1.5418159808907,1.54002750683824,0.00178847405246141,-1.42635399554234,0.442988058336374,1.98838098733199,0,267.161443506003,60.6481711487664,6.61824293968706e-10,1,0.9866346350379,0,-0.000461775328678193,0.00357694810492282,0,0,0
128.355,9500.2015193331,1.98834040384248,9500,9500.29320111246,2.15479644773655,1.98834040384248,0,-1.63362542596151,11.6865813343941,13,1503.01235607484,16949.6470539808,-15455.9188292303,1.98834040384248,1.5418159808907,1.53994389913404,0.00187208175665488,-1.45764416817802,0.442780259438468,1.98834040384248,0,267.161443506003,60.6481711487664,6.64823000280559e-10,1,0.986632095187746,0,-0.000427478029377149,0.00374416351330975,0,0,0
128.37,9500.17701495171,1.98830544705387,9500,9500.26944063331,2.15517991901746,1.98830544705387,0,-1.63356961321564,11.6868589016061,13,1503.01235607484,16949.3873207202,-15455.6587548631,1.98830544705387,1.5418159808907,1.53986519497174,0.00195078591895981,-1.48560104497846,0.442587894325249,1.98830544705387,0,267.161443506003,60.6481711487664,6.66470765517116e-10,1,0.98662955031445,0,-0.000392827388870476,0.00390157183791962,0,0,0
128.385,9500.15251140751,1.98827610537664,9500,9500.2454873626,2.15558610639464,1.98827610537664,0,-1.63028066977591,11.6870382760122,13,1503.01235607484,16949.1509953724,-15455.4037158521,1.98827610537664,1.5418159808907,1.53979147964785,0.00202450124284281,-1.51021690541074,0.442411122000257,1.98827610537664,0,267.161443506003,60.6481711487664,6.66781511571073e-10,1,0.9866270055281,0,-0.000357897128543394,0.00404900248568563,0,0,0
128.4,9500.12805719746,1.98825235624579,9500,9500.22139148164,2.15601388016067,1.98825235624579,0,-1.62381151525361,11.6871205079022,13,1503.01235607484,16948.9382096285,-15455.1541447976,1.98825235624579,1.5418159808907,1.53972282735936,0.00209315353134132,-1.53149077521855,0.442250068292412,1.98825235624579,0,267.161443506003,60.6481711487664,6.65772102568857e-10,1,0.986624465865289,0,-0.000322760460323313,0.00418630706268264,0,0,0
128.415,9500.10370002473,1.9882341663128,9500,9500.19720273522,2.1564620840571,1.9882341663128,0,-1.61422063020406,11.687106826288,13,1503.01235607484,16948.7490464777,-15454.910457193,1.9882341663128,1.5418159808907,1.53965930122228,0.00215667966841604,-1.5494283328315,0.442104826085267,1.9882341663128,0,267.161443506003,60.6481711487664,6.63463080908087e-10,1,0.986621936280173,0,-0.000287489945566488,0.00431335933683208,0,0,0
128.43,9500.07948671528,1.98822149167279,9500,9500.17297033901,2.1569295379532,1.98822149167279,0,-1.60157185653076,11.6869986337938,13,1503.01235607484,16948.5835407697,-15454.6730508525,1.98822149167279,1.5418159808907,1.53960095330453,0.00221502758616565,-1.56404180326866,0.441975455609762,1.98822149167279,0,267.161443506003,60.6481711487664,6.59874842713882e-10,1,0.986619421635806,0,-0.000252157360827399,0.0044300551723313,0,0,0
128.445,9500.05546313743,1.98821427812682,9500,9500.14874288938,2.15741504053355,1.98821427812682,0,-1.5859341801866,11.6867975009631,13,1503.01235607484,16948.4416799368,-15454.4423053963,1.98821427812682,1.5418159808907,1.53954782467133,0.00226815621936582,-1.57534984031752,0.44186198479739,1.98821427812682,0,267.161443506003,60.6481711487664,6.55032198784885e-10,1,0.986616926695788,0,-0.00021683356597646,0.00453631243873165,0,0,0
128.46,9500.03167412473,1.98821246140231,9500,9500.12456827566,2.15791737198901,1.98821246140231,0,-1.56738154081545,11.6865051613344,13,1503.01235607484,16948.3234045564,-15454.2185817307,1.98821246140231,1.5418159808907,1.53949994548124,0.00231603540945846,-1.58337739743597,0.4417644096927,1.98821246140231,0,267.161443506003,60.6481711487664,6.48960549981085e-10,1,0.986614456116254,0,-0.000181588380198772,0.00463207081891692,0,0,0
128.475,9500.00816340162,1.98821596745646,9500,9500.10049359527,2.15843529670428,1.98821596745646,0,-1.54599259549839,11.6861235050964,13,1503.01235607484,16948.2286092748,-15454.0022216284,1.98821596745646,1.5418159808907,1.53945733506862,0.00235864582207523,-1.5881555870552,0.441682694921611,1.98821596745646,0,267.161443506003,60.6481711487664,6.41688241449852e-10,1,0.986612014438153,0,-0.000146490454600912,0.00471729164415047,0,0,0
128.49,9499.98497351268,1.98822471275508,9500,9500.07656507146,2.15896756593886,1.98822471275508,0,-1.52185049978467,11.6856545732133,13,1503.01235607484,16948.1571436453,-15453.7935473211,1.98822471275508,1.5418159808907,1.53942000206703,0.00239597882367004,-1.5897215301519,0.44161677421704,1.98822471275508,0,267.161443506003,60.6481711487664,6.33245680277393e-10,1,0.986609606079903,0,-0.000111607153701287,0.00479195764734008,0,0,0
128.505,9499.96214575519,1.98823860457097,9500,9500.05282797411,2.15951292049477,1.98823860457097,0,-1.49504268045526,11.6851005512471,13,1503.01235607484,16948.1088130601,-15453.592861139,1.98823860457097,1.5418159808907,1.5393879445495,0.00242803634120103,-1.58811819564011,0.441566550997875,1.98823860457097,0,267.161443506003,60.6481711487664,6.2366533580973e-10,1,0.986607235330381,0,-7.70044406972481e-05,0.00485607268240207,0,0,0
128.52,9499.93972011498,1.9882575413144,9500,9500.02932654354,2.16007009336602,1.9882575413144,0,-1.46566059142484,11.6844637626583,13,1503.01235607484,16948.0833798394,-15453.4004452129,1.9882575413144,1.5418159808907,1.53936115017863,0.00245483071207198,-1.58339423017166,0.441531898999561,1.9882575413144,0,267.161443506003,60.6481711487664,6.12980268695979e-10,1,0.986604906342271,0,-4.27467647980961e-05,0.00490966142414395,0,0,0
128.535,9499.91773520611,1.98828141285568,9500,9500.0061039175,2.16063781236576,1.98828141285568,0,-1.43379947903402,11.6837466622878,13,1503.01235607484,16948.0805642938,-15453.2165612015,1.98828141285568,1.5418159808907,1.53933959638591,0.00247638450479126,-1.57560377942064,0.441512662955402,1.98828141285568,0,267.161443506003,60.6481711487664,6.01226779373826e-10,1,0.986602623125788,0,-8.89696127481798e-06,0.00495276900958252,0,0,0
128.55,9499.89622821392,1.98831010087417,9500,9499.98320206133,2.16121480272495,1.98831010087417,0,-1.39955813316681,11.6829518294209,13,1503.01235607484,16948.1000459247,-15453.0414500771,1.98831010087417,1.5418159808907,1.53932325056037,0.00249273033032305,-1.56480630058963,0.441508659322828,1.98831010087417,0,267.161443506003,60.6481711487664,5.88442642834759e-10,1,0.986600389542772,0,2.44838572647232e-05,0.00498546066064609,0,0,0
128.565,9499.87523484192,1.98834347920216,9500,9499.9606617016,2.16179978965845,1.98834347920216,0,-1.36303864534986,11.682081960986,13,1503.01235607484,16948.1414646136,-15452.8753319405,1.98834347920216,1.5418159808907,1.53931207026426,0.00250391062643329,-1.55106636703346,0.441519677058597,1.98834347920216,0,267.161443506003,60.6481711487664,5.74667108815997e-10,1,0.986598209301168,0,5.73363939619931e-05,0.00500782125286658,0,0,0
128.58,9499.85478926224,1.98838141420815,9500,9499.93852226308,2.16239150089377,1.98838141420815,0,-1.32434614704419,11.6811398641107,13,1503.01235607484,16948.2044219947,-15452.7184059053,1.98838141420815,1.5418159808907,1.53930600344991,0.00250997744078729,-1.53445346553682,0.44154547843588,1.98838141420815,0,267.161443506003,60.6481711487664,5.59939724917494e-10,1,0.986596085949881,0,8.96032504715816e-05,0.00501995488157458,0,0,0
128.595,9499.83492407004,1.98842376515592,9500,9499.91682180925,2.16298866915826,1.98842376515592,0,-1.28358856481149,11.6801284491515,13,1503.01235607484,16948.2884827454,-15452.5708499977,1.98842376515592,1.5418159808907,1.53930498870738,0.0025109921833133,-1.51504178682476,0.441585799898593,1.98842376515592,0,267.161443506003,60.6481711487664,5.44303426465097e-10,1,0.986594022874044,0,0.000121229032006065,0.0050219843666266,0,0,0
128.61,9499.81567024157,1.98847038459986,9500,9499.89559698641,2.16359003461963,1.98847038459986,0,-1.24087635796946,11.679050722136,13,1503.01235607484,16948.3931760433,-15452.4328211223,1.98847038459986,1.5418159808907,1.53930895551761,0.00250702537308434,-1.49291000940789,0.441640352962995,1.98847038459986,0,267.161443506003,60.6481711487664,5.27801299766532e-10,1,0.986592023290658,0,0.000152160410085589,0.00501405074616867,0,0,0
128.625,9499.7970570962,1.98852111876217,9500,9499.8748829714,2.16419434727619,1.98852111876217,0,-1.19632226941895,11.6779097775759,13,1503.01235607484,16948.5179969685,-15452.3044550486,1.98852111876217,1.5418159808907,1.53931782452873,0.00249815636197015,-1.46814107770037,0.441708825147534,1.98852111876217,0,267.161443506003,60.6481711487664,5.10477464943185e-10,1,0.98659009024465,0,0.000182346202941108,0.0049963127239403,0,0,0
128.64,9499.77911226215,1.98857580795182,9500,9499.85471342302,2.16480036929266,1.98857580795182,0,-1.15004105610231,11.6767087905972,13,1503.01235607484,16948.662408094,-15452.1858664702,1.98857580795182,1.5418159808907,1.53933150782956,0.00248447306113464,-1.44082197484588,0.441790880938857,1.98857580795182,0,267.161443506003,60.6481711487664,4.92378694463e-10,1,0.986588226605319,0,0.000211737450824145,0.00496894612226928,0,0,0
128.655,9499.76186164631,1.98863428694575,9500,9499.83512043716,2.16540687727774,1.98863428694575,0,-1.10214924408818,11.6754510097874,13,1503.01235607484,16948.8258409393,-15452.0771490663,1.98863428694575,1.5418159808907,1.53934990925903,0.00246607163166424,-1.41104349080523,0.441886162791728,1.98863428694575,0,267.161443506003,60.6481711487664,4.73550146232325e-10,1,0.98658643506319,0,0.000240287472419887,0.00493214326332847,0,0,0
128.67,9499.74532940765,1.98869638541569,9500,9499.81613450578,2.16601266449912,1.98869638541569,0,-1.05276486030008,11.6741397492938,13,1503.01235607484,16949.0076976326,-15451.9783756405,1.98869638541569,1.5418159808907,1.53937292470536,0.00244305618533591,-1.37889998589537,0.441994292154317,1.98869638541569,0,267.161443506003,60.6481711487664,4.54040954732453e-10,1,0.986584718127267,0,0.000267951934877608,0.00488611237067182,0,0,0
128.685,9499.72953793475,1.98876192833328,9500,9499.79778447954,2.16661654303389,1.98876192833328,0,-1.00200537268454,11.672778389475,12,1503.01235607484,16949.2073407306,-15451.8895762362,1.98876192833328,1.5418159808907,1.53940044243191,0.0024155384587834,-1.34448915118835,0.442114870525012,1.98876192833328,0,267.161443506003,60.6481711487664,9.65534023978692e-10,1,0.986583078122688,0,0.000294688888335504,0.00483107691756679,0,0,0
128.7,9499.71450785416,1.98883073638642,9500,9499.78009753437,2.16721734584903,1.98883073638642,0,-0.949994774558107,11.6713703369445,12,1503.01235607484,16949.4241426228,-15451.810827797,1.98883073638642,1.5418159808907,1.53943234340522,0.00238363748547821,-1.30791176512352,0.442247480524763,1.98883073638642,0,267.161443506003,60.6481711487664,9.19177506571676e-10,1,0.986581517191598,0,0.000320458838972026,0.00476727497095641,0,0,0
128.715,9499.70025793254,1.98890262604282,9500,9499.76309914887,2.16781392863215,1.98890262604282,0,-0.896852363981985,11.669919071489,12,1503.01235607484,16949.6574130766,-15451.7421179526,1.98890262604282,1.5418159808907,1.53946850181578,0.00234747907491339,-1.26927134430089,0.4423916870023,1.98890262604282,0,267.161443506003,60.6481711487664,8.71857309844262e-10,1,0.986580037282989,0,0.000345224756473916,0.00469495814982679,0,0,0
128.73,9499.68680514708,1.98897741086493,9500,9499.74681306215,2.16840517213411,1.98897741086493,0,-0.842699529008137,11.6684280907765,12,1503.01235607484,16949.9064537752,-15451.6834381143,1.98897741086493,1.5418159808907,1.53950878497494,0.00230719591576101,-1.22867415893719,0.442547038142714,1.98897741086493,0,267.161443506003,60.6481711487664,8.23461323741262e-10,1,0.986578640160004,0,0.000368952151712953,0.00461439183152201,0,0,0
128.745,9499.67416465414,1.98905490134085,9500,9499.73126126086,2.16898998380281,1.98905490134085,0,-0.787657927228974,11.6669009211745,12,1503.01235607484,16950.1705451505,-15451.6347599635,1.98905490134085,1.5418159808907,1.53955305397111,0.00226292691958596,-1.18622881491537,0.442713066610985,1.98905490134085,0,267.161443506003,60.6481711487664,7.74101244973966e-10,1,0.98657732739669,0,0.000391609087182054,0.00452585383917192,0,0,0
128.76,9499.66234978524,1.98913490533427,9500,9499.71646396152,2.16956729954726,1.98913490533427,0,-0.731849223098084,11.6653411097649,12,1503.01235607484,16950.4489482454,-15451.5960358226,1.98913490533427,1.5418159808907,1.53960116401902,0.00221481687167646,-1.14204599834854,0.442889290700216,1.98913490533427,0,267.161443506003,60.6481711487664,7.23889660139206e-10,1,0.986576100377575,0,0.000413166205707416,0.00442963374335292,0,0,0
128.775,9499.65137204689,1.9892172284558,9500,9499.70243959631,2.17013608542559,1.9892172284558,0,-0.675394873731007,11.6637522177903,12,1503.01235607484,16950.740906263,-15451.5671989876,1.9892172284558,1.5418159808907,1.53965296485454,0.00216301603615987,-1.0962382246614,0.443075215492785,1.9892172284558,0,267.161443506003,60.6481711487664,6.72938279548567e-10,1,0.986574960297655,0,0.000433596744139564,0.00432603207231974,0,0,0
128.79,9499.64124112378,1.98930167451182,9500,9499.68920480253,2.17069533925038,1.98930167451182,0,-0.618415872759856,11.6621378127946,12,1503.01235607484,16951.0456464535,-15451.5481641604,1.98930167451182,1.5418159808907,1.53970830109396,0.00210767979673898,-1.04891958909756,0.443270334027648,1.98930167451182,0,267.161443506003,60.6481711487664,6.21361468229658e-10,1,0.986573908162722,0,0.000452876554211112,0.00421535959347796,0,0,0
128.805,9499.63196488569,1.98938804591867,9500,9499.67677441564,2.17124409211267,1.98938804591867,0,-0.561032517211579,11.6605014614249,12,1503.01235607484,16951.3623818747,-15451.5388278858,1.98938804591867,1.5418159808907,1.53976701261523,0.0020489682754663,-1.00020552051019,0.443474128477043,1.98938804591867,0,267.161443506003,60.6481711487664,5.69269476726412e-10,1,0.986572944790081,0,0.000470984113184247,0.0040979365509326,0,0,0
128.82,9499.62354939793,1.98947614413263,9500,9499.66516146583,2.17178140981903,1.98947614413263,0,-0.503364168096139,11.6588467220121,12,1503.01235607484,16951.6903132348,-15451.5390690344,1.98947614413263,1.5418159808907,1.53982893493372,0.00198704595697752,-0.950212536153849,0.443686071327975,1.98947614413263,0,267.161443506003,60.6481711487664,5.16774914957882e-10,1,0.986572070809639,0,0.000487900518665096,0.00397409191395504,0,0,0
128.835,9499.61599893541,1.98956577005693,9500,9499.65437717829,2.1723063942404,1.98956577005693,0,-0.445529027673887,11.6571771376057,12,1503.01235607484,16952.0286306525,-15451.5487492988,1.98956577005693,1.5418159808907,1.53989389958827,0.00192208130242855,-0.899057997953473,0.443905626561375,1.98956577005693,0,267.161443506003,60.6481711487664,4.63989661610443e-10,1,0.986571286665362,0,0.000503609496805613,0.00384416260485709,0,0,0
128.85,9499.609316,1.98965672446347,9500,9499.64443097692,2.17281818456966,1.98965672446347,0,-0.387645546840816,11.6554962304885,11,1503.01235607484,16952.376526591,-15451.5677341243,1.98965672446347,1.5418159808907,1.53996173452178,0.00185424636891907,-0.846859869789721,0.444132250834937,1.98965672446347,0,267.161443506003,60.6481711487664,9.14239546594077e-10,1,0.986570592617077,0,0.000518097394101469,0.00370849273783813,0,0,0
128.865,9499.60350131679,1.98974880838757,9500,9499.63533049171,2.17331595848679,1.98974880838757,0,-0.329825431248887,11.6538074891814,11,1503.01235607484,16952.7331516778,-15451.5958087902,1.98974880838757,1.5418159808907,1.5400322644734,0.0017837164172958,-0.793736476487776,0.444365394662283,1.98974880838757,0,267.161443506003,60.6481711487664,7.96686724434635e-10,1,0.98656998874009,0,0.000531353163015336,0.0035674328345916,0,0,0
128.88,9499.59855393532,1.98984182384434,9500,9499.62708156317,2.17379893339146,1.98984182384434,0,-0.272183783728362,11.6521143651979,11,1503.01235607484,16953.0976890187,-15451.6328103555,1.98984182384434,1.5418159808907,1.54010531120669,0.00171066968400391,-0.739806358419008,0.44460450358564,1.98984182384434,0,267.161443506003,60.6481711487664,6.78710317247605e-10,1,0.986569474935689,0,0.000543368361888952,0.00342133936800781,0,0,0
128.895,9499.59447117857,1.98993557337698,9500,9499.61968827181,2.17426636699537,1.98993557337698,0,-0.214832124763839,11.6504202756827,11,1503.01235607484,16953.4693034163,-15451.678537219,1.98993557337698,1.5418159808907,1.5401806943218,0.00163528656889622,-0.685187788416205,0.44484901934849,1.98993557337698,0,267.161443506003,60.6481711487664,5.61053260916615e-10,1,0.986569050925857,0,0.000554137102741548,0.00327057313779244,0,0,0
128.91,9499.5912486967,1.99002986098535,9500,9499.61315294689,2.17471755842233,1.99002986098535,0,-0.157877722313157,11.6487286194295,10,1503.01235607484,16953.8471458534,-15451.732749796,1.99002986098535,1.5418159808907,1.54025823136573,0.0015577495249659,-0.629998703270964,0.445098381044724,1.99002986098535,0,267.161443506003,60.6481711487664,9.88136069889673e-10,1,0.986568716258847,0,0.000563656043534477,0.0031154990499318,0,0,0
128.925,9499.58888053086,1.99012449250035,9500,9499.60747618665,2.17515184900521,1.99012449250035,0,-0.101432039790142,11.6470426470001,10,1503.01235607484,16954.2304071072,-15451.7952721366,1.99012449250035,1.5418159808907,1.54033773821803,0.00147824267267072,-0.574356478093671,0.445352026264314,1.99012449250035,0,267.161443506003,60.6481711487664,7.2826503987149e-10,1,0.986568470315809,0,0.000571924359545006,0.00295648534534143,0,0,0
128.94,9499.58735905027,1.99021927553725,9500,9499.60265689,2.17556862278151,1.99021927553725,0,-0.0455970645819029,11.6453656497902,10,1503.01235607484,16954.6182348473,-15451.8658313396,1.99021927553725,1.5418159808907,1.54041902968047,0.00139695121022365,-0.518377584464241,0.445609392226109,1.99021927553725,0,267.161443506003,60.6481711487664,4.71995650824773e-10,1,0.986568312304257,0,0.000578943693864575,0.0027939024204473,0,0,0
128.955,9499.5866750943,1.9903140209006,9500,9499.59869226361,2.1759673075876,1.9903140209006,0,0.00952579449124077,11.6437008094836,10,1503.01235607484,16955.0097983096,-15451.9441727848,1.9903140209006,1.5418159808907,1.54050191932992,0.00131406156077629,-0.462177685571708,0.445869916888348,1.9903140209006,0,267.161443506003,60.6481711487664,2.18441168727351e-10,1,0.986568241272826,0,0.000584718149166941,0.00262812312155258,0,0,0
128.97,9499.58681798122,1.9904085421765,9500,9499.59557786397,2.17634737525882,1.9904085421765,0,0.0638387466032262,11.6420513149484,9,1503.01235607484,16955.4042700103,-15452.0300245775,1.9904085421765,1.5418159808907,1.54058622027553,0.00122976061516433,-0.405871194243316,0.446133040055474,1.9904085421765,0,267.161443506003,60.6481711487664,8.66574287929173e-10,1,0.986568256112176,0,0.000589254222328695,0.00245952123032867,0,0,0
128.985,9499.58777556241,1.99050265601332,9500,9499.59330763086,2.176708342018,1.99050265601332,0,0.117245709424883,11.6404200514006,9,1503.01235607484,16955.8008255383,-15452.1231081909,1.99050265601332,1.5418159808907,1.54067174555715,0.00114423533355112,-0.34957105639234,0.446398204455521,1.99050265601332,0,267.161443506003,60.6481711487664,6.21689188302518e-10,1,0.986568355560629,0,0.000592560765124928,0.00228847066710225,0,0,0
129,9499.58953424805,1.99059618229909,9500,9499.59187392617,2.17704976870169,1.99059618229909,0,0.169651140945193,11.6388099731689,10,1503.01235607484,16956.1986715019,-15452.2231730525,1.99059618229909,1.5418159808907,1.54075830858642,0.00105767230428189,-0.293388502753636,0.446664856799828,1.99059618229909,0,267.161443506003,60.6481711487664,6.16277292463953e-10,1,0.986568538206828,0,0.000594648915700269,0.00211534460856377,0,0,0
129.015,9499.59207901517,1.99068894464275,9500,9499.59126756934,2.1773712610443,1.99068894464275,0,0.220970392062377,11.637224116355,10,1503.01235607484,16956.5969807774,-15452.3298729659,1.99068894464275,1.5418159808907,1.54084572342062,0.000970257470081393,-0.237432906071389,0.446932448811893,1.99068894464275,0,267.161443506003,60.6481711487664,7.70278374998108e-10,1,0.986568802490581,0,0.000595532056591574,0.00194051494016279,0,0,0
129.03,9499.59539357105,1.99078077125556,9500,9499.59147786567,2.1776724701155,1.99078077125556,0,0.271116202254056,11.6356651787811,10,1503.01235607484,16956.9949700544,-15452.4429203928,1.99078077125556,1.5418159808907,1.54093380482695,0.000882176063750295,-0.181811774275577,0.447200438237359,1.99078077125556,0,267.161443506003,60.6481711487664,9.92621262137113e-10,1,0.986569146719828,0,0.000595225765037011,0.00176435212750059,0,0,0
129.045,9499.59946031408,1.99087149412729,9500,9499.59249266966,2.17795309184729,1.99087149412729,0,0.320008435733425,11.6341358402516,11,1503.01235607484,16957.391842984,-15452.5619742779,1.99087149412729,1.5418159808907,1.54102236918821,0.000793611702483377,-0.126630228887509,0.447468289831626,1.99087149412729,0,267.161443506003,60.6481711487664,5.48851218420503e-10,1,0.986569569066574,0,0.00059374773324139,0.00158722340496675,0,0,0
129.06,9499.60426044062,1.99096094982652,9500,9499.59429842181,2.17821286718844,1.99096094982652,0,0.367564708683142,11.6326387242793,11,1503.01235607484,16957.7868582935,-15452.6867614221,1.99096094982652,1.5418159808907,1.54111123457858,0.000704746312121696,-0.0719909906993478,0.447735476311584,1.99096094982652,0,267.161443506003,60.6481711487664,6.49318543346095e-10,1,0.986570067577989,0,0.000591117702305244,0.00140949262424339,0,0,0
129.075,9499.60977391125,1.99104897935972,9500,9499.59688020351,2.17845158176975,1.99104897935972,0,0.413711660680167,11.6311763168431,11,1503.01235607484,16958.1792486968,-15452.8169313468,1.99104897935972,1.5418159808907,1.541200221295,0.000615759595702148,-0.0179941005965439,0.448001479277622,1.99104897935972,0,267.161443506003,60.6481711487664,7.46566225061739e-10,1,0.986570640172904,0,0.000587357387070941,0.0012315191914043,0,0,0
129.09,9499.61597958616,1.99113542935226,9500,9499.60022176904,2.17866906611183,1.99113542935226,0,0.458378407218292,11.6297510051795,11,1503.01235607484,16958.5682771824,-15452.9521497859,1.99113542935226,1.5418159808907,1.54128915171082,0.000526829179881227,0.0352629589722648,0.448265790101804,1.99113542935226,0,267.161443506003,60.6481711487664,8.4092571854194e-10,1,0.986571284655869,0,0.000582490437855743,0.00105365835976245,0,0,0
129.105,9499.62285526227,1.9912201518222,9500,9499.60430560432,2.17886519512842,1.9912201518222,0,0.50149804672663,11.6283650673938,11,1503.01235607484,16958.9532242752,-15453.0920773852,1.9912201518222,1.5418159808907,1.54137785082436,0.000438130066332754,0.0876855644573257,0.448527910798839,1.9912201518222,0,267.161443506003,60.6481711487664,9.32250097084879e-10,1,0.986571998721008,0,0.000576542339441266,0.000876260132665507,0,0,0
129.12,9499.63037773297,1.99130300433538,9500,9499.60911298005,2.17903988772783,1.99130300433538,0,0.543005764469898,11.6270206589319,12,1503.01235607484,16959.3334014027,-15453.2363938423,1.99130300433538,1.5418159808907,1.54146614659415,0.000349834296550222,0.139182102697442,0.448787354851587,1.99130300433538,0,267.161443506003,60.6481711487664,4.58637563227949e-10,1,0.986572779958229,0,0.000569540345382702,0.000699668593100444,0,0,0
129.135,9499.63852281944,1.99138385020175,9500,9499.61462400658,2.1791931063312,1.99138385020175,0,0.582846510849167,11.6257198560259,12,1503.01235607484,16959.7081030896,-15453.3847064712,1.99138385020175,1.5418159808907,1.54155387023868,0.000262110652020642,0.189664114087924,0.449043648007009,1.99138385020175,0,267.161443506003,60.6481711487664,4.96549233653894e-10,1,0.986573625856467,0,0.000561513400064273,0.000524221304041284,0,0,0
129.15,9499.6472655171,1.99146255903182,9500,9499.62081768267,2.17932485650462,1.99146255903182,0,0.620964053272307,11.6244645789202,12,1503.01235607484,16960.0766815165,-15453.5366869716,1.99146255903182,1.5418159808907,1.54164085633865,0.000175124552042494,0.239046313951472,0.449296329037038,1.99146255903182,0,267.161443506003,60.6481711487664,5.33126658001736e-10,1,0.986574533818903,0,0.000552492061884458,0.000350249104084988,0,0,0
129.165,9499.6565799779,1.99153900598251,9500,9499.62767196956,2.17943518591177,1.99153900598251,0,0.657307824881723,11.6232566505631,12,1503.01235607484,16960.4384966641,-15453.6919826563,1.99153900598251,1.5418159808907,1.54172694357724,8.90373134609934e-05,0.287246982678327,0.449544950464886,1.99153900598251,0,267.161443506003,60.6481711487664,5.68112161869769e-10,1,0.986575501161117,0,0.000542508396145225,0.000178074626921987,0,0,0
129.18,9499.66643959527,1.99161307247158,9500,9499.63516384127,2.17952418381485,1.99161307247158,0,0.691831489764669,11.622097773998,12,1503.01235607484,16960.7929310651,-15453.8502393558,1.99161307247158,1.5418159808907,1.54181197472183,4.006168867976e-06,0.33418791876428,0.449789079243152,1.99161307247158,0,267.161443506003,60.6481711487664,6.01460267141509e-10,1,0.986576525119917,0,0.000531595904968984,8.012337735952e-06,0,0,0
129.195,9499.67681706762,1.99168464630882,9500,9499.64326934387,2.17959198030997,1.99168464630882,0,0.724492966638671,11.6209895309889,12,1503.01235607484,16961.1393906431,-15454.0111021229,1.99168464630882,1.5418159808907,1.54189579688183,-7.98159911326035e-05,0.379794534639601,0.450028297400388,1.99168464630882,0,267.161443506003,60.6481711487664,6.33126971900245e-10,1,0.986577602859927,0,0.000519789441693952,-0.000159631982265207,0,0,0
129.21,9499.68768446212,1.99175362186278,9500,9499.65196365582,2.17963874549023,1.99175362186278,0,0.755254471438202,11.6199333800266,12,1503.01235607484,16961.4773056979,-15454.174215975,1.99175362186278,1.5418159808907,1.54197826172923,-0.000162280838531315,0.423995947421852,0.45026220264915,1.99175362186278,0,267.161443506003,60.6481711487664,6.63073870550055e-10,1,0.986578731480218,0,0.000507125121452567,-0.000324561677062629,0,0,0
129.225,9499.69901327919,1.99181990015793,9500,9499.66122114928,2.17966468854073,1.99181990015793,0,0.78408252039631,11.61893065556,12,1503.01235607484,16961.80613161,-15454.3392265816,1.99181990015793,1.5418159808907,1.54205922573399,-0.00024324484328786,0.466725062845286,0.450490408953804,1.99181990015793,0,267.161443506003,60.6481711487664,6.91265946462257e-10,1,0.986579908021,0,0.000493640233723003,-0.00048648968657572,0,0,0
129.24,9499.710774517,1.99188338899506,9500,9499.67101545215,2.17967005676684,1.99188338899506,0,0.810947945888725,11.6179825668191,12,1503.01235607484,16962.1253496388,-15454.5057809715,1.99188338899506,1.5418159808907,1.54213855036801,-0.000322569477308798,0.507918652722717,0.450712547058979,1.99188338899506,0,267.161443506003,60.6481711487664,7.17673337605483e-10,1,0.986581129470322,0,0.00047937315153801,-0.000645138954617597,0,0,0
129.255,9499.72293873619,1.99194400301435,9500,9499.6813195108,2.1796551345596,1.99194400301435,0,0.835825879138233,11.6170901976442,12,1503.01235607484,16962.434467484,-15454.6735281925,1.99194400301435,1.5418159808907,1.54221610231745,-0.000400121426757716,0.547517424688087,0.450928264977171,1.99194400301435,0,267.161443506003,60.6481711487664,7.42268981998277e-10,1,0.986582392770794,0,0.00046436324383059,-0.000800242853515432,0,0,0
129.27,9499.73547612437,1.99200166376937,9500,9499.6921056533,2.17962024230121,1.99200166376937,0,0.858695739386676,11.616254506116,12,1503.01235607484,16962.7330198913,-15454.8421199778,1.99200166376937,1.5418159808907,1.54229175366981,-0.000475772779111372,0.585466084076383,0.451137228436895,1.99200166376937,0,267.161443506003,60.6481711487664,7.65030530417189e-10,1,0.986583694826287,0,0.000448650776852855,-0.000951545558222744,0,0,0
129.285,9499.74835656046,1.9920562997642,9500,9499.70334565301,2.17956573521444,1.9920562997642,0,0.879541202297317,11.615476324827,12,1503.01235607484,16963.0205691053,-15455.0112113783,1.9920562997642,1.5418159808907,1.54236538209718,-0.000549401206485722,0.621713387024545,0.451339121286479,1.9920562997642,0,267.161443506003,60.6481711487664,7.85939610414005e-10,1,0.986585032508611,0,0.000432276827983857,-0.00109880241297144,0,0,0
129.3,9499.7615496785,1.99210784649128,9500,9499.71501079231,2.17949200215976,1.99210784649128,0,0.898350168671954,11.6147563611321,12,1503.01235607484,16963.2967053211,-15455.1804613913,1.99210784649128,1.5418159808907,1.54243687101994,-0.000620890129242824,0.656212184616183,0.451533645859071,1.99210784649128,0,267.161443506003,60.6481711487664,8.04982856057837e-10,1,0.986586402664145,0,0.000415283191353755,-0.00124178025848565,0,0,0
129.315,9499.77502493103,1.99215624646534,9500,9499.7270719264,2.17939946438382,1.99215624646534,0,0.915114731877562,11.6140951974579,12,1503.01235607484,16963.5610471205,-15455.3495335813,1.99215624646534,1.5418159808907,1.54250610975096,-0.000690128860267425,0.688919457663874,0.45172052329518,1.99215624646534,0,267.161443506003,60.6481711487664,8.22148817601979e-10,1,0.986587802120421,0,0.000397712286923868,-0.00138025772053485,0,0,0
129.33,9499.78875165201,1.99220144921628,9500,9499.73949954696,2.17928857422294,1.99220144921628,0,0.92983112156592,11.6134932923194,12,1503.01235607484,16963.8132417328,-15455.5180966604,1.99220144921628,1.5418159808907,1.54257299364005,-0.000757012749355024,0.719796342188213,0.451899493824296,1.99220144921628,0,267.161443506003,60.6481711487664,8.37432522649203e-10,1,0.986589227692652,0,0.000379607066158361,-0.00151402549871005,0,0,0
129.345,9499.80269911883,1.99224341129347,9500,9499.75226384564,2.17915981376378,1.99224341129347,0,0.942499654841865,11.6129509811244,12,1503.01235607484,16964.0529653402,-15455.6858250698,1.99224341129347,1.5418159808907,1.54263742419134,-0.000821443300645486,0.748808146363926,0.452070317004067,1.99224341129347,0,267.161443506003,60.6481711487664,8.50830325783625e-10,1,0.98659067619018,0,0.000361010919363913,-0.00164288660129097,0,0,0
129.36,9499.81683661365,1.99228209625361,9500,9499.76533477712,2.17901369346616,1.99228209625361,0,0.953124678689255,11.6124684772502,12,1503.01235607484,16964.279923312,-15455.8523995413,1.99228209625361,1.5418159808907,1.54269930916813,-0.00088332827743276,0.775924358084493,0.452232771917781,1.99228209625361,0,267.161443506003,60.6481711487664,8.62344028247251e-10,1,0.986592144422839,0,0.000341967586522385,-0.00176665655486552,0,0,0
129.375,9499.83113348383,1.99231747462914,9500,9499.77868212183,2.17885075074995,1.99231747462914,0,0.961714501729792,11.6120458734461,12,1503.01235607484,16964.4938503531,-15456.0175076329,1.99231747462914,1.5418159808907,1.54275856268734,-0.000942581796638198,0.801118644201143,0.452386657331716,1.99231747462914,0,267.161443506003,60.6481711487664,8.71978817573699e-10,1,0.986593629207236,0,0.000322521064140213,-0.0018851635932764,0,0,0
129.39,9499.84555920136,1.99234952389603,9500,9499.79227554794,2.17867154854975,1.99234952389603,0,0.968281326778734,11.6116831432292,12,1503.01235607484,16964.6945106476,-15456.1808442546,1.99234952389603,1.5418159808907,1.54281510529332,-0.00099912440262151,0.824368841400178,0.452531791810579,1.99234952389603,0,267.161443506003,60.6481711487664,8.79744297210279e-10,1,0.98659512737292,0,0.000302715516175667,-0.00199824880524302,0,0,0
129.405,9499.86008342126,1.99237822841378,9500,9499.80608467277,2.17847667384006,1.99237822841378,0,0.972841167871658,11.6113801427491,12,1503.01235607484,16964.8816978787,-15456.3421121597,1.99237822841378,1.5418159808907,1.54286886402559,-0.00105288313488949,0.845656939146537,0.452668013792858,1.99237822841378,0,267.161443506003,60.6481711487664,8.8565154335266e-10,1,0.98659663576845,0,0.000282595182949708,-0.00210576626977899,0,0,0
129.42,9499.87467603878,1.9924035793559,9500,9499.82007912342,2.17826673613437,1.9924035793559,0,0.975413762983625,11.6111366127965,12,1503.01235607484,16965.0552352055,-15456.501022417,1.9924035793559,1.5418159808907,1.54291977247069,-0.00110379157999341,0.86496905483912,0.452795181625186,1.9924035793559,0,267.161443506003,60.6481711487664,8.89717518769878e-10,1,0.986598151267334,0,0.000262204298797197,-0.00220758315998681,0,0,0
129.435,9499.88930724522,1.99242557463726,9500,9499.8342285965,2.17804236596112,1.99242557463726,0,0.97602248647813,11.6109521808472,12,1503.01235607484,16965.214975223,-15456.6572948671,1.99242557463726,1.5418159808907,1.54296777079724,-0.00115178990653941,0.882295401505775,0.452913173559644,1.99242557463726,0,267.161443506003,60.6481711487664,8.91961688213984e-10,1,0.986599670773824,0,0.000241587000605836,-0.00230357981307883,0,0,0
129.45,9499.90394758252,1.99244421882967,9500,9499.8485029168,2.17780421332046,1.99244421882967,0,0.97469425488957,11.6108263632903,12,1503.01235607484,16965.3607998606,-15456.8106585567,1.99244421882967,1.5418159808907,1.54301280577617,-0.0011968248854699,0.897630247756839,0.453021887709917,1.99244421882967,0,267.161443506003,60.6481711487664,8.92406753760392e-10,1,0.986601191228588,0,0.000220787234845865,-0.00239364977093981,0,0,0
129.465,9499.91856799634,1.99245952303726,9500,9499.86287209498,2.17755294612453,1.99245952303726,0,0.971459411884201,11.6107585683334,12,1503.01235607484,16965.4926201153,-15456.960852124,1.99245952303726,1.5418159808907,1.54305483080022,-0.00123884990951884,0.910971870609861,0.453121241965598,1.99245952303726,0,267.161443506003,60.6481711487664,8.91078065908922e-10,1,0.986602709614224,0,0.000199848692311821,-0.00247769981903767,0,0,0
129.48,9499.93313988752,1.99247150480165,9500,9499.87730638401,2.17728924862392,1.99247150480165,0,0.966351630868482,11.6107480983628,12,1503.01235607484,16965.6103758935,-15457.1076241942,1.99247150480165,1.5418159808907,1.54309380587379,-0.00127782498309426,0.922322501662617,0.453211173877138,1.99247150480165,0,267.161443506003,60.6481711487664,8.88006418802345e-10,1,0.986604222960599,0,0.000178814710211972,-0.00255564996618851,0,0,0
129.495,9499.94763516198,1.99248018796784,9500,9499.89177633437,2.17701381982535,1.99248018796784,0,0.959407796879473,11.6107941529666,12,1503.01235607484,16965.714035688,-15457.2507337266,1.99248018796784,1.5418159808907,1.54312969760049,-0.00131371670979763,0.931688265671604,0.453291640496733,1.99248018796784,0,267.161443506003,60.6481711487664,8.832223116124e-10,1,0.986605728350035,0,0.000157728196501061,-0.00262743341959526,0,0,0
129.51,9499.96202627894,1.99248560254474,9500,9499.90625284778,2.17672737190209,1.99248560254474,0,0.950667886466179,11.6108958320221,12,1503.01235607484,16965.8035962222,-15457.3899503413,1.99248560254474,1.5418159808907,1.54316247915626,-0.00134649826556021,0.939079112920863,0.453362618185159,1.99248560254474,0,267.161443506003,60.6481711487664,8.76761539350471e-10,1,0.986607222922318,0,0.000136631552870137,-0.00269299653112043,0,0,0
129.525,9499.97628629723,1.992487784562,9500,9499.92070722963,2.17643062860119,1.992487784562,0,0.940174846955297,11.6110521388224,12,1503.01235607484,16965.8790820695,-15457.525054624,1.992487784562,1.5418159808907,1.54319213024702,-0.00137614935632246,0.944508744984321,0.45342410238395,1.992487784562,0,267.161443506003,60.6481711487664,8.68662249852179e-10,1,0.986608703879506,0,0.000115566595796368,-0.00275229871264493,0,0,0
129.54,9499.99038891994,1.99248677591191,9500,9499.93511123974,2.17612432365084,1.99248677591191,0,0.927974468955235,11.6112619834347,12,1503.01235607484,16965.9405452062,-15457.6558384031,1.99248677591191,1.5418159808907,1.54321863705612,-0.0014026561654239,0.947994533974976,0.453476107352059,1.99248677591191,0,267.161443506003,60.6481711487664,8.58964354975188e-10,1,0.986610168490563,0,9.45744875671117e-05,-0.0028053123308478,0,0,0
129.555,9500.00430853697,1.99248262418829,9500,9499.94943714153,2.17580919917054,1.99248262418829,0,0.914115258160585,11.6115241860823,12,1503.01235607484,16965.9880645375,-15457.782105004,1.99248262418829,1.5418159808907,1.54324199217763,-0.00142601128693598,0.94955743597057,0.453518665871464,1.99248262418829,0,267.161443506003,60.6481711487664,8.47711590172364e-10,1,0.986611614095784,0,7.36956572857661e-05,-0.00285202257387196,0,0,0
129.57,9500.01802026584,1.99247538250349,9500,9499.96365774955,2.17548600408736,1.99247538250349,0,0.8986482968936,11.6118374808809,12,1503.01235607484,16966.0217453296,-15457.9036694672,1.99247538250349,1.5418159808907,1.54326219454292,-0.00144621365222264,0.949221898589524,0.453551828917243,1.99247538250349,0,267.161443506003,60.6481711487664,8.34949160137601e-10,1,0.986613038111028,0,5.29697363413906e-05,-0.00289242730444528,0,0,0
129.585,9500.0314999903,1.99246510930584,9500,9499.97774647518,2.17515549256132,1.99246510930584,0,0.881627106754389,11.6122005195362,12,1503.01235607484,16966.0417186287,-15458.020358748,1.99246510930584,1.5418159808907,1.54327924933242,-0.00146326844172773,0.947015763045435,0.453575665298596,1.99246510930584,0,267.161443506003,60.6481711487664,8.20724474245823e-10,1,0.98661443803173,0,3.24354897274226e-05,-0.00292653688345546,0,0,0
129.6,9500.0447243969,1.99245186820012,9500,9499.99167737054,2.17481842242299,1.99245186820012,0,0.863107515586302,11.6126118749574,12,1503.01235607484,16966.0481406867,-15458.1320118976,1.99245186820012,1.5418159808907,1.54329316787047,-0.00147718697977761,0.942970160828513,0.453590261268974,1.99245186820012,0,267.161443506003,60.6481711487664,8.05088617623087e-10,1,0.986615811436701,0,1.21307548821559e-05,-0.00295437395955522,0,0,0
129.615,9500.05767100963,1.99243572773596,9500,9500.00542517051,2.17447555362602,1.99243572773596,0,0.843147506862998,11.6130700454024,12,1503.01235607484,16966.0411922421,-15458.2384801998,1.99243572773596,1.5418159808907,1.5433039675224,-0.00148798663170169,0.937119405505058,0.453595720108671,1.99243572773596,0,267.161443506003,60.6481711487664,7.88091495747988e-10,1,0.986617155991722,0,-7.90762686997404e-06,-0.00297597326340338,0,0,0
129.63,9500.07031822224,1.99241676121048,9500,9500.01896533279,2.17412764671747,1.99241676121048,0,0.821807079800864,11.6135734583432,12,1503.01235607484,16966.0210778508,-15458.3396272967,1.99241676121048,1.5418159808907,1.54331167156909,-0.00149569067839606,0.929500879749194,0.453592161676579,1.99241676121048,0,267.161443506003,60.6481711487664,7.6978845504099e-10,1,0.986618469452899,0,-2.76438598465489e-05,-0.00299138135679211,0,0,0
129.645,9500.08264532843,1.99239504645908,9500,9500.032274076,2.17377546132853,1.99239504645908,0,0.799148103931081,11.6141204745046,12,1503.01235607484,16965.9880251576,-15458.4353292862,1.99239504645908,1.5418159808907,1.54331630907633,-0.00150032818563162,0.920154918125003,0.453579721939648,1.99239504645908,0,267.161443506003,60.6481711487664,7.50235133264646e-10,1,0.986619749669807,0,-4.70432559407374e-05,-0.00300065637126323,0,0,0
129.66,9500.09463254999,1.99237066562392,9500,9500.04532841571,2.17341975468878,1.99237066562392,0,0.775234162801171,11.6147093922647,12,1503.01235607484,16965.9422840637,-15458.5254747776,1.99237066562392,1.5418159808907,1.54331791476132,-0.00150193387062414,0.909124685512945,0.453558552474475,1.99237066562392,0,267.161443506003,60.6481711487664,7.29487753707843e-10,1,0.986620994588401,0,-6.60722869769703e-05,-0.00300386774124828,0,0,0
129.675,9500.10626106243,1.99234370495329,9500,9500.05810619841,2.17306128016553,1.99234370495329,0,0.750130417303601,11.615338451482,12,1503.01235607484,16965.8841260127,-15458.6099649546,1.99234370495329,1.5418159808907,1.54331652883207,-0.00150054794136967,0.896456052144021,0.453528819945335,1.99234370495329,0,267.161443506003,60.6481711487664,7.07605331983244e-10,1,0.986622202253688,0,-8.46986319182896e-05,-0.00300109588273934,0,0,0
129.69,9500.11751301869,1.9923142545516,9500,9500.07058613336,2.1727007858324,1.9923142545516,0,0.723903442538515,11.6160058381554,12,1503.01235607484,16965.8138430621,-15458.6887135733,1.9923142545516,1.5418159808907,1.54331219684073,-0.00149621595003357,0.882197464570408,0.453490705560972,1.9923142545516,0,267.161443506003,60.6481711487664,6.84647321978421e-10,1,0.986623370812182,0,-0.000102891222850676,-0.00299243190006715,0,0,0
129.705,9500.12837157033,1.99228240815618,9500,9500.08274782228,2.17233901306766,1.99228240815618,0,0.696621081903125,11.6167096885827,12,1503.01235607484,16965.731747054,-15458.7616469627,1.99228240815618,1.5418159808907,1.5433049695133,-0.00148898862260194,0.86639981395421,0.453444404510689,1.99228240815618,0,267.161443506003,60.6481711487664,6.60676116920564e-10,1,0.986624498514108,0,-0.000120620297111795,-0.00297797724520388,0,0,0
129.72,9500.13882088656,1.9922482629124,9500,9500.09457178688,2.17197669518633,1.9922482629124,0,0.668352301750446,11.6174480935191,12,1503.01235607484,16965.6381687674,-15458.8287040021,1.9922482629124,1.5418159808907,1.54329490256834,-0.00147892167764385,0.849116300980035,0.453390125376989,1.9922482629124,0,267.161443506003,60.6481711487664,6.35752194335498e-10,1,0.986625583715379,0,-0.000137857424588272,-0.0029578433552877,0,0,0
129.735,9500.14884617109,1.99221191911828,9500,9500.10603949418,2.17161455610729,1.99221191911828,0,0.639167031133686,11.6182191028368,12,1503.01235607484,16965.5334569369,-15458.8898360519,1.99221191911828,1.5418159808907,1.54328205654487,-0.00146607565417112,0.830402298352785,0.453328089535924,1.99221191911828,0,267.161443506003,60.6481711487664,6.09939559592433e-10,1,0.986626624879344,0,-0.00015457555412457,-0.00293215130834223,0,0,0
129.75,9500.15843367655,1.99217347997832,9500,9500.11713337958,2.17125330905741,1.99217347997832,0,0.609136007780337,11.6190207299929,12,1503.01235607484,16965.4179772941,-15458.9450068688,1.99217347997832,1.5418159808907,1.54326649661517,-0.00145051572447197,0.810315211146563,0.453258530536568,1.99217347997832,0,267.161443506003,60.6481711487664,5.83302362132507e-10,1,0.986627620578286,0,-0.000170749047780916,-0.00290103144894394,0,0,0
129.765,9500.16757071667,1.99213305137683,9500,9500.12783686779,2.1708936553152,1.99213305137683,0,0.578330638054867,11.619850956125,12,1503.01235607484,16965.2921116828,-15458.9941925183,1.99213305137683,1.5418159808907,1.54324829238016,-0.00143231148946743,0.788914335050863,0.453181693465067,1.99213305137683,0,267.161443506003,60.6481711487664,5.55904307073591e-10,1,0.986628569494687,0,-0.000186353705877718,-0.00286462297893486,0,0,0
129.78,9500.17624567624,1.99209074161565,9500,9500.1381343914,2.17053628299648,1.99209074161565,0,0.546822837724351,11.6207077347398,12,1503.01235607484,16965.1562570146,-15459.0373812347,1.99209074161565,1.5418159808907,1.54322751767693,-0.00141153678623329,0.766260712496306,0.453097834297422,1.99209074161565,0,267.161443506003,60.6481711487664,5.27810420740155e-10,1,0.986629470422264,0,-0.0002013667964329,-0.00282307357246658,0,0,0
129.795,9500.1844480188,1.99204666118071,9500,9500.14801140726,2.17018186588253,1.99204666118071,0,0.514684891072204,11.6215889958681,12,1503.01235607484,16965.0108243312,-15459.0745732844,1.99204666118071,1.5418159808907,1.54320425036521,-0.00138826947450776,0.742416987799592,0.453007219239027,1.99204666118071,0,267.161443506003,60.6481711487664,4.99086462279555e-10,1,0.986630322266766,0,-0.000215767084007279,-0.00277653894901553,0,0,0
129.81,9500.19216829217,1.99200092247434,9500,9500.1574544106,2.16983106229331,1.99200092247434,0,0.481989292939284,11.6224926507883,12,1503.01235607484,16964.8562377205,-15459.1057807796,1.99200092247434,1.5418159808907,1.54317857212449,-0.00136259123379201,0.71744726106176,0.452910124051224,1.99200092247434,0,267.161443506003,60.6481711487664,4.69797746840532e-10,1,0.986631124046546,0,-0.000229534843123602,-0.00272518246758402,0,0,0
129.825,9500.19939813156,1.99195363958319,9500,9500.16645094693,2.16948451400668,1.99195363958319,0,0.448810394953107,11.6234165978847,11,1503.01235607484,16964.6929214574,-15459.1310054651,1.99195363958319,1.5418159808907,1.54315056823036,-0.00133458733966152,0.691416941524726,0.452806833371818,1.99195363958319,0,267.161443506003,60.6481711487664,9.79489159921187e-10,1,0.986631874892892,0,-0.000242651884000189,-0.00266917467932304,0,0,0
129.84,9500.20613028749,1.99190492802057,9500,9500.17498962167,2.16914284522641,1.99190492802057,0,0.415216978345934,11.6243587198865,11,1503.01235607484,16964.5213474956,-15459.1503284157,1.99190492802057,1.5418159808907,1.54312032733777,-0.00130434644707456,0.664392599862137,0.452697640024018,1.99190492802057,0,267.161443506003,60.6481711487664,9.12695719167365e-10,1,0.986632574052914,0,-0.000255101559131887,-0.00260869289414911,0,0,0
129.855,9500.21235854216,1.99185490413121,9500,9500.18306011448,2.16880666142266,1.99185490413121,0,0.381283049533394,11.625316905234,11,1503.01235607484,16964.3419587428,-15459.1637719645,1.99185490413121,1.5418159808907,1.54308794143165,-0.00127196054094814,0.636441922966083,0.452582844322409,1.99185490413121,0,267.161443506003,60.6481711487664,8.44570635426029e-10,1,0.986633220880873,0,-0.000266868791265917,-0.00254392108189627,0,0,0
129.87,9500.21807778791,1.99180368572672,9500,9500.19065316824,2.1684765488063,1.99180368572672,0,0.347080640723004,11.6262890294751,11,1503.01235607484,16964.1552221,-15459.1713936544,1.99180368572672,1.5418159808907,1.54305350515585,-0.00123752426515744,0.607633304460576,0.452462753366339,1.99180368572672,0,267.161443506003,60.6481711487664,7.75768841663822e-10,1,0.986633814846316,0,-0.000277940047492597,-0.00247504853031488,0,0,0
129.885,9500.22328399752,1.99175139127677,9500,9500.19776060124,2.16815307322302,1.99175139127677,0,0.312681272955958,11.6272729712182,11,1503.01235607484,16963.9616122619,-15459.1732617246,1.99175139127677,1.5418159808907,1.54301711587015,-0.00120113497944785,0.578035867503246,0.452337680344967,1.99175139127677,0,267.161443506003,60.6481711487664,7.06436243173778e-10,1,0.986634355531005,0,-0.000288303373458421,-0.0024022699588957,0,0,0
129.9,9500.22797421661,1.99169813963628,9500,9500.20437530842,2.16783677931314,1.99169813963628,0,0.278155805863329,11.6282666167776,11,1503.01235607484,16963.76161054,-15459.1694547878,1.99169813963628,1.5418159808907,1.54297887343136,-0.00116289254066437,0.5477193229409,0.452207943826911,1.99169813963628,0,267.161443506003,60.6481711487664,6.36715946460304e-10,1,0.986634842628113,0,-0.000297948378287893,-0.00232578508132875,0,0,0
129.915,9500.2321465537,1.99164404983064,9500,9500.21049126047,2.16752818972972,1.99164404983064,0,0.243574322429962,11.6292678637747,11,1503.01235607484,16963.5557039226,-15459.1600615452,1.99164404983064,1.5418159808907,1.54293887994907,-0.0011228990583696,0.516753824452675,0.452073867056681,1.99164404983064,0,267.161443506003,60.6481711487664,5.66750172197931e-10,1,0.986635275941204,0,-0.000306866245576298,-0.00224579811673919,0,0,0
129.93,9500.23580016854,1.99158924078049,9500,9500.2161035004,2.16722780441596,1.99158924078049,0,0.2090059798489,11.6302746257731,11,1503.01235607484,16963.3443838725,-15459.1451804326,1.99158924078049,1.5418159808907,1.54289723956889,-0.00108125867818898,0.485209821695839,0.451935777246172,1.99158924078049,0,267.161443506003,60.6481711487664,4.96679520118865e-10,1,0.986635655383014,0,-0.000315049722934946,-0.00216251735637796,0,0,0
129.945,9500.23893525823,1.99153383113313,9500,9500.22120813815,2.16693609994005,1.99153383113313,0,0.174517038000103,11.6312848139824,10,1503.01235607484,16963.1281572057,-15459.1249417026,1.99153383113313,1.5418159808907,1.54285405820491,-0.00103807731421068,0.45315791404197,0.451794004870851,1.99153383113313,0,267.161443506003,60.6481711487664,9.50264819825399e-10,1,0.986635980974015,0,-0.000322493114924827,-0.00207615462842137,0,0,0
129.96,9500.2415530138,1.99147793899174,9500,9500.22580234291,2.16665352888932,1.99147793899174,0,0.140178575580316,11.6322964266266,10,1503.01235607484,16962.907496283,-15459.0994137682,1.99147793899174,1.5418159808907,1.54280944332475,-0.000993462434048409,0.42066870463879,0.451648882969135,1.99147793899174,0,267.161443506003,60.6481711487664,7.9368206816428e-10,1,0.986636252837896,0,-0.000329192272215506,-0.00198692486809682,0,0,0
129.975,9500.24365569244,1.99142168210399,9500,9500.22988432616,2.16638051950596,1.99142168210399,0,0.106054345699478,11.6333074171729,10,1503.01235607484,16962.6829157196,-15459.0687489258,1.99142168210399,1.5418159808907,1.54276350350737,-0.000947522616674856,0.387812549736754,0.451500746446638,1.99142168210399,0,267.161443506003,60.6481711487664,6.38976904619879e-10,1,0.986636471209077,0,-0.000335144567475965,-0.00189504523334971,0,0,0
129.99,9500.24524650762,1.99136517667205,9500,9500.23345334787,2.16611747474807,1.99136517667205,0,0.0722086056488098,11.6343158009671,10,1503.01235607484,16962.4549145909,-15459.0330810667,1.99136517667205,1.5418159808907,1.54271634869566,-0.000900367804959279,0.354659704638033,0.451349931391274,1.99136517667205,0,267.161443506003,60.6481711487664,4.8524035906426e-10,1,0.986636636421291,0,-0.000340348906585186,-0.00180073560991856,0,0,0
130.005,9500.24632963671,1.99130853779049,9500,9500.23650969264,2.16586477211017,1.99130853779049,0,0.0387041801391336,11.6353196255845,10,1503.01235607484,16962.2239918706,-15458.992552122,1.99130853779049,1.5418159808907,1.54266808963246,-0.000852108741759006,0.321279993586503,0.451196774383311,1.99130853779049,0,267.161443506003,60.6481711487664,3.3275934493133e-10,1,0.98663674890837,0,-0.000344805688133665,-0.00170421748351801,0,0,0
130.02,9500.24691019941,1.99125187925074,9500,9500.23905465389,2.16562276325436,1.99125187925074,0,0.00560273207958994,11.6363169289887,9,1503.01235607484,16961.9906408253,-15458.9473049186,1.99125187925074,1.5418159808907,1.5426188376225,-0.000802856731801915,0.287742673063642,0.451041611823651,1.99125187925074,0,267.161443506003,60.6481711487664,8.39314932266744e-10,1,0.986636809202017,0,-0.00034851678664749,-0.00160571346360383,0,0,0
130.035,9500.24699424039,1.99119531332782,9500,9500.24109051671,2.16539177369146,1.99119531332782,0,-0.0270374095350522,11.6373059215288,9,1503.01235607484,16961.7553708055,-15458.8975173137,1.99119531332782,1.5418159808907,1.54256870430697,-0.000752723416270307,0.254116303139864,0.450884779269659,1.99119531332782,0,267.161443506003,60.6481711487664,6.07528368853758e-10,1,0.986636817929992,0,-0.000351485521551176,-0.00150544683254061,0,0,0
130.05,9500.24658867925,1.99113895050959,9500,9500.2426205405,2.16517210247589,1.99113895050959,0,-0.0591573485574305,11.6382847243702,9,1503.01235607484,16961.5186656509,-15458.843338432,1.99113895050959,1.5418159808907,1.54251780147373,-0.000701820583032919,0.220468646826836,0.450726610784961,1.99113895050959,0,267.161443506003,60.6481711487664,3.78186885670292e-10,1,0.986636775810924,0,-0.000353716639357238,-0.00140364116606584,0,0,0
130.065,9500.24570131902,1.99108289956102,9500,9500.24364893326,2.16496402212934,1.99108289956102,0,-0.0907008841052721,11.6392515440796,9,1503.01235607484,16961.2810148836,-15458.7849383985,1.99108289956102,1.5418159808907,1.54246624070416,-0.000650259813463672,0.186866466344729,0.45056743829725,1.99108289956102,0,267.161443506003,60.6481711487664,5.78611719663614e-10,1,0.986636683655186,0,-0.000355216272096559,-0.00130051962692734,0,0,0
130.08,9500.24434080576,1.99102726704372,9500,9500.24418083468,2.164767778358,1.99102726704372,0,-0.121613779584692,11.6402046369575,9,1503.01235607484,16961.0429027997,-15458.7224932761,1.99102726704372,1.5418159808907,1.54241413330159,-0.00059815241089467,0.153375495570397,0.450407590974807,1.99102726704372,0,267.161443506003,60.6481711487664,8.9585494552329e-10,1,0.986636542360704,0,-0.000355991908149722,-0.00119630482178934,0,0,0
130.095,9500.24251659907,1.99097215713252,9500,9500.24422229319,2.16458358993733,1.99097215713252,0,-0.15184125230076,11.6411423625026,10,1503.01235607484,16960.8047926469,-15458.6561549782,1.99097215713252,1.5418159808907,1.54236159007785,-0.000545609187156515,0.120060328639331,0.45024739461614,1.99097215713252,0,267.161443506003,60.6481711487664,5.41543525458514e-10,1,0.986636352909894,0,-0.000356052364119064,-0.00109121837431303,0,0,0
130.11,9500.24023898028,1.99091767142132,9500,9500.24378024124,2.16441164865696,1.99091767142132,0,-0.181337897216927,11.6420629851264,10,1503.01235607484,16960.567181781,-15458.5861628181,1.99091767142132,1.5418159808907,1.54230872115153,-0.000492740260829683,0.0869843082425235,0.450087171052286,1.99091767142132,0,267.161443506003,60.6481711487664,6.7682845581847e-10,1,0.986636116370513,0,-0.000355407750258774,-0.000985480521659365,0,0,0
130.125,9500.23751891182,1.99086390828309,9500,9500.24286247919,2.16425211906768,1.99086390828309,0,-0.210054075236912,11.6429649848226,10,1503.01235607484,16960.3305200622,-15458.5126845552,1.99086390828309,1.5418159808907,1.54225563597684,-0.000439655086138746,0.0542095643825843,0.44992723756467,1.99086390828309,0,267.161443506003,60.6481711487664,8.09805712885358e-10,1,0.986635833881048,0,-0.0003540694425197,-0.000879310172277492,0,0,0
130.14,9500.2343681007,1.99081096384125,9500,9500.24147762691,2.1641051390601,1.99081096384125,0,-0.237944080164908,11.6438468410863,10,1503.01235607484,16960.0952626049,-15458.4359155547,1.99081096384125,1.5418159808907,1.54220244257319,-0.00038646168249068,0.021796568539474,0.449767906315536,1.99081096384125,0,267.161443506003,60.6481711487664,9.39287879629145e-10,1,0.986635506657317,0,-0.000352050014939431,-0.000772923364981359,0,0,0
130.155,9500.23079893949,1.99075893123893,9500,9500.23963510433,2.16397081974281,1.99075893123893,0,-0.264966368782286,11.6447070993823,11,1503.01235607484,16959.8618682078,-15458.3560785254,1.99075893123893,1.5418159808907,1.54214924762099,-0.000333266730291992,-0.0101957855965032,0.449609483808813,1.99075893123893,0,267.161443506003,60.6481711487664,4.7848113263449e-10,1,0.986635135986338,0,-0.000349363208782982,-0.000666533460583985,0,0,0
130.17,9500.22682444396,1.99070790045893,9500,9500.23734510176,2.16384924559599,1.99070790045893,0,-0.291076308314163,11.6455443532817,11,1503.01235607484,16959.6307481661,-15458.2733311182,1.99070790045893,1.5418159808907,1.54209615628901,-0.000280175398315041,-0.0417102708050176,0.449452270364861,1.99070790045893,0,267.161443506003,60.6481711487664,5.33742484226517e-10,1,0.986634723219846,0,-0.000346023891559355,-0.000560350796630082,0,0,0
130.185,9500.22245829933,1.99065795856428,9500,9500.23461854178,2.16374047486249,1.99065795856428,0,-0.316236681451422,11.6463572729502,11,1503.01235607484,16959.4023404326,-15458.1878997837,1.99065795856428,1.5418159808907,1.54204327186073,-0.000227290970036043,-0.0726915203459066,0.449296559613659,1.99065795856428,0,267.161443506003,60.6481711487664,5.86712920152953e-10,1,0.986634269779105,0,-0.000342047996615413,-0.000454581940072085,0,0,0
130.2,9500.21771474911,1.99060918871816,9500,9500.23146706295,2.16364453941174,1.99060918871816,0,-0.340411330393855,11.6471445982057,11,1503.01235607484,16959.1770579477,-15458.0999919835,1.99060918871816,1.5418159808907,1.54199069598456,-0.000174715093859801,-0.103085856308874,0.449142638015182,1.99060918871816,0,267.161443506003,60.6481711487664,6.37773185967765e-10,1,0.986633777143356,0,-0.000337452507020997,-0.000349430187719602,0,0,0
130.215,9500.21260857916,1.99056167053199,9500,9500.22790297891,2.16356144524068,1.99056167053199,0,-0.363566587866674,11.6479051381825,11,1503.01235607484,16958.9553013788,-15458.0098170618,1.99056167053199,1.5418159808907,1.54193852826356,-0.000122547372864101,-0.132841518779473,0.448990784387023,1.99056167053199,0,267.161443506003,60.6481711487664,6.86849005279591e-10,1,0.986633246848166,0,-0.000332255387363478,-0.000245094745728203,0,0,0
130.23,9500.20715508034,1.99051548001209,9500,9500.22393924404,2.16349117284103,1.99051548001209,0,-0.385671278202635,11.6486377717702,11,1503.01235607484,16958.7374587243,-15457.9175858551,1.99051548001209,1.5418159808907,1.54188686606136,-7.08851706594515e-05,-0.161908748901022,0.448841269462709,1.99051548001209,0,267.161443506003,60.6481711487664,7.3387301232748e-10,1,0.986632680481553,0,-0.000326475540556093,-0.000141770341318903,0,0,0
130.245,9500.20137001117,1.99047068945984,9500,9500.21958941821,2.1634336776118,1.99047068945984,0,-0.406696743840145,11.6493414488648,11,1503.01235607484,16958.5239047238,-15457.8235102534,1.99047068945984,1.5418159808907,1.54183580434085,-1.98234501564976e-05,-0.190239864829332,0.448694355469459,1.99047068945984,0,267.161443506003,60.6481711487664,7.78781956819072e-10,1,0.986632079680095,0,-0.000320132750588842,-3.96469003129951e-05,0,0,0
130.26,9500.19526956001,1.99042736739813,9500,9500.21486763113,2.16338889031272,1.99042736739813,0,-0.426616856582436,11.6500151911577,11,1503.01235607484,16958.3150003753,-15457.7278027809,1.99042736739813,1.5418159808907,1.54178543550283,3.05453878706174e-05,-0.217789329335859,0.448550295731694,1.99042736739813,0,267.161443506003,60.6481711487664,8.21518175073497e-10,1,0.986631446125018,0,-0.000313247636024583,6.10907757412349e-05,0,0,0
130.275,9500.18887030716,1.99038557849398,9500,9500.20978854603,2.16335671755763,1.99038557849398,0,-0.445408031273779,11.6506580929868,11,1503.01235607484,16958.1110924325,-15457.6306761714,1.99038557849398,1.5418159808907,1.5417358492368,8.01316538989738e-05,-0.244513810128728,0.448409334295483,1.99038557849398,0,267.161443506003,60.6481711487664,8.62028118928414e-10,1,0.986630781538248,0,-0.000305841591313527,0.000160263307797948,0,0,0
130.29,9500.18218918669,1.99034538347575,9500,9500.20436732295,2.16333704234658,1.99034538347575,0,-0.463049241785777,11.6512693222806,11,1503.01235607484,16957.9125128842,-15457.532342938,1.99034538347575,1.5418159808907,1.54168713238787,0.000128848502829459,-0.270372233483134,0.448271705579392,1.99034538347575,0,267.161443506003,60.6481711487664,9.00263826947548e-10,1,0.986630087678452,0,-0.000297936734562132,0.000257697005658919,0,0,0
130.305,9500.17524344806,1.99030683906708,9500,9500.19861958171,2.1633297246344,1.99030683906708,0,-0.479522027745837,11.6518481212065,11,1503.01235607484,16957.7195784972,-15457.4330149541,1.99030683906708,1.5418159808907,1.54163936882692,0.00017661206377273,-0.295325831212584,0.448137634048839,1.99030683906708,0,267.161443506003,60.6481711487664,9.3618233606798e-10,1,0.986629366337053,0,-0.000289555860150559,0.00035322412754546,0,0,0
130.32,9500.16805061765,1.99026999792331,9500,9500.19256136447,2.16333460193615,1.99026999792331,0,-0.494810499378721,11.6523938067741,11,1503.01235607484,16957.5325903726,-15457.3329030376,1.99026999792331,1.5418159808907,1.54159263933028,0.000223341560421364,-0.319338182507631,0.448007333911771,1.99026999792331,0,267.161443506003,60.6481711487664,9.69745975957636e-10,1,0.986628619334231,0,-0.000280722368121822,0.000446683120842728,0,0,0
130.335,9500.16062846016,1.99023490857657,9500,9500.18620909805,2.16335148996746,1.99023490857657,0,-0.508899465683988,11.6529057793334,12,1503.01235607484,16957.35182134,-15457.2321937078,1.99023490857657,1.5418159808907,1.54154702147082,0.000268959419880366,-0.342375250516668,0.447881008846116,1.99023490857657,0,267.161443506003,60.6481711487664,4.49561678433409e-10,1,0.986627848514919,0,-0.000271460232455389,0.000537918839760732,0,0,0
130.35,9500.15299496817,1.99020161539085,9500,9500.17957955598,2.16338018331886,1.99020161539085,0,-0.521781887346604,11.6533834910586,12,1503.01235607484,16957.1775641558,-15457.1311397353,1.99020161539085,1.5418159808907,1.54150258951138,0.00031339137932207,-0.364405414134439,0.447758851741511,1.99020161539085,0,267.161443506003,60.6481711487664,4.62266254008077e-10,1,0.986627055747716,0,-0.000261793919692277,0.00062678275864414,0,0,0
130.365,9500.14516823986,1.99017015817866,9500,9500.17268982774,2.16342045597809,1.99017015817866,0,-0.533447925401233,11.6538264992093,12,1503.01235607484,16957.0100572329,-15457.0299236396,1.99017015817866,1.5418159808907,1.54145941448554,0.00035656640515791,-0.385399387957829,0.44764104447765,1.99017015817866,0,267.161443506003,60.6481711487664,4.74088988025514e-10,1,0.986626242912184,0,-0.000251748363367055,0.00071313281031582,0,0,0
130.38,9500.13716652098,1.99014057305022,9500,9500.16555726422,2.16347206247739,1.99014057305022,0,-0.543891810402733,11.6542344197768,12,1503.01235607484,16956.8495360611,-15456.9287481442,1.99014057305022,1.5418159808907,1.541417563668,0.000398417222693626,-0.405330509490075,0.447527757714134,1.99014057305022,0,267.161443506003,60.6481711487664,4.84809786219862e-10,1,0.986625411903216,0,-0.000241348874670644,0.000796834445387251,0,0,0
130.395,9500.12900814383,1.99011289186377,9500,9500.15819944823,2.16353473844655,1.99011289186377,0,-0.553110292764945,11.6546069442838,12,1503.01235607484,16956.696218806,-15456.827812969,1.99011289186377,1.5418159808907,1.54137710076443,0.000438880126270691,-0.424174593959701,0.447419150720533,1.99011289186377,0,267.161443506003,60.6481711487664,4.94422312226985e-10,1,0.986624564624689,0,-0.000230621108081586,0.000877760252541382,0,0,0
130.41,9500.12071148943,1.99008714222373,9500,9500.1506341568,2.1636082013958,1.99008714222373,0,-0.561102612845451,11.6549438393127,12,1503.01235607484,16956.5503061274,-15456.7273144784,1.99008714222373,1.5418159808907,1.54133808583513,0.000477895055570166,-0.441909941907443,0.447315371221896,1.99008714222373,0,267.161443506003,60.6481711487664,5.02924053716107e-10,1,0.986623702985545,0,-0.000219590990533369,0.000955790111140331,0,0,0
130.425,9500.11229495024,1.99006334745759,9500,9500.14287932352,2.16369215152755,1.99006334745759,0,-0.567870483378535,11.655244946412,12,1503.01235607484,16956.4119809099,-15456.6274453125,1.99006334745759,1.5418159808907,1.54130057524533,0.000515405645369338,-0.458517345416845,0.447216555276156,1.99006334745759,0,267.161443506003,60.6481711487664,5.10312791693671e-10,1,0.986622828895908,0,-0.000208284681569859,0.00103081129073868,0,0,0
130.44,9500.10377689299,1.99004152665932,9500,9500.13495300088,2.16378627257427,1.99004152665932,0,-0.57341803429337,11.6555101808421,12,1503.01235607484,16956.2814082687,-15456.5283940784,1.99004152665932,1.5418159808907,1.54126462159111,0.000551359299584275,-0.47398009173275,0.44712282716945,1.99004152665932,0,267.161443506003,60.6481711487664,5.16590131446203e-10,1,0.986621944263234,0,-0.000196728513967015,0.00110271859916855,0,0,0
130.455,9500.09517562247,1.99002169469894,9500,9500.12687332282,2.16389023266088,1.99002169469894,0,-0.577751777116917,11.6557395309228,12,1503.01235607484,16956.1587354225,-15456.4303450207,1.99002169469894,1.5418159808907,1.54123027365566,0.000585707235039035,-0.488283963933471,0.447034299338164,1.99002169469894,0,267.161443506003,60.6481711487664,5.21759148785003e-10,1,0.986621050988546,0,-0.000184948936172269,0.00117141447007807,0,0,0
130.47,9500.08650934582,1.99000386227649,9500,9500.11865846755,2.16400368518748,1.99000386227649,0,-0.580880544665699,11.6559330566121,12,1503.01235607484,16956.0440917504,-15456.3334777361,1.99000386227649,1.5418159808907,1.54119757635625,0.0006184045344515,-0.501417236921026,0.446951072316887,1.99000386227649,0,267.161443506003,60.6481711487664,5.25825125762854e-10,1,0.986620150962723,0,-0.000172972460416254,0.001236809068903,0,0,0
130.485,9500.07779613765,1.98998803597479,9500,9500.11032662079,2.16412626973027,1.98998803597479,0,-0.582815431957019,11.6560908881151,12,1503.01235607484,16955.9375888507,-15456.2379668952,1.98998803597479,1.5418159808907,1.5411665707035,0.000649410187198329,-0.513370668718961,0.4468732347097,1.98998803597479,0,267.161443506003,60.6481711487664,5.28795256565342e-10,1,0.986619246062883,0,-0.000160825607709469,0.00129882037439666,0,0,0
130.5,9500.06905390617,1.98997421829929,9500,9500.10189593945,2.16425761295715,1.98997421829929,0,-0.583569745272936,11.6562132247315,12,1503.01235607484,16955.8393205485,-15456.1439819617,1.98997421829929,1.5418159808907,1.54113729377951,0.00067868711118324,-0.524137486157553,0.44680086318623,1.98997421829929,0,267.161443506003,60.6481711487664,5.30678941880252e-10,1,0.986618338148862,0,-0.000148534856349691,0.00135737422236648,0,0,0
130.515,9500.06030035999,1.98996240775781,9500,9500.093384516,2.16439732955519,1.98996240775781,0,-0.58315892909922,11.6563003330142,12,1503.01235607484,16955.7493630738,-15456.0516869538,1.98996240775781,1.5418159808907,1.54110977870758,0.00070620218312123,-0.533713364819896,0.446734022500873,1.98996240775781,0,267.161443506003,60.6481711487664,5.31488230394892e-10,1,0.986617429059766,0,-0.000136126588541119,0.00141240436624246,0,0,0
130.53,9500.05155297605,1.98995259890961,9500,9500.08481034342,2.16454502316833,1.98995259890961,0,-0.581600511284023,11.656352545477,12,1503.01235607484,16955.6677751168,-15455.9612401889,1.98995259890961,1.5418159808907,1.54108405464925,0.000731926241443137,-0.542096403874569,0.446672765536029,1.98995259890961,0,267.161443506003,60.6481711487664,5.31235906351891e-10,1,0.986616520610643,0,-0.000123627039284813,0.00146385248288627,0,0,0
130.545,9500.04282896838,1.98994478244003,9500,9500.07619128095,2.16470028734186,1.98994478244003,0,-0.578914034585264,11.6563702588671,12,1503.01235607484,16955.5945979933,-15455.8727940586,1.98994478244003,1.5418159808907,1.54106014680021,0.000755834090490515,-0.549287095101957,0.446617133368351,1.98994478244003,0,267.161443506003,60.6481711487664,5.29937402244909e-10,1,0.986615614589234,0,-0.000111062248838945,0.00151166818098103,0,0,0
130.56,9500.03414525787,1.9899389452277,9500,9500.06754502062,2.164862706473,1.9899389452277,0,-0.575120992651642,11.6563539325789,12,1503.01235607484,16955.529855786,-15455.7864948074,1.9899389452277,1.5418159808907,1.54103807640038,0.000777904490312675,-0.555288287425392,0.446567155356374,1.9899389452277,0,267.161443506003,60.6481711487664,5.27610210462962e-10,1,0.986614712752838,0,-9.84580108156496e-05,0.00155580898062535,0,0,0
130.575,9500.02551844298,1.98993507044247,9500,9500.0588890546,2.16503185676492,1.98993507044247,0,-0.570244749888428,11.6563040865433,12,1503.01235607484,16955.4735556151,-15455.7024823467,1.98993507044247,1.5418159808907,1.54101786074056,0.000798120150135029,-0.560105146680737,0.446522849251507,1.98993507044247,0,267.161443506003,60.6481711487664,5.24273000672084e-10,1,0.986613816825269,0,-8.58398246479375e-05,0.00159624030027006,0,0,0
130.59,9500.01696477173,1.9899331375949,9500,9500.05024064347,2.16520730718325,1.9899331375949,0,-0.564310489994402,11.6562212999797,12,1503.01235607484,16955.4256877134,-15455.6208900375,1.9899331375949,1.5418159808907,1.5409995132038,0.000816467686893141,-0.563745111570353,0.446484221330415,1.9899331375949,0,267.161443506003,60.6481711487664,5.19945767041392e-10,1,0.986612928493946,0,-7.3232854291394e-05,0.00163293537378628,0,0,0
130.605,9500.00850011438,1.98993312265778,9500,9500.04161678536,2.16538862041192,1.98993312265778,0,-0.557345122786048,11.6561062088962,12,1503.01235607484,16955.3862258102,-15455.5418445449,1.98993312265778,1.5418159808907,1.54098304328015,0.000832937610551365,-0.566217845062865,0.446451266545984,1.98993312265778,0,267.161443506003,60.6481711487664,5.14652182336088e-10,1,0.986612049407055,0,-6.0661875459278e-05,0.00166587522110273,0,0,0
130.62,9500.00013993753,1.98993499815129,9500,9500.03303418612,2.1655753538091,1.98993499815129,0,-0.549377214627245,11.655959504247,12,1503.01235607484,16955.3551273611,-15455.4654656729,1.98993499815129,1.5418159808907,1.54096845661141,0.000847524279283363,-0.567535183238582,0.446423968702027,1.98993499815129,0,267.161443506003,60.6481711487664,5.08415184303063e-10,1,0.986611181170863,0,-4.8151239471661e-05,0.00169504855856673,0,0,0
130.635,9499.99189927932,1.98993873324552,9500,9500.02450923042,2.16576706035915,1.98993873324552,0,-0.540436908295963,11.6557819297962,12,1503.01235607484,16955.3323338643,-15455.391866224,1.98993873324552,1.5418159808907,1.54095575503542,0.00086022585527834,-0.567711080106984,0.446402300644265,1.98993873324552,0,267.161443506003,60.6481711487664,5.01261389490438e-10,1,0.986610325347134,0,-3.57248250399955e-05,0.00172045171055668,0,0,0
130.65,9499.98379272569,1.98994429387077,9500,9500.01605795397,2.16596328961982,1.98994429387077,0,-0.53055584034999,11.6555742798633,12,1503.01235607484,16955.3177712084,-15455.3211518782,1.98994429387077,1.5418159808907,1.54094493663716,0.000871044253536901,-0.566761549287243,0.446386224472997,1.98994429387077,0,267.161443506003,60.6481711487664,4.93216532463284e-10,1,0.986609483450679,0,-2.34060019006499e-05,0.0017420885070738,0,0,0
130.665,9499.97583438809,1.98995164282471,9500,9500.00769601674,2.16616358866308,1.98995164282471,0,-0.519767060850328,11.6553373971391,12,1503.01235607484,16955.3113500151,-15455.2534210797,1.98995164282471,1.5418159808907,1.54093599580976,0.00087998508093623,-0.564704602789672,0.446375691772142,1.98995164282471,0,267.161443506003,60.6481711487664,4.84309438259106e-10,1,0.986608656947021,0,-1.12175927662328e-05,0.00175997016187246,0,0,0
130.68,9499.96803788217,1.98996073990866,9500,9499.99943867741,2.16636750300711,1.98996073990866,0,-0.508104937157644,11.6550721700082,12,1503.01235607484,16955.3129661112,-15455.1887649612,1.98996073990866,1.5418159808907,1.54092892330941,0.000887057581283379,-0.561560186546884,0.446370643855397,1.98996073990866,0,267.161443506003,60.6481711487664,4.74569962708187e-10,1,0.9866078472502,0,8.18169199279239e-07,0.00177411516256676,0,0,0
130.695,9499.96041630811,1.98997154203501,9500,9499.99130076881,2.16657457753887,1.98997154203501,0,-0.49560507611182,11.6547795303947,12,1503.01235607484,16955.3225008825,-15455.1272672562,1.98997154203501,1.5418159808907,1.54092370633431,0.00089227455638774,-0.557350113601394,0.446371012031537,1.98997154203501,0,267.161443506003,60.6481711487664,4.64028698234485e-10,1,0.986607055720719,0,1.26796711568122e-05,0.00178454911277548,0,0,0
130.71,9499.95298223197,1.98998400336061,9500,9499.98329667477,2.16678435742379,1.98998400336061,0,-0.482304231540216,11.6544604511705,12,1503.01235607484,16955.3398217458,-15455.0690042453,1.98998400336061,1.5418159808907,1.54092032859752,0.000895652293175786,-0.552097993912267,0.446376717883557,1.98998400336061,0,267.161443506003,60.6481711487664,4.52718150924304e-10,1,0.98660628366361,0,2.4345956226357e-05,0.00179130458635157,0,0,0
130.725,9499.9457476685,1.98999807541037,9500,9499.97544030799,2.16699638900235,1.98999807541037,0,-0.468242024113566,11.6541159394559,11,1503.01235607484,16955.364794514,-15455.0140668942,1.98999807541037,1.5418159808907,1.54091877041279,0.000897210477908583,-0.545829161957852,0.446387673563859,1.98999807541037,0,267.161443506003,60.6481711487664,9.80759522405706e-10,1,0.986605532326651,0,3.5796753139028e-05,0.00179442095581717,0,0,0
130.74,9499.93872403814,1.99001370723564,9500,9499.96774508931,2.16721022067129,1.99001370723564,0,-0.453453541896071,11.6537470507079,11,1503.01235607484,16955.3972357901,-15454.9624712003,1.99001370723564,1.5418159808907,1.54091900876961,0.000896972121086526,-0.538570601844233,0.446403782102772,1.99001370723564,0,267.161443506003,60.6481711487664,9.52851393470754e-10,1,0.986604802895899,0,4.70125142078004e-05,0.00179394424217305,0,0,0
130.755,9499.93192223501,1.99003084586777,9500,9499.96022392113,2.16742540392657,1.99003084586777,0,-0.437980119801412,11.6533548551409,11,1503.01235607484,16955.4369877673,-15454.9142942473,1.99003084586777,1.5418159808907,1.54092101726924,0.000894963621452582,-0.530350973796901,0.446424937734165,1.99003084586777,0,267.161443506003,60.6481711487664,9.22966186082873e-10,1,0.98660409650275,0,5.79744428892415e-05,0.00178992724290516,0,0,0
130.77,9499.92535253321,1.9900494356108,9500,9499.9528891854,2.16764149380424,1.9900494356108,0,-0.421862299291535,11.6529404667706,11,1503.01235607484,16955.4838661418,-15454.8695821111,1.9900494356108,1.5418159808907,1.54092476664738,0.000891214243318839,-0.521200273688682,0.446451026233465,1.9900494356108,0,267.161443506003,60.6481711487664,8.916760721461e-10,1,0.986603414214207,0,6.86645028771249e-05,0.00178242848663768,0,0,0
130.785,9499.91902459872,1.99006941872243,9500,9499.94575271778,2.16785804992583,1.99006941872243,0,-0.405141298566609,11.6525050271149,11,1503.01235607484,16955.5376752507,-15454.8283733526,1.99006941872243,1.5418159808907,1.54093022460471,0.00088575628598675,-0.511149917932171,0.44648192525976,1.99006941872243,0,267.161443506003,60.6481711487664,8.5906269938977e-10,1,0.98660275703412,0,7.90654580233863e-05,0.0017715125719735,0,0,0
130.8,9499.91294747925,1.99009073556942,9500,9499.93882579163,2.16807463731527,1.99009073556942,0,-0.387858915615435,11.6520497023277,11,1503.01235607484,16955.5982086755,-15454.7906990698,1.99009073556942,1.5418159808907,1.54093735590927,0.000878624981427878,-0.500232665764083,0.446517504715871,1.99009073556942,0,267.161443506003,60.6481711487664,8.25210807753997e-10,1,0.986602125902126,0,8.91608852386927e-05,0.00175724996285576,0,0,0
130.815,9499.90712959551,1.99011332478473,9500,9499.93211910349,2.16829082718883,1.99011332478473,0,-0.370057430351715,11.6515756803254,11,1503.01235607484,16955.6652498577,-15454.7565829576,1.99011332478473,1.5418159808907,1.5409461225008,0.000869858389900946,-0.488482536027206,0.446557627114228,1.99011332478473,0,267.161443506003,60.6481711487664,7.90203815451717e-10,1,0.986601521692752,0,9.89352106981478e-05,0.00173971677980189,0,0,0
130.83,9499.90157873406,1.9901371234134,9500,9499.92564276013,2.16850619771784,1.9901371234134,0,-0.351779514597034,11.6510841681292,11,1503.01235607484,16955.7385726736,-15454.7260413712,1.9901371234134,1.5418159808907,1.54095648360887,0.000859497281829213,-0.475934720257183,0.446602147959042,1.9901371234134,0,267.161443506003,60.6481711487664,7.54128821364804e-10,1,0.986600945214658,0,0.000108373718428201,0.00171899456365843,0,0,0
130.845,9499.89630204134,1.99016206702952,9500,9499.91940626697,2.16872033476332,1.99016206702952,0,-0.333068159912056,11.6505763897327,11,1503.01235607484,16955.8179418946,-15454.6990833764,1.99016206702952,1.5418159808907,1.54096839588745,0.000847585003244111,-0.462625492998815,0.446650916132335,1.99016206702952,0,267.161443506003,60.6481711487664,7.17071014002853e-10,1,0.98660039721003,0,0.000117462565085491,0.00169517000648822,0,0,0
130.86,9499.89130601894,1.99018808990693,9500,9499.9134185181,2.16893283258204,1.99018808990693,0,-0.313966575393572,11.650053583044,11,1503.01235607484,16955.9031138762,-15454.6757108575,1.99018808990693,1.5418159808907,1.54098181352589,0.000834167364805127,-0.448592120393878,0.446703774286623,1.99018808990693,0,267.161443506003,60.6481711487664,6.79119262420816e-10,1,0.986599878354084,0,0.000126188802211269,0.00166833472961025,0,0,0
130.875,9499.88659652031,1.99021512512453,9500,9499.90768778753,2.16914329450551,1.99021512512453,0,-0.294518124008307,11.6495169979927,11,1503.01235607484,16955.9938369833,-15454.6559185814,1.99021512512453,1.5418159808907,1.54099668839759,0.000819292493107415,-0.433872768844467,0.446760559247618,1.99021512512453,0,267.161443506003,60.6481711487664,6.40360525121242e-10,1,0.986599389254723,0,0.000134540381973691,0.00163858498621483,0,0,0
130.89,9499.88217874845,1.99024310473206,9500,9499.90222172199,2.16935133358998,1.99024310473206,0,-0.274766225556372,11.6489678935933,11,1503.01235607484,16956.0898522688,-15454.6396943249,1.99024310473206,1.5418159808907,1.54101297017977,0.000803010710929364,-0.418506413305982,0.446821102419507,1.99024310473206,0,267.161443506003,60.6481711487664,6.00884558177421e-10,1,0.986598930452296,0,0.000142506175272672,0.00160602142185873,0,0,0
130.905,9499.87805725507,1.99027195986856,9500,9499.89702733486,2.1695565732391,1.99027195986856,0,-0.254754287334212,11.6484075358561,11,1503.01235607484,16956.1908939659,-15454.6270189727,1.99027195986856,1.5418159808907,1.54103060650095,0.000785374389742799,-0.402532746793812,0.446885230198379,1.99027195986856,0,267.161443506003,60.6481711487664,5.60778324075199e-10,1,0.986598502419518,0,0.00015007597261496,0.0015707487794856,0,0,0
130.92,9499.87423594076,1.99030162093955,9500,9499.89211100156,2.16975864779714,1.99030162093955,0,-0.234525602548076,11.6478371946861,11,1503.01235607484,16956.2966902253,-15454.6178666775,1.99030162093955,1.5418159808907,1.5410495430593,0.00076643783139807,-0.385992090218302,0.446952764386056,1.99030162093955,0,267.161443506003,60.6481711487664,5.2013069982915e-10,1,0.986598105561479,0,0.000157240491841071,0.00153287566279614,0,0,0
130.935,9499.87071805672,1.9903320177339,9500,9499.88747845611,2.16995720311406,1.9903320177339,0,-0.214123284116897,11.6472581418574,11,1503.01235607484,16956.406963612,-15454.6122049815,1.9903320177339,1.5418159808907,1.54106972377279,0.000746257117909987,-0.368925303762937,0.447023522607384,1.9903320177339,0,267.161443506003,60.6481711487664,4.79030858389855e-10,1,0.986597740215829,0,0.000163991391035845,0.00149251423581997,0,0,0
130.95,9499.86750620745,1.99036307959141,9500,9499.8831347891,2.17015189707919,1.99036307959141,0,-0.19358829023765,11.6466716631983,10,1503.01235607484,16956.5214199138,-15454.6099724041,1.99036307959141,1.5418159808907,1.54109109090701,0.000724889983683363,-0.351373698176832,0.447097318733351,1.99036307959141,0,267.161443506003,60.6481711487664,9.73974081129055e-10,1,0.986597406653055,0,0.000170321263641027,0.00144977996736673,0,0,0
130.965,9499.8646023831,1.99039473554769,9500,9499.87908444681,2.17034240012516,1.99039473554769,0,-0.172967062594827,11.6460789955983,10,1503.01235607484,16956.6397976415,-15454.611171347,1.99039473554769,1.5418159808907,1.5411135852132,0.000702395677499412,-0.333378947502623,0.447173963301989,1.99039473554769,0,267.161443506003,60.6481711487664,8.8001476606894e-10,1,0.986597105079841,0,0.000176223637447848,0.00140479135499882,0,0,0
130.98,9499.86200787716,1.99042691411733,9500,9499.87533123898,2.17052839551416,1.99042691411733,0,-0.15229977964111,11.6454814218503,10,1503.01235607484,16956.7617919105,-15454.6157252256,1.99042691411733,1.5418159808907,1.5411371462468,0.000678834643895065,-0.314982894338969,0.447253263938841,1.99042691411733,0,267.161443506003,60.6481711487664,7.86799100568326e-10,1,0.986596835630522,0,0.000181692972462066,0.00135766928779013,0,0,0
130.995,9499.85972338047,1.99045954436939,9500,9499.87187832322,2.17070958021081,1.99045954436939,0,-0.131627859409545,11.6448801911332,10,1503.01235607484,16956.8871104003,-15454.6235770627,1.99045954436939,1.5418159808907,1.54116171203958,0.000654268851120632,-0.296227742195798,0.447335025776449,1.99045954436939,0,267.161443506003,60.6481711487664,6.93352794775655e-10,1,0.986596598376843,0,0.000186724672762706,0.00130853770224126,0,0,0
131.01,9499.85774896257,1.99049255546115,9500,9499.86872821787,2.17088566504586,1.99049255546115,0,-0.110992155323745,11.644276542543,10,1503.01235607484,16957.0154582633,-15454.6346641452,1.99049255546115,1.5418159808907,1.54118721954507,0.000628761345629503,-0.277155786713217,0.447419051879192,1.99049255546115,0,267.161443506003,60.6481711487664,5.99866275060041e-10,1,0.986596393326029,0,0.000191315081606858,0.00125752269125901,0,0,0
131.025,9499.85608408025,1.99052587677119,9500,9499.86588280662,2.17105637507707,1.99052587677119,0,-0.0904328883428689,11.643671702875,10,1503.01235607484,16957.1465387267,-15454.6489182407,1.99052587677119,1.5418159808907,1.54121360478341,0.000602376107291303,-0.257809326425348,0.447505143665915,1.99052587677119,0,267.161443506003,60.6481711487664,5.06525849569676e-10,1,0.986596220421661,0,0.000195461460001933,0.00120475221458261,0,0,0
131.04,9499.85472758692,1.99055943802647,9500,9499.8633433442,2.17122144992139,1.99055943802647,0,-0.0699910505667938,11.6430669079598,9,1503.01235607484,16957.2800647215,-15454.6662852027,1.99055943802647,1.5418159808907,1.54124080298427,0.000575177906429136,-0.238230578590438,0.447593101322916,1.99055943802647,0,267.161443506003,60.6481711487664,9.68317185777523e-10,1,0.986596079544664,0,0.000199161986159879,0.00115035581285827,0,0,0
131.055,9499.85367772116,1.99059316946012,9500,9499.861110463,2.17138064405811,1.99059316946012,0,-0.0497020504217708,11.6424633070642,9,1503.01235607484,16957.4157127846,-15454.6866427618,1.99059316946012,1.5418159808907,1.54126874871433,0.000547232176367096,-0.21846159928848,0.447682724216688,1.99059316946012,0,267.161443506003,60.6481711487664,8.28054758719583e-10,1,0.986595970512109,0,0.000202415745885531,0.00109446435273419,0,0,0
131.07,9499.8529321904,1.9906270021989,9500,9499.85918417504,2.17153372724629,1.9906270021989,0,-0.0296055059664743,11.6418620946886,9,1503.01235607484,16957.5531988387,-15454.709931955,1.9906270021989,1.5418159808907,1.54129737588777,0.000518605002931105,-0.198544290452572,0.447773811302336,1.9906270021989,0,267.161443506003,60.6481711487664,6.86334843581673e-10,1,0.986595893085901,0,0.000205222725129239,0.00103721000586221,0,0,0
131.085,9499.85248810782,1.99066086767792,9500,9499.85756389507,2.17168048440278,1.99066086767792,0,-0.00973648424876901,11.6412645278327,8,1503.01235607484,16957.6922149874,-15454.7360441404,1.99066086767792,1.5418159808907,1.54132661826141,0.000489362629288781,-0.178520092899759,0.447866161528644,1.99066086767792,0,267.161443506003,60.6481711487664,6.88009916518747e-10,1,0.986595846966234,0,0.000207583784141763,0.000978725258577562,0,0,0
131.1,9499.85234206055,1.99069469829211,9500,9499.85624844136,2.17182071603052,1.99069469829211,0,0.0098639689615735,11.6406715399724,8,1503.01235607484,16957.8324868468,-15454.7649381618,1.99069469829211,1.5418159808907,1.54135640930575,0.000459571584950247,-0.158430076929361,0.447959574231508,1.99069469829211,0,267.161443506003,60.6481711487664,9.46146202954778e-10,1,0.986595831798669,0,0.000209500646355387,0.000919143169900494,0,0,0
131.115,9499.85249002009,1.99072842713718,9500,9499.85523605394,2.17195423820197,1.99072842713718,0,0.0291631816460288,11.6400842576171,9,1503.01235607484,16957.9737005208,-15454.7964857687,1.99072842713718,1.5418159808907,1.54138668252864,0.000429298362057073,-0.138314754888429,0.448053849522368,1.99072842713718,0,267.161443506003,60.6481711487664,2.65906909903778e-10,1,0.98659584716483,0,0.000210975882469544,0.000858596724114147,0,0,0
131.13,9499.85292746781,1.99076198927548,9500,9499.85452438494,2.1720808832394,1.99076198927548,0,0.0481290291399354,11.6395039376535,9,1503.01235607484,16958.1155632239,-15454.8305767112,1.99076198927548,1.5418159808907,1.54141737103305,0.000398609857651833,-0.118214347776509,0.448148788669479,1.99076198927548,0,267.161443506003,60.6481711487664,2.85301820126654e-10,1,0.986595892595442,0,0.000212012913914261,0.000797219715303665,0,0,0
131.145,9499.85364940325,1.99079532105517,9500,9499.85411052391,2.17220049951186,1.99079532105517,0,0.0667277846209778,11.6389315295057,9,1503.01235607484,16958.2577898688,-15454.8671175422,1.99079532105517,1.5418159808907,1.54144840804883,0.000367572841865726,-0.0981684757658289,0.448244194480741,1.99079532105517,0,267.161443506003,60.6481711487664,4.76883288152439e-10,1,0.986595967571186,0,0.000212615984626741,0.000735145683731453,0,0,0
131.16,9499.85465032002,1.99082835987604,9500,9499.85399101872,2.17231295132604,1.99082835987604,0,0.0849279374156608,11.6383680514254,9,1503.01235607484,16958.4000940578,-15454.906000912,1.99082835987604,1.5418159808907,1.54147972723494,0.000336253655757623,-0.0782159826553917,0.448339871673823,1.99082835987604,0,267.161443506003,60.6481711487664,6.64775591938538e-10,1,0.986596071520203,0,0.000212790123841566,0.000672507311515247,0,0,0
131.175,9499.85592423908,1.99086104462394,9500,9499.85416188489,2.17241811909718,1.99086104462394,0,0.102699223133673,11.6378144891956,9,1503.01235607484,16958.542193383,-15454.9471163794,1.99086104462394,1.5418159808907,1.54151126263885,0.000304718251843639,-0.0583949709898251,0.448435627229551,1.99086104462394,0,267.161443506003,60.6481711487664,8.48657613045242e-10,1,0.986596203821547,0,0.000212541140968137,0.000609436503687277,0,0,0
131.19,9499.85746472743,1.99089331575747,9500,9499.85461862101,2.17251589935527,1.99089331575747,0,0.12001055053937,11.6372717639758,10,1503.01235607484,16958.6838225163,-15454.9903752824,1.99089331575747,1.5418159808907,1.5415429488288,0.000273032061894662,-0.0387427377257527,0.448531270742987,1.99089331575747,0,267.161443506003,60.6481711487664,4.61803048519199e-10,1,0.986596363807126,0,0.000211875594499533,0.000546064123789325,0,0,0
131.205,9499.85926488568,1.99092511542927,9500,9499.85535622506,2.17260620471849,1.99092511542927,0,0.136838191660132,11.6367408532049,10,1503.01235607484,16958.8246852247,-15455.0356162136,1.99092511542927,1.5418159808907,1.54157472100167,0.000241259889030676,-0.0192957118701773,0.448626614760512,1.99092511542927,0,267.161443506003,60.6481711487664,5.39304491557777e-10,1,0.986596550760415,0,0.000210800771049069,0.000482519778061352,0,0,0
131.22,9499.86131745856,1.99095638796089,9500,9499.85636920332,2.1726889640434,1.99095638796089,0,0.153154283554713,11.6362225996651,10,1503.01235607484,16958.9645262835,-15455.0827422716,1.99095638796089,1.5418159808907,1.54160651490934,0.000209465981355628,-8.95156767478159e-05,0.448721475107484,1.99095638796089,0,267.161443506003,60.6481711487664,6.15539562348736e-10,1,0.986596763927922,0,0.000209324675451983,0.000418931962711255,0,0,0
131.235,9499.86361477281,1.99098707898176,9500,9499.85765160552,2.17276412190003,1.99098707898176,0,0.16893384379802,11.6357178479913,10,1503.01235607484,16959.1030834932,-15455.1316332128,1.99098707898176,1.5418159808907,1.54163826745089,0.000177713439810656,0.0188413759173576,0.448815671211437,1.99098707898176,0,267.161443506003,60.6481711487664,6.89460484910663e-10,1,0.986597002512753,0,0.000207455972913495,0.000355426879621312,0,0,0
131.25,9499.86614878047,1.99101713606083,9500,9499.85919703486,2.17283163866022,1.99101713606083,0,0.184153314802509,11.6352274037746,10,1503.01235607484,16959.2401010009,-15455.1821670446,1.99101713606083,1.5418159808907,1.54166991650526,0.00014606438544118,0.0374635290107473,0.448909026399248,1.99101713606083,0,267.161443506003,60.6481711487664,7.60954681633242e-10,1,0.986597265679095,0,0.000205203987071023,0.000292128770882361,0,0,0
131.265,9499.86891108019,1.99104650877718,9500,9499.86099866663,2.17289149036005,1.99104650877718,0,0.19879058773423,11.6347520326299,10,1503.01235607484,16959.3753296845,-15455.2342202735,1.99104650877718,1.5418159808907,1.54170140104417,0.000114579846524965,0.0557445948435514,0.44900136819343,1.99104650877718,0,267.161443506003,60.6481711487664,8.29913991767589e-10,1,0.986597552554437,0,0.000202578654419527,0.00022915969304993,0,0,0
131.28,9499.87189293901,1.99107514881857,9500,9499.86304926751,2.17294366853013,1.99107514881857,0,0.21282504147252,11.6342924587765,10,1503.01235607484,16959.508527664,-15455.2876681956,1.99107514881857,1.5418159808907,1.54173266122072,8.33196699763228e-05,0.0736533546888089,0.449092528587919,1.99107514881857,0,267.161443506003,60.6481711487664,8.96238791302771e-10,1,0.986597862231827,0,0.000199590517127035,0.000166639339952646,0,0,0
131.295,9499.87508531463,1.99110301004922,9500,9499.86534121552,2.1729881799956,1.99110301004922,0,0.22623756321413,11.6338493641645,10,1503.01235607484,16959.6394606883,-15455.3423851657,1.99110301004922,1.5418159808907,1.54176363847175,5.23424189493582e-05,0.0911597640145256,0.449182344320626,1.99110301004922,0,267.161443506003,60.6481711487664,9.59833873222912e-10,1,0.986598193772189,0,0.000196250671947062,0.000104684837898716,0,0,0
131.31,9499.87847887807,1.99113004855059,9500,9499.86786652061,2.17302504664523,1.99113004855059,0,0.239012404926806,11.6334233892261,11,1503.01235607484,16959.7678900088,-15455.3982219222,1.99113004855059,1.5418159808907,1.54179427562225,2.17052684456931e-05,0.108234996077729,0.449270657123003,1.99113004855059,0,267.161443506003,60.6481711487664,4.58677331296883e-10,1,0.986598546206672,0,0.000192570763330346,4.34105368913862e-05,0,0,0
131.325,9499.88206406415,1.99115622269585,9500,9499.8706168457,2.17305430517212,1.99115622269585,0,0.251129888529947,11.6330151283316,11,1503.01235607484,16959.893621815,-15455.4550964746,1.99115622269585,1.5418159808907,1.54182451697137,-8.53608067608036e-06,0.124851483466724,0.449357313966501,1.99115622269585,0,267.161443506003,60.6481711487664,4.85183145100384e-10,1,0.986598918541895,0,0.000188562931561664,-1.70721613521607e-05,0,0,0
131.34,9499.88583101248,1.99118149281624,9500,9499.87358353545,2.1730760066046,1.99118149281624,0,0.262577034394153,11.632625139724,11,1503.01235607484,16960.0164333383,-15455.5128598115,1.99118149281624,1.5418159808907,1.54185430857078,-3.8327680082606e-05,0.140983063087946,0.449442167285704,1.99118149281624,0,267.161443506003,60.6481711487664,5.09882478705339e-10,1,0.98659930975382,0,0.000184239785795848,-7.6655360165212e-05,0,0,0
131.355,9499.88976966799,1.9912058220985,9500,9499.87675762222,2.17309021639302,1.9912058220985,0,0.273340933484442,11.6322539286292,11,1503.01235607484,16960.1361244484,-15455.5713851601,1.9912058220985,1.5418159808907,1.54188359788145,-6.76169907527502e-05,0.156604753728985,0.449525075189312,1.9912058220985,0,267.161443506003,60.6481711487664,5.33215413563873e-10,1,0.98659971879819,0,0.000179614388648774,-0.0001352339815055,0,0,0
131.37,9499.89386978199,1.99122917610906,9500,9499.88012985653,2.17309701386996,1.99122917610906,0,0.283410205627299,11.6319019560611,11,1503.01235607484,16960.2525040277,-15455.6305460729,1.99122917610906,1.5418159808907,1.54191233411362,-9.63532229221187e-05,0.171692944142911,0.449605901664204,1.99122917610906,0,267.161443506003,60.6481711487664,5.55156497092415e-10,1,0.986600144610638,0,0.00017470021426913,-0.000192706445844237,0,0,0
131.385,9499.89812093508,1.99125152279981,9500,9499.88369072996,2.17309649188123,1.99125152279981,0,0.292774985090254,11.6315696390401,11,1503.01235607484,16960.3653901016,-15455.6902166409,1.99125152279981,1.5418159808907,1.54194046831645,-0.000124487425755326,0.186225427002086,0.449684516760625,1.99125152279981,0,267.161443506003,60.6481711487664,5.75681455015977e-10,1,0.98660058610907,0,0.000169511112336096,-0.000248974851510653,0,0,0
131.4,9499.90251255985,1.99127283253224,9500,9499.887430498,2.17308875639917,1.99127283253224,0,0.301426915555747,11.631257350488,11,1503.01235607484,16960.4746100427,-15455.7502717257,1.99127283253224,1.5418159808907,1.54196795345051,-0.000151972559815805,0.200181425743773,0.449760796761176,1.99127283253224,0,267.161443506003,60.6481711487664,5.94769839738194e-10,1,0.986601042196022,0,0.000164061279726901,-0.00030394511963161,0,0,0
131.415,9499.90703396359,1.99129307809245,9500,9499.89133920285,2.17307392611999,1.99129307809245,0,0.309359140147196,11.6309654192796,11,1503.01235607484,16960.5800007395,-15455.8105871851,1.99129307809245,1.5418159808907,1.54199474445835,-0.000178763567648677,0.213541614699628,0.449834624337054,1.99129307809245,0,267.161443506003,60.6481711487664,6.12405765941984e-10,1,0.986601511761012,0,0.000158365219721457,-0.000357527135297353,0,0,0
131.43,9499.91167435069,1.99131223472813,9500,9499.89540669628,2.17305213204517,1.99131223472813,0,0.316566304111374,11.6306941299084,11,1503.01235607484,16960.6814088543,-15455.8710401154,1.99131223472813,1.5418159808907,1.54202079831494,-0.000204817424246384,0.226288134155611,0.449905888685928,1.99131223472813,0,267.161443506003,60.6481711487664,6.28575409240647e-10,1,0.986601993682879,0,0.000152437717767517,-0.000409634848492768,0,0,0
131.445,9499.91642284525,1.99133028016122,9500,9499.89962266227,2.17302351704746,1.99133028016122,0,0.323044543378333,11.6304437225782,11,1503.01235607484,16960.7786909798,-15455.9315090733,1.99133028016122,1.5418159808907,1.5420460740849,-0.000230093194200753,0.238404601061348,0.449974485658924,1.99133028016122,0,267.161443506003,60.6481711487664,6.43266858976014e-10,1,0.986602486832117,0,0.000146293801482678,-0.000460186388401507,0,0,0
131.46,9499.9212685134,1.9913471946143,9500,9499.90397663969,2.17298823542155,1.9913471946143,0,0.328791481719226,11.6302143930515,11,1503.01235607484,16960.8717138551,-15455.9918743079,1.9913471946143,1.5418159808907,1.54207053296369,-0.000254552072993741,0.24987611640493,0.450040317869591,1.9913471946143,0,267.161443506003,60.6481711487664,6.56473502200314e-10,1,0.986602990073202,0,0.000139948711209481,-0.000509104145987482,0,0,0
131.475,9499.92620038563,1.99136296082629,9500,9499.90845804491,2.17294645241905,1.99136296082629,0,0.333806220784251,11.6300062926839,11,1503.01235607484,16960.9603545318,-15456.0520179831,1.99136296082629,1.5418159808907,1.54209413831772,-0.000278157427020531,0.260689270151688,0.450103294789635,1.99136296082629,0,267.161443506003,60.6481711487664,6.6819005098817e-10,1,0.986603502266908,0,0.000133417865689989,-0.000556314854041062,0,0,0
131.49,9499.93120747894,1.99137756405433,9500,9499.91305619429,2.17289834376885,1.99137756405433,0,0.338089323510682,11.6298195286978,11,1503.01235607484,16961.0445004881,-15456.1118243862,1.99137756405433,1.5418159808907,1.54211685572348,-0.000300874832780629,0.270832143829801,0.450163332829196,1.99137756405433,0,267.161443506003,60.6481711487664,6.78415043606806e-10,1,0.986604022272611,0,0.000126716830243234,-0.000601749665561258,0,0,0
131.505,9499.93627881879,1.99139099207334,9500,9499.91776032659,2.1728440951827,1.99139099207334,0,0.341642795449074,11.6296541644924,11,1503.01235607484,16961.1240497272,-15456.1711801322,1.99139099207334,1.5418159808907,1.54213865300078,-0.000322672110082411,0.280294311229586,0.450220355402805,1.99139099207334,0,267.161443506003,60.6481711487664,6.87149520222672e-10,1,0.986604548950561,0,0.000119861283704337,-0.000645344220164823,0,0,0
131.52,9499.94140346072,1.99140323515354,9500,9499.92255962533,2.17278390184712,1.99140323515354,0,0.344470053842109,11.6295102203339,11,1503.01235607484,16961.1989107831,-15456.2299743452,1.99140323515354,1.5418159808907,1.54215950024951,-0.000343519358813271,0.289066837177732,0.450274292980472,1.99140323515354,0,267.161443506003,60.6481711487664,6.94398346989913e-10,1,0.986605081164135,0,0.000112866984791626,-0.000687038717626542,0,0,0
131.535,9499.94657051153,1.99141428607474,9500,9499.92744324082,2.17271796790308,1.99141428607474,0,0.346575918871065,11.6293876733991,11,1503.01235607484,16961.2690028819,-15456.2880988694,1.99141428607474,1.5418159808907,1.54217936986049,-0.000363388969793821,0.297142273953923,0.450325083123628,1.99141428607474,0,267.161443506003,60.6481711487664,7.00168744624688e-10,1,0.986605617782032,0,0.00010574974196631,-0.000726777939587642,0,0,0
131.55,9499.95176915031,1.99142414006738,9500,9499.93240031211,2.17264650591526,1.99142414006738,0,0.347966561870854,11.629286459092,11,1503.01235607484,16961.3342557912,-15456.3454484127,1.99142414006738,1.5418159808907,1.54219823655611,-0.000382255665416054,0.304514654905699,0.450372670507513,1.99142414006738,0,267.161443506003,60.6481711487664,7.0446999404332e-10,1,0.986606157680461,0,9.85253813561293e-05,-0.000764511330832107,0,0,0
131.565,9499.95698864874,1.99143279480319,9500,9499.93741998864,2.17256973633061,1.99143279480319,0,0.348649483492959,11.6292064714873,11,1503.01235607484,16961.3946098767,-15456.4019207275,1.99143279480319,1.5418159808907,1.54221607739901,-0.000400096508314407,0.311179486203177,0.450417006929123,1.99143279480319,0,267.161443506003,60.6481711487664,7.07315348965246e-10,1,0.986606699745244,0,9.12097120355781e-05,-0.000800193016628814,0,0,0
131.58,9499.96221839099,1.99144025036356,9500,9499.94249145151,2.17248788692943,1.99144025036356,0,0.348633478834469,11.6291475641553,11,1503.01235607484,16961.4500160626,-15456.4574167688,1.99144025036356,1.5418159808907,1.54223287180404,-0.00041689091333863,0.317133735267436,0.450458051299539,1.99144025036356,0,267.161443506003,60.6481711487664,7.08720711621725e-10,1,0.986607242873886,0,8.38185016001081e-05,-0.00083378182667726,0,0,0
131.595,9499.96744789317,1.99144650919261,9500,9499.94760393447,2.17240119226978,1.99144650919261,0,0.34792859481483,11.6291095512467,11,1503.01235607484,16961.5004357282,-15456.5118408334,1.99144650919261,1.5418159808907,1.54224860155237,-0.000432620661672045,0.322375816393736,0.450495769625259,1.99144650919261,0,267.161443506003,60.6481711487664,7.08703897002042e-10,1,0.986607785977597,0,7.63674370143352e-05,-0.00086524132334409,0,0,0
131.61,9499.9726668221,1.99145157606164,9500,9499.95274674441,2.17230989312605,1.99145157606164,0,0.346546093853906,11.6290922083712,11,1503.01235607484,16961.5458406458,-15456.5651007034,1.99145157606164,1.5418159808907,1.54226325079119,-0.000447269900488934,0.326905573814554,0.450530134971916,1.99145157606164,0,267.161443506003,60.6481711487664,7.07285809798143e-10,1,0.986608327983234,0,6.88721038595297e-05,-0.000894539800977867,0,0,0
131.625,9499.9778650135,1.99145545803769,9500,9499.95790928155,2.172214235924,1.99145545803769,0,0.344498420900511,11.6290952733943,11,1503.01235607484,16961.5862129352,-15456.617107789,1.99145545803769,1.5418159808907,1.54227680602653,-0.000460825135828014,0.330724261615312,0.450561127418653,1.99145545803769,0,267.161443506003,60.6481711487664,7.04488825875752e-10,1,0.986608867835201,0,6.13479464848243e-05,-0.000921650271656027,0,0,0
131.64,9499.98303248982,1.99145816440669,9500,9499.96308105893,2.17211447217273,1.99145816440669,0,0.341799144437753,11.6291184480222,11,1503.01235607484,16961.6215448258,-15456.6677772249,1.99145816440669,1.5418159808907,1.54228925612999,-0.000473275239289528,0.333834521091681,0.450588733994571,1.99145816440669,0,267.161443506003,60.6481711487664,7.00339587643763e-10,1,0.986609404497289,0,5.3810248329178e-05,-0.000946550478579056,0,0,0
131.655,9499.98815947698,1.99145970665405,9500,9499.96825172164,2.1720108578945,1.99145970665405,0,0.338462931696893,11.6291613983687,11,1503.01235607484,16961.6518386556,-15456.7170280106,1.99145970665405,1.5418159808907,1.54230059231218,-0.000484611421483372,0.336240355872968,0.450612948606319,1.99145970665405,0,267.161443506003,60.6481711487664,6.94865325721461e-10,1,0.986609936954425,0,4.6274104708921e-05,-0.000969222842966744,0,0,0
131.67,9499.99323642096,1.9914600983932,9500,9499.97341106528,2.17190365305473,1.9914600983932,0,0.334505493548006,11.6292237564279,11,1503.01235607484,16961.6771066485,-15456.7647831005,1.9914600983932,1.5418159808907,1.54231080811617,-0.000494827225468786,0.33794710407183,0.450633771953438,1.9914600983932,0,267.161443506003,60.6481711487664,6.88096212926677e-10,1,0.986610464214384,0,3.87543863629158e-05,-0.000989654450937572,0,0,0
131.685,9499.99825400336,1.99145935531864,9500,9499.97854905402,2.17179312099234,1.99145935531864,0,0.329943544908024,11.6293051211057,11,1503.01235607484,16961.6973707937,-15456.8109695084,1.99145935531864,1.5418159808907,1.54231989939038,-0.000503918499680678,0.3389614083595,0.450651211427301,1.99145935531864,0,267.161443506003,60.6481711487664,6.80064775673487e-10,1,0.986610985309419,0,3.12657193810573e-05,-0.00100783699936136,0,0,0
131.7,9500.00320315654,1.99145749514373,9500,9499.98365583796,2.17167952785135,1.99145749514373,0,0.324794756389881,11.6294050595101,11,1503.01235607484,16961.7126626559,-15456.8555183925,1.99145749514373,1.5418159808907,1.54232786426469,-0.000511883373995659,0.339291184049863,0.450665281001023,1.99145749514373,0,267.161443506003,60.6481711487664,6.70805011126184e-10,1,0.986611499297818,0,2.38224652346908e-05,-0.00102376674799132,0,0,0
131.715,9500.00807507788,1.99145453752746,9500,9499.98872176991,2.17156314201504,1.99145453752746,0,0.319077700191491,11.6295231084237,11,1503.01235607484,16961.7230231366,-15456.8983651242,1.99145453752746,1.5418159808907,1.5423347031275,-0.000518722236807267,0.338945585203649,0.450676001110378,1.99145453752746,0,267.161443506003,60.6481711487664,6.60353122773121e-10,1,0.986612005265397,0,1.64386837497865e-05,-0.00103744447361453,0,0,0
131.73,9500.01286124338,1.99145050402358,9500,9499.99373742158,2.17144423354389,1.99145050402358,0,0.312811809946676,11.6296587753737,11,1503.01235607484,16961.728502327,-15456.9394493682,1.99145050402358,1.5418159808907,1.54234041858329,-0.000524437692589919,0.337934968734675,0.450683398518066,1.99145050402358,0,267.161443506003,60.6481711487664,6.4874752036034e-10,1,0.986612502326905,0,9.12811924380641e-06,-0.00104887538517984,0,0,0
131.745,9500.01755342053,1.99144541799754,9500,9499.99869359905,2.17132307361835,1.99144541799754,0,0.306017322082186,11.6298115402567,11,1503.01235607484,16961.7291592211,-15456.9787151306,1.99144541799754,1.5418159808907,1.54234501542314,-0.000529034532441575,0.336270856584551,0.450687506171725,1.99144541799754,0,267.161443506003,60.6481711487664,6.36026465798741e-10,1,0.986612989627366,0,1.90417388035158e-06,-0.00105806906488315,0,0,0
131.76,9500.02214368036,1.99143930456915,9500,9500.00358135754,2.17119993398704,1.99143930456915,0,0.29871523280615,11.6299808565011,11,1503.01235607484,16961.7250615328,-15457.0161108184,1.99143930456915,1.5418159808907,1.54234850057646,-0.000532519685760402,0.333965896393101,0.450688363049972,1.99143930456915,0,267.161443506003,60.6481711487664,6.22232339807639e-10,1,0.986613466343324,0,-5.22011052428439e-06,-0.0010650393715208,0,0,0
131.775,9500.02662440886,1.99143219052289,9500,9500.00839201553,2.17107508642198,1.99143219052289,0,0.290927237439019,11.6301661527857,11,1503.01235607484,16961.7162853777,-15457.0515892675,1.99143219052289,1.5418159808907,1.54235088307472,-0.000534902184019526,0.331033820326655,0.450686014000236,1.99143219052289,0,267.161443506003,60.6481711487664,6.07408405065548e-10,1,0.986613931684036,0,-1.22320780002738e-05,-0.00106980436803905,0,0,0
131.79,9500.03098831742,1.99142410424211,9500,9500.01311716816,2.17094880218103,1.99142410424211,0,0.282675683417721,11.6303668343295,11,1503.01235607484,16961.7029150449,-15457.0851077811,1.99142410424211,1.5418159808907,1.54235217399756,-0.000536193106862815,0.327489402686268,0.450680509565135,1.99142410424211,0,267.161443506003,60.6481711487664,5.91597923424645e-10,1,0.986614384892554,0,-1.91194738461409e-05,-0.00107238621372563,0,0,0
131.805,9500.03522845267,1.99141507562319,9500,9500.01774869988,2.17082135147928,1.99141507562319,0,0.273983513251089,11.6305822845195,11,1503.01235607484,16961.6850426884,-15457.1166281445,1.99141507562319,1.5418159808907,1.5423523864254,-0.000536405534703688,0.32334841589516,0.450671905801905,1.99141507562319,0,267.161443506003,60.6481711487664,5.74847245538607e-10,1,0.986614825246742,0,-2.58704662023934e-05,-0.00107281106940738,0,0,0
131.82,9500.03933820537,1.99140513599687,9500,9500.02227879631,2.17069300297006,1.99140513599687,0,0.264874211654091,11.6308118664045,11,1503.01235607484,16961.6627680389,-15457.1461166389,1.99140513599687,1.5418159808907,1.54235153538367,-0.000535554492972823,0.318627585062942,0.450660264092114,1.99140513599687,0,267.161443506003,60.6481711487664,5.57202279811215e-10,1,0.986615252060206,0,-3.24736617016708e-05,-0.00107110898594565,0,0,0
131.835,9500.04331131854,1.99139431804752,9500,9500.02669995541,2.17056402323629,1.99139431804752,0,0.255371752277444,11.6310549242104,11,1503.01235607484,16961.6361981057,-15457.1735440444,1.99139431804752,1.5418159808907,1.54234963778446,-0.000533656893763723,0.313344541468261,0.450645650944348,1.99139431804752,0,267.161443506003,60.6481711487664,5.38711287778409e-10,1,0.986615664683134,0,-3.89181200908251e-05,-0.00106731378752745,0,0,0
131.85,9500.04714189483,1.9913826557274,9500,9500.03100499781,2.17043467629344,1.9913826557274,0,0.245500542727077,11.6313107849362,11,1503.01235607484,16961.6054468561,-15457.1988856327,1.9913826557274,1.5418159808907,1.5423467123675,-0.000530731476803492,0.307517774743117,0.450628137790307,1.9913826557274,0,267.161443506003,60.6481711487664,5.19422677214684e-10,1,0.986616062503065,0,-4.51933726304254e-05,-0.00106146295360698,0,0,0
131.865,9500.05082440297,1.99137018417597,9500,9500.03518707638,2.17030522310441,1.99137018417597,0,0.235285372271897,11.6315787598464,11,1503.01235607484,16961.5706349071,-15457.2221211558,1.99137018417597,1.5418159808907,1.54234277963437,-0.000526798743673895,0.301166584153317,0.450607800772623,1.99137018417597,0,267.161443506003,60.6481711487664,4.9938662051335e-10,1,0.986616444945554,0,-5.12894347770576e-05,-0.00105359748734779,0,0,0
131.88,9500.05435368355,1.99135693962226,9500,9500.03923968503,2.17017592110755,1.99135693962226,0,0.224751351291838,11.6318581462522,11,1503.01235607484,16961.5318891471,-15457.243234812,1.99135693962226,1.5418159808907,1.5423378617884,-0.000521880897704774,0.294311028906778,0.450584720526974,1.99135693962226,0,267.161443506003,60.6481711487664,4.78652994942595e-10,1,0.986616811474779,0,-5.71968170963721e-05,-0.00104376179540955,0,0,0
131.895,9500.05772495382,1.99134295931243,9500,9500.04315666668,2.17004702375797,1.99134295931243,0,0.213923865273702,11.632148228837,11,1503.01235607484,16961.4893424559,-15457.2622152267,1.99134295931243,1.5418159808907,1.54233198265947,-0.000516001768771535,0.286971877892475,0.45055898195928,1.99134295931243,0,267.161443506003,60.6481711487664,4.57272853910869e-10,1,0.986617161594031,0,-6.29065428117137e-05,-0.00103200353754307,0,0,0
131.91,9500.0609338118,1.99132828141027,9500,9500.04693222039,2.16991878008395,1.99132828141027,0,0.202826675461536,11.6324482704004,10,1503.01235607484,16961.4431451331,-15457.2790776749,1.99132828141027,1.5418159808907,1.54232516763842,-0.000509186747720713,0.279170558278557,0.450530674015015,1.99132828141027,0,267.161443506003,60.6481711487664,9.69056827522513e-10,1,0.986617494846148,0,-6.84101506918111e-05,-0.00101837349544143,0,0,0
131.925,9500.06397621193,1.99131294490898,9500,9500.05056090783,2.16979143425786,1.99131294490898,0,0.191489337717663,11.6327575574798,10,1503.01235607484,16961.3934165079,-15457.293773532,1.99131294490898,1.5418159808907,1.54231744360516,-0.000501462714458611,0.27092910397305,0.450499889447204,1.99131294490898,0,267.161443506003,60.6481711487664,9.17885411361473e-10,1,0.986617810810985,0,-7.36997065016176e-05,-0.00100292542891722,0,0,0
131.94,9500.066848552,1.99129698991001,9500,9500.05403765158,2.16966522536454,1.99129698991001,0,0.179935977064669,11.633075329713,10,1503.01235607484,16961.3403192924,-15457.3063284172,1.99129698991001,1.5418159808907,1.54230883867068,-0.000492857779982314,0.262269997996177,0.450466724579278,1.99129698991001,0,267.161443506003,60.6481711487664,8.66731123271401e-10,1,0.986618109114436,0,-7.8767807592417e-05,-0.000985715559964628,0,0,0
131.955,9500.06954759166,1.99128045662854,9500,9500.05735775656,2.16954038658847,1.99128045662854,0,0.168192419042366,11.6334008409356,10,1503.01235607484,16961.2840059141,-15457.3167480011,1.99128045662854,1.5418159808907,1.54229938255471,-0.000483401664010508,0.253216387942797,0.450431279065861,1.99128045662854,0,267.161443506003,60.6481711487664,8.14601166154503e-10,1,0.986618389419979,0,-8.36076058259305e-05,-0.000966803328021015,0,0,0
131.97,9500.07207047794,1.99126338587445,9500,9500.0605169047,2.16941714506161,1.99126338587445,0,0.156284511170001,11.6337333398599,10,1503.01235607484,16961.2246330929,-15457.3250421216,1.99126338587445,1.5418159808907,1.54228910622044,-0.00047312532974364,0.243791860840891,0.45039365564324,1.99126338587445,0,267.161443506003,60.6481711487664,7.61613675045639e-10,1,0.986618651431325,0,-8.82127997934301e-05,-0.00094625065948728,0,0,0
131.985,9500.07441474561,1.99124581897517,9500,9500.06351115762,2.16929572151234,1.99124581897517,0,0.144238079443493,11.6340720714277,10,1503.01235607484,16961.162361511,-15457.3312247007,1.99124581897517,1.5418159808907,1.54227804179013,-0.000462060899429018,0.234020385621903,0.450353959883333,1.99124581897517,0,267.161443506003,60.6481711487664,7.07884429549204e-10,1,0.986618894892447,0,-9.25776434828052e-05,-0.000924121798858035,0,0,0
132,9500.0765783168,1.99122779770475,9500,9500.06633695874,2.16917632992787,1.99122779770475,0,0.132078888112727,11.6344162780427,10,1503.01235607484,16961.0973555179,-15457.3353136782,1.99122779770475,1.5418159808907,1.54226622245555,-0.000450241564854847,0.223926259276926,0.450312299943765,1.99122779770475,0,267.161443506003,60.6481711487664,6.53529355050536e-10,1,0.986619119587552,0,-9.66969525808548e-05,-0.000900483129709695,0,0,0
132.015,9500.07855950012,1.99120936417277,9500,9500.0689911347,2.16905917723121,1.99120936417277,0,0.119832576002515,11.6347652014948,10,1503.01235607484,16961.0297826605,-15457.3373309038,1.99120936417277,1.5418159808907,1.54225368240721,-0.000437701516514233,0.213534055642015,0.450268786315104,1.99120936417277,0,267.161443506003,60.6481711487664,5.98665552686759e-10,1,0.986619325340982,0,-0.000100566094751731,-0.000875403033028466,0,0,0
132.03,9500.08035698876,1.9911905607408,9500,9500.0714708962,2.16894446297232,1.9911905607408,0,0.107524610496966,11.6351180843918,10,1503.01235607484,16960.9598133295,-15457.337302045,1.9911905607408,1.5418159808907,1.54224045675188,-0.00042447586118155,0.202868576579784,0.450223531572466,1.9911905607408,0,267.161443506003,60.6481711487664,5.4340820988526e-10,1,0.98661951201702,0,-0.000104180999454195,-0.0008489517223631,0,0,0
132.045,9500.08196985792,1.9911714299106,9500,9500.07377383817,2.16883237903659,1.9911714299106,0,0.0951802250538482,11.6354741720749,10,1503.01235607484,16960.8876202799,-15457.3352564628,1.9911714299106,1.5418159808907,1.5422265814421,-0.000410600551404183,0.191954803551901,0.450176650122711,1.9911714299106,0,267.161443506003,60.6481711487664,4.8787133610804e-10,1,0.986619679519622,0,-0.000107538158713227,-0.000821201102808367,0,0,0
132.06,9500.08339756129,1.99115201423548,9500,9500.07589793914,2.16872310937135,1.99115201423548,0,0.0828260110989536,11.6358327023386,9,1503.01235607484,16960.8133666248,-15457.331206159,1.99115201423548,1.5418159808907,1.54221209319395,-0.000396112303254315,0.180817849388734,0.45012825795129,1.99115201423548,0,267.161443506003,60.6481711487664,9.61598663614782e-10,1,0.986619827792053,0,-0.000110634620818839,-0.000792224606508629,0,0,0
132.075,9500.08463995146,1.99113235621673,9500,9500.07784155996,2.16861682973175,1.99113235621673,0,0.0704830541397562,11.6361929539,9,1503.01235607484,16960.7372534733,-15457.3252324193,1.99113235621673,1.5418159808907,1.54219702941364,-0.000381048522943628,0.169482909702869,0.450078472371922,1.99113235621673,0,267.161443506003,60.6481711487664,8.39816634613541e-10,1,0.986619956819001,0,-0.000113467994890204,-0.000762097045887256,0,0,0
132.09,9500.08569719727,1.99111249791526,9500,9500.0796034481,2.16851370728511,1.99111249791526,0,0.0581772974014359,11.6365541835982,9,1503.01235607484,16960.6594437503,-15457.3173507406,1.99111249791526,1.5418159808907,1.54218142826553,-0.000365447374829131,0.157975307855416,0.450027411774221,1.99111249791526,0,267.161443506003,60.6481711487664,7.15537898098827e-10,1,0.986620066618004,0,-0.000116036450699353,-0.000730894749658262,0,0,0
132.105,9500.08656985673,1.99109248166122,9500,9500.08118271937,2.1684139007836,1.99109248166122,0,0.045932658057703,11.6369156598787,9,1503.01235607484,16960.5801163827,-15457.3076041353,1.99109248166122,1.5418159808907,1.54216532819114,-0.000349347300440783,0.146320198002771,0.449975195371407,1.99109248166122,0,267.161443506003,60.6481711487664,6.08778737845106e-10,1,0.986620157247011,0,-0.000118338698341658,-0.000698694600881566,0,0,0
132.12,9500.0872588466,1.99107234945926,9500,9500.08257886336,2.16831756015134,1.99107234945926,0,0.0337725670352957,11.6372766617203,9,1503.01235607484,16960.4994506358,-15457.296038717,1.99107234945926,1.5418159808907,1.54214876808499,-0.000332787194293527,0.134542681896591,0.449921942957153,1.99107234945926,0,267.161443506003,60.6481711487664,5.2396629889992e-10,1,0.986620228801232,0,-0.000120373990608824,-0.000665574388587054,0,0,0
132.135,9500.08776543511,1.99105214287879,9500,9500.08379173951,2.1682248263028,1.99105214287879,0,0.0217180168582955,11.6376364181405,8,1503.01235607484,16960.4176352703,-15457.2827239511,1.99105214287879,1.5418159808907,1.54213178722734,-0.00031580633664352,0.122667763126109,0.449867774661379,1.99105214287879,0,267.161443506003,60.6481711487664,7.71234646866969e-10,1,0.986620281412377,0,-0.00012214211721262,-0.000631612673287041,0,0,0
132.15,9500.08809120536,1.99103190298444,9500,9500.0848215724,2.1681358309866,1.99103190298444,0,0.00979565782078191,11.6379943606213,8,1503.01235607484,16960.3348260727,-15457.2676641784,1.99103190298444,1.5418159808907,1.54211442519814,-0.000298444307443857,0.110720298472402,0.449812810708633,1.99103190298444,0,267.161443506003,60.6481711487664,4.96843567329892e-10,1,0.986620315244858,0,-0.00012364340855564,-0.000596888614887714,0,0,0
132.165,9500.08823814023,1.99101167063138,9500,9500.08566893865,2.16805069684188,1.99101167063138,0,-0.00197504155234502,11.6383497379819,8,1503.01235607484,16960.2512155703,-15457.2509412913,1.99101167063138,1.5418159808907,1.54209672160775,-0.000280740717049088,0.098724838591102,0.449757171174783,1.99101167063138,0,267.161443506003,60.6481711487664,5.12246482333815e-10,1,0.986620330504604,0,-0.000124878703128273,-0.000561481434098177,0,0,0
132.18,9500.08820851461,1.9909914854302,9500,9500.08633477935,2.16796953682088,1.9909914854302,0,-0.0135731411067856,11.6387018894025,8,1503.01235607484,16960.1669793436,-15457.2326118729,1.9909914854302,1.5418159808907,1.54207871650013,-0.000262735609434683,0.0867058777543299,0.449700975758375,1.9909914854302,0,267.161443506003,60.6481711487664,6.78172838250045e-10,1,0.98662032742787,0,-0.000125849368086461,-0.000525471218869367,0,0,0
132.195,9500.08800491749,1.99097138636888,9500,9500.08682038127,2.16789245439192,1.99097138636888,0,-0.0249783250918946,11.6390501691792,8,1503.01235607484,16960.0822918898,-15457.2127349718,1.99097138636888,1.5418159808907,1.54206044992298,-0.000244469032277816,0.0746875896606146,0.449644343542737,1.99097138636888,0,267.161443506003,60.6481711487664,8.40384865229617e-10,1,0.986620306283534,0,-0.000126557283956164,-0.000488938064555633,0,0,0
132.21,9500.08763024261,1.99095141178387,9500,9500.08712736864,2.167819543488,1.99095141178387,0,-0.0361709034916263,11.6393939471108,8,1503.01235607484,16959.9973264143,-15457.1913719001,1.99095141178387,1.5418159808907,1.54204196182659,-0.000225980935892878,0.0626937776914583,0.449587392764956,1.99095141178387,0,267.161443506003,60.6481711487664,9.98616696470556e-10,1,0.986620267372122,0,-0.000127004812492393,-0.000451961871785755,0,0,0
132.225,9500.08708767906,1.99093159930539,9500,9500.08725769471,2.16775088846933,1.99093159930539,0,-0.0471328908407459,11.6397326560382,9,1503.01235607484,16959.9122639742,-15457.1686015083,1.99093159930539,1.5418159808907,1.54202329198302,-0.000207311092318641,0.0507478315573946,0.449530240599335,1.99093159930539,0,267.161443506003,60.6481711487664,3.57390193726797e-10,1,0.986620211024831,0,-0.000127194802267194,-0.000414622184637281,0,0,0
132.24,9500.0863806857,1.99091198575337,9500,9500.08721363303,2.16768656409789,1.99091198575337,0,-0.0578442936612576,11.6400656036503,9,1503.01235607484,16959.8272582499,-15457.1444638601,1.99091198575337,1.5418159808907,1.54200447992852,-0.000188499037818701,0.0388726903150321,0.449473002938314,1.99091198575337,0,267.161443506003,60.6481711487664,4.69159533720895e-10,1,0.986620137600879,0,-0.000127130569360867,-0.000376998075637403,0,0,0
132.255,9500.08551302129,1.99089260730664,9500,9500.08699776432,2.16762663562966,1.99089260730664,0,-0.0682879531181255,11.6403922586262,9,1503.01235607484,16959.7424838287,-15457.1190360342,1.99089260730664,1.5418159808907,1.54198556477378,-0.000169583883079971,0.0270907489726621,0.449415794182102,1.99089260730664,0,267.161443506003,60.6481711487664,5.77108320607864e-10,1,0.986620047490628,0,-0.000126815873392472,-0.000339167766159942,0,0,0
132.27,9500.084488702,1.99087349897374,9500,9500.0866129746,2.16757115863224,1.99087349897374,0,-0.0784470206158116,11.6407120640832,9,1503.01235607484,16959.6581052867,-15457.0923868611,1.99087349897374,1.5418159808907,1.54196658536871,-0.00015060447801396,0.0154239509632519,0.449358727039075,1.99087349897374,0,267.161443506003,60.6481711487664,6.82370883531652e-10,1,0.986619941111169,0,-0.000126254924609048,-0.000301208956027921,0,0,0
132.285,9500.08331199669,1.9908546947133,9500,9500.0860624428,2.16752017907125,1.9908546947133,0,-0.0883054586889039,11.6410244849005,9,1503.01235607484,16959.5742839917,-15457.064586573,1.9908546947133,1.5418159808907,1.5419475801409,-0.000131599250200676,0.00389370487872096,0.449301912323001,1.9908546947133,0,267.161443506003,60.6481711487664,7.8477864072472e-10,1,0.986619818905843,0,-0.000125452354603262,-0.000263198500401352,0,0,0
132.3,9500.08198741481,1.99083622738092,9500,9500.08534963031,2.16747373335482,1.99083622738092,0,-0.0978480630570022,11.6413290084796,9,1503.01235607484,16959.4911778373,-15457.0357066624,1.99083622738092,1.5418159808907,1.5419285870273,-0.0001126061366028,-0.00747915060290029,0.44924545876343,1.99083622738092,0,267.161443506003,60.6481711487664,8.84170511645362e-10,1,0.986619681342972,0,-0.00012441321408474,-0.000225212273205599,0,0,0
132.315,9500.08051969386,1.99081812866781,9500,9500.08447827014,2.16743184839764,1.99081812866781,0,-0.10706048779887,11.6416251456488,9,1503.01235607484,16959.4089409276,-15457.0058197108,1.99081812866781,1.5418159808907,1.54190964341069,-9.36625199878804e-05,-0.0186743808991553,0.449189472817092,1.99081812866781,0,267.161443506003,60.6481711487664,9.80393652473589e-10,1,0.986619528914564,0,-0.000123142942605847,-0.000187325039975761,0,0,0
132.33,9500.07891378654,1.99080042907786,9500,9500.08345235561,2.16739454170403,1.99080042907786,0,-0.115927154347761,11.6419124500952,10,1503.01235607484,16959.3277102956,-15456.9749742239,1.99080042907786,1.5418159808907,1.54189078604358,-7.48051528780547e-05,-0.0296723884206845,0.449134058492919,1.99080042907786,0,267.161443506003,60.6481711487664,4.82028616048359e-10,1,0.986619362134975,0,-0.000121647363627186,-0.000149610305756109,0,0,0
132.345,9500.07717487923,1.99078315788728,9500,9500.08227612871,2.16736182146951,1.99078315788728,0,-0.124439503424709,11.6421904425333,10,1503.01235607484,16959.2476572549,-15456.9432928761,1.99078315788728,1.5418159808907,1.54187205098205,-5.60700913507794e-05,-0.0404542440394605,0.449079317179287,1.99078315788728,0,267.161443506003,60.6481711487664,5.21054865986763e-10,1,0.986619181542831,0,-0.000119932663960487,-0.000112140182701559,0,0,0
132.36,9500.07530828668,1.99076634269419,9500,9500.08095407614,2.16733368649285,1.99076634269419,0,-0.132584093572835,11.6424587322444,10,1503.01235607484,16959.1689095292,-15456.9108270089,1.99076634269419,1.5418159808907,1.5418534737292,-3.74928385047379e-05,-0.0510015964411188,0.449025347480505,1.99076634269419,0,267.161443506003,60.6481711487664,5.59547724545971e-10,1,0.986618987690088,0,-0.000118005383194397,-7.49856770094759e-05,0,0,0
132.375,9500.07331952527,1.9907500103593,9500,9500.07949089923,2.16731012675835,1.9907500103593,0,-0.140350003361284,11.6427169249825,10,1503.01235607484,16959.0916047357,-15456.8776521778,1.9907500103593,1.5418159808907,1.54183508868543,-1.91077947331308e-05,-0.061296989053878,0.448972245058067,1.9907500103593,0,267.161443506003,60.6481711487664,5.96384801998801e-10,1,0.986618781149645,0,-0.00011587237815136,-3.82155894662617e-05,0,0,0
132.39,9500.07121427522,1.99073418639404,9500,9500.07789151053,2.16729112336017,1.99073418639404,0,-0.147727221745628,11.6429646522966,10,1503.01235607484,16959.0158756241,-15456.8438442445,1.99073418639404,1.5418159808907,1.54181692938298,-9.48492279606583e-07,-0.0713237116223419,0.448920102487899,1.99073418639404,0,267.161443506003,60.6481711487664,6.31517991448767e-10,1,0.986618562511413,0,-0.00011354081275039,-1.89698455921317e-06,0,0,0
132.405,9500.0689983669,1.99071889492692,9500,9500.07616102153,2.1672766486561,1.99071889492692,0,-0.154706657609758,11.6432015719308,10,1503.01235607484,16958.9418498816,-15456.809479236,1.99071889492692,1.5418159808907,1.54179902843367,1.69524570312607e-05,-0.0810658164795267,0.448869009122161,1.99071889492692,0,267.161443506003,60.6481711487664,6.6490271588194e-10,1,0.986618332380897,0,-0.000111018137081365,3.39049140625214e-05,0,0,0
132.42,9500.06667776703,1.9907041586436,9500,9500.07430473005,2.16726666643925,1.9907041586436,0,-0.161280163184892,11.6434273686853,10,1503.01235607484,16958.8696498173,-15456.7746331622,1.9907041586436,1.5418159808907,1.54178141749448,3.45633962142156e-05,-0.0905081361551337,0.448819050960475,1.9907041586436,0,267.161443506003,60.6481711487664,6.96497192568097e-10,1,0.986618091377767,0,-0.000108312078829886,6.91267924284311e-05,0,0,0
132.435,9500.06425856459,1.99068999877758,9500,9500.07232810725,2.16726113212705,1.99068999877758,0,-0.167440527311043,11.6436417543878,10,1503.01235607484,16958.79939226,-15456.7393818752,1.99068999877758,1.5418159808907,1.54176412720976,5.18536809421821e-05,-0.0996363017294254,0.448770310525001,1.99068999877758,0,267.161443506003,60.6481711487664,7.26264051427578e-10,1,0.986617840134382,0,-0.000105430614858681,0.000103707361884364,0,0,0
132.45,9500.06174695668,1.99067643508098,9500,9500.0702367844,2.16725999296776,1.99067643508098,0,-0.173181480929141,11.6438444682155,10,1503.01235607484,16958.7311883693,-15456.7038009117,1.99067643508098,1.5418159808907,1.54174718716972,6.87937209817857e-05,-0.108436761606836,0.448722866748315,1.99067643508098,0,267.161443506003,60.6481711487664,7.54171070677405e-10,1,0.986617579294339,0,-0.000102381955974229,0.000137587441963571,0,0,0
132.465,9500.05914923446,1.99066348583248,9500,9500.06803653942,2.16726318826223,1.99066348583248,0,-0.178497681079475,11.644035276365,10,1503.01235607484,16958.665143602,-15456.6679653689,1.99066348583248,1.5418159808907,1.54173062585387,8.5355036828938e-05,-0.116896799248453,0.448676794868127,1.99066348583248,0,267.161443506003,60.6481711487664,7.8018941140158e-10,1,0.986617309510998,0,-9.91745243041908e-05,0.000170710073657876,0,0,0
132.48,9500.05647176925,1.99065116780239,9500,9500.06573328325,2.16727064960024,1.99065116780239,0,-0.183384719243523,11.6442139724763,10,1503.01235607484,16958.6013575039,-15456.6319497426,1.99065116780239,1.5418159808907,1.54171447060094,0.000101510289753914,-0.125004549557181,0.44863216633219,1.99065116780239,0,267.161443506003,60.6481711487664,8.04294794577796e-10,1,0.986617031446042,0,-9.58169445199886e-05,0.000203020579507829,0,0,0
132.495,9500.05372099846,1.99063949628477,9500,9500.06333304613,2.16728230110857,1.99063949628477,0,-0.187839091512124,11.6443803768819,10,1503.01235607484,16958.5399237762,-15456.5958278251,1.99063949628477,1.5418159808907,1.54169874754724,0.000117233343457368,-0.132749012550537,0.448589048707156,1.99063949628477,0,267.161443506003,60.6481711487664,8.264664712713e-10,1,0.986616745768023,0,-9.23180022947001e-05,0.000234466686914736,0,0,0
132.51,9500.05090341208,1.99062848506538,9500,9500.06084196382,2.16729805971159,1.99062848506538,0,-0.191858205600201,11.6445343369834,10,1503.01235607484,16958.4809300813,-15456.5596725503,1.99062848506538,1.5418159808907,1.54168348160642,0.000132499284279497,-0.140120065269758,0.448547505606123,1.99062848506538,0,267.161443506003,60.6481711487664,8.46688988169923e-10,1,0.986616453150952,0,-8.86866493396976e-05,0.000264998568558994,0,0,0
132.525,9500.048025539,1.99061814644265,9500,9500.05826626391,2.16731783540061,1.99061814644265,0,-0.195440357988761,11.6446757267014,10,1503.01235607484,16958.4244580631,-15456.5235558844,1.99061814644265,1.5418159808907,1.54166869642168,0.000147284469016684,-0.147108470169435,0.44850759661392,1.99061814644265,0,267.161443506003,60.6481711487664,8.64950127927063e-10,1,0.986616154272876,0,-8.49319639679713e-05,0.000294568938033368,0,0,0
132.54,9500.04509393363,1.99060849120697,9500,9500.05561225204,2.16734153151341,1.99060849120697,0,-0.198584734562307,11.6448044466566,10,1503.01235607484,16958.3705832005,-15456.4875486826,1.99060849120697,1.5418159808907,1.54165441434763,0.00016156654306787,-0.153705881570895,0.448469377230135,1.99060849120697,0,267.161443506003,60.6481711487664,8.81241497720473e-10,1,0.986615849814498,0,-8.10631389005501e-05,0.000323133086135741,0,0,0
132.555,9500.04211516261,1.9905995286518,9500,9500.05288629834,2.16736904502131,1.9905995286518,0,-0.201291392983641,11.6449204237952,10,1503.01235607484,16958.3193747932,-15456.4517205752,1.9905995286518,1.5418159808907,1.54164065641896,0.000175324471736404,-0.159904849105481,0.448432898817629,1.9905995286518,0,267.161443506003,60.6481711487664,8.95558970695503e-10,1,0.986615540457787,0,-7.70894600032879e-05,0.000350648943472809,0,0,0
132.57,9500.03909579171,1.99059126658403,9500,9500.05009482388,2.1674002668248,1.99059126658403,0,-0.203561246542058,11.6450236110319,10,1503.01235607484,16958.2708959401,-15456.4161398536,1.99059126658403,1.5418159808907,1.54162744232435,0.000188538566350704,-0.165698819403706,0.448398208560628,1.99059126658403,0,267.161443506003,60.6481711487664,9.07902538919123e-10,1,0.986615226884625,0,-7.30202917715861e-05,0.000377077132701409,0,0,0
132.585,9500.03604237301,1.99058371130742,9500,9500.04724428721,2.16743508205617,1.99058371130742,0,-0.205396062845808,11.6451139873647,10,1503.01235607484,16958.2252034125,-15456.3808733367,1.99058371130742,1.5418159808907,1.541614790397,0.000201190493698045,-0.171082135640381,0.448365349429331,1.99058371130742,0,267.161443506003,60.6481711487664,9.18276754832015e-10,1,0.986614909775468,0,-6.88650499733878e-05,0.000402380987396089,0,0,0
132.6,9500.03296143207,1.99057686764053,9500,9500.04434117112,2.16747337038836,1.99057686764053,0,-0.206798442667964,11.6451915573888,10,1503.01235607484,16958.1823476707,-15456.3459862669,1.99057686764053,1.5418159808907,1.5416027175942,0.000213263296496846,-0.176050034873502,0.448334360156843,1.99057686764053,0,267.161443506003,60.6481711487664,9.26687347475171e-10,1,0.986614589808022,0,-6.46331855191917e-05,0.000426526592993692,0,0,0
132.615,9500.02985945543,1.99057073893155,9500,9500.0413919695,2.16751500635076,1.99057073893155,0,-0.207771801563489,11.6452563508675,10,1503.01235607484,16958.1423728648,-15456.3115422063,1.99057073893155,1.5418159808907,1.54159123948195,0.00022474140874662,-0.180598644281869,0.448305275223359,1.99057073893155,0,267.161443506003,60.6481711487664,9.33146813285961e-10,1,0.986614267655939,0,-6.03341653830913e-05,0.000449482817493241,0,0,0
132.63,9500.02674287841,1.99056532706214,9500,9500.03840317432,2.16755985965066,1.99056532706214,0,-0.208320357369123,11.6453084224994,10,1503.01235607484,16958.1053167954,-15456.2776029265,1.99056532706214,1.5418159808907,1.54158037022944,0.000235610661254437,-0.184724975767135,0.448278124848937,1.99056532706214,0,267.161443506003,60.6481711487664,9.37669266836486e-10,1,0.98661394398755,0,-5.59774544262037e-05,0.000471221322508875,0,0,0
132.645,9500.02361807305,1.99056063246222,9500,9500.03538126288,2.16760779549925,1.99056063246222,0,-0.208449111808734,11.6453478514974,10,1503.01235607484,16958.0712109186,-15456.2442283092,1.99056063246222,1.5418159808907,1.54157012260216,0.000245858288540068,-0.188426918718774,0.448252934994445,1.99056063246222,0,267.161443506003,60.6481711487664,9.40274854648869e-10,1,0.986613619464618,0,-5.15724948060292e-05,0.000491716577080137,0,0,0
132.66,9500.02049133637,1.99055665414256,9500,9500.0323326852,2.16765867494235,1.99055665414256,0,-0.208163821938949,11.6453747408587,10,1503.01235607484,16958.0400804282,-15456.2114762659,1.99055665414256,1.5418159808907,1.54156050795066,0.000255472940041912,-0.191703231616567,0.448229727371782,1.99055665414256,0,267.161443506003,60.6481711487664,9.4098431166705e-10,1,0.98661329474111,0,-4.71286885141975e-05,0.000510945880083824,0,0,0
132.675,9500.01736887904,1.99055338970369,9500,9500.02926385163,2.16771235519528,1.99055338970369,0,-0.207470986029458,11.6453892170555,10,1503.01235607484,16958.0119442377,-15456.1794026396,1.99055338970369,1.5418159808907,1.54155153621518,0.000264444675520892,-0.19455353232539,0.448208519461951,1.99055338970369,0,267.161443506003,60.6481711487664,9.3982308082504e-10,1,0.986612970462029,0,-4.26553811627706e-05,0.000528889351041784,0,0,0
132.69,9500.01425681425,1.99055083537218,9500,9500.0261811208,2.16776868997973,1.99055083537218,0,-0.206377813040367,11.6453914292497,10,1503.01235607484,16957.9868150826,-15456.1480611338,1.99055083537218,1.5418159808907,1.54154321592017,0.000272764970529416,-0.196978286405895,0.448189324540427,1.99055083537218,0,267.161443506003,60.6481711487664,9.36821166009008e-10,1,0.986612647262253,0,-3.81618430893571e-05,0.000545529941058831,0,0,0
132.705,9500.01116114706,1.99054898602,9500,9500.0230907877,2.16782752986368,1.99054898602,0,-0.20489220308767,11.6453815488097,10,1503.01235607484,16957.9646995492,-15456.1175032303,1.99054898602,1.5418159808907,1.54153555418157,0.000280426709132087,-0.198978794416456,0.448172151711037,1.99054898602,0,267.161443506003,60.6481711487664,9.32009748253165e-10,1,0.98661232576543,0,-3.36572487977804e-05,0.000560853418264173,0,0,0
132.72,9500.00808776401,1.99054783519728,9500,9500.01999907221,2.16788872260202,1.99054783519728,0,-0.203022719669379,11.6453597685963,10,1503.01235607484,16957.9455981652,-15456.0877781217,1.99054783519728,1.5418159808907,1.54152855671195,0.000287424178752049,-0.200557177329729,0.448157005949078,1.99054783519728,0,267.161443506003,60.6481711487664,9.25424275441925e-10,1,0.9866120065829,0,-2.91506659759744e-05,0.000574848357504099,0,0,0
132.735,9500.00504242322,1.99054737516182,9500,9500.0169121078,2.16795211347825,1.99054737516182,0,-0.200778564957686,11.6453263023117,10,1503.01235607484,16957.9295054732,-15456.0589326448,1.99054737516182,1.5418159808907,1.54152222782983,0.000293753060864432,-0.201716360775924,0.448143888149389,1.99054737516182,0,267.161443506003,60.6481711487664,9.17102991127912e-10,1,0.986611690312664,0,-2.46510330239591e-05,0.000587506121728865,0,0,0
132.75,9500.00203074474,1.99054759692437,9500,9500.01383593067,2.16801754564627,1.99054759692437,0,-0.198169545308447,11.6452813835769,10,1503.01235607484,16957.9164101783,-15456.0310112318,1.99054759692437,1.5418159808907,1.54151657046613,0.000299410424571267,-0.202460057889502,0.448132795184528,1.99054759692437,0,267.161443506003,60.6481711487664,9.07087375975764e-10,1,0.986611377538389,0,-2.01671488622157e-05,0.000598820849142534,0,0,0
132.765,9499.99905820156,1.99054849027058,9500,9500.01077646917,2.16808486047142,1.99054849027058,0,-0.195206051593955,11.6452252654251,10,1503.01235607484,16957.9062951945,-15456.0040558454,1.99054849027058,1.5418159808907,1.54151158618453,0.000304394706171385,-0.202792750799976,0.44812371996754,1.99054849027058,0,267.161443506003,60.6481711487664,8.95420529436528e-10,1,0.986611068828464,0,-1.57076576761117e-05,0.00060878941234277,0,0,0
132.78,9499.99613011079,1.99055004380574,9500,9500.00773953364,2.16815389786968,1.99055004380574,0,-0.191899025887004,11.6451582193991,10,1503.01235607484,16957.8991377926,-15455.9781059369,1.99055004380574,1.5418159808907,1.54150727519397,0.000308705696730138,-0.20271967053025,0.448116651521586,1.99055004380574,0,267.161443506003,60.6481711487664,8.8214967094918e-10,1,0.986610764735089,0,-1.12810231056582e-05,0.000617411393460277,0,0,0
132.795,9499.9932516254,1.99055224499384,9500,9500.00473080659,2.16822449664525,1.99055224499384,0,-0.188259932390559,11.6450805347566,10,1503.01235607484,16957.8949097228,-15455.953198404,1.99055224499384,1.5418159808907,1.54150363636972,0.000312344520975616,-0.202246776003474,0.448111575061188,1.99055224499384,0,267.161443506003,60.6481711487664,8.67324080228519e-10,1,0.986610465793424,0,-6.89553121624442e-06,0.000624689041951232,0,0,0
132.81,9499.99042772641,1.99055508019781,9500,9500.00175583329,2.16829649482533,1.99055508019781,0,-0.184300727549185,11.6449925176581,10,1503.01235607484,16957.8935773481,-15455.9293675538,1.99055508019781,1.5418159808907,1.54150066727321,0.000315313617488044,-0.20138073173865,0.448108472072141,1.99055508019781,0,267.161443506003,60.6481711487664,8.50994214548275e-10,1,0.986610172520763,0,-2.55925976655469e-06,0.000630627234976089,0,0,0
132.825,9499.9876632155,1.99055853471966,9500,9499.9988200128,2.16836972999176,1.99055853471966,0,-0.180033831278277,11.6448944903658,10,1503.01235607484,16957.8951017739,-15455.9066450698,1.99055853471966,1.5418159808907,1.54149836417884,0.000317616711857038,-0.200128884605508,0.448107320405246,1.99055853471966,0,267.161443506003,60.6481711487664,8.33214504190254e-10,1,0.98660988541578,0,1.7199171857829e-06,0.000635233423714077,0,0,0
132.84,9499.98496270803,1.99056259285196,9500,9499.99592858932,2.16844403960841,1.99056259285196,0,-0.175472091000635,11.6447867902471,10,1503.01235607484,16957.8994390344,-15455.8850599931,1.99056259285196,1.5418159808907,1.54149672209405,0.000319258796643407,-0.198499239337094,0.44810809436798,1.99056259285196,0,267.161443506003,60.6481711487664,8.14040704200722e-10,1,0.986609604957799,0,5.93435913032181e-06,0.000638517593286814,0,0,0
132.855,9499.98233062667,1.99056723791451,9500,9499.99308664411,2.16851926134457,1.99056723791451,0,-0.170628755876629,11.644669769047,10,1503.01235607484,16957.9065402116,-15455.8646386951,1.99056723791451,1.5418159808907,1.54149573479358,0.000320246097112342,-0.196500433343092,0.448110764829588,1.99056723791451,0,267.161443506003,60.6481711487664,7.93530335798499e-10,1,0.986609331606129,0,1.00766630515281e-05,0.000640492194224684,0,0,0
132.87,9499.97977119533,1.99057245231083,9500,9499.99029908774,2.1685952333929,1.99057245231083,0,-0.165517438677763,11.6445437918161,10,1503.01235607484,16957.9163516463,-15455.8454048724,1.99057245231083,1.5418159808907,1.54149539484461,0.000320586046087756,-0.194141710442086,0.448115299327962,1.99057245231083,0,267.161443506003,60.6481711487664,7.71743127781629e-10,1,0.986609065799441,0,1.41396699295804e-05,0.000641172092175513,0,0,0
132.885,9499.97728843375,1.99057821756369,9500,9499.98757065282,2.16867179478202,1.99057821756369,0,-0.160152091338843,11.6444092362166,10,1503.01235607484,16957.9288150581,-15455.827379527,1.99057821756369,1.5418159808907,1.54149569364392,0.000320287246781126,-0.191432893912832,0.44812166217943,1.99057821756369,0,267.161443506003,60.6481711487664,7.48740575165211e-10,1,0.986608807955199,0,1.8116484499231e-05,0.000640574493562251,0,0,0
132.9,9499.97488615238,1.99058451437864,9500,9499.98490588722,2.16874878568269,1.99058451437864,0,-0.154546964017745,11.6442664913397,10,1503.01235607484,16957.9438677873,-15455.8105809763,1.99058451437864,1.5418159808907,1.54149662144545,0.00031935944524264,-0.188384358612817,0.448129814597455,1.99058451437864,0,267.161443506003,60.6481711487664,7.24585056427715e-10,1,0.986608558469133,0,2.200047799783e-05,0.000638718890485279,0,0,0
132.915,9499.97256794792,1.99059132268284,9500,9499.98230914769,2.16882604770788,1.99059132268284,0,-0.148716578831969,11.6441159569671,10,1503.01235607484,16957.9614429371,-15455.7950248457,1.99059132268284,1.5418159808907,1.5414981674009,0.000317813489793428,-0.185007002745953,0.448139714812554,1.99059132268284,0,267.161443506003,60.6481711487664,6.99341304795733e-10,1,0.986608317714774,0,2.57853026541799e-05,0.000635626979586856,0,0,0
132.93,9499.97033719923,1.9905986216841,9500,9499.979784594,2.16890342420487,1.9905986216841,0,-0.142675692788857,11.6439580424813,10,1503.01235607484,16957.9814695991,-15455.7807240838,1.9905986216841,1.5418159808907,1.54150031959337,0.000315661297329406,-0.181312218498657,0.448151318198748,1.9905986216841,0,267.161443506003,60.6481711487664,6.73074495584027e-10,1,0.986608086043031,0,2.94648989040969e-05,0.000631322594658812,0,0,0
132.945,9499.96819706384,1.99060638990424,9500,9499.97733618356,2.1689807605405,1.99060638990424,0,-0.136439275602125,11.6437931662344,10,1503.01235607484,16958.0038729764,-15455.7676889586,1.99060638990424,1.5418159808907,1.54150306508555,0.000312915805145142,-0.17731186265298,0.448164577403255,1.99060638990424,0,267.161443506003,60.6481711487664,6.45851128957981e-10,1,0.986607863781823,0,3.30334963998258e-05,0.000625831610290284,0,0,0
132.96,9499.96615047471,1.99061460526118,9500,9499.97496766645,2.16905790437765,1.99061460526118,0,-0.130022459576144,11.6436217540689,10,1503.01235607484,16958.0285747118,-15455.7559271022,1.99061460526118,1.5418159808907,1.54150638994377,0.000309590946924621,-0.173018226189404,0.448179442476635,1.99061460526118,0,267.161443506003,60.6481711487664,6.17738882797817e-10,1,0.98660765123575,0,3.64856321031226e-05,0.000619181893849241,0,0,0
132.975,9499.96420013782,1.99062324510253,9500,9499.97268258099,2.16913470594431,1.99062324510253,0,-0.123440518529057,11.6434442386964,10,1503.01235607484,16958.0554930153,-15455.7454435173,1.99062324510253,1.5418159808907,1.54151027929032,0.000305701600376018,-0.168444004229361,0.448195861011081,1.99062324510253,0,267.161443506003,60.6481711487664,5.88805582784911e-10,1,0.986607448685839,0,3.98161516845796e-05,0.000611403200752036,0,0,0
132.99,9499.96234853004,1.99063228625291,9500,9499.97048424981,2.16921101829249,1.99063228625291,0,-0.116708838651342,11.6432610588415,10,1503.01235607484,16958.0845428517,-15455.7362406002,1.99063228625291,1.5418159808907,1.54151471734926,0.000301263541437669,-0.163602264767048,0.448213778279339,1.99063228625291,0,267.161443506003,60.6481711487664,5.59121115054674e-10,1,0.986607256389322,0,4.30202144172664e-05,0.000602527082875337,0,0,0
133.005,9499.96059789746,1.99064170508302,9500,9499.96837577634,2.16928669754818,1.99064170508302,0,-0.109842877371532,11.6430726580102,10,1503.01235607484,16958.115636221,-15455.7283181866,1.99064170508302,1.5418159808907,1.54151968748245,0.000296293408245996,-0.158506417370325,0.448233137375827,1.99064170508302,0,267.161443506003,60.6481711487664,5.28754189343251e-10,1,0.986607074579464,0,4.60932958918914e-05,0.000592586816491991,0,0,0
133.02,9499.9589502543,1.99065147756088,9500,9499.9663600418,2.16936160315213,1.99065147756088,0,-0.102858132851985,11.6428794835794,10,1503.01235607484,16958.1486823671,-15455.7216735878,1.99065147756088,1.5418159808907,1.54152517223509,0.000290808655603048,-0.153170182018505,0.448253879358978,1.99065147756088,0,267.161443506003,60.6481711487664,4.97775134405e-10,1,0.986606903465449,0,4.90312000471782e-05,0.000581617311206095,0,0,0
133.035,9499.9574073823,1.99066157928573,9500,9499.96443970275,2.16943559809015,1.99066157928573,0,-0.0957701242038002,11.642681986196,10,1503.01235607484,16958.183587915,-15455.7163016148,1.99066157928573,1.5418159808907,1.54153115339268,0.00028482749801606,-0.147607557376144,0.448275943399,1.99066157928573,0,267.161443506003,60.6481711487664,4.66253985307192e-10,1,0.986606743232319,0,5.18300579122055e-05,0.000569654996032121,0,0,0
133.05,9499.95597083044,1.99067198557009,9500,9499.962617189,2.16950854911271,1.99067198557009,0,-0.0885960528403943,11.642480622655,9,1503.01235607484,16958.2202689262,-15455.7122160747,1.99067198557009,1.5418159808907,1.54153761201353,0.000278368877167035,-0.141832788842176,0.44829926692506,1.99067198557009,0,267.161443506003,60.6481711487664,9.66282051533226e-10,1,0.986606594040939,0,5.4486327373926e-05,0.000556737754334069,0,0,0
133.065,9499.95464188965,1.9906826714662,9500,9499.9608947021,2.16958032694515,1.9906826714662,0,-0.0813477985265235,11.6422758383547,9,1503.01235607484,16958.2586031789,-15455.7093622511,1.9906826714662,1.5418159808907,1.54154452848913,0.000271452401564343,-0.13586033725564,0.448323785772378,1.9906826714662,0,267.161443506003,60.6481711487664,8.96520011568401e-10,1,0.986606456025378,0,5.69968017667399e-05,0.000542904803128685,0,0,0
133.08,9499.95342167267,1.99069361217143,9500,9499.95927420759,2.16965080665429,1.99069361217143,0,-0.0740423967751598,11.6420680856033,9,1503.01235607484,16958.2985050536,-15455.7077513272,1.99069361217143,1.5418159808907,1.54155188241692,0.000264098473777619,-0.129704944759395,0.448349434333173,1.99069361217143,0,267.161443506003,60.6481711487664,8.23505981224552e-10,1,0.986606329301199,0,5.93586177786154e-05,0.000528196947555237,0,0,0
133.095,9499.95231103672,1.99070478222309,9500,9499.95775745001,2.16971986744539,1.99070478222309,0,-0.066695219787542,11.6418578209587,9,1503.01235607484,16958.3398724735,-15455.7073685769,1.99070478222309,1.5418159808907,1.54155965308009,0.00025632781060847,-0.123381351841764,0.448376145711174,1.99070478222309,0,267.161443506003,60.6481711487664,7.49900507063617e-10,1,0.986606213957427,0,6.15692340748542e-05,0.00051265562121694,0,0,0
133.11,9499.95131060842,1.99071615610826,9500,9499.95634594393,2.16978739305478,1.99071615610826,0,-0.0593214753981315,11.6416454987167,9,1503.01235607484,16958.3826020592,-15455.7081970377,1.99071615610826,1.5418159808907,1.54156781921517,0.00024816167552566,-0.116904429488518,0.448403851866507,1.99071615610826,0,267.161443506003,60.6481711487664,6.75863085706669e-10,1,0.98660611005914,0,6.36264445890156e-05,0.00049632335105132,0,0,0
133.125,9499.95042078629,1.99072770831282,9500,9499.95504097379,2.16985327192656,1.99072770831282,0,-0.0519361842691943,11.641431570075,9,1503.01235607484,16958.4265893646,-15455.7102176164,1.99072770831282,1.5418159808907,1.54157635906292,0.000239621827773817,-0.110289152731091,0.448432483766572,1.99072770831282,0,267.161443506003,60.6481711487664,6.01547770711672e-10,1,0.986606017647724,0,6.55283789958716e-05,0.000479243655547634,0,0,0
133.14,9499.94964174352,1.99073941338693,9500,9499.95384359445,2.16991739737205,1.99073941338693,0,-0.0445541442514364,11.6412164820283,9,1503.01235607484,16958.4717291639,-15455.7134091741,1.99073941338693,1.5418159808907,1.54158525041114,0.000230730479557684,-0.103550570040592,0.448461971537121,1.99073941338693,0,267.161443506003,60.6481711487664,5.27105379402716e-10,1,0.986605936741167,0,6.72735027906768e-05,0.000461460959115367,0,0,0
133.155,9499.94897343136,1.9907512459837,9500,9499.95275463226,2.16997966771368,1.9907512459837,0,-0.0371899110764111,11.6410006767377,9,1503.01235607484,16958.5179156271,-15455.717748592,1.9907512459837,1.5418159808907,1.54159447065088,0.000221510239815093,-0.0967037706131054,0.448492244613376,1.9907512459837,0,267.161443506003,60.6481711487664,4.52686288226354e-10,1,0.986605867334405,0,6.88606076366671e-05,0.000443020479630185,0,0,0
133.17,9499.94841558269,1.99076318089261,9500,9499.95177468678,2.17003998641338,1.99076318089261,0,-0.0298559327371092,11.640784631307,8,1503.01235607484,16958.5650320427,-15455.7231898923,1.99076318089261,1.5418159808907,1.54160399683315,0.000211984057549186,-0.0897638504151022,0.448523231886813,1.99076318089261,0,267.161443506003,60.6481711487664,8.43066792036441e-10,1,0.986605809399697,0,7.02888231856047e-05,0.000423968115098372,0,0,0
133.185,9499.9479677437,1.99077519309663,9500,9499.95090413297,2.17009826218715,1.99077519309663,0,-0.0225702530189542,11.6405686946434,8,1503.01235607484,16958.612994984,-15455.72975218,1.99077519309663,1.5418159808907,1.54161380571635,0.000202175174344177,-0.0827458784434632,0.448554861857246,1.99077519309663,0,267.161443506003,60.6481711487664,6.73953959941114e-10,1,0.986605762889913,0,7.15576059273637e-05,0.000404350348688354,0,0,0
133.2,9499.94762918991,1.9907872574142,9500,9499.95014313098,2.17015440892397,1.9907872574142,0,-0.0153446045816838,11.6403533383727,8,1503.01235607484,16958.6616836312,-15455.7373813043,1.9907872574142,1.5418159808907,1.5416238740189,0.000192106871795383,-0.075664757761409,0.448587062779914,1.9907872574142,0,267.161443506003,60.6481711487664,5.11317943805592e-10,1,0.986605727729812,0,7.26667212309628e-05,0.000384213743590767,0,0,0
133.215,9499.94739902084,1.99079934951643,9500,9499.94949161173,2.17020834621477,1.99079934951643,0,-0.00819226136967965,11.6401389752115,8,1503.01235607484,16958.7109924764,-15455.7460471848,1.99079934951643,1.5418159808907,1.54163417798007,0.000181802910631967,-0.0685354758555409,0.448619762804468,1.99079934951643,0,267.161443506003,60.6481711487664,3.49984501260679e-10,1,0.986605703825879,0,7.36162701504561e-05,0.000363605821263935,0,0,0
133.23,9499.94727613692,1.99081144530125,9500,9499.94894929064,2.17025999917357,1.99081144530125,0,-0.00112619566447842,11.6399260112031,8,1503.01235607484,16958.7608159845,-15455.7557179993,1.99081144530125,1.5418159808907,1.54164469374844,0.000171287142257004,-0.061372882233666,0.448652890126035,1.99081144530125,0,267.161443506003,60.6481711487664,2.73067583165937e-10,1,0.986605691063915,0,7.44066701339197e-05,0.000342574284514008,0,0,0
133.245,9499.94725924398,1.99082352093531,9500,9499.94851567194,2.1703092984917,1.99082352093531,0,0.00584093542552369,11.6397148450339,8,1503.01235607484,16958.8110488356,-15455.7663603503,1.99082352093531,1.5418159808907,1.54165539743219,0.00016058345850789,-0.0541916565799481,0.448686373127596,1.99082352093531,0,267.161443506003,60.6481711487664,3.71896799997037e-10,1,0.98660568930952,0,7.50386407877279e-05,0.00032116691701578,0,0,0
133.26,9499.94734685801,1.9908355528959,9500,9499.94819005293,2.17035618048645,1.9908355528959,0,0.0126968099892867,11.6395058673657,8,1503.01235607484,16958.86158612,-15455.7779393456,1.9908355528959,1.5418159808907,1.54166626514607,0.000149715744625079,-0.0470062825860945,0.44872014051595,1.9908355528959,0,267.161443506003,60.6481711487664,4.69780902469986e-10,1,0.986605698408571,0,7.55132085989985e-05,0.000299431489250157,0,0,0
133.275,9499.94753731016,1.99084751802878,9500,9499.94797152843,2.17040058714425,1.99084751802878,0,0.0194314743932501,11.6392995694076,7,1503.01235607484,16958.912315573,-15455.7903992805,1.99084751802878,1.5418159808907,1.54167727305157,0.000138707839130836,-0.0398310262835137,0.44875412145982,1.99084751802878,0,267.161443506003,60.6481711487664,8.49299517070414e-10,1,0.986605718187752,0,7.58316941502635e-05,0.000277415678261672,0,0,0
133.29,9499.94782878228,1.9908593936023,9500,9499.94785899534,2.17044246615618,1.9908593936023,0,0.0260299432167023,11.6390961043441,7,1503.01235607484,16958.9631459627,-15455.803734076,1.9908593936023,1.5418159808907,1.54168839739599,0.000127583494710315,-0.0326799165664624,0.448788245722187,1.9908593936023,0,267.161443506003,60.6481711487664,9.59446751901389e-10,1,0.98660574845824,0,7.59957038307668e-05,0.00025516698942063,0,0,0
133.305,9499.94821923143,1.99087115697625,9500,9499.94785116525,2.17048177074651,1.99087115697625,0,0.0324790179204331,11.6388958399477,8,1503.01235607484,16959.0139858788,-15455.8179273211,1.99087115697625,1.5418159808907,1.54169961474238,0.000116366148319003,-0.0255666119444925,0.448822443788911,1.99087115697625,0,267.161443506003,60.6481711487664,7.52507681889835e-10,1,0.986605789007871,0,7.60071142531515e-05,0.000232732296638005,0,0,0
133.32,9499.9487064167,1.99088278649989,9500,9499.9479465542,2.17051846007152,1.99088278649989,0,0.0387739443067767,11.6386993426766,8,1503.01235607484,16959.0647061197,-15455.8328768288,1.99088278649989,1.5418159808907,1.54171090158126,0.000105079309435929,-0.0185046333022468,0.448856646990325,1.99088278649989,0,267.161443506003,60.6481711487664,8.3645936217763e-10,1,0.986605839603916,0,7.58680917245513e-05,0.000210158618871858,0,0,0
133.335,9499.94928802586,1.99089426175037,9500,9499.94814348206,2.17055249938202,1.99089426175037,0,0.0449022317323105,11.6385068282576,8,1503.01235607484,16959.1152231256,-15455.848570016,1.99089426175037,1.5418159808907,1.54172223427666,9.37466140376042e-05,-0.0115074035962385,0.448890787631601,1.99089426175037,0,267.161443506003,60.6481711487664,9.21224427099914e-10,1,0.986605900006242,0,7.55810832029358e-05,0.000187493228075208,0,0,0
133.35,9499.94996155934,1.9909055621439,9500,9499.9484401049,2.17058385934888,1.9909055621439,0,0.0508557169095079,11.6383186005777,9,1503.01235607484,16959.1654274756,-15455.8649438488,1.9909055621439,1.5418159808907,1.54173358982362,8.2391067081522e-05,-0.00458779237231382,0.448924799119042,1.9909055621439,0,267.161443506003,60.6481711487664,4.47737888126239e-10,1,0.986605969955257,0,7.51487740537904e-05,0.000164782134163044,0,0,0
133.365,9499.95072439509,1.99091666772802,9500,9499.94883440883,2.17061251634078,1.99091666772802,0,0.0566220837965308,11.6381350172067,9,1503.01235607484,16959.2152461744,-15455.8819953166,1.99091666772802,1.5418159808907,1.54174494550572,7.10353849759926e-05,0.0022416718528631,0.448958616067366,1.99091666772802,0,267.161443506003,60.6481711487664,5.09912199111099e-10,1,0.986606049178654,0,7.45741017083024e-05,0.000142070769951985,0,0,0
133.38,9499.95157372635,1.99092755890801,9500,9499.9493242224,2.17063845223925,1.99092755890801,0,0.062193717601689,11.6379563587888,9,1503.01235607484,16959.2645742478,-15455.8996627156,1.99092755890801,1.5418159808907,1.54175627908861,5.97018020909168e-05,0.00896890759352103,0.448992174413135,1.99092755890801,0,267.161443506003,60.6481711487664,5.68138966022138e-10,1,0.986606137384939,0,7.38602294436674e-05,0.000119403604181834,0,0,0
133.395,9499.95250663211,1.99093821723711,9500,9499.94990720947,2.17066165473546,1.99093821723711,0,0.0675624058095579,11.6377829076615,9,1503.01235607484,16959.3133212346,-15455.9179022514,1.99093821723711,1.5418159808907,1.54176756847568,4.84124150150755e-05,0.01558207778374,0.449025411516385,1.99093821723711,0,267.161443506003,60.6481711487664,6.24401645127606e-10,1,0.986606234270754,0,7.3010562253728e-05,9.68248300301511e-05,0,0,0
133.41,9499.9535200682,1.99094862502694,9500,9499.95058088234,2.17068211712176,1.99094862502694,0,0.072720471450873,11.637614931223,9,1503.01235607484,16959.3613992767,-15455.9366696898,1.99094862502694,1.5418159808907,1.54177879195728,3.71889334194186e-05,0.0220697284955957,0.449058266269399,1.99094862502694,0,267.161443506003,60.6481711487664,6.78620929023585e-10,1,0.98660633951995,0,7.20287254181162e-05,7.43778668388373e-05,0,0,0
133.425,9499.95461087527,1.99095876535047,9500,9499.95134260909,2.17069983821859,1.99095876535047,0,0.0776607709102462,11.6374526819979,9,1503.01235607484,16959.4087231526,-15455.9559204025,1.99095876535047,1.5418159808907,1.54178992825873,2.60526319686427e-05,0.0284208126385056,0.449090679195837,1.99095876535047,0,267.161443506003,60.6481711487664,7.30718688167761e-10,1,0.986606452804417,0,7.09185531544421e-05,5.21052639372854e-05,0,0,0
133.44,9499.95577578684,1.9909686220667,9500,9499.95218962113,2.17071482229137,1.9909686220667,0,0.0823767015165607,11.637296397317,9,1503.01235607484,16959.4552104165,-15455.9756094631,1.9909686220667,1.5418159808907,1.54180095657507,1.50243156229468e-05,0.0346247110450447,0.449122592544757,1.9909686220667,0,267.161443506003,60.6481711487664,7.80622090534334e-10,1,0.986606573784918,0,6.96840797265175e-05,3.00486312458936e-05,0,0,0
133.455,9499.95701143736,1.99097817981732,9500,9499.9531190208,2.17072707895867,1.99097817981732,0,0.0868621929514446,11.6371462994859,9,1503.01235607484,16959.5007814229,-15455.9956917205,1.99097817981732,1.5418159808907,1.5418118566177,4.1242729968971e-06,0.040671250689798,0.449153950380634,1.99097817981732,0,267.161443506003,60.6481711487664,8.28265367176232e-10,1,0.986606702111929,0,6.8329530941158e-05,8.24854599379421e-06,0,0,0
133.47,9499.95831437025,1.99098742402622,9500,9499.95412778921,2.17073662309148,1.99098742402622,0,0.0911117001355406,11.6370025959038,9,1503.01235607484,16959.5453593597,-15456.0161218726,1.99098742402622,1.5418159808907,1.54182260865771,-6.62776701476631e-06,0.0465507206754214,0.449184698669557,1.99098742402622,0,267.161443506003,60.6481711487664,8.7358672249299e-10,1,0.98660683742647,0,6.6859301951272e-05,-1.32555340295326e-05,0,0,0
133.485,9499.95968104576,1.99099634094405,9500,9499.95521279402,2.17074347470554,1.99099634094405,0,0.0951202228706886,11.6368654783935,9,1503.01235607484,16959.5888704736,-15456.0368545796,1.99099634094405,1.5418159808907,1.54183319354174,-1.72126510418202e-05,0.0522538853531972,0.449214785355435,1.99099634094405,0,267.161443506003,60.6481711487664,9.16529511261466e-10,1,0.986606979360924,0,6.52779603016462e-05,-3.44253020836405e-05,0,0,0
133.5,9499.9611078491,1.99100491763861,9500,9499.95637079731,2.17074765884716,1.99100491763861,0,0.0988832931402699,11.6367351234804,9,1503.01235607484,16959.6312440651,-15456.0578445321,1.99100491763861,1.5418159808907,1.54184359273553,-2.7611844828801e-05,0.0577719949168668,0.449244160437571,1.99100491763861,0,267.161443506003,60.6481711487664,9.57044151304571e-10,1,0.986607127539883,0,6.35902230035068e-05,-5.52236896576019e-05,0,0,0
133.515,9499.9625910985,1.99101314202509,9500,9499.95759846349,2.17074920547116,1.99101314202509,0,0.102396986178646,11.6366116919755,9,1503.01235607484,16959.6724126537,-15456.0790465522,1.99101314202509,1.5418159808907,1.54185378834246,-3.78074517632943e-05,0.0630967948065465,0.449272776037922,1.99101314202509,0,267.161443506003,60.6481711487664,9.950841509659e-10,1,0.98660728158098,0,6.18009509203432e-05,-7.56149035265885e-05,0,0,0
133.53,9499.96412705329,1.9910210028853,9500,9499.95889236726,2.17074814931247,1.9910210028853,0,0.10565597551222,11.6364953178125,10,1503.01235607484,16959.7123246639,-15456.1004393325,1.9910210028853,1.5418159808907,1.54186376312631,-4.77822356148572e-05,0.0682205332470954,0.449300586465837,1.9910210028853,0,267.161443506003,60.6481711487664,4.63012059562844e-10,1,0.986607441095732,0,5.99151362994377e-05,-9.55644712297143e-05,0,0,0
133.545,9499.96571189292,1.99102848987254,9500,9499.96024900158,2.17074452975037,1.99102848987254,0,0.108661293125106,11.636386151595,10,1503.01235607484,16959.7508944612,-15456.121931375,1.99102848987254,1.5418159808907,1.54187350053836,-5.7519647664428e-05,0.0731359679505437,0.449327548277171,1.99102848987254,0,267.161443506003,60.6481711487664,4.76708953539088e-10,1,0.986607605687362,0,5.79378888816429e-05,-0.000115039295328856,0,0,0
133.56,9499.96734181232,1.99103559390286,9500,9499.96166477816,2.17073839085767,1.99103559390286,0,0.111408954764355,11.6362842889503,10,1503.01235607484,16959.7880786488,-15456.1435019241,1.99103559390286,1.5418159808907,1.5418829845482,-6.70036575032285e-05,0.0778362604726251,0.449353620327168,1.99103559390286,0,267.161443506003,60.6481711487664,4.90336080640032e-10,1,0.986607774960696,0,5.58744388559074e-05,-0.000134007315006457,0,0,0
133.575,9499.96901294664,1.9910423062493,9500,9499.96313605253,2.17072978082517,1.9910423062493,0,0.113897121476073,11.6361898295518,10,1503.01235607484,16959.8238228728,-15456.1651070765,1.9910423062493,1.5418159808907,1.54189220012372,-7.62192330254763e-05,0.0823152564630479,0.449378763824653,1.9910423062493,0,267.161443506003,60.6481711487664,5.02797769478931e-10,1,0.986607948514358,0,5.37300972598409e-05,-0.000152438466050953,0,0,0
133.59,9499.97072140346,1.99104861910275,9500,9499.9646591231,2.17071875202732,1.99104861910275,0,0.116124504011269,11.6361028566636,10,1503.01235607484,16959.8580764829,-15456.1867035087,1.99104861910275,1.5418159808907,1.54190113296888,-8.51520781826043e-05,0.0865673207178846,0.44940294236842,1.99104861910275,0,267.161443506003,60.6481711487664,5.14086959959471e-10,1,0.986608125944103,0,5.15102566669423e-05,-0.000170304156365209,0,0,0
133.605,9499.97246327102,1.99105452559072,9500,9499.96623023883,2.17070536087066,1.99105452559072,0,0.118090368467035,11.63602343693,10,1503.01235607484,16959.8907926411,-15456.2082485543,1.99105452559072,1.5418159808907,1.54190976953265,-9.37886419509759e-05,0.0905873351930989,0.44942612198392,1.99105452559072,0,267.161443506003,60.6481711487664,5.2419688649537e-10,1,0.98660830684368,0,4.92203862147989e-05,-0.000187577283901952,0,0,0
133.62,9499.97423462655,1.99106001978824,9500,9499.96784560704,2.1706896676328,1.99106001978824,0,0.119794535575861,11.6359516202988,10,1503.01235607484,16959.9219284053,-15456.2297002906,1.99106001978824,1.5418159808907,1.54191809702079,-0.000102116130088037,0.0943706997106897,0.449448271157717,1.99106001978824,0,267.161443506003,60.6481711487664,5.33125050472797e-10,1,0.986608490805695,0,4.6866011079949e-05,-0.000204232260176074,0,0,0
133.635,9499.97603154458,1.99106509672,9500,9499.96950140131,2.17067173629183,1.99106509672,0,0.121237374987189,11.6358874400985,10,1503.01235607484,16959.951444776,-15456.2510176188,1.99106509672,1.5418159808907,1.5419261034074,-0.000110122516697952,0.0979133345472561,0.449469360862703,1.99106509672,0,267.161443506003,60.6481711487664,5.40870130511781e-10,1,0.986608677422474,0,4.44527092282598e-05,-0.000220245033395905,0,0,0
133.65,9499.97785010521,1.99106975232728,9500,9499.97119376956,2.17065163434763,1.99106975232728,0,0.122419779738222,11.6358309137285,10,1503.01235607484,16959.9793065994,-15456.2721603114,1.99106975232728,1.5418159808907,1.54193377746333,-0.00011779657263733,0.101211683817994,0.449489364581856,1.99106975232728,0,267.161443506003,60.6481711487664,5.47433747986683e-10,1,0.986608866286918,0,4.19860929392613e-05,-0.00023559314527466,0,0,0
133.665,9499.9796864019,1.99107398346829,9500,9499.97291884215,2.17062943263552,1.99107398346829,0,0.12334315963879,11.6357820427599,10,1503.01235607484,16960.0054826024,-15456.2930890852,1.99107398346829,1.5418159808907,1.54194110876374,-0.000125127873044084,0.10426271897052,0.449508258323678,1.99107398346829,0,267.161443506003,60.6481711487664,5.52820319866664e-10,1,0.986609056993321,0,3.94718024705476e-05,-0.000250255746088168,0,0,0
133.68,9499.9815365493,1.99107778790299,9500,9499.97467273985,2.17060520513575,1.99107778790299,0,0.124009426343294,11.6357408133073,10,1503.01235607484,16960.0299453674,-15456.3137656607,1.99107778790299,1.5418159808907,1.54194808770195,-0.000132106811248534,0.107063940432912,0.44952602063479,1.99107778790299,0,267.161443506003,60.6481711487664,5.57035881656358e-10,1,0.986609249138171,0,3.69154891743939e-05,-0.000264213622497067,0,0,0
133.695,9499.9833966907,1.99108116425864,9500,9499.97645158187,2.17057902877842,1.99108116425864,0,0.12442096726589,11.6357071967332,10,1503.01235607484,16960.052671223,-15456.3341528013,1.99108116425864,1.5418159808907,1.54195470550918,-0.000138724618486297,0.109613378038829,0.449542632604919,1.99108116425864,0,267.161443506003,60.6481711487664,5.60088970138688e-10,1,0.986609442320937,0,3.43228135484264e-05,-0.000277449236972593,0,0,0
133.71,9499.9852630052,1.99108411203006,9500,9499.97825149364,2.17055098324566,1.99108411203006,0,0.124580639760217,11.6356811497412,10,1503.01235607484,16960.0736402781,-15456.3542143801,1.99108411203006,1.5418159808907,1.54196095425652,-0.00014497336582675,0.11190958953458,0.449558077871015,1.99108411203006,0,267.161443506003,60.6481711487664,5.61990770472481e-10,1,0.986609636144804,0,3.16994189091258e-05,-0.000289946731653501,0,0,0
133.725,9499.9871317148,1.99108663155498,9500,9499.9800686145,2.17052115077226,1.99108663155498,0,0.124491751369335,11.6356626149018,10,1503.01235607484,16960.0928363535,-15456.3739154238,1.99108663155498,1.5418159808907,1.54196682686332,-0.000150845972618718,0.113951656814492,0.449572342609525,1.99108663155498,0,267.161443506003,60.6481711487664,5.62753792007418e-10,1,0.986609830217409,0,2.90509329781141e-05,-0.000301691945237437,0,0,0
133.74,9499.98899909107,1.99108872399756,9500,9499.98189910523,2.17048961594469,1.99108872399756,0,0.124158044362239,11.635651521034,10,1503.01235607484,16960.1102469422,-15456.3932221612,1.99108872399756,1.5418159808907,1.54197231710195,-0.000156336211250441,0.115739180655342,0.449585415529365,1.99108872399756,0,267.161443506003,60.6481711487664,5.62393339538499e-10,1,0.986610024151544,0,2.63829506412794e-05,-0.000312672422500881,0,0,0
133.755,9499.99086146174,1.99109039133991,9500,9499.98373915531,2.1704564654996,1.99109039133991,0,0.123583686019144,11.6356477834409,10,1503.01235607484,16960.1258632075,-15456.4121020761,1.99109039133991,1.5418159808907,1.54197741959467,-0.000161438703970784,0.117272273638063,0.449597287857153,1.99109039133991,0,267.161443506003,60.6481711487664,5.60926041995307e-10,1,0.986610217565828,0,2.37010272439164e-05,-0.000322877407941569,0,0,0
133.77,9499.99271521703,1.99109163637365,9500,9499.98558499005,2.17042178812168,1.99109163637365,0,0.122773257869708,11.6356513041446,10,1503.01235607484,16960.139679974,-15456.4305239596,1.99109163637365,1.5418159808907,1.54198212980893,-0.000166148918229192,0.118551551791831,0.449607953319413,1.99109163637365,0,267.161443506003,60.6481711487664,5.58370588056144e-10,1,0.986610410085372,0,2.10106644165098e-05,-0.000332297836458384,0,0,0
133.785,9499.99455681589,1.99109246268744,9500,9499.9874328775,2.17038567424133,1.99109246268744,0,0.12173174398181,11.635661972189,10,1503.01235607484,16960.1516957077,-15456.4484579571,1.99109246268744,1.5418159808907,1.54198644405152,-0.000170463160827472,0.119578125135837,0.4496174081184,1.99109246268744,0,267.161443506003,60.6481711487664,5.54748608887254e-10,1,0.986610601342425,0,1.83172974734802e-05,-0.000340926321654944,0,0,0
133.8,9499.99638279205,1.99109287462681,9500,9499.98927913518,2.17034821583151,1.99109287462681,0,0.120464502562429,11.6356796644232,10,1503.01235607484,16960.1619123756,-15456.4658755881,1.99109287462681,1.5418159808907,1.54199035947377,-0.00017437858307634,0.120353587764942,0.449625650902264,1.99109287462681,0,267.161443506003,60.6481711487664,5.50081441305626e-10,1,0.986610790977001,0,1.56262984387645e-05,-0.00034875716615268,0,0,0
133.815,9499.99818975959,1.99109287730557,9500,9499.99112013666,2.17030950620428,1.99109287730557,0,0.11897726789726,11.6357042453786,10,1503.01235607484,16960.1703355185,-15456.4827498097,1.99109287730557,1.5418159808907,1.54199387405154,-0.000177893160845155,0.120880007365505,0.449632682736561,1.99109287730557,0,267.161443506003,60.6481711487664,5.4439351169559e-10,1,0.986610978637459,0,1.2942952442474e-05,-0.00035578632169031,0,0,0
133.83,9499.99997441861,1.99109247657197,9500,9499.99295231781,2.17026963980865,1.99109247657197,0,0.117276126268746,11.6357355679363,10,1503.01235607484,16960.1769741376,-15456.4990550385,1.99109247657197,1.5418159808907,1.54199698658264,-0.000181005691942238,0.121159913482727,0.44963850706516,1.99109247657197,0,267.161443506003,60.6481711487664,5.37710864706988e-10,1,0.986611163981092,0,1.02724507877738e-05,-0.000362011383884475,0,0,0
133.845,9500.00173356051,1.99109167899179,9500,9499.99477218301,2.17022871202774,1.99109167899179,0,0.115367502085206,11.6357734736956,10,1503.01235607484,16960.1818406491,-15456.5147671847,1.99109167899179,1.5418159808907,1.54199969667416,-0.000183715783458549,0.121196285942266,0.449643129668015,1.99109167899179,0,267.161443506003,60.6481711487664,5.30062193125235e-10,1,0.986611346674675,0,7.61989243036609e-06,-0.000367431566917098,0,0,0
133.86,9500.00346407304,1.99109049182305,9500,9499.996576311,2.17018681897748,1.99109049182305,0,0.113258138551751,11.6358177934828,10,1503.01235607484,16960.1849507994,-15456.5298636775,1.99109049182305,1.5418159808907,1.54200200473433,-0.000186023843629535,0.120992542372691,0.449646558619608,1.99109049182305,0,267.161443506003,60.6481711487664,5.2147530679613e-10,1,0.98661152639499,0,4.99026492972732e-06,-0.000372047687259069,0,0,0
133.875,9500.00516294512,1.99108892298986,9500,9499.99836136063,2.17014405730608,1.99108892298986,0,0.11095507936078,11.6358683478736,10,1503.01235607484,16960.1863235824,-15456.5443234855,1.99108892298986,1.5418159808907,1.54200391196053,-0.000187931069830727,0.120552525403216,0.449648804238827,1.99108892298986,0,267.161443506003,60.6481711487664,5.11980075158401e-10,1,0.986611702829323,0,2.38843383071341e-06,-0.000375862139661454,0,0,0
133.89,9500.00682727131,1.9910869810645,9500,9500.00012407627,2.17010052399535,1.9910869810645,0,0.108465654267552,11.6359249475678,10,1503.01235607484,16960.1859811837,-15456.5581271437,1.9910869810645,1.5418159808907,1.54200542032082,-0.000189439430125615,0.119880489125694,0.44964987903405,1.9910869810645,0,267.161443506003,60.6481711487664,5.01609457114426e-10,1,0.986611875675934,0,-1.80850168840507e-07,-0.000378878860251231,0,0,0
133.905,9500.00845425612,1.99108467522908,9500,9500.00186129305,2.17005631616428,1.99108467522908,0,0.105797453553576,11.6359873941156,10,1503.01235607484,16960.183948841,-15456.5712567586,1.99108467522908,1.5418159808907,1.54200653254724,-0.000190551656545468,0.118981084929977,0.449649797651475,1.99108467522908,0,267.161443506003,60.6481711487664,4.90396558473453e-10,1,0.986612044644501,0,-2.7129767166123e-06,-0.000381103313090936,0,0,0
133.92,9500.01004121792,1.99108201525271,9500,9500.00356994185,2.17001153087437,1.99108201525271,0,0.102958311632957,11.6360554803712,10,1503.01235607484,16960.1802547674,-15456.5836960245,1.99108201525271,1.5418159808907,1.54200725211567,-0.000191271224971423,0.117859347092672,0.449648576811952,1.99108201525271,0,267.161443506003,60.6481711487664,4.78375073324419e-10,1,0.986612209456526,0,-5.20347102006546e-06,-0.000382542449942846,0,0,0
133.935,9500.0115855926,1.9910790114729,9500,9500.00524705393,2.16996626493899,1.9910790114729,0,0.0999562934456633,11.6361289908649,10,1503.01235607484,16960.1749300912,-15456.5954302412,1.9910790114729,1.5418159808907,1.54200758322459,-0.000191602333894814,0.116520677154523,0.449646235249993,1.9910790114729,0,267.161443506003,60.6481711487664,4.65580166788426e-10,1,0.986612369845715,0,-7.64800604602378e-06,-0.000383204667789627,0,0,0
133.95,9500.013084937,1.9910756747508,9500,9500.00688976546,2.16992061473516,1.9910756747508,0,0.0967996657980662,11.6362077026336,10,1503.01235607484,16960.1680086858,-15456.6064463064,1.9910756747508,1.5418159808907,1.54200753078428,-0.00019154989358583,0.114970828185919,0.449642793647272,1.9910756747508,0,267.161443506003,60.6481711487664,4.52049652022133e-10,1,0.986612525558339,0,-1.00424063165239e-05,-0.000383099787171659,0,0,0
133.965,9500.01453693199,1.99107201645209,9500,9500.0084953216,2.16987467601916,1.99107201645209,0,0.0934986525537669,11.6362913868311,9,1503.01235607484,16960.1595152634,-15456.6167108351,1.99107201645209,1.5418159808907,1.54200710039222,-0.000191119501519177,0.113215888482455,0.44963827456443,1.99107201645209,0,267.161443506003,60.6481711487664,9.7438938647714e-10,1,0.986612676353546,0,-1.23826556199802e-05,-0.000382239003038354,0,0,0
133.98,9500.01593941177,1.99106804841482,9500,9500.01006108045,2.16982854374604,1.99106804841482,0,0.090058256588775,11.6363798043535,9,1503.01235607484,16960.1495131218,-15456.6262586968,1.99106804841482,1.5418159808907,1.54200629831334,-0.000190317422638309,0.111262264709296,0.449632702369401,1.99106804841482,0,267.161443506003,60.6481711487664,9.43603597168938e-10,1,0.986612822006411,0,-1.46649050682957e-05,-0.000380634845276617,0,0,0
133.995,9500.01729028562,1.99106378257904,9500,9500.0115845235,2.16978231171878,1.99106378257904,0,0.0864888988278838,11.6364727198215,9,1503.01235607484,16960.1380300825,-15456.6350584958,1.99106378257904,1.5418159808907,1.54200513162759,-0.000189150736888299,0.109116766064427,0.44962610316212,1.99106378257904,0,267.161443506003,60.6481711487664,9.08995230042601e-10,1,0.986612962299803,0,-1.68854802100604e-05,-0.000378301473776599,0,0,0
134.01,9500.01858761911,1.99105923180546,9500,9500.01306324307,2.16973607281406,1.99105923180546,0,0.0827995815773692,11.636569882299,9,1503.01235607484,16960.1251106965,-15456.6431036276,1.99105923180546,1.5418159808907,1.54200360778133,-0.000187626890630677,0.106786330368135,0.449618504696026,1.99105923180546,0,267.161443506003,60.6481711487664,8.73080442862774e-10,1,0.986613097032825,0,-1.90408719253909e-05,-0.000375253781261353,0,0,0
134.025,9500.01982961283,1.99105440931947,9500,9500.01449495418,2.1696899185999,1.99105440931947,0,0.0789994025665618,11.6366710363113,9,1503.01235607484,16960.1108016819,-15456.6503891124,1.99105440931947,1.5418159808907,1.54200173482814,-0.000185753937444133,0.10427816937732,0.449609936303659,1.99105440931947,0,267.161443506003,60.6481711487664,8.35954427356408e-10,1,0.986613226018601,0,-2.11277498287643e-05,-0.000371507874888266,0,0,0
134.04,9500.02101460387,1.99104932864177,9500,9500.01587749765,2.16964393916215,1.99104932864177,0,0.0750975172359065,11.6367759230855,9,1503.01235607484,16960.0951516235,-15456.656911509,1.99104932864177,1.5418159808907,1.54199952142328,-0.000183540532582294,0.101599755535171,0.449600428816236,1.99104932864177,0,267.161443506003,60.6481711487664,7.97709432176591e-10,1,0.986613349084432,0,-2.31429668704486e-05,-0.000367081065164587,0,0,0
134.055,9500.02214106663,1.9910440035773,9500,9500.01720884294,2.1695982229402,1.9910440035773,0,0.0711031315175275,11.6368842807557,9,1503.01235607484,16960.0782109293,-15456.6626689125,1.9910440035773,1.5418159808907,1.54199697678797,-0.000180995897269609,0.0987588048921788,0.449590014481144,1.9910440035773,0,267.161443506003,60.6481711487664,7.58436675565881e-10,1,0.986613466071878,0,-2.50835595443366e-05,-0.000361991794539218,0,0,0
134.07,9500.0232076136,1.99103844817366,9500,9500.01848709036,2.16955285657327,1.99103844817366,0,0.0670254772973276,11.6369958450991,9,1503.01235607484,16960.0600316615,-15456.6676609246,1.99103844817366,1.5418159808907,1.54199411068889,-0.000178129798192206,0.0957632564820712,0.44957872687935,1.99103844817366,0,267.161443506003,60.6481711487664,7.18228993644103e-10,1,0.986613576836841,0,-2.69467618430053e-05,-0.000356259596384412,0,0,0
134.085,9500.02421299576,1.99103267669692,9500,9500.01971047297,2.16950792475449,1.99103267669692,0,0.0628737981812659,11.6371103499631,9,1503.01235607484,16960.0406674374,-15456.6718886354,1.99103267669692,1.5418159808907,1.54199093340584,-0.000174952515147542,0.0926212507340459,0.44956660083652,1.99103267669692,0,267.161443506003,60.6481711487664,6.77180399049834e-10,1,0.986613681249606,0,-2.87299945085362e-05,-0.000349905030295083,0,0,0
134.1,9500.02515610273,1.99102670362569,9500,9500.02087735803,2.16946351009373,1.99102670362569,0,0.0586573459619959,11.6372275273713,9,1503.01235607484,16960.0201734055,-15456.6753546196,1.99102670362569,1.5418159808907,1.5419874556927,-0.000171474801998972,0.0893411067589327,0.449553672338991,1.99102670362569,0,267.161443506003,60.6481711487664,6.35382697072624e-10,1,0.986613779194855,0,-3.04308798710906e-05,-0.000342949603997944,0,0,0
134.115,9500.02603596292,1.99102054361686,9500,9500.0219862482,2.16941969298777,1.99102054361686,0,0.0543853605788721,11.6373471081231,9,1503.01235607484,16959.9986061026,-15456.6780629078,1.99102054361686,1.5418159808907,1.54198368874914,-0.000167707858444333,0.0859312997776842,0.449539978443049,1.99102054361686,0,267.161443506003,60.6481711487664,5.92929605202987e-10,1,0.986613870571686,0,-3.20472336781119e-05,-0.000335415716888665,0,0,0
134.13,9500.02685174333,1.99101421148262,9500,9500.02303578239,2.1693765514963,1.99101421148262,0,0.0500670575104641,11.637468822192,9,1503.01235607484,16959.9760233595,-15456.6800189631,1.99101421148262,1.5418159808907,1.54197964418868,-0.000163663297986671,0.0824004396263709,0.449525557187894,1.99101421148262,0,267.161443506003,60.6481711487664,5.49913957772213e-10,1,0.986613955293587,0,-3.35770713739691e-05,-0.000327326595973343,0,0,0
134.145,9500.02760274919,1.99100772218268,9500,9500.02402473637,2.16933416122434,1.99100772218268,0,0.045711622977631,11.6375923988565,9,1503.01235607484,16959.9524842636,-15456.6812296717,1.99100772218268,1.5418159808907,1.54197533399759,-0.000159353106894633,0.0787572499117938,0.449510447505776,1.99100772218268,0,267.161443506003,60.6481711487664,5.06429177240748e-10,1,0.986614033288405,0,-3.50186078870163e-05,-0.000318706213789266,0,0,0
134.16,9500.02828842354,1.99100109077497,9500,9500.02495202312,2.16929259521061,1.99100109077497,0,0.0413281864590418,11.6377175675552,9,1503.01235607484,16959.9280489545,-15456.6817032945,1.99100109077497,1.5418159808907,1.54197077051467,-0.000154789623976637,0.0750105480761546,0.449494689132227,1.99100109077497,0,267.161443506003,60.6481711487664,4.62566625971952e-10,1,0.986614104498296,0,-3.63702568346724e-05,-0.000309579247953273,0,0,0
134.175,9500.02890834633,1.99099433239259,9500,9500.02581669299,2.16925192382081,1.99099433239259,0,0.0369239058620689,11.6378440312021,8,1503.01235607484,16959.9027899708,-15456.6814716946,1.99099433239259,1.5418159808907,1.54196596639808,-0.000149985507380546,0.0711692268403016,0.449478322516651,1.99099433239259,0,267.161443506003,60.6481711487664,9.31835512852032e-10,1,0.986614168879638,0,-3.76306371170365e-05,-0.000299971014761091,0,0,0
134.19,9500.02946220492,1.99098746221611,9500,9500.0266179336,2.16921221464736,1.99098746221611,0,0.0325117733532871,11.6379715751935,8,1503.01235607484,16959.8767449596,-15456.6804986902,1.99098746221611,1.5418159808907,1.54196093459296,-0.000144953702265971,0.0672422359427161,0.449461388729949,1.99098746221611,0,267.161443506003,60.6481711487664,8.28109052433734e-10,1,0.986614226399961,0,-3.87985623679921e-05,-0.000289907404531942,0,0,0
134.205,9500.02994988152,1.99098049579718,9500,9500.02735506207,2.16917353260318,1.99098049579718,0,0.0280987429540314,11.6380998986434,8,1503.01235607484,16959.8499908983,-15456.6788217421,1.99098049579718,1.5418159808907,1.5419556881259,-0.00013970723519785,0.0632384553109389,0.449443929376883,1.99098049579718,0,267.161443506003,60.6481711487664,7.29731860798044e-10,1,0.986614277047033,0,-3.98730347896947e-05,-0.0002794144703957,0,0,0
134.22,9500.03037136267,1.9909734481006,9500,9500.02802754196,2.16913593939436,1.9909734481006,0,0.0236934494997411,11.6382287400263,8,1503.01235607484,16959.8225900252,-15456.6764540205,1.9909734481006,1.5418159808907,1.54195024054136,-0.000134259650660162,0.0591669602881832,0.449425986511228,1.9909734481006,0,267.161443506003,60.6481711487664,6.31307224161086e-10,1,0.986614320819454,0,-4.08532731690503e-05,-0.000268519301320325,0,0,0
134.235,9500.03072676441,1.99096633406514,9500,9500.0286349724,2.16909949368762,1.99096633406514,0,0.0193043989675527,11.6383578400153,8,1503.01235607484,16959.7946051205,-15456.6734099694,1.99096633406514,1.5418159808907,1.54194460557263,-0.000128624681929645,0.0550368174102798,0.449407602538302,1.99096633406514,0,267.161443506003,60.6481711487664,5.33046553600336e-10,1,0.986614357729278,0,-4.17386945241738e-05,-0.000257249363859291,0,0,0
134.25,9500.03101633039,1.99095916860045,9500,9500.02917708644,2.16906425104822,1.99095916860045,0,0.0149399754166915,11.6384869415271,8,1503.01235607484,16959.7660994363,-15456.6697051981,1.99095916860045,1.5418159808907,1.5419387970987,-0.000122816208004251,0.0508570633657509,0.449388820125766,1.99095916860045,0,267.161443506003,60.6481711487664,4.3514183939115e-10,1,0.986614387801808,0,-4.2528908362538e-05,-0.000245632416008501,0,0,0
134.265,9500.03124043002,1.99095196656304,9500,9500.02965374951,2.16903026388155,1.99095196656304,0,0.0106084288157448,11.6386157901173,8,1503.01235607484,16959.7371365899,-15456.6653564426,1.99095196656304,1.5418159808907,1.54193282911303,-0.000116848222328825,0.0466366871614061,0.449369682117003,1.99095196656304,0,267.161443506003,60.6481711487664,3.37778450998172e-10,1,0.986614411075408,0,-4.32237183995987e-05,-0.000233696444657649,0,0,0
134.28,9500.03139955646,1.99094474270427,9500,9500.03006495759,2.16899758137702,1.99094474270427,0,0.0063178464802601,11.6387441348598,8,1503.01235607484,16959.7077803359,-15456.6603815008,1.99094474270427,1.5418159808907,1.54192671570577,-0.000110734815077063,0.0423846156427679,0.449350231443723,1.99094474270427,0,267.161443506003,60.6481711487664,2.41140580789485e-10,1,0.986614427601294,0,-4.38231168820025e-05,-0.000221469630154125,0,0,0
134.295,9500.03149432415,1.99093751164694,9500,9500.03041083557,2.16896624945518,1.99093751164694,0,0.00207614195644424,11.6388717287234,8,1503.01235607484,16959.6780944592,-15456.654799188,1.99093751164694,1.5418159808907,1.54192047103314,-0.000104490142440294,0.0381097010371151,0.449330511041126,1.99093751164694,0,267.161443506003,60.6481711487664,1.45408595862409e-10,1,0.98661443744328,0,-4.43272876184952e-05,-0.000208980284880589,0,0,0
134.31,9500.03152546628,1.99093028783109,9500,9500.03069163518,2.16893631072085,1.99093028783109,0,-0.00210930328696196,11.6389982642104,7,1503.01235607484,16959.6481415004,-15456.6486300991,1.99093028783109,1.5418159808907,1.54191410930135,-9.8128410651821e-05,0.0338207085964253,0.449310563761697,1.99093028783109,0,267.161443506003,60.6481711487664,8.62721395911543e-10,1,0.986614440677509,0,-4.47365977009895e-05,-0.000196256821303642,0,0,0
134.325,9500.03149382673,1.99092308548106,9500,9500.03090773293,2.1689078044217,1.99092308548106,0,-0.00623071174457847,11.6391236346696,7,1503.01235607484,16959.6179892373,-15456.6418978158,1.99092308548106,1.5418159808907,1.54190764474188,-9.16638511831991e-05,0.0295263045863583,0.449290432292732,1.99092308548106,0,267.161443506003,60.6481711487664,7.10736581139941e-10,1,0.986614437391621,0,-4.50515934751206e-05,-0.000183327702366398,0,0,0
134.34,9500.03140036606,1.99091591863889,9500,9500.03105962647,2.1688807664471,1.99091591863889,0,-0.0102807405734513,11.6392475430565,7,1503.01235607484,16959.5876970897,-15456.6346200312,1.99091591863889,1.5418159808907,1.54190109155444,-8.51106637380639e-05,0.0252350245340816,0.449270159075668,1.99091591863889,0,267.161443506003,60.6481711487664,5.57216996053195e-10,1,0.986614427685374,0,-4.52730034321558e-05,-0.000170221327476128,0,0,0
134.355,9500.03124615495,1.99090880104168,9500,9500.03114793339,2.16885522926676,1.99090880104168,0,-0.0142523569280654,11.6393697639768,7,1503.01235607484,16959.5573272405,-15456.6268189638,1.99090880104168,1.5418159808907,1.54189446392727,-7.84830365718747e-05,0.0209552850338516,0.449249786224124,1.99090880104168,0,267.161443506003,60.6481711487664,5.05903797864939e-10,1,0.986614411669963,0,-4.5401723482108e-05,-0.000156966073143749,0,0,0
134.37,9500.0310323696,1.99090174609427,9500,9500.03117338874,2.16883122190533,1.99090174609427,0,-0.0181388107775245,11.6394900793066,7,1503.01235607484,16959.5269410111,-15456.6185175773,1.99090174609427,1.5418159808907,1.54188777601319,-7.17951224908919e-05,0.0166953725281944,0.449229355448557,1.99090174609427,0,267.161443506003,60.6481711487664,7.05625624579225e-10,1,0.98661438946754,0,-4.54388287740581e-05,-0.000143590244981784,0,0,0
134.385,9500.03076028743,1.99089476685008,9500,9500.03113684186,2.16880876993278,1.99089476685008,0,-0.0219336377452325,11.6396082784368,7,1503.01235607484,16959.4965987313,-15456.6097394672,1.99089476685008,1.5418159808907,1.54188104189881,-6.50610081143199e-05,0.0124634265503248,0.449208907975608,1.99089476685008,0,267.161443506003,60.6481711487664,9.01087171890088e-10,1,0.986614361210772,0,-4.53855560358374e-05,-0.00013012201622864,0,0,0
134.4,9500.03043128287,1.99088787599704,9500,9500.03103925308,2.16878789546491,1.99088787599704,0,-0.0256281679995116,11.6397242230795,8,1503.01235607484,16959.4663460829,-15456.6004810485,1.99088787599704,1.5418159808907,1.54187427557522,-5.82946845253396e-05,0.00826742214008287,0.449188484475392,1.99088787599704,0,267.161443506003,60.6481711487664,5.37289099969527e-10,1,0.986614327042395,0,-4.52433054989321e-05,-0.000116589369050679,0,0,0
134.415,9500.03004686035,1.99088108585619,9500,9500.03088169,2.16876861717204,1.99088108585619,0,-0.029221214056418,11.6398375887018,8,1503.01235607484,16959.4362663474,-15456.5908188547,1.99088108585619,1.5418159808907,1.54186749090191,-5.15100112117306e-05,0.00411515285010859,0.449168124987918,1.99088108585619,0,267.161443506003,60.6481711487664,5.83284616150906e-10,1,0.986614287118653,0,-4.50136328478123e-05,-0.000103020022423461,0,0,0
134.43,9500.02960854214,1.99087440789799,9500,9500.03066533346,2.1687509500489,1.99087440789799,0,-0.0327052568735841,11.6399482607425,8,1503.01235607484,16959.4064030524,-15456.5807536857,1.99087440789799,1.5418159808907,1.54186070181362,-4.47209229235135e-05,1.43578002188656e-05,0.449147868853136,1.99087440789799,0,267.161443506003,60.6481711487664,6.47908466765844e-10,1,0.986614241597638,0,-4.46982585611266e-05,-8.9441845847027e-05,0,0,0
134.445,9500.02911796328,1.99086785382935,9500,9500.03039145278,2.16873490595763,1.99086785382935,0,-0.0360749086597289,11.6400560569695,8,1503.01235607484,16959.3768126282,-15456.5703113557,1.99086785382935,1.5418159808907,1.54185392173976,-3.79408490640554e-05,-0.0040276309534968,0.449127754636784,1.99086785382935,0,267.161443506003,60.6481711487664,7.25725223118906e-10,1,0.986614190649157,0,-4.42990343536565e-05,-7.58816981281107e-05,0,0,0
134.46,9500.02857683965,1.99086143497057,9500,9500.03006141206,2.16872049340139,1.99086143497057,0,-0.0393250649201378,11.6401608030097,8,1503.01235607484,16959.347550228,-15456.5595180112,1.99086143497057,1.5418159808907,1.54184716388642,-3.11829957260201e-05,-0.0080037054047384,0.449107820071325,1.99086143497057,0,267.161443506003,60.6481711487664,8.0099719326373e-10,1,0.986614134451408,0,-4.38179487571855e-05,-6.23659914520402e-05,0,0,0
134.475,9500.02798696368,1.99085516219929,9500,9500.02967666656,2.16870771754529,1.99085516219929,0,-0.042450938909688,11.640262333262,8,1503.01235607484,16959.3186695187,-15456.5484001181,1.99085516219929,1.5418159808907,1.54184044123359,-2.44603428949386e-05,-0.0119069855242847,0.449088101994384,1.99085516219929,0,267.161443506003,60.6481711487664,8.73611241593483e-10,1,0.986614073190542,0,-4.32571227737544e-05,-4.89206857898772e-05,0,0,0
134.49,9500.0273501996,1.99084904591428,9500,9500.02923875894,2.16869658024406,1.99084904591428,0,-0.0454480787530788,11.6403604914667,8,1503.01235607484,16959.2902225063,-15456.5369843846,1.99084904591428,1.5418159808907,1.54183376652347,-1.77856327756576e-05,-0.0157308245449557,0.449068636289136,1.99084904591428,0,267.161443506003,60.6481711487664,9.43458351359215e-10,1,0.986614007060168,0,-4.26188060622668e-05,-3.55712655513152e-05,0,0,0
134.505,9500.02666847841,1.99084309602468,9500,9500.02874931518,2.16868708007898,1.99084309602468,0,-0.0483141380230029,11.6404551376652,9,1503.01235607484,16959.2622717045,-15456.5253199908,1.99084309602468,1.5418159808907,1.54182715223691,-1.1171346212091e-05,-0.0194688169133688,0.449049457826408,1.99084309602468,0,267.161443506003,60.6481711487664,4.5409035751193e-10,1,0.986613936260828,0,-4.19053667835012e-05,-2.23426924241821e-05,0,0,0
134.52,9500.02594376634,1.99083732193745,9500,9500.02821004032,2.16867921240446,1.99083732193745,0,-0.0510419106276603,11.6405461195437,9,1503.01235607484,16959.2348417899,-15456.5133906644,1.99083732193745,1.5418159808907,1.541820610573,-4.62968229952843e-06,-0.0231148082649469,0.449030600411355,1.99083732193745,0,267.161443506003,60.6481711487664,4.852963154925e-10,1,0.98661386099672,0,-4.11192917784131e-05,-9.25936459905685e-06,0,0,0
134.535,9500.02517813768,1.99083173289136,9500,9500.02762270709,2.16867296957734,1.99083173289136,0,-0.0536294183475052,11.6406333119009,9,1503.01235607484,16959.2079922903,-15456.5012446921,1.99083173289136,1.5418159808907,1.54181415325539,1.82763530309771e-06,-0.0266630074571003,0.449012096730055,1.99083173289136,0,267.161443506003,60.6481711487664,5.12846381787726e-10,1,0.986613781483269,0,-4.02631664240261e-05,3.65527060619542e-06,0,0,0
134.55,9500.02437369641,1.99082633713381,9500,9500.02698916637,2.16866834064027,1.99082633713381,0,-0.0560736483190119,11.6407165993102,9,1503.01235607484,16959.1817673826,-15456.4889091301,1.99082633713381,1.5418159808907,1.54180779192172,8.18896897269994e-06,-0.0301077518262349,0.448993978305164,1.99082633713381,0,267.161443506003,60.6481711487664,5.38981567860275e-10,1,0.98661369793898,0,-3.93396861311235e-05,1.63779379453999e-05,0,0,0
134.565,9500.02353259168,1.99082114241139,9500,9500.02631133464,2.16866531158199,1.99082114241139,0,-0.0583719104103806,11.6407958757175,9,1503.01235607484,16959.1562093482,-15456.4764109734,1.99082114241139,1.5418159808907,1.54180153785355,1.44430371447068e-05,-0.0334436639607494,0.448976275446405,1.99082114241139,0,267.161443506003,60.6481711487664,5.63676126677506e-10,1,0.986613610587052,0,-3.83516492843405e-05,2.88860742894137e-05,0,0,0
134.58,9500.02265701303,1.99081615599132,9500,9500.02559118867,2.16866386542256,1.99081615599132,0,-0.0605218237797817,11.6408710439922,9,1503.01235607484,16959.131358659,-15456.4637771647,1.99081615599132,1.5418159808907,1.5417954019425,2.05789481961816e-05,-0.0366656666611698,0.448959017204227,1.99081615599132,0,267.161443506003,60.6481711487664,5.86902398293766e-10,1,0.986613519654875,0,-3.73019317365664e-05,4.11578963923631e-05,0,0,0
134.595,9500.02174918567,1.99081138465636,9500,9500.02483076037,2.16866398229942,1.99081138465636,0,-0.0625213161679961,11.6409420159517,9,1503.01235607484,16959.1072539335,-15456.4510345471,1.99081138465636,1.5418159808907,1.54178939467534,2.65862153592256e-05,-0.0397689927939108,0.448942231334946,1.99081138465636,0,267.161443506003,60.6481711487664,6.0863537074228e-10,1,0.986613425373548,0,-3.61935009614012e-05,5.31724307184511e-05,0,0,0
134.61,9500.02081136593,1.99080683470518,9500,9500.02403213177,2.16866563955375,1.99080683470518,0,-0.0643686193212933,11.6410087122938,9,1503.01235607484,16959.0839319202,-15456.4382098212,1.99080683470518,1.5418159808907,1.54178352611321,3.24547774850359e-05,-0.0427491908463011,0.448925944259513,1.99080683470518,0,267.161443506003,60.6481711487664,6.28855034054378e-10,1,0.986613327977398,0,-3.50293874153973e-05,6.49095549700718e-05,0,0,0
134.625,9500.01984583664,1.99080251195152,9500,9500.02319743004,2.16866881181815,1.99080251195152,0,-0.0660622662947641,11.6410710625481,9,1503.01235607484,16959.0614274693,-15456.4253295015,1.99080251195152,1.5418159808907,1.54177780587788,3.81750128219949e-05,-0.0456021278579977,0.448910181035176,1.99080251195152,0,267.161443506003,60.6481711487664,6.47542849262985e-10,1,0.986613227703505,0,-3.38126947339035e-05,7.63500256439897e-05,0,0,0
134.64,9500.01885490264,1.99079842169255,9500,9500.02232882272,2.16867347110549,1.99079842169255,0,-0.0676011057785027,11.6411290055677,9,1503.01235607484,16959.0397733807,-15456.4124198459,1.99079842169255,1.5418159808907,1.54177224315104,4.37377396536043e-05,-0.0483239902286567,0.448894965322546,1.99079842169255,0,267.161443506003,60.6481711487664,6.64684249550432e-10,1,0.986613124791237,0,-3.25465827599736e-05,8.74754793072086e-05,0,0,0
134.655,9500.01784088606,1.99079456872599,9500,9500.02142851291,2.16867958689925,1.99079456872599,0,-0.0689842881016734,11.6411824891665,9,1503.01235607484,16959.0190004553,-15456.3995068274,1.99079456872599,1.5418159808907,1.5417668466532,4.91342374948633e-05,-0.0509112831130467,0.448880319360304,1.99079456872599,0,267.161443506003,60.6481711487664,6.80267463261885e-10,1,0.986613019481754,0,-3.12342607553528e-05,9.82684749897267e-05,0,0,0
134.67,9500.01680612173,1.99079095729693,9500,9500.02049873456,2.16868712624744,1.99079095729693,0,-0.0702112924714565,11.6412314709857,9,1503.01235607484,16958.9991372495,-15456.3866160431,1.99079095729693,1.5418159808907,1.54176162465906,5.43562316361879e-05,-0.0533608299231398,0.448866263942964,1.99079095729693,0,267.161443506003,60.6481711487664,6.94282778294118e-10,1,0.98661291201754,0,-2.98789872013039e-05,0.000108712463272376,0,0,0
134.685,9500.01575295235,1.99078759112683,9500,9500.01954174779,2.16869605385853,1.99078759112683,0,-0.0712819059327206,11.641275917921,9,1503.01235607484,16958.9802101753,-15456.3737726953,1.99078759112683,1.5418159808907,1.54175658497199,5.93959187034088e-05,-0.0556697711087959,0.448852818398723,1.99078759112683,0,267.161443506003,60.6481711487664,7.06726514509749e-10,1,0.98661280264189,0,-2.8484057171152e-05,0.000118791837406818,0,0,0
134.7,9500.01468372376,1.99078447338228,9500,9500.01855983409,2.1687063322025,1.99078447338228,0,-0.0721962378918241,11.6413158066047,9,1503.01235607484,16958.9622433462,-15456.3610015197,1.99078447338228,1.5418159808907,1.5417517349314,6.42459592954392e-05,-0.0578355640933504,0.448840000572996,1.99078447338228,0,267.161443506003,60.6481711487664,7.17594991603995e-10,1,0.98661269159843,0,-2.70527942265453e-05,0.000128491918590878,0,0,0
134.715,9500.01360078019,1.99078160669232,9500,9500.01755529165,2.16871792161468,1.99078160669232,0,-0.0729547056214377,11.641351123039,9,1503.01235607484,16958.9452586306,-15456.3483267561,1.99078160669232,1.5418159808907,1.54174708139769,6.88994930118092e-05,-0.0598559827406178,0.448827826815594,1.99078160669232,0,267.161443506003,60.6481711487664,7.2688909002356e-10,1,0.986612579130618,0,-2.55885508002596e-05,0.000137798986023618,0,0,0
134.73,9500.0125064596,1.99077899313191,9500,9500.01653043057,2.16873078040375,1.99077899313191,0,-0.0735580406994119,11.6413818628194,9,1503.01235607484,16958.9292755566,-15456.3357720902,1.99077899313191,1.5418159808907,1.54174263075396,7.33501367380374e-05,-0.061729117395801,0.448816311967734,1.99077899313191,0,267.161443506003,60.6481711487664,7.34613515362245e-10,1,0.986612465481259,0,-2.40946925913477e-05,0.000146700273476075,0,0,0
134.745,9500.01140308899,1.99077663424668,9500,9500.01548756819,2.1687448649625,1.99077663424668,0,-0.0740072700001309,11.6414080306413,9,1503.01235607484,16958.9143113985,-15456.323360632,1.99077663424668,1.5418159808907,1.54173838889074,7.75919999576047e-05,-0.0634533743540489,0.448805469356068,1.99077663424668,0,267.161443506003,60.6481711487664,7.40774444369461e-10,1,0.986612350892021,0,-2.25745998985172e-05,0.000155183999915209,0,0,0
134.76,9500.01029297995,1.99077453104854,9500,9500.01442902435,2.16876012988218,1.99077453104854,0,-0.0743037154029492,11.6414296403139,9,1503.01235607484,16958.9003811332,-15456.3111148702,1.99077453104854,1.5418159808907,1.54173436120483,8.1619685863954e-05,-0.0650274755538642,0.448795310786114,1.99077453104854,0,267.161443506003,60.6481711487664,7.45382614618402e-10,1,0.98661223560297,0,-2.10316511044528e-05,0.000163239371727908,0,0,0
134.775,9500.00917842421,1.99077268402466,9500,9500.01335711674,2.16877652806842,1.99077268402466,0,-0.0744489846559687,11.6414467145444,9,1503.01235607484,16958.8874974587,-15456.2990566394,1.99077268402466,1.5418159808907,1.54173055259527,8.54282954252383e-05,-0.0664504571312522,0.448785846543117,1.99077268402466,0,267.161443506003,60.6481711487664,7.48452000397743e-10,1,0.986612119852114,0,-1.94692255193196e-05,0.000170856590850477,0,0,0
134.79,9500.00806168944,1.9907710931474,9500,9500.01227415634,2.16879401085934,1.9907710931474,0,-0.074444961740826,11.6414592847064,9,1503.01235607484,16958.8756708174,-15456.2872070882,1.9907710931474,1.5418159808907,1.54172696745816,8.90134325326475e-05,-0.0677216675962685,0.448777085391633,1.9907710931474,0,267.161443506003,60.6481711487664,7.49996575958899e-10,1,0.986612003874957,0,-1.7890692747935e-05,0.000178026865065295,0,0,0
134.805,9500.00694501502,1.99076975788471,9500,9500.01118244289,2.16881252814491,1.99076975788471,0,-0.0742937980727972,11.6414673906003,9,1503.01235607484,16958.8649094178,-15456.2755866507,1.99076975788471,1.5418159808907,1.54172360968364,9.23712070570737e-05,-0.0688407651253635,0.448769034579896,1.99076975788471,0,267.161443506003,60.6481711487664,7.5003693621648e-10,1,0.986611887904067,0,-1.62994058876542e-05,0.000184742414114147,0,0,0
134.82,9500.00583060805,1.9907686772081,9500,9500.01008426049,2.16883202848764,1.9907686772081,0,-0.0739979043486996,11.6414710802614,9,1503.01235607484,16958.8552192489,-15456.2642150153,1.9907686772081,1.5418159808907,1.54172048265562,9.54982350764855e-05,-0.0698077142455822,0.448761699847247,1.9907686772081,0,267.161443506003,60.6481711487664,7.48593823219738e-10,1,0.98661177216866,0,-1.46986921578662e-05,0.000190996470152971,0,0,0
134.835,9500.00472063948,1.99076784959838,9500,9500.00898187329,2.16885245924364,1.99076784959838,0,-0.0735599439686284,11.6414704098051,9,1503.01235607484,16958.8466040879,-15456.2531110942,1.99076784959838,1.5418159808907,1.54171758925474,9.83916359542647e-05,-0.070622781562307,0.448755085435776,1.99076784959838,0,267.161443506003,60.6481711487664,7.45691068697751e-10,1,0.986611656894199,0,-1.30918532033064e-05,0.000196783271908529,0,0,0
134.85,9500.00361724032,1.99076727306739,9500,9500.00787752128,2.16887376668416,1.99076727306739,0,-0.0729828175647264,11.6414654429969,9,1503.01235607484,16958.8390655711,-15456.2422930071,1.99076727306739,1.5418159808907,1.54171493185327,0.000101049037428025,-0.0712865308494096,0.448749194101835,1.99076727306739,0,267.161443506003,60.6481711487664,7.41355741208689e-10,1,0.986611542301996,0,-1.14821526624453e-05,0.00020209807485605,0,0,0
134.865,9500.00252249806,1.99076694516004,9500,9500.00677341622,2.16889589611786,1.99076694516004,0,-0.0722696585787275,11.6414562511667,9,1503.01235607484,16958.8326031885,-15456.2317780499,1.99076694516004,1.5418159808907,1.54171251232259,0.000103468568105614,-0.0717998177501402,0.448744027133136,1.99076694516004,0,267.161443506003,60.6481711487664,7.35616527769719e-10,1,0.986611428608844,0,-9.87281764697201e-06,0.000206937136211227,0,0,0
134.88,9500.00143845318,1.99076686295936,9500,9500.00567173764,2.16891879201231,1.99076686295936,0,-0.0714238280267266,11.6414429130751,9,1503.01235607484,16958.8272142845,-15456.2215826666,1.99076686295936,1.5418159808907,1.54171033203896,0.000105648851733253,-0.072163783531085,0.448739584365195,1.99076686295936,0,267.161443506003,60.6481711487664,7.28505058014432e-10,1,0.986611316026656,0,-8.2670200791668e-06,0.000211297703466506,0,0,0
134.895,9500.00036709576,1.99076702311091,9500,9500.00457462906,2.16894239811554,1.99076702311091,0,-0.0704488970566264,11.6414255144379,9,1503.01235607484,16958.8228941479,-15456.2117224391,1.99076702311091,1.5418159808907,1.54170839188367,0.000107589007027675,-0.0723798484205403,0.44873586420616,1.99076702311091,0,267.161443506003,60.6481711487664,7.20055021452611e-10,1,0.986611204762109,0,-6.66788803616036e-06,0.000215178014055351,0,0,0
134.91,9499.9993103623,1.99076742182499,9500,9500.00348419421,2.16896665757783,1.99076742182499,0,-0.0693486434057654,11.6414041478465,9,1503.01235607484,16958.8196360041,-15456.2022120602,1.99076742182499,1.5418159808907,1.54170669225182,0.000109288638876492,-0.072449704945116,0.448732863656543,1.99076742182499,0,267.161443506003,60.6481711487664,7.10303050247531e-10,1,0.986611095016317,0,-5.07848721209569e-06,0.000218577277752985,0,0,0
134.925,9499.99827013265,1.99076805489947,9500,9500.0024024935,2.16899151307211,1.99076805489947,0,-0.068127035596796,11.6413789123262,9,1503.01235607484,16958.8174310961,-15456.1930653244,1.99076805489947,1.5418159808907,1.54170523305496,0.000110747835735392,-0.0723753102992992,0.448730578337298,1.99076805489947,0,267.161443506003,60.6481711487664,6.9928474680905e-10,1,0.986610986984508,0,-3.50182061525928e-06,0.000221495671470784,0,0,0
134.94,9499.99724822712,1.99076891772042,9500,9500.00133154053,2.16901690691437,1.99076891772042,0,-0.0667882302658064,11.6413499132854,9,1503.01235607484,16958.8162686745,-15456.1842951026,1.99076891772042,1.5418159808907,1.54170401373485,0.000111967155850712,-0.0721588788470764,0.448729002518021,1.99076891772042,0,267.161443506003,60.6481711487664,6.87042040146264e-10,1,0.986610880855727,0,-1.9408214475547e-06,0.000223934311701424,0,0,0
134.955,9499.99624640367,1.99077000529463,9500,9500.00027329882,2.16904278118257,1.99077000529463,0,-0.0653365511906394,11.6413172619097,9,1503.01235607484,16958.8161361185,-15456.175913344,1.99077000529463,1.5418159808907,1.54170303326291,0.000112947627783244,-0.0718028738948601,0.44872812914837,1.99077000529463,0,267.161443506003,60.6481711487664,6.73616418049762e-10,1,0.986610776812548,0,-3.98354545350088e-07,0.000225895255566488,0,0,0
134.97,9499.9952663554,1.99077131225135,9500,9499.9992296786,2.16906907783467,1.99077131225135,0,-0.0637764859138981,11.6412810750974,9,1503.01235607484,16958.8170189335,-15456.1679310547,1.99077131225135,1.5418159808907,1.54170229015478,0.000113690735916494,-0.0713099993797392,0.448727949888824,1.99077131225135,0,267.161443506003,60.6481711487664,6.59050251241084e-10,1,0.986610675030804,0,1.12279918251801e-06,0.000227381471832988,0,0,0
134.985,9499.99430970811,1.99077283285984,9500,9499.99820253385,2.169095738825,1.99077283285984,0,-0.062112673914254,11.6412414751186,9,1503.01235607484,16958.8189008112,-15456.1603582905,1.99077283285984,1.5418159808907,1.54170178248035,0.000114198410345434,-0.0706831909821265,0.448728455148456,1.99077283285984,0,267.161443506003,60.6481711487664,6.4338958879554e-10,1,0.986610575679341,0,2.61993645045422e-06,0.000228396820690868,0,0,0
135,9499.993378018,1.99077456105319,9500,9499.9971936594,2.16912270621906,1.99077456105319,0,264.438135211017,11.6411985891684,9,0,16958.8217637191,-15456.1532041569,1.99077456105319,1.5418159808907,1.54170150786938,0.000114473021318062,-0.0699256070583677,0.448729634119859,1.99077456105319,0,267.161443506003,60.6481711487664,6.26681362738792e-10,1,0.986610478919776,0,4.09043796656405e-06,0.000228946042636125,0,0,0
135.015,9503.95995004616,1.99077649043873,9500,9499.99620478824,2.16914992230677,1.99077649043873,0,261.059628587955,11.6951416971079,19,0,16977.2948989954,-15493.2052891749,1.99077649043873,1.5418159808907,1.54170146352515,0.000114517365544353,-0.0690406193526631,0.448731474816944,1.99077649043873,0,267.161443506003,60.6481711487664,8.09692621383237e-10,1,0.987022422525698,0,5.53178227247209e-06,0.000229034731088706,0,0,0
135.03,9507.87584447498,1.93952574197186,9500,9501.02345891864,2.14306674183798,1.93952574197186,0,228.140979240876,12.6549870101132,19,0,16780.8515098939,-15483.365706718,1.93952574197186,1.5418159808907,1.5673280824096,-0.0255121015189042,15.0947517271051,0.448733964118967,1.93952574197186,0,267.161443506003,60.6481711487664,7.0476436134168e-10,1,0.987429103069998,0,-0.00149317184957831,-0.0510242030378083,0,0,0
135.045,9511.2979591636,1.85953760910995,9500,9502.79934029039,2.09720252761749,1.85953760910995,0,178.727783921304,14.1658913136021,19,0,16457.6295392346,-15440.8011364571,1.85953760910995,1.5418159808907,1.6069861851744,-0.0651702042837004,37.9440423845371,0.448062036786656,1.85953760910995,0,267.161443506003,60.6481711487664,5.3589873198241e-10,1,0.987784502708451,0,-0.00409065329416913,-0.130340408567401,0,0,0
135.06,9513.97887592242,1.77134586451686,9500,9505.00186360412,2.0391722836859,1.77134586451686,0,124.644144005109,15.8868469492728,18,0,16090.9221116465,-15381.5895874559,1.77134586451686,1.5418159808907,1.65016166047975,-0.108345679589057,62.0306120728838,0.44622124280428,1.77134586451686,1,267.161443506003,60.6481711487664,7.26317218209089e-10,1,0.988062926120143,0,-0.00732337839537545,-0.216691359178114,0,0,0
135.075,9515.84853808249,1.69154309670685,9500,9507.32836855906,1.97634176525792,1.69154309670685,0,75.3577212805452,17.4932307253713,18,0,15751.7771931206,-15322.8425836581,1.69154309670685,1.5418159808907,1.6884152842458,-0.146599303355102,82.6175608709887,0.442925722526361,1.69154309670685,1,267.161443506003,60.6481711487664,7.69380530309888e-10,1,0.988257097653298,0,-0.0107509560313794,-0.293198606710204,0,0,0
135.09,9516.9789039017,1.6310670615608,9500,9509.53647699317,1.91477292192842,1.6310670615608,0,38.244369236785,18.7565360393872,18,0,15491.4444732321,-15273.7324466862,1.6310670615608,1.5418159808907,1.71623433671177,-0.174418355821068,96.904744869784,0.438087792312241,1.6310670615608,1,267.161443506003,60.6481711487664,4.85472909907295e-10,1,0.988374490446942,0,-0.0140156376877525,-0.348836711642136,0,0,0
135.105,9517.55256944025,1.59461491778905,9500,9511.46527495686,1.85864078981932,1.59461491778905,0,15.9933091634801,19.5386053867086,17,0,15333.3457831603,-15242.2958925968,1.59461491778905,1.5418159808907,1.7313068901179,-0.189490909227199,103.912731133237,0.431780755352752,1.59461491778905,1,267.161443506003,60.6481711487664,6.0241923668582e-10,1,0.988434067797074,0,-0.0168759466569772,-0.378981818454399,0,0,0
135.12,9517.79246907771,1.58112863839983,9500,9513.04287341341,1.80998039746667,1.58112863839983,0,7.19108067802446,19.8248105595965,16,0,15272.0674413508,-15231.1275954662,1.58112863839983,1.5418159808907,1.73425294181468,-0.192436960923987,104.191552592146,0.424186579357112,1.58112863839983,1,267.161443506003,60.6481711487664,5.51045406757359e-10,1,0.988458982287725,0,-0.0192209904236194,-0.384873921847975,0,0,0
135.135,9517.90033528788,1.58554536369929,9500,9514.27379049976,1.76894041121556,1.58554536369929,0,9.940257865051,19.7334863625132,13,0,15293.0974677575,-15236.5055234714,1.58554536369929,1.5418159808907,1.72771985631964,-0.185903875428947,99.2963224551386,0.415537133666483,1.58554536369929,1,267.161443506003,60.6481711487664,8.3704424820448e-10,1,0.988470184604299,0,-0.0210539435005543,-0.371807750857894,0,0,0
135.15,9518.04943915585,1.60104333881933,9500,9515.21365491341,1.73436821044251,1.60104333881933,0,19.4046800745584,19.4068311551001,13,0,15363.9104858683,-15253.4338974576,1.60104333881933,1.5418159808907,1.715233731472,-0.173417750581303,91.1918718387477,0.406062859091234,1.60104333881933,1,267.161443506003,60.6481711487664,8.64021330538985e-10,1,0.988485669608629,0,-0.0224552907433024,-0.346835501162606,0,0,0
135.165,9518.34050935697,1.62061781261301,9500,9515.94858384714,1.70429523006663,1.62061781261301,0,30.8392697668354,18.993818790897,13,0,15451.4848966705,-15275.902434637,1.62061781261301,1.5418159808907,1.70039405415792,-0.158578073267218,81.8580148404183,0.395957978256748,1.62061781261301,1,267.161443506003,60.6481711487664,5.78393672538192e-10,1,0.988515898357124,0,-0.0235521080976795,-0.317156146534436,0,0,0
135.18,9518.80309840347,1.63861400234252,9500,9516.56848124208,1.67659215666273,1.63861400234252,0,41.1900628868626,18.6208526493258,15,0,15532.7457433353,-15298.219952245,1.63861400234252,1.5418159808907,1.68609673497118,-0.144280754080485,72.8924739475277,0.385359529612792,1.63861400234252,1,267.161443506003,60.6481711487664,7.00466764730641e-10,1,0.988563939990686,0,-0.0244779240443354,-0.288561508160969,0,0,0
135.195,9519.42094934678,1.65147116312581,9500,9517.14761021217,1.64945943103314,1.65147116312581,0,48.3403087337195,18.3604645613687,16,0,15592.0074052567,-15316.7520591073,1.65147116312581,1.5418159808907,1.67416062166956,-0.132344640778864,65.3089074359593,0.374344463792841,1.65147116312581,1,267.161443506003,60.6481711487664,5.91032663466683e-10,1,0.988628106163316,0,-0.0253433872998245,-0.264689281557728,0,0,0
135.21,9520.14605397778,1.6576419469707,9500,9517.73677446564,1.6216375233199,1.6576419469707,0,51.4042965968839,18.2415566407304,16,0,15622.3357869608,-15329.6114417482,1.6576419469707,1.5418159808907,1.66537296760466,-0.123556986713961,59.5508063533725,0.36293993950792,1.6576419469707,0,267.161443506003,60.6481711487664,8.33780854000251e-10,1,0.98870341103973,0,-0.0262243574729981,-0.247113973427921,0,0,0
135.225,9520.91711842674,1.65722760013413,9500,9518.36116936721,1.59247909755137,1.65722760013413,0,50.4949394805377,18.259716476836,16,0,15623.9474649953,-15336.3782103035,1.65722760013413,1.5418159808907,1.65967966059152,-0.117863679700821,55.5859255058888,0.351138978645071,1.65722760013413,0,267.161443506003,60.6481711487664,9.86489388408003e-10,1,0.988783489018207,0,-0.0271585462359434,-0.235727359401641,0,0,0
135.24,9521.67454251894,1.6514378551029,9500,9519.02357551535,1.56188712039817,1.6514378551029,0,46.3871138919002,18.3891454583549,17,0,15601.8844220593,-15337.6882647115,1.6514378551029,1.5418159808907,1.65646386020405,-0.114647879313348,53.0586103955487,0.338917632838897,1.6514378551029,0,267.161443506003,60.6481711487664,4.46066988678046e-10,1,0.988862150393707,0,-0.0281501841259657,-0.229295758626696,0,0,0
135.255,9522.37034922732,1.64203514514183,9500,9519.71060675142,1.53017301069739,1.64203514514183,0,40.1760596225161,18.5935595323252,17,0,15563.6439387501,-15334.8058987223,1.64203514514183,1.5418159808907,1.65483142375624,-0.113015442865538,51.4534720863414,0.326250049982212,1.64203514514183,0,267.161443506003,60.6481711487664,4.3001467626329e-10,1,0.988934412569318,0,-0.0291792837936549,-0.226030885731076,0,0,0
135.27,9522.97299012166,1.63086108089001,9500,9520.39991226083,1.49788587481514,1.63086108089001,0,32.9897792365093,18.8351029436914,16,0,15517.1534446232,-15329.2357079192,1.63086108089001,1.5418159808907,1.65385311702858,-0.112037136137879,50.2369269463447,0.313119372275067,1.63086108089001,0,267.161443506003,60.6481711487664,9.02192671196164e-10,1,0.988996999120458,0,-0.0302123670983034,-0.224074272275757,0,0,0
135.285,9523.46783681021,1.61949470833294,9500,9521.06675755194,1.46565211317399,1.61949470833294,0,25.7840727705443,19.0809267060494,16,0,15469.2862878367,-15322.4063605387,1.61949470833294,1.5418159808907,1.65273852070999,-0.110922539819296,48.9582684586092,0.299523807080831,1.61949470833294,0,267.161443506003,60.6481711487664,7.65149256946722e-10,1,0.989048390832952,0,-0.0312123051809055,-0.221845079638592,0,0,0
135.3,9523.85459790177,1.60905778821064,9500,9521.68902725521,1.43405016724272,1.60905778821064,0,19.2283847523819,19.3072422046048,16,0,15424.9896231778,-15315.4499675599,1.60905778821064,1.5418159808907,1.65093421210544,-0.10911823121474,47.3051092188582,0.285478269749423,1.60905778821064,0,267.161443506003,60.6481711487664,6.15787982437923e-10,1,0.989088557444716,0,-0.0321458309249656,-0.218236462429481,0,0,0
135.315,9524.14302367305,1.60015689752614,9500,9522.2502619579,1.40353143800589,1.60015689752614,0,13.675326013843,19.5008337847799,16,0,15386.9970608397,-15309.0895357253,1.60015689752614,1.5418159808907,1.64815184548957,-0.106335864598872,45.1175678861229,0.271012645833189,1.60015689752614,0,267.161443506003,60.6481711487664,4.72829598334179e-10,1,0.989118511559105,0,-0.0329881244657164,-0.212671729197743,0,0,0
135.33,9524.34815356326,1.59293341666858,9500,9522.7407948159,1.37438718094605,1.59293341666858,0,8.85793155992652,19.6536064835459,15,0,15354.3185842022,-15303.8543840762,1.59293341666858,1.5418159808907,1.64434125791356,-0.102525277022868,42.3712961378505,0.256167989823616,1.59293341666858,0,267.161443506003,60.6481711487664,8.17114341864606e-10,1,0.989139815079135,0,-0.0337245512138187,-0.205050554045735,0,0,0
135.345,9524.48102253666,1.58718167788299,9500,9523.15736192726,1.34675330576795,1.58718167788299,0,5.03297039726205,19.7751137488905,15,0,15328.0694757546,-15299.3959229234,1.58718167788299,1.5418159808907,1.63962910328325,-0.0978131223925538,39.1417532006794,0.240991941777398,1.58718167788299,0,267.161443506003,60.6481711487664,5.65311166079065e-10,1,0.989153614027857,0,-0.0343501009763107,-0.195626244785108,0,0,0
135.36,9524.55651709261,1.58256166858425,9500,9523.50040511994,1.32067406703009,1.58256166858425,0,1.98954729378022,19.8726508583154,14,0,15306.8472582058,-15295.5124326228,1.58256166858425,1.5418159808907,1.63421033521295,-0.0923943543222518,35.5423537497496,0.225534396338058,1.58256166858425,0,267.161443506003,60.6481711487664,8.62948736111311e-10,1,0.989161454424902,0,-0.0348653497664018,-0.184788708644504,0,0,0
135.375,9524.58636030202,1.57862559787661,9500,9523.77410973906,1.29609832528048,1.57862559787661,0,-0.571665769380867,19.9555632409269,14,0,15288.6179159334,-15291.8748136764,1.57862559787661,1.5418159808907,1.62833366686933,-0.0865176859786321,31.7166294270787,0.209844988943177,1.57862559787661,0,267.161443506003,60.6481711487664,5.17193132265002e-10,1,0.989164553755812,0,-0.0352765191619149,-0.173035371957264,0,0,0
135.39,9524.57778531548,1.57493223225632,9500,9523.98461462559,1.27292219510719,1.57493223225632,0,-2.94147118019245,20.0331208476102,13,0,15271.356188557,-15288.1143411976,1.57493223225632,1.5418159808907,1.62224313286804,-0.0804271519773458,27.8051702381004,0.193970555320316,1.57493223225632,0,267.161443506003,60.6481711487664,5.96451592937591e-10,1,0.989163663210815,0,-0.0355927861527863,-0.160854303954692,0,0,0
135.405,9524.53366324778,1.57112969265388,9500,9524.13834222451,1.25102998514489,1.57112969265388,0,-5.3490857981201,20.1127472134529,11,0,15253.4329672977,-15283.9076432492,1.57112969265388,1.5418159808907,1.61613602578489,-0.0743200448941885,23.9216499882858,0.177953801551562,1.57112969265388,0,267.161443506003,60.6481711487664,5.96246182736203e-10,1,0.989159080966111,0,-0.0358237702504254,-0.148640089788377,0,0,0
135.42,9524.4534269608,1.56699601036331,9500,9524.2407946092,1.23032455905346,1.56699601036331,0,-7.93685556931416,20.1991478249763,12,0,15233.8095661957,-15279.0268375383,1.56699601036331,1.5418159808907,1.61014251862383,-0.0683265377331312,20.1410255610165,0.16183310493887,1.56699601036331,0,267.161443506003,60.6481711487664,8.61729366986462e-10,1,0.989150748122248,0,-0.0359777199071516,-0.136653075466262,0,0,0
135.435,9524.33437412727,1.56244277075515,9500,9524.29590094102,1.21074459636682,1.56244277075515,0,-10.7592220170456,20.2942213076202,13,0,15212.0605798915,-15273.356464136,1.56244277075515,1.5418159808907,1.60432415144879,-0.0625081705580972,16.4984783085916,0.145643130980652,1.56244277075515,0,267.161443506003,60.6481711487664,8.56556325262072e-10,1,0.989138384032249,0,-0.0360605282549007,-0.125016341116194,0,0,0
135.45,9524.17298579701,1.55749264176244,9500,9524.30587174815,1.19226947261094,1.55749264176244,0,-13.7984012571658,20.3975214299461,14,0,15188.2752067087,-15266.8841315159,1.55749264176244,1.5418159808907,1.5986855970878,-0.056869616197101,12.9960634748413,0.129415893265947,1.55749264176244,0,267.161443506003,60.6481711487664,5.9840082672818e-10,1,0.989121623239744,0,-0.0360755116245079,-0.113739232394202,0,0,0
135.465,9523.96600977815,1.55224317158311,9500,9524.27143269284,1.17491461200772,1.55224317158311,0,-16.988724818022,20.5070085135016,14,0,15162.8936119646,-15259.6755756886,1.55224317158311,1.5418159808907,1.59319334206195,-0.0513773611712509,9.61348493992253,0.113181913034918,1.55224317158311,0,267.161443506003,60.6481711487664,8.60660513894893e-10,1,0.989100127992225,0,-0.0360237595305875,-0.102754722342502,0,0,0
135.48,9523.71117890588,1.54682786849588,9500,9524.19227852671,1.15872107341197,1.54682786849588,0,-20.2423282181249,20.6198628160853,15,0,15136.5286654207,-15251.8427856525,1.54682786849588,1.5418159808907,1.58779564771118,-0.0459796668204848,6.31973362832223,0.0969712212461539,1.54682786849588,0,267.161443506003,60.6481711487664,4.91832451520671e-10,1,0.989073662835995,0,-0.0359048164913114,-0.0919593336409696,0,0,0
135.495,9523.40754398261,1.54138261215448,9500,9524.06759554623,1.14374305629345,1.54138261215448,0,-23.5421498115807,20.7321309859956,15,0,15109.7985019791,-15243.9063829122,1.54138261215448,1.5418159808907,1.58243969217134,-0.0406237112806405,3.08316165538011,0.0808140538250638,1.54138261215448,0,267.161443506003,60.6481711487664,5.08505769205757e-10,1,0.989042129193271,0,-0.0357174673948881,-0.0812474225612809,0,0,0
135.51,9523.05441173544,1.53602192984281,9500,9523.89653493287,1.13003626210702,1.53602192984281,0,-26.7588590498269,20.8421668327237,15,0,15083.2453837591,-15235.6715999773,1.53602192984281,1.5418159808907,1.57708360316332,-0.035267622272624,-0.121396203240227,0.0647411934973641,1.53602192984281,0,267.161443506003,60.6481711487664,5.77005414312287e-10,1,0.989005455065022,0,-0.0354604493610293,-0.0705352445452481,0,0,0
135.525,9522.65302884969,1.53084017901799,9500,9523.67828817972,1.11765600525142,1.53084017901799,0,-29.8123831052138,20.9482378710666,15,0,15057.3201545656,-15227.1329710901,1.53084017901799,1.5418159808907,1.5716958774695,-0.0298798965788061,-3.31294418448124,0.0487839912849009,1.53084017901799,0,267.161443506003,60.6481711487664,7.28107485585283e-10,1,0.988963769924267,0,-0.0351325658408979,-0.0597597931576122,0,0,0
135.54,9522.20584310311,1.52589178413531,9500,9523.4125794086,1.1066446809643,1.52589178413531,0,-32.6691160459608,21.0491717876104,15,0,15032.2890177071,-15218.3651885213,1.52589178413531,1.5418159808907,1.56626524759664,-0.0244492667059404,-6.49842833196572,0.0329743366564969,1.52589178413531,0,267.161443506003,60.6481711487664,8.79555424325348e-10,1,0.988917327982042,0,-0.0347334270618058,-0.0488985334118808,0,0,0
135.555,9521.71580636242,1.52119140029842,9500,9523.09983861083,1.09702696658684,1.52119140029842,0,-35.3221722875978,21.1446426877081,16,0,15008.2344144991,-15209.4114623122,1.52119140029842,1.5418159808907,1.56080041842618,-0.0189844375354813,-9.67284904491756,0.0173442944786843,1.52119140029842,0,267.161443506003,60.6481711487664,4.39827988311735e-10,1,0.988866435800944,0,-0.0342637107183901,-0.0379688750709626,0,0,0
135.57,9521.18597377811,1.51672497632868,9500,9522.74114935325,1.08881062011054,1.51672497632868,0,-37.7837396342062,21.2349419516107,16,0,14985.104674392,-15200.2895776798,1.51672497632868,1.5418159808907,1.55532429549941,-0.0135083146087152,-12.8226746038522,0.00192562465540876,1.51672497632868,0,267.161443506003,60.6481711487664,5.00704626324042e-10,1,0.988811410669983,0,-0.0337250835500895,-0.0270166292174303,0,0,0
135.585,9520.61921768359,1.51246268692702,9500,9522.33810616326,1.08198961155182,1.51246268692702,0,-40.0763399796277,21.3207046041767,16,0,14962.7726715833,-15191.0007423421,1.51246268692702,1.5418159808907,1.54986729640147,-0.0080513155107742,-15.9298315568838,-0.0132506629421315,1.51246268692702,0,267.161443506003,60.6481711487664,5.58706660745983e-10,1,0.988752550891919,0,-0.033119987015287,-0.0161026310215484,0,0,0
135.6,9520.0180725839,1.50837074226681,9500,9521.89263472764,1.07654830559037,1.50837074226681,0,-42.2247306924048,21.4026560358854,16,0,14941.0913999163,-15181.5390142412,1.50837074226681,1.5418159808907,1.54446127165313,-0.00264529076243636,-18.9753608054392,-0.0281546570990107,1.50837074226681,0,267.161443506003,60.6481711487664,6.14073100084263e-10,1,0.988690119684748,0,-0.0324513670188213,-0.00529058152487272,0,0,0
135.615,9519.38470162351,1.50442022960398,9500,9521.40681851607,1.07246561591294,1.50442022960398,0,-44.2500899434801,21.4814202151284,16,0,14919.9349526361,-15171.899157349,1.50442022960398,1.5418159808907,1.53913497040532,0.00268101048537939,-21.9421702258219,-0.0427577722574803,1.50442022960398,0,267.161443506003,60.6481711487664,6.67388684435818e-10,1,0.988624341699259,0,-0.0317224133345586,0.00536202097075877,0,0,0
135.63,9518.72095027436,1.50059223332438,9500,9520.8827616469,1.06971836925155,1.50059223332438,0,-46.1666795383452,21.5574070229885,16,0,14899.2228472298,-15162.0819652192,1.50059223332438,1.5418159808907,1.53391142554484,0.00790455534585921,-24.8166439598621,-0.0570328582580316,1.50059223332438,0,267.161443506003,60.6481711487664,7.19370980667613e-10,1,0.988555408594739,0,-0.0309363534958433,0.0158091106917184,0,0,0
135.645,9518.02845008129,1.49687945221156,9500,9520.32250120707,1.06828351644207,1.49687945221156,0,-47.9808693347602,21.6307751235973,16,0,14878.9281446979,-15152.096836145,1.49687945221156,1.5418159808907,1.52880713656468,0.0130088443260126,-27.5891664536567,-0.0709542173311611,1.49687945221156,0,267.161443506003,60.6481711487664,7.70689853061024e-10,1,0.98848348981333,0,-0.0300963210764107,0.0260176886520251,0,0,0
135.66,9517.30873704126,1.49328510499907,9500,9519.72796918218,1.06813914944101,1.49328510499907,0,-49.6919684245474,21.7014540098617,16,0,14859.0728928516,-15141.9619640122,1.49328510499907,1.5418159808907,1.52383263792874,0.01798334296196,-30.2537989946272,-0.0844975618155459,1.49328510499907,0,267.161443506003,60.6481711487664,8.21849966804554e-10,1,0.988408744874166,0,-0.0292052984525317,0.03596668592392,0,0,0
135.675,9516.5633575149,1.4898201688064,9500,9519.10099493246,1.06926451727878,1.4898201688064,0,-51.2941481400429,21.7692029924903,16,0,14839.7156625021,-15131.702837518,1.4898201688064,1.5418159808907,1.51899391387325,0.022822067017445,-32.8074298860741,-0.0976399461191852,1.4898201688064,0,267.161443506003,60.6481711487664,8.73134524222908e-10,1,0.988331334372681,0,-0.0282661203731953,0.0456441340348901,0,0,0
135.69,9515.7939452928,1.48649997314882,9500,9518.44333447523,1.07163935943027,1.48649997314882,0,-52.7787659494681,21.8336850407034,16,0,14820.9359012094,-15121.3498348714,1.48649997314882,1.5418159808907,1.51429413461808,0.027521846272621,-35.248717295435,-0.110359700287123,1.48649997314882,0,267.161443506003,60.6481711487664,9.24599733436848e-10,1,0.988251427984253,0,-0.0272815175925298,0.055043692545242,0,0,0
135.705,9515.00226380356,1.48334096849778,9500,9517.75671215124,1.07524290275049,1.48334096849778,0,-54.1365431378378,21.8945375451723,16,0,14802.8189276163,-15110.9356205605,1.48334096849778,1.5418159808907,1.50973529548527,0.0320806854054234,-37.5770833247984,-0.122636383203762,1.48334096849778,0,267.161443506003,60.6481711487664,9.76111247697503e-10,1,0.988169208847652,0,-0.0262541788105592,0.0641613708108468,0,0,0
135.72,9514.19021565649,1.48035819881913,9500,9517.04286243133,1.08005282359573,1.48035819881913,0,-55.3592498578504,21.9514282053861,17,0,14785.4440825888,-15100.4928884408,1.48035819881913,1.5418159808907,1.50531949009222,0.0364964907984744,-39.7919285220956,-0.134450763668513,1.48035819881913,0,267.161443506003,60.6481711487664,4.44187096243103e-10,1,0.9880848745561,0,-0.025186812490795,0.0729929815969488,0,0,0
135.735,9513.35982690862,1.47756371350236,9500,9516.30356336155,1.08604439092351,1.47756371350236,0,-56.440736140148,22.0040906000246,17,0,14768.8771223513,-15090.0526189379,1.47756371350236,1.5418159808907,1.50104969994018,0.0407662809505172,-41.8921434470869,-0.145784829289371,1.47756371350236,0,267.161443506003,60.6481711487664,4.6661968820323e-10,1,0.987998635523332,0,-0.0240821958061825,0.0815325619010343,0,0,0
135.75,9512.51321586652,1.47496591073579,9500,9515.54065726307,1.09318990795788,1.47496591073579,0,-57.3773522817869,22.0523393224215,17,0,14753.1670288487,-15079.6432747903,1.47496591073579,1.5418159808907,1.49693010726708,0.044885873623622,-43.8759162260797,-0.156621817402153,1.47496591073579,0,267.161443506003,60.6481711487664,4.88708631448638e-10,1,0.987910711743549,0,-0.0229432041449678,0.0897717472472439,0,0,0
135.765,9511.65255558229,1.47256963744215,9500,9514.75605798213,1.10145847987898,1.47256963744215,0,-58.1678429677121,22.0960683479837,17,0,14738.3462514127,-15069.2904316872,1.47256963744215,1.5418159808907,1.49296602298127,0.0488499579094226,-45.7407810178471,-0.166946259267389,1.47256963744215,0,267.161443506003,60.6481711487664,5.10308521152866e-10,1,0.987821328896486,0,-0.021772820218074,0.0976999158188452,0,0,0
135.78,9510.78003793778,1.47037679388947,9500,9513.95174654143,1.11081607060799,1.47037679388947,0,-58.8129179510621,22.1352380629912,17,0,14724.4333899023,-15059.017010096,1.47037679388947,1.5418159808907,1.48916356020855,0.0526524206821455,-47.483826798288,-0.176744028365522,1.47037679388947,0,267.161443506003,60.6481711487664,5.31292588990778e-10,1,0.987730714617416,0,-0.0205741256158603,0.105304841364291,0,0,0
135.795,9509.89784416851,1.4683871766866,9500,9513.12975861044,1.12122577060203,1.4683871766866,0,-59.3146682907215,22.1698568192449,17,0,14711.4370258623,-15048.8437777224,1.4683871766866,1.5418159808907,1.48552919054641,0.0562867903442827,-49.1019806044498,-0.186002384892659,1.4683871766866,0,267.161443506003,60.6481711487664,5.51555796370599e-10,1,0.987639095435953,0,-0.0193502800311434,0.112573580688565,0,0,0
135.81,9509.00812414415,1.46659933718881,9500,9512.29216758388,1.13264818557318,1.46659933718881,0,-59.6759798431279,22.1999619820945,17,0,14699.3596710348,-15038.7899556551,1.46659933718881,1.5418159808907,1.4820692972883,0.0597466836023923,-50.5922928904874,-0.194710010906674,1.46659933718881,0,267.161443506003,60.6481711487664,5.71014731888406e-10,1,0.987546694624246,0,-0.0181044939292621,0.119493367204785,0,0,0
135.825,9508.1129844465,1.46501129972812,9500,9511.44106667593,1.1450418628939,1.46501129972812,0,-59.9000472262451,22.2256039812685,17,0,14688.2010984334,-15028.8737806421,1.46501129972812,1.5418159808907,1.47878980488457,0.0630261760061304,-51.9521742781833,-0.202857033174841,1.46501129972812,0,267.161443506003,60.6481711487664,5.89600950665206e-10,1,0.987453730958836,0,-0.016839999793494,0.126052352012261,0,0,0
135.84,9507.21448373811,1.46362105831102,9500,9510.57855256515,1.15836369205166,1.46362105831102,0,-59.9900409584298,22.2468352324608,17,0,14677.9606638932,-15019.1129308149,1.46362105831102,1.5418159808907,1.47569592563958,0.0661200552511176,-53.1795570697984,-0.210435033081914,1.46362105831102,0,267.161443506003,60.6481711487664,6.07254738092064e-10,1,0.987360418239664,0,-0.015560025821415,0.132240110502235,0,0,0
135.855,9506.31463312373,1.46242683559269,9500,9509.70671207776,1.17256924021429,1.46242683559269,0,-59.9489365847503,22.2637043369916,17,0,14668.6385300476,-15009.5247763212,1.46242683559269,1.5418159808907,1.47279203118893,0.0690239497017708,-54.2729762291274,-0.217437044701551,1.46242683559269,0,267.161443506003,60.6481711487664,6.23916817949477e-10,1,0.987266965327617,0,-0.0142677742953066,0.138047899403542,0,0,0
135.87,9505.41539907496,1.46142713525768,9500,9508.82761241584,1.18761300776475,1.46142713525768,0,-59.7794830820014,22.2762548938195,17,0,14660.2359278521,-15000.126460185,1.46142713525768,1.5418159808907,1.47008163213998,0.0717343487507129,-55.231580174827,-0.223857543134438,1.46142713525768,0,267.161443506003,60.6481711487664,6.39526026005446e-10,1,0.987173576448255,0,-0.0129664054147032,0.143468697501426,0,0,0
135.885,9504.51870682873,1.46062064584976,9500,9507.94329467588,1.20344860760753,1.46062064584976,0,-59.4842702442012,22.2845276388495,17,0,14652.7547198108,-14990.9348438362,1.46062064584976,1.5418159808907,1.46756743562564,0.0742485452650603,-56.0550906633789,-0.229692425571055,1.46062064584976,0,267.161443506003,60.6481711487664,6.54012452943528e-10,1,0.987080451544764,0,-0.011659026196841,0.148497090530121,0,0,0
135.9,9503.62644277507,1.46000606222424,9500,9507.05576992795,1.22002888431457,1.46000606222424,0,-59.0658498469809,22.2885644303934,17,0,14646.1965705326,-14981.9663655392,1.46000606222424,1.5418159808907,1.46525144654411,0.0765645343465882,-56.7437337870097,-0.234938987359633,1.46000606222424,0,267.161443506003,60.6481711487664,6.67300795981037e-10,1,0.986987786525928,0,-0.0103486833798065,0.153129068693176,0,0,0
135.915,9502.74045502737,1.45958188474119,9500,9506.16701692969,1.23730599469404,1.45958188474119,0,-58.5268699705341,22.2884127267466,17,0,14640.5620049082,-14973.236860885,1.45958188474119,1.5418159808907,1.46313508152518,0.0786808993655188,-57.2981621248731,-0.239595894880546,1.45958188474119,0,267.161443506003,60.6481711487664,6.79306998475585e-10,1,0.986895773325361,0,-0.00903835896757066,0.157361798731038,0,0,0
135.93,9501.86255197781,1.45934624162168,9500,9505.27898058068,1.25523147127628,1.45934624162168,0,-57.8701921288895,22.2841295283289,17,0,14635.8495675987,-14964.7613864752,1.45934624162168,1.5418159808907,1.46121927231723,0.08059670857347,-57.7193831984364,-0.243663156415953,1.45934624162168,0,267.161443506003,60.6481711487664,6.89943360249152e-10,1,0.986804599751475,0,-0.0077309670507848,0.16119341714694,0,0,0
135.945,9500.99449909587,1.45929676187753,9500,9504.39357040289,1.27375628629326,1.45929676187753,0,-57.0989732041021,22.2757841621719,17,0,14632.0552144454,-14956.5540751964,1.45929676187753,1.5418159808907,1.45950454460288,0.0823114362878177,-58.0087033658938,-0.247142091588806,1.45929676187753,0,267.161443506003,60.6481711487664,6.99121028988587e-10,1,0.986714449154996,0,-0.00642935091468111,0.164622872575635,0,0,0
135.96,9500.13801449781,1.45943050904776,9500,9503.51265858528,1.29283092786742,1.45943050904776,0,-56.2167058281734,22.2634596757281,17,0,14629.1719864067,-14948.6280377345,1.45943050904776,1.5418159808907,1.45799106706196,0.0838249138287392,-58.1676905554463,-0.250035299500413,1.45943050904776,0,267.161443506003,60.6481711487664,7.06752498552307e-10,1,0.986625499968838,0,-0.0051362797329273,0.167649827657478,0,0,0
135.975,9499.29476391039,1.45974397241741,9500,9502.63807738696,1.31240549395624,1.45974397241741,0,-55.2272199532624,22.2472529156248,17,0,14627.1899529149,-14940.9953129905,1.45974397241741,1.5418159808907,1.45667867243722,0.0851373084534734,-58.198154701279,-0.25234662538023,1.45974397241741,0,267.161443506003,60.6481711487664,7.12754260141921e-10,1,0.986537925185067,0,-0.00385444457020068,0.170274616906947,0,0,0
135.99,9498.46635561109,1.46023310343958,9500,9501.77161590809,1.33242980429807,1.46023310343958,0,-54.1346542744254,22.2272735714987,17,0,14626.0963690121,-14933.6668611604,1.46023310343958,1.5418159808907,1.45556685689784,0.0862491239928533,-58.1021418296888,-0.25408112543682,1.46023310343958,0,267.161443506003,60.6481711487664,7.17050776909429e-10,1,0.986451891829422,0,-0.00258645371086619,0.172498247985707,0,0,0
136.005,9497.65433579697,1.46089338122595,9500,9500.91501638637,1.35285352682848,1.46089338122595,0,-52.9434086258128,22.2036425535532,17,0,14625.8759718313,-14926.6525883558,1.46089338122595,1.5418159808907,1.45465476591971,0.0871612149709833,-57.8819364501658,-0.25524502960671,1.46089338122595,0,267.161443506003,60.6481711487664,7.19574807113312e-10,1,0.986367560480355,0,-0.00133482755162428,0.174322429941967,0,0,0
136.02,9496.86018466759,1.46171989087007,9500,9500.06997025312,1.37362631297889,1.46171989087007,0,-51.6580884033402,22.176490074957,17,0,14626.5113407858,-14919.9613899933,1.46171989087007,1.5418159808907,1.45394117489854,0.0878748059921552,-57.5400669626473,-0.255845702004941,1.46171989087007,0,267.161443506003,60.6481711487664,7.20267581166941e-10,1,0.986285084862223,0,-0.000101993415376533,0.17574961198431,0,0,0
136.035,9496.08531334154,1.46270740111478,9500,9499.23811419631,1.39469793575646,1.46270740111478,0,-50.283450095125,22.1459537474366,17,0,14627.9832581604,-14913.6012012513,1.46270740111478,1.5418159808907,1.45342447125773,0.0883915096329713,-57.0793097660898,-0.25589159904186,1.46270740111478,0,267.161443506003,60.6481711487664,7.19081615007711e-10,1,0.986204611525067,0,0.00110971939694382,0.176783019265943,0,0,0
136.05,9495.33106159011,1.46385043211541,9500,9498.42102644478,1.41601842515959,1.46385043211541,0,-48.8243540694099,22.112176901419,17,0,14630.2710262553,-14907.5790456575,1.46385043211541,1.5418159808907,1.45310264262172,0.0887133382689753,-56.5026891962766,-0.255392225313236,1.46385043211541,0,267.161443506003,60.6481711487664,7.15979278237513e-10,1,0.986126279609234,0,0.00229808398140752,0.177426676537951,0,0,0
136.065,9494.59869627907,1.46514330841256,9500,9497.62022342814,1.43753819684162,1.46514330841256,0,-47.2857277835977,22.0753072422592,17,0,14633.352717508,-14901.9010761571,1.46514330841256,1.5418159808907,1.45297327336896,0.0888427075217344,-55.8134719381592,-0.254358087521602,1.46514330841256,0,267.161443506003,60.6481711487664,7.10934142885641e-10,1,0.986050220683557,0,0.0034609794743985,0.177685415043469,0,0,0
136.08,9493.88941036232,1.46658019631339,9500,9496.83715689837,1.45920817155214,1.46658019631339,0,-45.6725398215387,22.0354958609261,17,0,14637.2053531119,-14896.5726064365,1.46658019631339,1.5418159808907,1.45303354980029,0.0887824310904066,-55.0151558639091,-0.252800646758123,1.46658019631339,0,267.161443506003,60.6481711487664,7.03928080889965e-10,1,0.98597655864084,0,0.00459639382615729,0.177564862180813,0,0,0
136.095,9493.20432226499,1.46815512746329,9500,9496.07321153672,1.48097988441749,1.46815512746329,0,-43.9897834376169,21.9928965586758,17,0,14641.8050178495,-14891.5981326639,1.46815512746329,1.5418159808907,1.45328027283622,0.0885357080544742,-54.1114541857989,-0.250732269536352,1.46815512746329,0,267.161443506003,60.6481711487664,6.94954367503182e-10,1,0.985905409633793,0,0.00570242574356805,0.177071416108948,0,0,0
136.11,9492.54447551343,1.46986201233899,9500,9495.32970302083,1.50280558432611,1.46986201233899,0,-42.2424670084925,21.9476654013425,17,0,14647.1269281137,-14886.981347816,1.46986201233899,1.5418159808907,1.45370987619068,0.0881061047000193,-53.1062763259056,-0.248166177951747,1.46986201233899,0,267.161443506003,60.6481711487664,6.84016973758952e-10,1,0.985836882036597,0,0.00677728584511006,0.176212209400039,0,0,0
136.125,9491.9108385083,1.47169464766972,9500,9494.60787649695,1.52463832447852,1.47169464766972,0,-40.4356086403054,21.8999604130012,17,0,14653.1454715603,-14882.7251513739,1.47169464766972,1.5418159808907,1.45431844784046,0.0874975330502326,-52.0037070447762,-0.245116399321447,1.47169464766972,0,267.161443506003,60.6481711487664,6.71129121664924e-10,1,0.985771076421349,0,0.00781929715765162,0.174995066100465,0,0,0
136.14,9491.30430437869,1.47364672162872,9500,9493.90890538921,1.54643204552129,1.47364672162872,0,-38.5742323247946,21.8499413230837,17,0,14659.834236206,-14878.8316573787,1.47364672162872,1.5418159808907,1.45510175272143,0.0867142281692652,-50.8079852148391,-0.241597715600504,1.47364672162872,0,267.161443506003,60.6481711487664,6.56315650847636e-10,1,0.985708085542905,0,0.00882689506359347,0.17342845633853,0,0,0
136.155,9490.72569089382,1.47571181964509,9500,9493.23389047983,1.5681416526985,1.47571181964509,0,-36.6633637327301,21.7977693039331,17,0,14667.1660422536,-14875.3022032664,1.47571181964509,1.5418159808907,1.45605525510256,0.0857607257881405,-49.5234832963769,-0.237625612821887,1.47571181964509,0,267.161443506003,60.6481711487664,6.39611715993641e-10,1,0.985647994329711,0,0.00979862685098265,0.171521451576281,0,0,0
136.17,9490.17574043783,1.47788343267161,9500,9492.58385920462,1.58972308822028,1.47788343267161,0,-34.7080244311151,21.7436066590626,17,0,14675.1129852654,-14872.1373612015,1.47788343267161,1.5418159808907,1.45717413963077,0.084641841259929,-48.1546881752988,-0.233216230738945,1.47788343267161,0,267.161443506003,60.6481711487664,6.21063094879022e-10,1,0.985590879881187,0,0.0107331509638473,0.169283682519858,0,0,0
136.185,9489.65512007137,1.48015496860783,9500,9491.95976512472,1.61113339968961,1.48015496860783,0,-32.7132240843249,21.6876164481398,17,0,14683.6464940174,-14869.3369527415,1.48015496860783,1.5418159808907,1.45845333062952,0.0833626502611751,-46.7061836436958,-0.228386312805213,1.48015496860783,0,267.161443506003,60.6481711487664,6.00727522174732e-10,1,0.98553681147412,0,0.0116292360119084,0.16672530052235,0,0,0
136.2,9489.1644217101,1.48251976669009,9500,9491.36248755108,1.63233080504301,1.48251976669009,0,-30.6839507944036,21.6299620545952,17,0,14692.7374022283,-14866.9000669012,1.48251976669009,1.5418159808907,1.45988750969107,0.0819284711996242,-45.1826345012123,-0.223153156599855,1.48251976669009,0,267.161443506003,60.6481711487664,5.78672349289159e-10,1,0.985485850581207,0,0.0124857596259913,0.163856942399248,0,0,0
136.215,9488.70416244818,1.4849711141563,9500,9490.79283131257,1.65327475412698,1.4849711141563,0,-28.6626835756006,21.5702254098909,17,0,14702.3488057923,-14865.030829787,1.4849711141563,1.5418159808907,1.46147113187381,0.0803448490168823,-43.5887720559418,-0.217534564768159,1.4849711141563,0,267.161443506003,60.6481711487664,5.36048798600489e-10,1,0.985438050904644,0,0.0133017071810915,0.160689698033765,0,0,0
136.23,9488.27422219455,1.48750226411772,9500,9490.251526668,1.67392598679354,1.48750226411772,0,-26.6427235933055,21.5087355162524,17,0,14712.4503363556,-14863.6607349721,1.48750226411772,1.5418159808907,1.46319844100885,0.0786175398818427,-41.9293807101227,-0.211548796536667,1.48750226411772,0,267.161443506003,60.6481711487664,4.80273861305269e-10,1,0.985393399972515,0,0.0140761703799179,0.157235079763685,0,0,0
136.245,9487.87458134065,1.49011334614859,9500,9489.7390834974,1.69425029148615,1.49011334614859,0,-24.5980795164305,21.4458996329034,17,0,14723.0472595043,-14862.6474296291,1.49011334614859,1.5418159808907,1.4650600383289,0.0767559425617976,-40.2114364012298,-0.205214519865704,1.49011334614859,0,267.161443506003,60.6481711487664,4.54141697266142e-10,1,0.985351895748399,0,0.0148085541044558,0.153511885123595,0,0,0
136.26,9487.5056101479,1.49280617785312,9500,9489.2558744572,1.71421655888515,1.49280617785312,0,-22.5279097538256,21.3816909322985,16,0,14734.1493860993,-14861.9958600888,1.49280617785312,1.5418159808907,1.46704554715014,0.0747704337405619,-38.4423955780359,-0.198550670518699,1.49280617785312,0,267.161443506003,60.6481711487664,9.52552307944084e-10,1,0.985313576685353,0,0.015498455396457,0.149540867481124,0,0,0
136.275,9487.1676915016,1.49557757425311,9500,9488.80227158314,1.73379341594054,1.49557757425311,0,-20.4346225836712,21.3161942872835,16,0,14745.743169773,-14861.7060541846,1.49557757425311,1.5418159808907,1.46914700141434,0.0726689794763526,-36.6280744818693,-0.191576365590294,1.49557757425311,0,267.161443506003,60.6481711487664,8.88258476091125e-10,1,0.985278482547473,0,0.0161454672020953,0.145337958952705,0,0,0
136.29,9486.86117216284,1.4984202401618,9500,9488.37864972276,1.75294913917298,1.4984202401618,0,-18.3232450160303,21.2495849833641,16,0,14757.7956606781,-14861.7734897179,1.4984202401618,1.5418159808907,1.47135839858047,0.0704575823102256,-34.7729613415918,-0.184310905349351,1.4984202401618,0,267.161443506003,60.6481711487664,8.21307585273701e-10,1,0.98524664934722,0,0.0167491730209495,0.140915164620451,0,0,0
136.305,9486.5863234876,1.50132410200781,9500,9487.98537644464,1.77165190880862,1.50132410200781,0,-16.2005353118606,21.18209794236,16,0,14770.2606519795,-14862.190203057,1.50132410200781,1.5418159808907,1.47367503158718,0.0681409493035161,-32.8806589331957,-0.176773777489923,1.50132410200781,0,267.161443506003,60.6481711487664,7.51872933289524e-10,1,0.985218105265943,0,0.0173091608670353,0.136281898607032,0,0,0
136.32,9486.34331545792,1.50427772304034,9500,9487.62279438266,1.78987026258743,1.50427772304034,0,-14.0739774073503,21.1139955439282,16,0,14783.0855811931,-14862.9459844284,1.50427772304034,1.5418159808907,1.476092782266,0.0657231986247011,-30.9543408038717,-0.168984655099758,1.50427772304034,0,267.161443506003,60.6481711487664,6.80257348412668e-10,1,0.985192867956926,0,0.0178250479359305,0.131446397249402,0,0,0
136.335,9486.13220579681,1.50726954076965,9500,9487.29120142583,1.80757361752272,1.50726954076965,0,-11.9511679648014,21.0455398651038,16,0,14796.2161696845,-14864.029540798,1.50726954076965,1.5418159808907,1.47860750918693,0.0632084717037704,-28.9971383502074,-0.160963383528589,1.50726954076965,0,267.161443506003,60.6481711487664,6.06841606596699e-10,1,0.985170943414922,0,0.0182965082630699,0.126416943407541,0,0,0
136.35,9485.95293827734,1.5102887587296,9500,9486.99083322112,1.82473274778095,1.5102887587296,0,-9.83904567972985,20.9769729509036,16,0,14809.6016793972,-14865.4293816807,1.5102887587296,1.5418159808907,1.48121461456614,0.060601366324553,-27.0124081653529,-0.152729954810207,1.5102887587296,0,267.161443506003,60.6481711487664,5.32056026914535e-10,1,0.985152325800551,0,0.0187232970436497,0.121202732649106,0,0,0
136.365,9485.80535259214,1.51332588172666,9500,9486.72184977275,1.84132017166123,1.51332588172666,0,-7.74361501561008,20.908505282383,16,0,14823.1971018802,-14867.134443139,1.51332588172666,1.5418159808907,1.48390879490243,0.0579071859882636,-25.0038798415396,-0.144304471140565,1.51332588172666,0,267.161443506003,60.6481711487664,4.56332454103657e-10,1,0.985136998465283,0,0.019105269134746,0.115814371976527,0,0,0
136.38,9485.68919836691,1.51637287505817,9500,9486.48432807218,1.85731039547995,1.51637287505817,0,-5.66985866865816,20.8403126863058,15,0,14836.9639490083,-14869.1343841657,1.51637287505817,1.5418159808907,1.486683983792,0.0551319970987001,-22.9756821450586,-0.135707100029929,1.51637287505817,0,267.161443506003,60.6481711487664,8.45698667981131e-10,1,0.985124935406791,0,0.0194423890230073,0.1102639941974,0,0,0
136.395,9485.60415048688,1.51942304451698,9500,9486.27826026994,1.87268002225522,1.51942304451698,0,-3.62182165875479,20.772539431617,15,0,14850.8697048586,-14871.4195176432,1.51942304451698,1.5418159808907,1.48953343659277,0.0522825442979296,-20.9322816788555,-0.126958024969576,1.51942304451698,0,267.161443506003,60.6481711487664,6.75591800378353e-10,1,0.985116102860672,0,0.0197347330543487,0.104565088595859,0,0,0
136.41,9485.549823162,1.52247074220533,9500,9486.10355629329,1.88740774886474,1.52247074220533,0,-1.6028247465666,20.7053050779062,15,0,14864.8865566287,-14873.9807536726,1.52247074220533,1.5418159808907,1.49244990268582,0.0493660782048781,-18.8783695516184,-0.118077395095119,1.52247074220533,0,267.161443506003,60.6481711487664,5.05959503885587e-10,1,0.985110460761158,0,0.0199824854365656,0.0987321564097563,0,0,0
136.425,9485.5257807908,1.52551099982647,9500,9485.96004943065,1.90147428590259,1.52551099982647,0,0.384298017892406,20.6387128196534,14,0,14878.9896683166,-14876.8092221714,1.52551099982647,1.5418159808907,1.49542583309848,0.0463901477922199,-16.8187293658703,-0.109085276648665,1.52551099982647,0,267.161443506003,60.6481711487664,7.50510196541844e-10,1,0.985107963869379,0,0.0201859301856924,0.0927802955844399,0,0,0
136.44,9485.53154526107,1.52853917694541,9500,9485.84750328428,1.91486223860291,1.52853917694541,0,2.33695528102704,20.5728573571704,13,0,14893.1556173477,-14879.8960948068,1.52853917694541,1.5418159808907,1.49845357883079,0.0433624020599077,-14.758114230162,-0.100001608065103,1.52853917694541,0,267.161443506003,60.6481711487664,8.43827550067142e-10,1,0.985108562531562,0,0.0203454412569453,0.0867248041198154,0,0,0
136.455,9485.56659959029,1.53155067965694,9500,9485.76561881309,1.92755598025885,1.53155067965694,0,4.25263304291258,20.5078311593966,10,0,14907.3609855586,-14883.2321147441,1.53155067965694,1.5418159808907,1.50152555175784,0.0402904291328596,-12.7011496461407,-0.0908461594994776,1.53155067965694,0,267.161443506003,60.6481711487664,3.32731614306244e-10,1,0.985112203057103,0,0.0204614726474428,0.0805808582657193,0,0,0
136.47,9485.63038908593,1.53454078037278,9500,9485.71404049376,1.93954154275105,1.53454078037278,0,6.12875143084994,20.4437282971947,13,0,14921.5816578612,-14886.8077085188,1.53454078037278,1.5418159808907,1.50463433274559,0.0371816481451039,-10.6522708800676,-0.0816384968081284,1.53454078037278,0,267.161443506003,60.6481711487664,7.70846243623803e-10,1,0.985118827839073,0,0.0205345498561778,0.0743632962902079,0,0,0
136.485,9485.72232035739,1.53750453748749,9500,9485.69236118578,1.95080653536619,1.53750453748749,0,7.96263021604647,20.3806463353999,14,0,14935.7923572508,-14890.6127172495,1.53750453748749,1.5418159808907,1.50777272790588,0.0340432529848198,-8.61569329949224,-0.0723979493728484,1.53750453748749,0,267.161443506003,60.6481711487664,6.99691839414687e-10,1,0.985128375251599,0,0.0205652632429307,0.0680865059696396,0,0,0
136.5,9485.84175981063,1.5404368053674,9500,9485.70012547959,1.96134009848733,1.5404368053674,0,9.75150007215136,20.3186859199689,15,0,14949.9666606051,-14894.6363491119,1.5404368053674,1.5418159808907,1.51093377819558,0.030882202695115,-6.59541164090309,-0.0631435809135295,1.5404368053674,0,267.161443506003,60.6481711487664,4.69739586366219e-10,1,0.985140779493526,0,0.0205542636109559,0.06176440539023,0,0,0
136.515,9485.98803231172,1.5433323043956,9500,9485.73683178691,1.97113288671468,1.5433323043956,0,11.4925309360714,20.2579492954973,15,0,14964.0774203345,-14898.8674406146,1.5433323043956,1.5418159808907,1.51411073799395,0.0277052428967495,-4.5952179882595,-0.0538941622885994,1.5433323043956,0,267.161443506003,60.6481711487664,6.20807042549275e-10,1,0.985155970449625,0,0.0205022596403737,0.0554104857934989,0,0,0
136.53,9486.16042027576,1.54618572168921,9500,9485.80193354292,1.98017707297066,1.54618572168921,0,13.1829152476218,20.1985381327409,15,0,14978.0971345671,-14903.2943549873,1.54618572168921,1.5418159808907,1.51729703776623,0.0245189431244699,-2.61872887096279,-0.0446681454504312,1.54618572168921,0,267.161443506003,60.6481711487664,7.67336505699669e-10,1,0.985173873595974,0,0.0204100165850054,0.0490378862489398,0,0,0
136.545,9486.35816400447,1.54899182034899,9500,9485.89483986082,1.98846636561111,1.54899182034899,0,14.8199307561572,20.1405512030678,15,0,14991.9984975556,-14907.9051766436,1.54899182034899,1.5418159808907,1.52048624216796,0.0213297387227369,-0.66941444422303,-0.0354836379871788,1.54899182034899,0,267.161443506003,60.6481711487664,9.0891456465136e-10,1,0.985194410035014,0,0.0202783558409632,0.0426594774454738,0,0,0
136.56,9486.58046296581,1.55174553349321,9500,9486.0149161042,1.9959960271317,1.55174553349321,0,16.4009996504854,20.0840824258088,16,0,15005.7548445469,-14912.6878208569,1.55174553349321,1.5418159808907,1.52367201566007,0.0181439652306266,1.24937757379908,-0.0263583778587454,1.55174553349321,0,267.161443506003,60.6481711487664,4.69610868707582e-10,1,0.985217496628445,0,0.0201081546304447,0.0362879304612531,0,0,0
136.575,9486.82647796057,1.55444203327999,9500,9486.16148464272,2.00276288779058,1.55444203327999,0,17.9237393144738,20.0292194946789,16,0,15019.3404365452,-14917.6300307208,1.55444203327999,1.5418159808907,1.52684810055853,0.0149678803321691,3.134405962668,-0.0173097082750453,1.55444203327999,0,267.161443506003,60.6481711487664,5.28103743434467e-10,1,0.985243046222233,0,0.0199003454986504,0.0299357606643382,0,0,0
136.59,9487.09533405029,1.55707677117072,9500,9486.33382597346,2.00876534937856,1.55707677117072,0,19.3870586548715,19.9760431207486,16,0,15032.7368723284,-14922.7195678205,1.55707677117072,1.5418159808907,1.53000830935036,0.0118076715403395,4.98252897842369,-0.00835455280065261,1.55707677117072,0,267.161443506003,60.6481711487664,5.83846311252366e-10,1,0.985270967950689,0,0.0196559152962141,0.0236153430806789,0,0,0
136.605,9487.38613993011,1.55964548989398,9500,9486.53118031042,2.01400337625924,1.55964548989398,0,20.7542947143383,19.9241784271404,16,0,15045.7447614201,-14927.9650820705,1.55964548989398,1.5418159808907,1.53314653093038,0.0086694499603186,6.79070578961274,0.000490609082643749,1.55964548989398,0,267.161443506003,60.6481711487664,6.29619440370147e-10,1,0.985301169248411,0,0.0193759035547922,0.0173388999206372,0,0,0
136.62,9487.69745435083,1.56214400714818,9500,9486.75275378286,2.01847836818181,1.56214400714818,0,21.9853285680046,19.8730936349443,16,0,15058.146968273,-14933.3771337451,1.56214400714818,1.5418159808907,1.5362568506031,0.00555913028759258,8.55606555958311,0.00920976568230026,1.56214400714818,0,267.161443506003,60.6481711487664,6.7637862381163e-10,1,0.985333500436181,0,0.0190613943341051,0.0111182605751852,0,0,0
136.635,9488.02723427935,1.5645749894877,9500,9486.9975847438,2.0221965807974,1.5645749894877,0,23.1603176229768,19.8238112994372,16,0,15070.331049269,-14938.8884178345,1.5645749894877,1.5418159808907,1.53933017315852,0.0024858077321781,10.2738983472264,0.0177873931326476,1.5645749894877,0,267.161443506003,60.6481711487664,7.18829843780043e-10,1,0.985367749337234,0,0.0187137067860956,0.0049716154643562,0,0,0
136.65,9488.37463904369,1.5669524100651,9500,9487.26443129156,2.02517210776341,1.5669524100651,0,24.288312371921,19.7760075133642,16,0,15082.3551302167,-14944.5057001023,1.5669524100651,1.5418159808907,1.54235204689669,-0.000536066005994096,11.9364032382428,0.0262085611863906,1.5669524100651,0,267.161443506003,60.6481711487664,7.58077100469915e-10,1,0.985403828644586,0,0.0183345562024726,-0.00107213201198819,0,0,0
136.665,9488.73896372927,1.56928048427583,9500,9487.55215550812,2.02741733360801,1.56928048427583,0,25.3724122084366,19.72957569518,16,0,15094.2348384142,-14950.227020739,1.56928048427583,1.5418159808907,1.54531328493688,-0.00349730404618631,13.5390382819845,0.0344591114775033,1.56928048427583,0,267.161443506003,60.6481711487664,7.94739717788116e-10,1,0.985441665150173,0,0.017925509417533,-0.00699460809237262,0,0,0
136.68,9489.1195499124,1.57155539944407,9500,9487.85973169373,2.02894264663474,1.57155539944407,0,26.4108742390123,19.6845860073987,16,0,15105.9505726567,-14956.0426773722,1.57155539944407,1.5418159808907,1.54820906697171,-0.00639308608101019,15.0799210429623,0.0425255907153931,1.57155539944407,0,267.161443506003,60.6481711487664,8.29164623360021e-10,1,0.985481190474188,0,0.0174879733973623,-0.0127861721620204,0,0,0
136.695,9489.51571302598,1.57376790296713,9500,9488.18622933283,2.02975678732085,1.57376790296713,0,27.398722888218,19.6412266745643,16,0,15117.4586245835,-14961.93721623,1.57376790296713,1.5418159808907,1.55103760922458,-0.00922162833388529,16.5589891233389,0.0503951787442062,1.57376790296713,0,267.161443506003,60.6481711487664,8.61453130110832e-10,1,0.985522333521732,0,0.0170232196575051,-0.0184432566677706,0,0,0
136.71,9489.9266938693,1.57590605832714,9500,9488.53078165045,2.02986757540476,1.57590605832714,0,28.329440415588,19.5997425099215,16,0,15128.7031354459,-14967.8917975859,1.57590605832714,1.5418159808907,1.55379875596752,-0.0119827750768211,17.9771338861281,0.0580556275900834,1.57590605832714,0,267.161443506003,60.6481711487664,8.91516102203018e-10,1,0.985565015446922,0,0.0165324291670077,-0.0239655501536422,0,0,0
136.725,9490.35163547554,1.57795765679639,9500,9488.89254975087,2.02928277274338,1.57795765679639,0,29.1964304497586,19.5603818198757,16,0,15139.6266349777,-14973.886429338,1.57795765679639,1.5418159808907,1.55649275329547,-0.0146767724047734,19.3354606493762,0.0654952207152369,1.57795765679639,0,267.161443506003,60.6481711487664,9.19154813609104e-10,1,0.985609147250488,0,0.0160167436864238,-0.0293535448095468,0,0,0
136.74,9490.78958193228,1.57991198356906,9500,9489.27069005499,2.02801088929404,1.57991198356906,0,29.9940767545962,19.5233580794481,16,0,15150.1778213207,-14979.9017369748,1.57991198356906,1.5418159808907,1.55911935723858,-0.017303376347882,20.6347611721369,0.0727027553741276,1.57991198356906,0,267.161443506003,60.6481711487664,9.44133214471008e-10,1,0.985654629657289,0,0.0154773125538301,-0.0346067526957641,0,0,0
136.755,9491.2394930836,1.58176083547924,9500,9489.66432987114,2.02606180698146,1.58176083547924,0,30.718340525319,19.4888283588183,16,0,15160.3161054787,-14985.9201158393,1.58176083547924,1.5418159808907,1.5616773266081,-0.0198613457174055,21.8752227649642,0.0796675460233512,1.58176083547924,0,267.161443506003,60.6481711487664,9.66237192330946e-10,1,0.985701354643172,0,0.0149153280272556,-0.039722691434811,0,0,0
136.77,9491.70026819148,1.58349884406188,9500,9490.07255310719,2.02344716435762,1.58349884406188,0,31.3669340759272,19.4568870638388,16,0,15170.0131305218,-14991.9262617685,1.58349884406188,1.5418159808907,1.56416427112291,-0.0223482902322143,23.0563512956458,0.0863794436356162,1.58349884406188,0,267.161443506003,60.6481711487664,9.85313929596123e-10,1,0.985749207892303,0,0.0143320463166663,-0.0446965804644286,0,0,0
136.785,9492.17077220262,1.58512325838472,9500,9490.49439581772,2.020180502227,1.58512325838472,0,31.9391705087556,19.4275714183815,17,0,15179.2519097206,-14997.9071597207,1.58512325838472,1.5418159808907,1.56657677438275,-0.0247607934920482,24.1770562596197,0.092828864478116,1.58512325838472,0,267.161443506003,60.6481711487664,4.46658271122171e-10,1,0.985798071525075,0,0.0137287946343347,-0.0495215869840964,0,0,0
136.8,9492.64985976025,1.58663338671359,9500,9490.92884971258,2.01627721044087,1.58663338671359,0,32.4356017281878,19.4008741941812,17,0,15188.0245105383,-15003.8518200889,1.58663338671359,1.5418159808907,1.56891068901103,-0.0270947081203359,25.2358344362046,0.0990068220635666,1.58663338671359,0,267.161443506003,60.6481711487664,4.52136095839662e-10,1,0.985847826591829,0,0.0131069668932065,-0.0541894162406718,0,0,0
136.815,9493.13639378618,1.588029893518,9500,9491.37487097906,2.01175433712484,1.588029893518,0,32.8575925068352,19.3767594210867,17,0,15196.3289649536,-15009.7506050064,1.588029893518,1.5418159808907,1.5711615031598,-0.0293455222691053,26.2309912789932,0.10490495716551,1.588029893518,0,267.161443506003,60.6481711487664,4.56249666938712e-10,1,0.985898355002663,0,0.0124680117365812,-0.0586910445382105,0,0,0
136.83,9493.62925767378,1.58931411558777,9500,9491.83139163356,2.00663032705897,1.58931411558777,0,33.2068932297298,19.3551774364738,17,0,15204.1663526835,-15015.5947358291,1.58931411558777,1.5418159808907,1.57332469476565,-0.031508713874951,27.1608506346189,0.110515562446971,1.58931411558777,0,267.161443506003,60.6481711487664,4.59058630629653e-10,1,0.98594954079373,0,0.0118134168886868,-0.063017427749902,0,0,0
136.845,9494.12736107222,1.59048750506338,9500,9492.29733109121,2.00092474600655,1.59048750506338,0,33.485303094606,19.3360770364753,17,0,15211.538360297,-15021.3757636654,1.59048750506338,1.5418159808907,1.5753960188278,-0.0335800379370996,28.0239212876566,0.11583160004688,1.59048750506338,0,267.161443506003,60.6481711487664,4.60632012941496e-10,1,0.986001270727946,0,0.0111446930645893,-0.0671600758741993,0,0,0
136.86,9494.62964061864,1.59155125690488,9500,9492.77160623616,1.99465803444088,1.59155125690488,0,33.694446258937,19.3194135135131,17,0,15218.44564329,-15027.0852021319,1.59155125690488,1.5418159808907,1.57737169884658,-0.0355557179558803,28.8190045550856,0.120846711925945,1.59155125690488,0,267.161443506003,60.6481711487664,4.61042624388863e-10,1,0.986053434371027,0,0.0104633599135933,-0.0711114359117606,0,0,0
136.875,9495.13505731253,1.59250612795533,9500,9493.25313907181,1.98785131517475,1.59250612795533,0,33.8356655865144,19.3051524864658,17,0,15224.8870181048,-15032.7143226478,1.59250612795533,1.5418159808907,1.57924851930191,-0.0374325384112155,29.5452423929299,0.125555223887062,1.59250612795533,0,267.161443506003,60.6481711487664,4.60361619949669e-10,1,0.986105923818816,0,0.00977093531870077,-0.074865076822431,0,0,0
136.89,9495.64259229632,1.5933524203739,9500,9493.74086170787,1.98052626287904,1.5933524203739,0,33.9100161856646,19.29327016019,17,0,15230.8593714371,-15038.2541004806,1.5933524203739,1.5418159808907,1.58102383353933,-0.0392078526486352,30.2021155899492,0.129952144780478,1.5933524203739,0,267.161443506003,60.6481711487664,4.58656587733133e-10,1,0.986158633259076,0,0.00906892843391804,-0.0784157052972705,0,0,0
136.905,9496.15124253911,1.5940900823841,9500,9494.2337189615,1.97270503045012,1.5940900823841,0,33.9183292769791,19.2837510647892,17,0,15236.3580858484,-15043.6952776627,1.5940900823841,1.5418159808907,1.58269551143187,-0.0408795305411693,30.789407175902,0.134033162575741,1.5940900823841,0,267.161443506003,60.6481711487664,4.55986268414033e-10,1,0.986211458523228,0,0.00835883607028221,-0.0817590610823387,0,0,0
136.92,9496.66001747827,1.59471887336691,9500,9494.73066916568,1.96441021895169,1.59471887336691,0,33.8613137636064,19.27658443676,17,0,15241.3777528749,-15049.0284991275,1.59471887336691,1.5418159808907,1.58426185405628,-0.0424458731655781,31.3071474867376,0.137794638807368,1.59471887336691,0,267.161443506003,60.6481711487664,4.52405252268637e-10,1,0.986264296737573,0,0.00764214159329235,-0.0848917463311563,0,0,0
136.935,9497.16793718472,1.59523854524344,9500,9495.23068389774,1.95566487437167,1.59523854524344,0,33.7396662410303,19.271760284186,17,0,15245.9129644581,-15054.2444790256,1.59523854524344,1.5418159808907,1.5857214999765,-0.043905519085802,31.7555554573484,0.141233602524349,1.59523854524344,0,267.161443506003,60.6481711487664,4.47962220946049e-10,1,0.986317046132746,0,0.00692031534519644,-0.087811038171604,0,0,0
136.95,9497.67403217833,1.59564900362824,9500,9495.73274730273,1.94649249487092,1.59564900362824,0,33.5541656449493,19.2692659148246,16,0,15249.959034017,-15059.3341837377,1.59564900362824,1.5418159808907,1.58707334173677,-0.0452573608460729,32.1349869258253,0.144347744429688,1.59564900362824,0,267.161443506003,60.6481711487664,9.99461566174107e-10,1,0.986369606024544,0,0.00619481559765966,-0.0905147216921458,0,0,0
136.965,9498.17734466301,1.59595042672534,9500,9496.2358555443,1.93691703530177,1.59595042672534,0,33.3057505298843,19.2690834186942,16,0,15253.5124797599,-15064.2888756226,1.59595042672534,1.5418159808907,1.58831646369769,-0.0465004828069957,32.4458962529142,0.147135411448635,1.59595042672534,0,267.161443506003,60.6481711487664,9.86494340198634e-10,1,0.986421876942195,0,0.00546708928440953,-0.0930009656139914,0,0,0
136.98,9498.67693092096,1.5961433340259,9500,9496.73901671803,1.92696290039566,1.5961433340259,0,32.9955469461898,19.2711881997985,16,0,15256.5714081793,-15069.1003374914,1.5961433340259,1.5418159808907,1.58945010513641,-0.0476341242457092,32.688813250372,0.149595601626619,1.5961433340259,0,267.161443506003,60.6481711487664,9.71867975623054e-10,1,0.986473760877015,0,0.00473857204541162,-0.0952682484914185,0,0,0
136.995,9499.17186412515,1.59622860604729,9500,9497.24125140765,1.91665492168856,1.59622860604729,0,32.6248850454789,19.275548606196,16,0,15259.1355675221,-15073.7608310686,1.59622860604729,1.5418159808907,1.59047364783593,-0.0486576669452294,32.8643346942369,0.151727959047054,1.59622860604729,0,267.161443506003,60.6481711487664,9.55672160178568e-10,1,0.986525161574489,0,0.00401068727715792,-0.0973153338904589,0,0,0
137.01,9499.66123740083,1.59620746796586,9500,9497.74159382605,1.90601831918071,1.59620746796586,0,32.1952846509152,19.2821263103132,16,0,15261.206301751,-15078.2631322947,1.59620746796586,1.5418159808907,1.591386621514,-0.0495706406233072,32.9731263380702,0.153532768321775,1.59620746796586,0,267.161443506003,60.6481711487664,9.38005259019535e-10,1,0.986575984852219,0,0.0032848443203215,-0.0991412812466144,0,0,0
137.025,9500.1441666706,1.59608144862813,9500,9498.239093454,1.8950786495012,1.59608144862813,0,31.708428133473,19.2908772132682,16,0,15262.7863835362,-15082.6005178613,1.59608144862813,1.5418159808907,1.59218872115494,-0.0503727402642447,33.0159318207319,0.15501094826592,1.59608144862813,0,267.161443506003,60.6481711487664,9.18966686526689e-10,1,0.986626138895403,0,0.00256243585111626,-0.100745480528489,0,0,0
137.04,9500.6197930926,1.59585232897472,9500,9498.73281699149,1.88386174490458,1.59585232897472,0,31.1661273139472,19.3017525653868,16,0,15263.8797989043,-15086.7667374505,1.59585232897472,1.5418159808907,1.59287982904815,-0.0510638481574512,32.9935842140462,0.156164044398922,1.59585232897472,0,267.161443506003,60.6481711487664,8.98657778784434e-10,1,0.986675534510045,0,0.00184483481148168,-0.102127696314902,0,0,0
137.055,9501.08728500231,1.59552209114742,9500,9499.22185043529,1.87239364759958,1.59552209114742,0,30.5702912131158,19.3147000609059,16,0,15264.4915327582,-15090.7559821356,1.59552209114742,1.5418159808907,1.59346003579438,-0.0516440549036834,32.9070168769628,0.156994220064089,1.59552209114742,0,267.161443506003,60.6481711487664,8.77179300128674e-10,1,0.986724085324616,0,0.00113339107408938,-0.103288109807367,0,0,0
137.07,9501.5458393705,1.5950928758924,9500,9499.70530112127,1.86070054341345,1.5950928758924,0,29.9228991946135,19.3296647448105,16,0,15264.627388839,-15094.5628566796,1.5950928758924,1.5418159808907,1.59392965641356,-0.0521136755228642,32.7572713897159,0.157504246047429,1.5950928758924,0,267.161443506003,60.6481711487664,8.54629392935777e-10,1,0.986771707941477,0,0.000429428150379163,-0.104227351045728,0,0,0
137.085,9501.99468285842,1.5945669522344,9500,9500.18229961529,1.84880869777018,1.5945669522344,0,29.2259818062848,19.3465896484812,16,0,15264.2938619795,-15098.1823604643,1.5945669522344,1.5418159808907,1.59428923957639,-0.0524732586856971,32.5455014997809,0.1576974887151,1.5945669522344,0,267.161443506003,60.6481711487664,8.31103432894731e-10,1,0.986818322046451,0,-0.00026575993167266,-0.104946517371394,0,0,0
137.1,9502.43307258552,1.59394669993274,9500,9500.65200138754,1.83674439575073,1.59394669993274,0,28.4816095249634,19.3654161452821,16,0,15263.4980654118,-15101.6098786249,1.59394669993274,1.5418159808907,1.5945395697426,-0.0527235888519035,32.2729730009276,0.157577896745847,1.59394669993274,0,267.161443506003,60.6481711487664,8.0669330038409e-10,1,0.986863850488566,0,-0.000950911460084747,-0.105447177703807,0,0,0
137.115,9502.86029672839,1.59323460289483,9500,9501.11358825188,1.82453388686379,1.59323460289483,0,27.6918882066475,19.3860840670352,16,0,15262.2477056065,-15104.841182661,1.59323460289483,1.5418159808907,1.59468166318303,-0.0528656822923368,31.9410601743676,0.157149986588809,1.59323460289483,0,267.161443506003,60.6481711487664,7.81485044809157e-10,1,0.986908219342252,0,-0.00162479954673578,-0.105731364584674,0,0,0
137.13,9503.27567505149,1.59243325037187,9500,9501.56626958743,1.81220333426775,1.59243325037187,0,26.8589592561408,19.4085316508956,16,0,15260.5510911124,-15107.8724382647,1.59243325037187,1.5418159808907,1.5947167595465,-0.0529007786558005,31.5512398052993,0.156418826792778,1.59243325037187,0,267.161443506003,60.6481711487664,7.55561962294576e-10,1,0.986951357962457,0,-0.00228623433264419,-0.105801557311601,0,0,0
137.145,9503.67855944033,1.59154534226524,9500,9502.00928338101,1.79977876762359,1.59154534226524,0,25.9850022562784,19.4326953963494,16,0,15258.4171595233,-15110.700217329,1.59154534226524,1.5418159808907,1.59464631087497,-0.0528303299842747,31.1050838824667,0.155390021343088,1.59154534226524,0,267.161443506003,60.6481711487664,7.29000945577223e-10,1,0.986993199040025,0,-0.00293406495258686,-0.105660659968549,0,0,0
137.16,9504.06833447418,1.59057369537354,9500,9502.44189713773,1.787286038517,1.59057369537354,0,25.0722381294956,19.4585099009139,16,0,15255.8555087647,-15113.3215112803,1.59057369537354,1.5418159808907,1.59447196970649,-0.0526559888157903,30.6042519665208,0.154069692114424,1.59057369537354,0,267.161443506003,60.6481711487664,7.01874246397311e-10,1,0.987033678661169,0,-0.00356718128705635,-0.105311977631581,0,0,0
137.175,9504.44441804612,1.58952124803755,9500,9502.86340870394,1.77475077742173,1.58952124803755,0,24.1229313037344,19.4859077294274,16,0,15252.8764215171,-15115.7337432378,1.58952124803755,1.5418159808907,1.5941955775849,-0.0523795966941978,30.0504839549209,0.152464460535248,1.58952124803755,0,267.161443506003,60.6481711487664,6.74252551603862e-10,1,0.98707273637187,0,-0.00418451561511723,-0.104759193388396,0,0,0
137.19,9504.80626201568,1.58839106177632,9500,9503.27314703758,1.76219835138017,1.58839106177632,0,23.1393900555594,19.514819347261,16,0,15249.4908764946,-15117.934777423,1.58839106177632,1.5418159808907,1.59381915470211,-0.0520031738114137,29.4455936722638,0.150581428508446,1.58839106177632,0,267.161443506003,60.6481711487664,6.46199289096828e-10,1,0.987110315245654,0,-0.00478504415729319,-0.104006347622827,0,0,0
137.205,9505.15335286651,1.58718631939417,9500,9503.67047294809,1.7496538218819,1.58718631939417,0,22.1239647441955,19.5451731287084,16,0,15245.7105441507,-15119.9229250211,1.58718631939417,1.5418159808907,1.59334489095779,-0.0515289100670937,28.7914634279994,0.148428158637664,1.58718631939417,0,267.161443506003,60.6481711487664,6.17775604755753e-10,1,0.987146361951893,0,-0.00536778858136033,-0.103057820134187,0,0,0
137.22,9505.48521233767,1.58591031975547,9500,9504.05477981495,1.73714190272777,1.58591031975547,0,21.0790440813182,19.576895436411,16,0,15241.5477675149,-15121.6969463767,1.58591031975547,1.5418159808907,1.59277513834634,-0.0509591574556407,28.0900394640817,0.146012653776052,1.58591031975547,0,267.161443506003,60.6481711487664,5.8904036810833e-10,1,0.987180826821367,0,-0.00593181746482063,-0.101918314911281,0,0,0
137.235,9505.80139799889,1.5845664699641,9500,9504.42549428362,1.72468691792943,1.5845664699641,0,20.0070499046256,19.609910756086,16,0,15237.0155312675,-15123.2560499731,1.5845664699641,1.5418159808907,1.59211240431244,-0.0502964234217378,27.3433280760676,0.143343335916882,1.5845664699641,0,267.161443506003,60.6481711487664,5.60046964935991e-10,1,0.987213663906009,0,-0.00647624769798583,-0.100592846843476,0,0,0
137.25,9506.10150374746,1.58315827588445,9500,9504.78207693023,1.71231275988155,1.58315827588445,0,18.9104310333276,19.6441418665739,16,0,15232.1274230647,-15124.5998889179,1.58315827588445,1.5418159808907,1.59135934562021,-0.0495433647295174,26.5533921307725,0.140429024452789,1.58315827588445,0,267.161443506003,60.6481711487664,5.30847394616673e-10,1,0.987244831030504,0,-0.00700024583858871,-0.0990867294590347,0,0,0
137.265,9506.38516021296,1.58168933185493,9500,9505.12402288275,1.70004284813923,1.58168933185493,0,17.7916567286875,19.6795100271031,16,0,15226.8975908066,-15125.7285556526,1.58168933185493,1.5418159808907,1.59051876232129,-0.0487027814305938,25.7223477132871,0.137278913825424,1.58168933185493,0,267.161443506003,60.6481711487664,5.01489501210077e-10,1,0.987274289834331,0,-0.00750302936538194,-0.0974055628611876,0,0,0
137.28,9506.65203506389,1.58016331043758,9500,9505.45086238609,1.68790008915433,1.58016331043758,0,16.6491773086236,19.7158782122837,16,0,15221.3204390155,-15126.645248497,1.58016331043758,1.5418159808907,1.58959359142276,-0.0477776105320593,24.8523606882342,0.133902550611002,1.58016331043758,0,267.161443506003,60.6481711487664,4.77155791913997e-10,1,0.987302005803596,0,-0.00798386785380556,-0.0955552210641186,0,0,0
137.295,9506.90177272352,1.57858395261622,9500,9505.7621613002,1.67590683728894,1.57858395261622,0,15.4037500705509,19.7520086272944,16,0,15214.9999933886,-15127.4045971593,1.57858395261622,1.5418159808907,1.58858690006633,-0.0467709191756316,23.9456430339602,0.130309810076789,1.57858395261622,0,267.161443506003,60.6481711487664,4.46433133294668e-10,1,0.987327942010304,0,-0.00844208399931601,-0.0935418383512632,0,0,0
137.31,9507.13282897458,1.57695585355461,9500,9506.0575058457,1.66408525547262,1.57695585355461,0,14.1438858933211,19.7889774934046,15,0,15208.3739064286,-15127.9409342875,1.57695585355461,1.5418159808907,1.58750148069729,-0.0456854998065901,23.0042176918655,0.126510872277097,1.57695585355461,0,267.161443506003,60.6481711487664,9.47017922208381e-10,1,0.98735193808161,0,-0.00887703144003948,-0.0913709996131802,0,0,0
137.325,9507.34498726298,1.5753001856526,9500,9506.33618927609,1.65246525655796,1.5753001856526,0,12.883443383683,19.8263391895898,15,0,15201.5398967366,-15128.2731314856,1.5753001856526,1.5418159808907,1.58633198257428,-0.0445160016835859,22.0253398572218,0.122516208129079,1.5753001856526,0,267.161443506003,60.6481711487664,8.73157444124464e-10,1,0.98737397152755,0,-0.00928763320620973,-0.0890320033671719,0,0,0
137.34,9507.53823891373,1.57363016202783,9500,9506.59763188436,1.64107405742447,1.57363016202783,0,11.630957294283,19.8638168292495,15,0,15194.559473728,-15128.4141184931,1.57363016202783,1.5418159808907,1.58507727691527,-0.0432612960245764,21.0087452764124,0.118336773186285,1.57363016202783,0,267.161443506003,60.6481711487664,7.99592550983062e-10,1,0.987394041447193,0,-0.00967300016283024,-0.0865225920491528,0,0,0
137.355,9507.71270327315,1.57195169577076,9500,9506.84140195361,1.62993555168109,1.57195169577076,0,10.39013081157,19.9012881541726,15,0,15187.4606974439,-15128.3708489169,1.57195169577076,1.5418159808907,1.58374008500717,-0.0419241041164744,19.956410501171,0.113983923113011,1.57195169577076,0,267.161443506003,60.6481711487664,7.27079286540399e-10,1,0.987412160235106,0,-0.0100324625338217,-0.0838482082329488,0,0,0
137.37,9507.86855523532,1.57026519536135,9500,9507.06721058184,1.6190703300912,1.57026519536135,0,9.16106375985762,19.9387474650693,15,0,15180.2462137117,-15128.1453544217,1.57026519536135,1.5418159808907,1.58232603114177,-0.0405100502510687,18.8719809081918,0.109469314972792,1.57026519536135,0,267.161443506003,60.6481711487664,6.5599345291957e-10,1,0.987428346054709,0,-0.0103655628469959,-0.0810201005021374,0,0,0
137.385,9508.00597119172,1.56856782991059,9500,9507.27488906559,1.60849614778013,1.56856782991059,0,7.9441765952092,19.9762576248762,15,0,15172.9172915753,-15127.7364676197,1.56856782991059,1.5418159808907,1.58084246222657,-0.0390264813358754,17.7600680414368,0.104804811691643,1.56856782991059,0,267.161443506003,60.6481711487664,5.86400745694112e-10,1,0.987442617224925,0,-0.010672023034324,-0.0780529626717508,0,0,0
137.4,9508.12513384065,1.56685570865647,9500,9507.46435813711,1.59822861527735,1.56685570865647,0,6.72955739931795,20.0139042301502,15,0,15165.4154343996,-15127.1420205226,1.56685570865647,1.5418159808907,1.57929731767091,-0.0374813367802111,16.6255822480969,0.100002401326198,1.56685570865647,0,267.161443506003,60.6481711487664,5.1829981697265e-10,1,0.987454992719671,0,-0.0109516993397314,-0.0749626735604223,0,0,0
137.415,9508.22607720164,1.5651251291551,9500,9507.63560642037,1.58828167852333,1.5651251291551,0,5.52199539474102,20.0517675536467,15,0,15157.7645463237,-15126.3586385667,1.5651251291551,1.5418159808907,1.57769847507015,-0.0358824941794562,15.4733488844546,0.0950741366233185,1.5651251291551,0,267.161443506003,60.6481711487664,4.51049442121373e-10,1,0.987465476072002,0,-0.0112045506984098,-0.0717649883589124,0,0,0
137.43,9508.30890713256,1.56337529891559,9500,9507.78863430422,1.5786689932355,1.56337529891559,0,4.31847363298969,20.0898672033688,14,0,15149.9477079688,-15125.3865201442,1.56337529891559,1.5418159808907,1.57605236628277,-0.0342363853920684,14.3072994329938,0.0900320888090341,1.56337529891559,0,267.161443506003,60.6481711487664,8.81091494527737e-10,1,0.987474078275663,0,-0.0114305559195067,-0.0684727707841368,0,0,0
137.445,9508.37368423705,1.56160689797324,9500,9507.9234695111,1.5694035207314,1.56160689797324,0,3.11937129531825,20.1281910590929,14,0,15141.9682986088,-15124.2268480993,1.56160689797324,1.5418159808907,1.57436469167205,-0.0325487107813549,13.130898813721,0.0848883386452561,1.56160689797324,0,267.161443506003,60.6481711487664,7.305838395465e-10,1,0.987480805624573,0,-0.0116297366680682,-0.0650974215627098,0,0,0
137.46,9508.42047480648,1.55982266820162,9500,9508.04014828501,1.56049798514049,1.55982266820162,0,1.92638602515921,20.1666831343004,14,0,15133.8393725906,-15122.882981935,1.55982266820162,1.5418159808907,1.57264011580755,-0.030824134916849,11.946971173394,0.0796549571446254,1.55982266820162,0,267.161443506003,60.6481711487664,5.81097033260715e-10,1,0.98748566500334,0,-0.0118021296441491,-0.061648269833698,0,0,0
137.475,9508.44937059686,1.55802698028634,9500,9508.13871465713,1.55196488566292,1.55802698028634,0,0.74224616786671,20.2052527997398,13,0,15125.5816744257,-15121.3601094925,1.55802698028634,1.5418159808907,1.57088248059525,-0.0290664997045573,10.7578307937381,0.0743439988047583,1.55802698028634,0,267.161443506003,60.6481711487664,9.90747554028015e-10,1,0.987488665941178,0,-0.0119477854496366,-0.0581329994091146,0,0,0
137.49,9508.46050428938,1.55622522958223,9500,9508.21922502711,1.54381637439071,1.55622522958223,0,-0.429703417176655,20.2437876390215,13,0,15117.2209460541,-15119.6649101731,1.55622522958223,1.5418159808907,1.56909510422114,-0.0272791233304444,9.5654624325993,0.0689674953524219,1.55622522958223,0,267.161443506003,60.6481711487664,6.52631991922663e-10,1,0.987489822217532,0,-0.0120667753212005,-0.0545582466608887,0,0,0
137.505,9508.45405873812,1.55442321872189,9500,9508.28175556392,1.53606405909552,1.55442321872189,0,-1.58589562440717,20.2821666182583,12,0,15108.7850207442,-15117.8048917069,1.55442321872189,1.5418159808907,1.56728108520404,-0.0254651043133429,8.37170335133233,0.0635374464578816,1.55442321872189,0,267.161443506003,60.6481711487664,7.27086190429563e-10,1,0.987489152822495,0,-0.0121592020235697,-0.0509302086266858,0,0,0
137.52,9508.43027030376,1.55262664369504,9500,9508.3264100853,1.5287187883108,1.55262664369504,0,-2.72287948931083,20.3202709188324,9,0,15100.3014580558,-15115.7879502422,1.55262664369504,1.5418159808907,1.56544355226216,-0.0236275713714653,7.17839213648349,0.0580658055472753,1.55262664369504,0,267.161443506003,60.6481711487664,7.68842832617112e-10,1,0.987486682303023,0,-0.0122252114507846,-0.0472551427429306,0,0,0
137.535,9508.38942711142,1.55084074164738,9500,9508.35332675917,1.52179046042106,1.55084074164738,0,-3.83754791026745,20.3579921304416,12,0,15091.7959264498,-15113.6220486414,1.55084074164738,1.5418159808907,1.56358583070957,-0.0217698498188681,5.98746722914923,0.0525644603944222,1.55084074164738,0,267.161443506003,60.6481711487664,7.84839272653172e-10,1,0.987482440582008,0,-0.0122650025032263,-0.0435396996377362,0,0,0
137.55,9508.33186389276,1.54907011492434,9500,9508.36268261671,1.51528788329287,1.54907011492434,0,-4.92725499963887,20.3952346565037,13,0,15083.2913642941,-15111.3150453394,1.54907011492434,1.5418159808907,1.56171151850786,-0.0198955376171621,4.80101139076467,0.0470452092679704,1.54907011492434,0,267.161443506003,60.6481711487664,6.65413441525868e-10,1,0.987476462422607,0,-0.0122788336926893,-0.0397910752343242,0,0,0
137.565,9508.25795506777,1.54731870914274,9500,9508.35469555916,1.50921869416805,1.54731870914274,0,-5.98980008210201,20.4319175554561,13,0,15074.8077604243,-15108.8743841898,1.54731870914274,1.5418159808907,1.55982448381781,-0.0180085029271089,3.62124937236703,0.0415197341062602,1.54731870914274,0,267.161443506003,60.6481711487664,9.82551468053943e-10,1,0.98746878670976,0,-0.0122670260509565,-0.0360170058542177,0,0,0
137.58,9508.16810806654,1.54558990327406,9500,9508.32962405156,1.50358933678822,1.54558990327406,0,-7.02338246578452,20.4679719207976,14,0,15066.3626274977,-15106.3073107694,1.54558990327406,1.5418159808907,1.55792880589068,-0.0161128249999838,2.45051199034132,0.0359995723833298,1.54558990327406,0,267.161443506003,60.6481711487664,5.64560832570428e-10,1,0.987459455756633,0,-0.0122299625893931,-0.0322256499999676,0,0,0
137.595,9508.06275732955,1.54388665577822,9500,9508.28776516509,1.49840508068386,1.54388665577822,0,-8.02650199269592,20.5033378743291,14,0,15057.9716634991,-15103.6209683755,1.54388665577822,1.5418159808907,1.55602868805599,-0.0142127071652913,1.29118379644628,0.0304960892181029,1.54388665577822,0,267.161443506003,60.6481711487664,6.97413567318969e-10,1,0.987448514681525,0,-0.0121680853056352,-0.0284254143305827,0,0,0
137.61,9507.94235979966,1.54221166598809,9500,9508.22945157191,1.49367006853323,1.54221166598809,0,-8.99783892257118,20.5379611115282,14,0,15049.6494208296,-15100.8223840265,1.54221166598809,1.5418159808907,1.55412836375729,-0.0123123828665892,0.145646875258416,0.025020450830567,1.54221166598809,0,267.161443506003,60.6481711487664,8.27331596430634e-10,1,0.987436010939691,0,-0.0120818906304603,-0.0246247657331784,0,0,0
137.625,9507.80739221582,1.54056751599697,9500,9508.15504815049,1.48938737566556,1.54056751599697,0,-9.93616826064105,20.5717898433783,14,0,15041.4100020618,-15097.9186770153,1.54056751599697,1.5418159808907,1.55223201336099,-0.0104160324702911,-0.983768669910057,0.0195836000468599,1.54056751599697,0,267.161443506003,60.6481711487664,9.54193991832903e-10,1,0.987421994042286,0,-0.0119719242721741,-0.0208320649405822,0,0,0
137.64,9507.65834969191,1.53895677001433,9500,9508.06494876932,1.48555906757999,1.53895677001433,0,-10.8402945414151,20.6047726604225,15,0,15033.2675185649,-15094.9171466746,1.53895677001433,1.5418159808907,1.55034370339107,-0.00852772250037659,-2.09482064783276,0.0141962341243816,1.53895677001433,0,267.161443506003,60.6481711487664,4.70766459258865e-10,1,0.98740651540877,0,-0.0118387763368177,-0.0170554450007532,0,0,0
137.655,9507.49574527379,1.53738202684743,9500,9507.95957353592,1.48218624806253,1.53738202684743,0,-11.7090093265624,20.6368574147825,15,0,15025.2362889234,-15091.8252291259,1.53738202684743,1.5418159808907,1.54846735029874,-0.00665136940804167,-3.1853759016973,0.00886878477281358,1.53738202684743,0,267.161443506003,60.6481711487664,5.23501797814015e-10,1,0.987389628320911,0,-0.0116830771065888,-0.0133027388160833,0,0,0
137.67,9507.32011013389,1.53584592933346,9500,9507.83936664394,1.47926909417685,1.53584592933346,0,-12.5410972071672,20.6679910150501,15,0,15017.330948355,-15088.6506408806,1.53584592933346,1.5418159808907,1.54660670670674,-0.00479072581604045,-4.25341793838114,0.00361140007484863,1.53584592933346,0,267.161443506003,60.6481711487664,5.7480751511091e-10,1,0.987371387942987,0,-0.0115054937157444,-0.00958145163208091,0,0,0
137.685,9507.13199367578,1.53435113960955,9500,9507.70479482865,1.47680687742032,1.53435113960955,0,-13.3353440646075,20.6981199770891,15,0,15009.5662912723,-15085.4012684131,1.53435113960955,1.5418159808907,1.54476536548265,-0.00294938459195526,-5.29704389857748,-0.00156607209723634,1.53435113960955,0,267.161443506003,60.6481711487664,6.24649247870168e-10,1,0.987351851332651,0,-0.0113067277026562,-0.00589876918391052,0,0,0
137.7,9506.93196351481,1.53290029654014,9500,9507.55634624987,1.47479797518605,1.53290029654014,0,-14.0905663237149,20.7271913549658,15,0,15001.9570818631,-15082.0851451074,1.53290029654014,1.5418159808907,1.54294677328426,-0.00113079239356284,-6.31445589486997,-0.00665409956343162,1.53290029654014,0,267.161443506003,60.6481711487664,6.72974437693859e-10,1,0.987331077438916,0,-0.0110875132030253,-0.00226158478712568,0,0,0
137.715,9506.72060501996,1.53149596608567,9500,9507.3945296593,1.47323987583787,1.53149596608567,0,-14.8056424983318,20.7551538276647,15,0,14994.5178195368,-15078.7103960664,1.53149596608567,1.5418159808907,1.54115424804081,0.000661732849884356,-7.30395007034049,-0.011643480504793,1.53149596608567,0,267.161443506003,60.6481711487664,7.19724581490906e-10,1,0.987309127054581,0,-0.0108486155454095,0.00132346569976871,0,0,0
137.73,9506.49852038248,1.53014059528934,9500,9507.21987366496,1.4721291819456,1.53014059528934,0,-15.479541987093,20.7819587084473,15,0,14987.2625191609,-15075.2851820259,1.53014059528934,1.5418159808907,1.53939099494126,0.00242498594943563,-8.26390664632055,-0.0165253575002273,1.53014059528934,0,267.161443506003,60.6481711487664,7.64834789971375e-10,1,0.987286062719499,0,-0.0105908299989241,0.00484997189887126,0,0,0
137.745,9506.26632725268,1.52883647641968,9500,9507.03292594489,1.47146161536029,1.52883647641968,0,-16.1113469458328,20.807560734362,15,0,14980.2045368583,-15071.817649411,1.52883647641968,1.5418159808907,1.53766011762633,0.00415586326436501,-9.19278291977232,-0.0212912309997431,1.52883647641968,0,267.161443506003,60.6481711487664,8.082391841645e-10,1,0.987261948579006,0,-0.0103149804228828,0.00831172652873002,0,0,0
137.76,9506.02465704849,1.52758572404875,9500,9506.83425231132,1.47123202667609,1.52758572404875,0,-16.7002655374588,20.8319185747822,15,0,14973.3564548654,-15068.3158903771,1.52758572404875,1.5418159808907,1.53596462321665,0.0058513576740451,-10.0891100145173,-0.0259329721900404,1.52758572404875,0,267.161443506003,60.6481711487664,8.49872062095706e-10,1,0.987236850208259,0,-0.0100219177198462,0.0117027153480902,0,0,0
137.775,9505.77415306543,1.5263902647058,9500,9506.62443557901,1.47143441036651,1.5263902647058,0,-17.2456369088934,20.8549950661025,15,0,14966.7300243564,-15064.787913738,1.5263902647058,1.5418159808907,1.53430742140116,0.00750855948953633,-10.951493238714,-0.0304428351639712,1.5263902647058,0,267.161443506003,60.6481711487664,8.89666731197432e-10,1,0.987210834415946,0,-0.00971251796539607,0.0150171189790727,0,0,0
137.79,9505.51546851179,1.52525183680018,9500,9506.40407423709,1.47206192576082,1.52525183680018,0,-17.7469294924074,20.8767572222372,15,0,14960.3361560163,-15061.2416256561,1.52525183680018,1.5418159808907,1.53269131881176,0.00912466207894225,-11.7786152618301,-0.0348134682483994,1.52525183680018,0,267.161443506003,60.6481711487664,9.27560326462214e-10,1,0.987183969040236,0,-0.00938768027418257,0.0182493241578845,0,0,0
137.805,9505.24926456941,1.52417199733716,9500,9506.17378095581,1.47310692320582,1.52417199733716,0,-18.2037349602907,20.897176096258,15,0,14954.1849425583,-15057.6848175426,1.52417199733716,1.5418159808907,1.53111901048157,0.0106969704091224,-12.5692410216397,-0.0390379243717816,1.52417199733716,0,267.161443506003,60.6481711487664,9.63490893849502e-10,1,0.987156322747376,0,-0.00904832440797598,0.0213939408182449,0,0,0
137.82,9504.976208545,1.5231521319479,9500,9505.93418097782,1.47456097428352,1.5231521319479,0,-18.6157601332622,20.9162265687843,15,0,14948.2856971996,-15054.1251582691,1.5231521319479,1.5418159808907,1.52959307018441,0.0122229107062859,-13.3222232507542,-0.0431096703553707,1.5231521319479,0,267.161443506003,60.6481711487664,9.97400605607942e-10,1,0.987127964839714,0,-0.0086953882204015,0.0244458214125718,0,0,0
137.835,9504.69697214301,1.52219346532423,9500,9505.6859104472,1.4764149048137,1.52219346532423,0,-18.9828167280135,20.9338871282036,16,0,14942.6469837252,-15050.5701656746,1.52219346532423,1.5418159808907,1.52811594114665,0.0137000397440439,-14.0365076972347,-0.0470225950545514,1.52219346532423,0,267.161443506003,60.6481711487664,4.51081527478544e-10,1,0.987098965076309,0,-0.0083298250217223,0.0274000794880878,0,0,0
137.85,9504.41222989208,1.52129706989441,9500,9505.42961472394,1.4786588294798,1.52129706989441,0,-19.3048224022433,20.9501396799526,16,0,14937.2766932389,-15047.0272889866,1.52129706989441,1.5418159808907,1.52668992823168,0.0151260526590198,-14.7111374053498,-0.0507710163143265,1.52129706989441,0,267.161443506003,60.6481711487664,4.64257583997921e-10,1,0.987069393509533,0,-0.00795260091418459,0.0302521053180396,0,0,0
137.865,9504.12265755605,1.52046387147145,9500,9505.16594672745,1.48128218698166,1.52046387147145,0,-19.5817838239178,20.9649694363693,16,0,14932.1819990312,-15043.5037671558,1.52046387147145,1.5418159808907,1.52531719223747,0.01649878865323,-15.3452556212696,-0.0543496867257095,1.52046387147145,0,267.161443506003,60.6481711487664,4.76496016838997e-10,1,0.98703932032003,0,-0.00756469218930289,0.0329975773064599,0,0,0
137.88,9503.82893079869,1.51969465328581,9500,9504.89556529757,1.48427377598701,1.51969465328581,0,-19.8138008074958,20.9783648256941,16,0,14927.3694120883,-15040.0067076063,1.51969465328581,1.5418159808907,1.52399974558769,0.0178162353030042,-15.9381077984318,-0.0577537982108958,1.51969465328581,0,267.161443506003,60.6481711487664,4.87766534327323e-10,1,0.987008815678056,0,-0.00716708275763511,0.0356324706060085,0,0,0
137.895,9503.53172378658,1.51899005611399,9500,9504.61913363425,1.48762179031257,1.51899005611399,0,-20.0010630825555,20.9903174920365,16,0,14922.8447649619,-15036.5430514543,1.51899005611399,1.5418159808907,1.52273945055314,0.0190765303375602,-16.4890419980609,-0.0609789854518316,1.51899005611399,0,267.161443506003,60.6481711487664,4.98047424742406e-10,1,0.986977949598377,0,-0.00676076170159812,0.0381530606751204,0,0,0
137.91,9503.23170784034,1.51835057733996,9500,9504.33731777961,1.4913138542022,1.51835057733996,0,-20.1438497500869,21.0008223157569,16,0,14918.6132014855,-15033.1195598523,1.51835057733996,1.5418159808907,1.52153801855729,0.0202779623334071,-16.997508577919,-0.0640213282175508,1.51835057733996,0,267.161443506003,60.6481711487664,5.07317673195381e-10,1,0.986946791800195,0,-0.00634672090777699,0.0405559246668141,0,0,0
137.925,9502.92955009409,1.517776569364,9500,9504.05078514372,1.49533705762933,1.517776569364,0,-20.2425291684169,21.0098774464094,16,0,14914.6791635463,-15029.7427998314,1.517776569364,1.5418159808907,1.52039701034102,0.0214189705496788,-17.4630593028845,-0.0668773526260504,1.517776569364,0,267.161443506003,60.6481711487664,5.1555623389357e-10,1,0.986915411567928,0,-0.00592595277058483,0.0428379410993576,0,0,0
137.94,9502.62591215656,1.51726823814875,9500,9503.76020306517,1.49967799182612,1.51726823814875,0,-20.2975587542817,21.0174843308581,16,0,14911.0463785783,-15026.4191303831,1.51726823814875,1.5418159808907,1.51931783657527,0.0224981443154313,-17.8853461418111,-0.0695440313728136,1.51726823814875,0,267.161443506003,60.6481711487664,5.22744663523672e-10,1,0.986883877612162,0,-0.0054994479609074,0.0449962886308626,0,0,0
137.955,9502.32144877525,1.51682564257622,9500,9503.46623739757,1.50432278522975,1.51682564257622,0,-20.3094842638957,21.0236477217681,16,0,14907.717850941,-15023.1546894757,1.51682564257622,1.5418159808907,1.51830175857032,0.023514222320373,-18.2641199459181,-0.0720187829552219,1.51682564257622,0,267.161443506003,60.6481711487664,5.28865517764876e-10,1,0.986852257930916,0,-0.00506819326252206,0.0470284446407461,0,0,0
137.97,9502.01680651129,1.51644869490219,9500,9503.16955111624,1.50925713997828,1.51644869490219,0,-20.2789383761465,21.028375660195,16,0,14904.6958585564,-15019.9553823667,1.51644869490219,1.5418159808907,1.51734988892327,0.0244660919674267,-18.5992291229287,-0.0742994699233569,1.51644869490219,0,267.161443506003,60.6481711487664,5.33903085773259e-10,1,0.986820619672026,0,-0.00463316942593472,0.0489321839348533,0,0,0
137.985,9501.71262243565,1.51613716242232,9500,9502.87080294256,1.51446636900257,1.51613716242232,0,-20.2066385128175,21.0316794298148,16,0,14901.9819553806,-15016.8268714238,1.51613716242232,1.5418159808907,1.51646319204237,0.0253527888483243,-18.8906183438921,-0.0763843961650275,1.51613716242232,0,267.161443506003,60.6481711487664,5.37843540482188e-10,1,0.986789028997738,0,-0.00419534909458519,0.0507055776966485,0,0,0
138,9501.40952285796,1.51589067028614,9500,9502.57064598694,1.51993543367732,1.51589067028614,0,-20.0933839461167,21.0335734842834,16,0,14899.5769794592,-15013.7745674898,1.51589067028614,1.5418159808907,1.51564248456418,0.0261734963265181,-19.1383272615402,-0.0782723032575908,1.51589067028614,0,267.161443506003,60.6481711487664,5.40675673976022e-10,1,0.98675755095269,0,-0.00375569475341408,0.0523469926530362,0,0,0
138.015,9501.10812209877,1.51570870521947,9500,9502.26972641402,1.52564898192441,1.51570870521947,0,-19.9400523577009,21.034075353095,16,0,14897.4810654828,-15010.8036226446,1.51570870521947,1.5418159808907,1.514888435778,0.0269275451127013,-19.3424891837642,-0.0799623658966272,1.51570870521947,0,267.161443506003,60.6481711487664,5.42389586084902e-10,1,0.986726249336411,0,-0.0033151567442844,0.0538550902254027,0,0,0
138.03,9500.8090213134,1.5155906199233,9500,9501.96868213567,1.53159138661326,1.5155906199233,0,-19.7475960046682,21.0332055311587,16,0,14895.6936607908,-15007.9189241983,1.5155906199233,1.5418159808907,1.51420156815862,0.0276144127320785,-19.5033296316927,-0.0814541864315552,1.5155906199233,0,267.161443506003,60.6481711487664,5.42979613498557e-10,1,0.98669518658117,0,-0.00287467132478203,0.0552288254641571,0,0,0
138.045,9500.51280737333,1.51553563784718,9500,9501.66814153782,1.53774678407986,1.51553563784718,0,-19.5170376924453,21.0309873588546,16,0,14894.213543427,-15005.1250896555,1.51553563784718,1.5418159808907,1.5135822581486,0.0282337227420948,-19.6211647163226,-0.0827477885277071,1.51553563784718,0,267.161443506003,60.6481711487664,5.42441409970103e-10,1,0.986664423635803,0,-0.0024351588115743,0.0564674454841896,0,0,0
138.06,9500.22005180795,1.51554285817325,9500,9501.36872224742,1.54409911258396,1.51554285817325,0,-19.2494666633606,21.0274468963068,16,0,14893.0388414806,-15002.4264625072,1.51554285817325,1.5418159808907,1.51303073725297,0.0287852436377318,-19.6963992838953,-0.0838436099929155,1.51554285817325,0,267.161443506003,60.6481711487664,5.40774144578294e-10,1,0.986634019855813,0,-0.00199752178222545,0.0575704872754637,0,0,0
138.075,9499.931309808,1.51561126089154,9500,9501.07102994465,1.5506321505403,1.51561126089154,0,-18.9460344772577,21.0226127946262,16,0,14892.1670531616,-14999.8271087297,1.51561126089154,1.5418159808907,1.51254709349282,0.029268887397879,-19.7295248031972,-0.084742494794917,1.51561126089154,0,267.161443506003,60.6481711487664,5.37978604786228e-10,1,0.986604032899873,0,-0.00156264337852385,0.0585377747957581,0,0,0
138.09,9499.64711929084,1.51573971178049,9500,9500.77565722473,1.55732955438239,1.51573971178049,0,-18.6079510052029,21.0165161683441,16,0,14891.5950667262,-14997.3308137983,1.51573971178049,1.5418159808907,1.51213127328817,0.0296847076025224,-19.7211169895029,-0.0854456843152527,1.51573971178049,0,267.161443506003,60.6481711487664,5.34059834151565e-10,1,0.986574518632749,0,-0.00113138568852755,0.0593694152050448,0,0,0
138.105,9499.36800002576,1.51592696739426,9500,9500.48318251244,1.56417489594084,1.51592696739426,0,-18.2364804690049,21.0091904669369,16,0,14891.3191807147,-14994.9410802945,1.51592696739426,1.5418159808907,1.51178308370137,0.0300328971893264,-19.6718331765015,-0.0859548078750901,1.51592696739426,0,267.161443506003,60.6481711487664,5.29025966774215e-10,1,0.986545531034459,0,-0.000704588225494795,0.0600657943786529,0,0,0
138.12,9499.09445281872,1.51617168001639,9500,9500.19416903124,1.57115169924861,1.51617168001639,0,-17.8329375514101,21.0006713464754,16,0,14891.3351243055,-14992.6611260528,1.51617168001639,1.5418159808907,1.51150219503957,0.0303137858511298,-19.5824094639207,-0.0862718725765628,1.51617168001639,0,267.161443506003,60.6481711487664,5.2288735342678e-10,1,0.98651712211561,0,-0.000283066499199514,0.0606275717022595,0,0,0
138.135,9498.82695875545,1.51647240262329,9500,9499.90916382831,1.57824347670036,1.51647240262329,0,-17.3986835486334,20.990996540587,16,0,14891.6380779735,-14990.4938828731,1.51647240262329,1.5418159808907,1.5112881437738,0.0305278371168993,-19.4536576720893,-0.0863992525012025,1.51647240262329,0,267.161443506003,60.6481711487664,5.15657736133853e-10,1,0.986489341838786,0,0.000132389309050351,0.0610556742337987,0,0,0
138.15,9498.56597850222,1.51682759390944,9500,9499.62869685612,1.58543376450817,1.51682759390944,0,-16.9351225305664,20.980205729748,16,0,14892.2226946907,-14988.4419958402,1.51682759390944,1.5418159808907,1.51114033572526,0.030675645165438,-19.2864621368904,-0.0863396773121299,1.51682759390944,0,267.161443506003,60.6481711487664,5.07354544922255e-10,1,0.986462238045932,0,0.000541015578728876,0.0613512903308759,0,0,0
138.165,9498.31195166427,1.51723562340265,9500,9499.35328011072,1.59270615740281,1.51723562340265,0,-16.4436974911218,20.9683404084437,16,0,14893.0831217867,-14986.5078232695,1.51723562340265,1.5418159808907,1.51105804948387,0.0307579314068296,-19.0817763755263,-0.0860962203017019,1.51723562340265,0,267.161443506003,60.6481711487664,4.9799802318241e-10,1,0.986435856391726,0,0.000942076396114988,0.0615158628136592,0,0,0
138.18,9498.0652962019,1.51769477669117,9500,9499.08340682722,1.60004434253348,1.51769477669117,0,-15.9258864738331,20.9554437498864,16,0,14894.2130235755,-14984.6934372972,1.51769477669117,1.5418159808907,1.51104044002874,0.0307755408619603,-18.8406196490725,-0.0856722859234501,1.51769477669117,0,267.161443506003,60.6481711487664,4.87611523531322e-10,1,0.986410240282939,0,0.0013348645936555,0.0615510817239207,0,0,0
138.195,9497.82640790479,1.51820326078427,9500,9498.81955073229,1.60743213251808,1.51820326078427,0,-15.3831986599032,20.9415604679848,16,0,14895.6056048351,-14983.0006251317,1.51820326078427,1.5418159808907,1.51108654251576,0.0307294383749372,-18.5640734416707,-0.0850715968563052,1.51820326078427,0,267.161443506003,60.6481711487664,4.76221803525463e-10,1,0.986385430823833,0,0.00171870270010066,0.0614588767498745,0,0,0
138.21,9497.59565992489,1.51875920955476,9500,9498.56216535425,1.61485349759517,1.51875920955476,0,-14.8171704528041,20.9267366778649,16,0,14897.2536348988,-14981.4308909161,1.51875920955476,1.5418159808907,1.51119527623804,0.0306207046526612,-18.2532778713153,-0.0842981806412599,1.51875920955476,0,267.161443506003,60.6481711487664,4.63858881825211e-10,1,0.98636146676766,0,0.00209294380603753,0.0612414093053224,0,0,0
138.225,9497.3734023681,1.51936068927864,9500,9498.31168339092,1.6222925968266,1.51936068927864,0,-14.2293615486489,20.9110197547712,16,0,14899.1494724263,-14979.985458208,1.51936068927864,1.5418159808907,1.51136544873245,0.0304505321582449,-17.9094280428032,-0.083356355928543,1.51936068927864,0,267.161443506003,60.6481711487664,4.50555600946849e-10,1,0.986338384474249,0,0.00245697233026587,0.0609010643164898,0,0,0
138.24,9497.15996194487,1.52000570424901,9500,9498.06851613534,1.62973380830098,1.52000570424901,0,-13.6213529357311,20.8944581902716,15,0,14901.2851011722,-14978.6652944343,1.52000570424901,1.5418159808907,1.51159576002158,0.0302202208691196,-17.5337703518327,-0.0822507183799233,1.52000570424901,0,267.161443506003,60.6481711487664,9.85709725391906e-10,1,0.986316217873726,0,0.00281020470144488,0.0604404417382391,0,0,0
138.255,9496.95564165083,1.52069220235261,9500,9497.83305295995,1.63716175828856,1.52069220235261,0,-12.9947352391831,20.8771014584864,15,0,14903.6521131447,-14977.4710279051,1.52069220235261,1.5418159808907,1.5118848070276,0.029931173863095,-17.1275987476223,-0.0809861262642731,1.52069220235261,0,267.161443506003,60.6481711487664,9.51398981027394e-10,1,0.98629499843334,0,0.00315208994902938,0.0598623477261899,0,0,0
138.27,9496.76072062225,1.52141808105312,9500,9497.60566085155,1.64456134948942,1.52141808105312,0,-12.3511164929942,20.8589998581915,15,0,14906.2418001163,-14976.4030835597,1.52141808105312,1.5418159808907,1.51223108791588,0.0295848929748173,-16.6922510710319,-0.0795676857872099,1.52141808105312,0,267.161443506003,60.6481711487664,9.1524266134254e-10,1,0.986274755142454,0,0.00348211022545386,0.0591697859496345,0,0,0
138.285,9496.57545387485,1.52218119206,9500,9497.38668402938,1.65191778752174,1.52218119206,0,-11.6921109897086,20.8402044003047,15,0,14909.0451320248,-14975.46159812,1.52218119206,1.5418159808907,1.51263300721317,0.0291829736775298,-16.2291049780945,-0.0780007361857557,1.52218119206,0,267.161443506003,60.6481711487664,8.77357911524823e-10,1,0.986255514485424,0,0.00379978119952673,0.0583659473550595,0,0,0
138.3,9496.40007221001,1.52297934739335,9500,9497.17644359446,1.65921660690132,1.52297934739335,0,-11.0193372697254,20.8207666584995,15,0,14912.0527961047,-14974.6464479101,1.52297934739335,1.5418159808907,1.51308888031639,0.0287271005743093,-15.7395743035672,-0.0762908346459687,1.52297934739335,0,267.161443506003,60.6481711487664,8.37849525282884e-10,1,0.986237300431849,0,0.00410465240412261,0.0574542011486185,0,0,0
138.315,9496.23478215096,1.52381032486422,9500,9496.97523724553,1.66644369559455,1.52381032486422,0,-10.3344145220094,20.8007386353607,15,0,14915.2552225912,-14973.9572542346,1.52381032486422,1.5418159808907,1.51359693837188,0.0282190425188162,-15.225105247668,-0.0744437410641135,1.52381032486422,0,267.161443506003,60.6481711487664,7.96830159122966e-10,1,0.986220134429956,0,0.00439630750764142,0.0564380850376325,0,0,0
138.33,9496.07976593313,1.52467187344402,9500,9496.78333905209,1.67358531833388,1.52467187344402,0,-9.63895910208114,20.780172632334,15,0,14918.6426100863,-14973.3933890959,1.52467187344402,1.5418159808907,1.5141553332712,0.0276606476194985,-14.6871725639251,-0.0724654026856748,1.52467187344402,0,267.161443506003,60.6481711487664,7.54414322370315e-10,1,0.986204035405585,0,0.00467436447924774,0.055321295238997,0,0,0
138.345,9495.9351815466,1.52556171854405,9500,9496.60099928365,1.68062813867394,1.52556171854405,0,-8.93458115315389,20.7591211230773,15,0,14922.2049506717,-14972.9539812513,1.52556171854405,1.5418159808907,1.51476214272901,0.0270538381616825,-14.1272757601509,-0.0703619386700134,1.52556171854405,0,267.161443506003,60.6481711487664,7.10721157645562e-10,1,0.986189019766609,0,0.00493847570345096,0.054107676323365,0,0,0
138.36,9495.8011628293,1.52647756719961,9500,9496.42844429437,1.6875592397727,1.52647756719961,0,-8.22288133190433,20.7376366303951,15,0,14925.9320547401,-14972.6379225919,1.52647756719961,1.5418159808907,1.51541537543451,0.0264006054561874,-13.5469353250064,-0.0681396246034604,1.52647756719961,0,267.161443506003,60.6481711487664,6.65873850668564e-10,1,0.986175101412606,0,0.00518832800027202,0.0528012109123748,0,0,0
138.375,9495.67781960933,1.52741711314801,9500,9496.26587646168,1.69436614388627,1.52741711314801,0,-7.50544764526314,20.7157716070406,15,0,14929.8135754847,-14972.4438748144,1.52741711314801,1.5418159808907,1.51611297626037,0.0257030046303273,-12.9476889919332,-0.065804877003338,1.52741711314801,0,267.161443506003,60.6481711487664,6.19998599420331e-10,1,0.986162291749642,0,0.00542364259074835,0.0514060092606545,0,0,0
138.39,9495.56523789465,1.52837804181239,9500,9496.11347417768,1.70103683056925,1.52837804181239,0,-6.7838523887822,20.6935783201571,15,0,14933.8390330992,-14972.3702763846,1.52837804181239,1.5418159808907,1.5168528315111,0.0249631493795945,-12.3310880511228,-0.0633642378375013,1.52837804181239,0,267.161443506003,60.6481711487664,5.73224022122544e-10,1,0.986150599709972,0,0.00564417499192693,0.0499262987591891,0,0,0
138.405,9495.46348010882,1.52935803519147,9500,9495.97139189198,1.70755975357655,1.52935803519147,0,-6.05964918514661,20.6711087393892,15,0,14937.9978386821,-14972.4153497777,1.52935803519147,1.5418159808907,1.51763277419474,0.0241832066959555,-11.6986937194462,-0.0608243590911342,1.52935803519147,0,267.161443506003,60.6481711487664,5.25681004325512e-10,1,0.98614003177652,0,0.00584971482848617,0.0483664133919111,0,0,0
138.42,9495.37258537104,1.5303547766404,9500,9495.83976020448,1.71392385646377,1.5303547766404,0,-5.33437013143844,20.6484144290013,15,0,14942.2793177717,-14972.5771089669,1.5303547766404,1.5418159808907,1.51845058930669,0.0233653915840095,-11.0520735762031,-0.0581919874183154,1.5303547766404,0,267.161443506003,60.6481711487664,4.7750078627391e-10,1,0.986130592011965,0,0.00604008560620528,0.046730783168019,0,0,0
138.435,9495.29256981907,1.5313659555322,9500,9495.7186860067,1.72011858688532,1.5313659555322,0,-4.60952117293432,20.6255464461186,14,0,14946.6727232061,-14972.8533461652,1.5313659555322,1.5418159808907,1.51930401912218,0.0225119617685134,-10.3927980715117,-0.055473948895523,1.5313659555322,0,267.161443506003,60.6481711487664,9.6600140930593e-10,1,0.986122282092272,0,0.00621514441855675,0.0450239235370269,0,0,0
138.45,9495.22342700147,1.5323892718236,9500,9495.60825267023,1.72613390959178,1.5323892718236,0,-3.88658725583689,20.6025552333824,14,0,14951.1673001977,-14973.241726321,1.5323892718236,1.5418159808907,1.52019076847066,0.021625212420038,-9.7224371131839,-0.0526771339071725,1.5323892718236,0,267.161443506003,60.6481711487664,8.55358285573914e-10,1,0.986115101347437,0,0.00637478157602933,0.043250424840076,0,0,0
138.465,9495.16512819264,1.53342244012246,9500,9495.50852028785,1.73196031794417,1.53342244012246,0,-3.16701798651898,20.5794905423369,14,0,14955.7522415582,-14973.7396610444,1.53342244012246,1.5418159808907,1.52110851017583,0.0207074707148629,-9.04255662940036,-0.0498084821979593,1.53342244012246,0,267.161443506003,60.6481711487664,7.44257370700861e-10,1,0.986109046794195,0,0.00651892020806466,0.0414149414297258,0,0,0
138.48,9495.11762292284,1.53446319492743,9500,9495.41952593397,1.73758884476192,1.53446319492743,0,-2.45223290105316,20.5564013150169,14,0,14960.4167587449,-14974.3444097318,1.53446319492743,1.5418159808907,1.52205488982017,0.019761091070529,-8.35471560985277,-0.0468749681043302,1.53446319492743,0,267.161443506003,60.6481711487664,6.32953876988238e-10,1,0.986104113191073,0,0.00664751581215106,0.0395221821410581,0,0,0
138.495,9495.08083942932,1.53550929417443,9500,9495.34128399485,1.74301107120007,1.53550929417443,0,-1.74361745502608,20.5333356126942,14,0,14965.1500887281,-14975.0530638008,1.53550929417443,1.5418159808907,1.5230275312544,0.0187884496362967,-7.66046277029802,-0.0438835859888622,1.53550929417443,0,267.161443506003,60.6481711487664,5.21737225148751e-10,1,0.986100293085236,0,0.00676055573093381,0.0375768992725933,0,0,0
138.51,9495.0546851675,1.53655852325752,9500,9495.27378653014,1.74821913458414,1.53655852325752,0,-1.04252267040269,20.5103405322573,13,0,14969.9415245354,-14975.8625753658,1.53655852325752,1.5418159808907,1.52402404175232,0.0177919391383816,-6.96133349348499,-0.040841335909942,1.53655852325752,0,267.161443506003,60.6481711487664,9.25177980009258e-10,1,0.986097576865576,0,0.00685805859936317,0.0355838782767632,0,0,0
138.525,9495.03904732744,1.53760869890302,9500,9495.21700367324,1.75320573498864,1.53760869890302,0,-0.350255357789694,20.4874621364182,13,0,14974.7803933439,-14976.7696799277,1.53760869890302,1.5418159808907,1.52504201711442,0.0167739637762752,-6.2588468746182,-0.0377552095402285,1.53760869890302,0,267.161443506003,60.6481711487664,6.77118889000794e-10,1,0.986095952816353,0,0.00694007373703909,0.0335479275525503,0,0,0
138.54,9495.03379349708,1.53865767325818,9500,9495.17088406177,1.7579641407511,1.53865767325818,0,0.331913545991368,20.4647453643218,12,0,14979.6561346442,-14977.7710220143,1.53865767325818,1.5418159808907,1.52607904652768,0.0157369343630196,-5.55450297653385,-0.034632176358561,1.53865767325818,0,267.161443506003,60.6481711487664,9.70701202131697e-10,1,0.986095407186068,0,0.00700668050565412,0.0314738687260392,0,0,0
138.555,9495.03877220027,1.53970333655348,9500,9495.1353553283,1.76248819213144,1.53970333655348,0,1.00274841530669,20.442233980529,11,0,14984.5583246002,-14978.8631828491,1.53970333655348,1.5418159808907,1.5271327179938,0.0146832628968991,-4.84977980254695,-0.0314791701310166,1.53970333655348,0,267.161443506003,60.6481711487664,9.51066017206586e-10,1,0.986095924243348,0,0.00705798760948029,0.0293665257937983,0,0,0
138.57,9495.0538134265,1.54074362083457,9500,9495.11032460338,1.76677230429192,1.54074362083457,0,1.6610718829874,20.4199705288884,10,0,14989.4765813889,-14980.0424554668,1.54074362083457,1.5418159808907,1.52820062306539,0.013615357825312,-4.14613075802859,-0.0283030757067505,1.54074362083457,0,267.161443506003,60.6481711487664,5.93452354834522e-10,1,0.986097486331954,0,0.00709413236134515,0.027230715650624,0,0,0
138.585,9495.07872950474,1.54177650474704,9500,9495.0956790255,1.77081146972434,1.54177650474704,0,2.30574076134024,20.3979961860949,12,0,14994.4007335208,-14981.3051498857,1.54177650474704,1.5418159808907,1.52928036089046,0.0125356200002422,-3.44498257162979,-0.0251107161441452,1.54177650474704,0,267.161443506003,60.6481711487664,6.49131723927952e-10,1,0.986100073961536,0,0.00711527997461103,0.0250712400004844,0,0,0
138.6,9495.11331561616,1.54280001469258,9500,9495.09128634533,1.77460125789969,1.54280001469258,0,2.93566427611033,20.3763508379269,13,0,14999.320731862,-14982.6474016546,1.54280001469258,1.5418159808907,1.53036954391197,0.0114464369787264,-2.74773228542751,-0.0219088401555702,1.54280001469258,0,267.161443506003,60.6481711487664,5.20128883737378e-10,1,0.986103665860877,0,0.00712162270519201,0.0228928739574528,0,0,0
138.615,9495.1573505803,1.54381222881304,9500,9495.09699550623,1.77813781506729,1.54381222881304,0,3.54979440192336,20.3550729181113,13,0,15004.2267316154,-14984.0653087984,1.54381222881304,1.5418159808907,1.53146580196041,0.0103501789302889,-2.0557452608467,-0.0187041099382338,1.54381222881304,0,267.161443506003,60.6481711487664,7.47063630890791e-10,1,0.986108239059545,0,0.00711337905546738,0.0207003578605778,0,0,0
138.63,9495.21059749633,1.54481127930018,9500,9495.11263727811,1.78141786226466,1.54481127930018,0,4.14713643301156,20.3341994223465,13,0,15009.1090543108,-14985.5548338352,1.54481127930018,1.5418159808907,1.53256678700432,0.00924919388638012,-1.3703528394613,-0.0155030893632735,1.54481127930018,0,267.161443506003,60.6481711487664,9.68557185310789e-10,1,0.986113768954486,0,0.00709079289877779,0.0184983877727602,0,0,0
138.645,9495.27280454282,1.54579535577578,9500,9495.13802489317,1.78443869280373,1.54579535577578,0,4.72674263479954,20.3137658356493,14,0,15013.9582489968,-14987.1119010771,1.54579535577578,1.5418159808907,1.53367017716875,0.00814580372195151,-0.692850493166382,-0.0123122325588235,1.54579535577578,0,267.161443506003,60.6481711487664,5.25890274654052e-10,1,0.986120229393088,0,0.00705413261087751,0.016291607443903,0,0,0
138.66,9495.34370568235,1.5467627074143,9500,9495.17295472412,1.78719816820015,1.5467627074143,0,5.28772312075745,20.2938061130321,14,0,15018.7650496868,-14988.7322923408,1.5467627074143,1.5418159808907,1.53477368118693,0.00704229970376802,-0.0244957563335079,-0.00913787288392858,1.5467627074143,0,267.161443506003,60.6481711487664,6.18780134928256e-10,1,0.986127592746349,0,0.00700369014887059,0.014084599407536,0,0,0
138.675,9495.42302152916,1.54771164571873,9500,9495.21720696933,1.78969471342112,1.54771164571873,0,5.82923424088369,20.2743526236495,14,0,15023.5204604577,-14990.4117980264,1.54771164571873,1.5418159808907,1.53587504231821,0.00594093857248512,0.633493485003475,-0.00598621231693681,1.54771164571873,0,267.161443506003,60.6481711487664,7.08715841909462e-10,1,0.986135829998997,0,0.00693978011943019,0.0118818771449702,0,0,0
138.69,9495.51046004277,1.54864054566602,9500,9495.27054638519,1.79192731041737,1.54864054566602,0,6.35048672512859,20.2554361511753,14,0,15028.2157197913,-14992.1461352267,1.54864054566602,1.5418159808907,1.53697204287144,0.00484393801925953,1.27994102351748,-0.00286331126319323,1.54864054566602,0,267.161443506003,60.6481711487664,7.95491429296452e-10,1,0.986144910821515,0,0.00686273879547694,0.00968787603851906,0,0,0
138.705,9495.60571734365,1.54954784827761,9500,9495.33272300847,1.79389549136146,1.54954784827761,0,6.85074473805564,20.2370858543447,14,0,15032.8423259699,-14993.9309785008,1.54954784827761,1.5418159808907,1.53806250779463,0.00375347309606866,1.91371376347802,0.000224921194771396,1.54954784827761,0,267.161443506003,60.6481711487664,8.7894797786861e-10,1,0.986154803654857,0,0.00677292314697886,0.00750694619213732,0,0,0
138.72,9495.70847851472,1.55043206253228,9500,9495.40347290286,1.79559933072994,1.55043206253228,0,7.3293264126359,20.2193292438122,14,0,15037.3920490398,-14995.7619688045,1.55043206253228,1.5418159808907,1.53914430837536,0.00267167251533706,2.53372319336476,0.00327273661091188,1.55043206253228,0,267.161443506003,60.6481711487664,9.58943117629271e-10,1,0.986165475793686,0,0.00667070982121376,0.00534334503067413,0,0,0
138.735,9495.81841841091,1.55129176710802,9500,9495.48251891975,1.79703943646404,1.55129176710802,0,7.78560628935307,20.2021921652016,15,0,15041.8569309969,-14997.6346998097,1.55129176710802,1.5418159808907,1.54021536579726,0.00160061509343468,3.13892674279842,0.00627455603045807,1.55129176710802,0,267.161443506003,60.6481711487664,4.59527486035866e-10,1,0.986176893470448,0,0.00655649414973869,0.00320123018686935,0,0,0
138.75,9495.93520250525,1.55212561194375,9500,9495.56957147162,1.79821694023863,1.55212561194375,0,8.21900762893229,20.1856987754581,15,0,15046.229339669,-14999.5448154294,1.55212561194375,1.5418159808907,1.54127365456309,0.000542326327607645,3.72832902574591,0.00922497839784048,1.55212561194375,0,267.161443506003,60.6481711487664,4.91744849974594e-10,1,0.986189021943244,0,0.00643068908784539,0.00108465265521529,0,0,0
138.765,9496.05848761968,1.5529323192989,9500,9495.66432932438,1.79913348667278,1.5529323192989,0,8.62901416111979,20.1698715504713,15,0,15050.5019126296,-15001.4878869686,1.5529323192989,1.5418159808907,1.54231720593028,-0.00050122503958594,4.30098308657181,0.0121187884873709,1.5529323192989,0,267.161443506003,60.6481711487664,5.22242353150027e-10,1,0.986201825571726,0,0.00629372416538154,-0.00100245007917188,0,0,0
138.78,9496.1879228321,1.55371068591841,9500,9495.76648037358,1.79979122235087,1.55371068591841,0,9.01516302831569,20.1547312495749,15,0,15054.6676125432,-15003.4595085094,1.55371068591841,1.5418159808907,1.54334411055774,-0.00152812966703819,4.8559911353256,0.0149509643617926,1.55371068591841,0,267.161443506003,60.6481711487664,5.50996858330522e-10,1,0.986215267911297,0,0.00614604444139988,-0.00305625933407638,0,0,0
138.795,9496.32315027752,1.55445958357633,9500,9495.87570245474,1.80019278340081,1.55445958357633,0,9.37704630119597,20.1402969240029,15,0,15058.7197225924,-15005.4552836826,1.55445958357633,1.5418159808907,1.54435252172809,-0.00253654083739718,5.39250562030167,0.0177166843604225,1.55445958357633,0,267.161443506003,60.6481711487664,5.77975165238716e-10,1,0.986229311796317,0,0.00598810941828565,-0.00507308167479437,0,0,0
138.81,9496.46380597204,1.55517795999022,9500,9495.99166415111,1.80034128252429,1.55517795999022,0,9.71431083809417,20.1265859154125,15,0,15062.6518539638,-15007.4708338974,1.55517795999022,1.5418159808907,1.54534065814026,-0.00352467724956518,5.90973002855919,0.0204113335986511,1.55517795999022,0,267.161443506003,60.6481711487664,6.03150867831832e-10,1,0.986243919425671,0,0.0058203919548836,-0.00704935449913036,0,0,0
138.825,9496.60952063461,1.55586483961214,9500,9496.11402560578,1.80024029531525,1.55586483961214,0,10.0266580641266,20.1136138568081,15,0,15066.4579527642,-15009.5018064499,1.55586483961214,1.5418159808907,1.54630680651915,-0.00449082562845438,6.40691957095541,0.0230305099783487,1.55586483961214,0,267.161443506003,60.6481711487664,6.26502152589218e-10,1,0.986259052448117,0,0.00564337717058727,-0.00898165125690875,0,0,0
138.84,9496.75992050557,1.55651932422849,9500,9496.24243933619,1.79989384590506,1.55651932422849,0,10.3138436278084,20.1013946772331,15,0,15070.1323060483,-15011.5438824345,1.55651932422849,1.5418159808907,1.54724932407436,-0.00543334318366195,6.88338175290854,0.025570029705113,1.55651932422849,0,267.161443506003,60.6481711487664,6.48014726657839e-10,1,0.986274672047291,0,0.00545756134640429,-0.0108666863673239,0,0,0
138.855,9496.91462815999,1.55714059349248,9500,9496.37655104975,1.79930639197075,1.55714059349248,0,10.5756770166774,20.0899406075203,15,0,15073.6695475292,-15013.5927845634,1.55714059349248,1.5418159808907,1.5481666407453,-0.00635065985460592,7.33847683406388,0.0280259323109949,1.55714059349248,0,267.161443506003,60.6481711487664,6.67678589505386e-10,1,0.986290739026177,0,0.0052634508161431,-0.0127013197092118,0,0,0
138.87,9497.07326331524,1.55772790524757,9500,9496.51600045883,1.79848280914637,1.55772790524757,0,10.8120210410607,20.0792621900711,15,0,15077.0646623076,-15015.6442847512,1.55772790524757,1.5418159808907,1.54905726130139,-0.00724128041069383,7.77161817761803,0.0303944851782593,1.55772790524757,0,267.161443506003,60.6481711487664,6.85489494687864e-10,1,0.986307213890976,0,0.00506156086363374,-0.0144825608213877,0,0,0
138.885,9497.23544363086,1.55828059577031,9500,9496.66042209386,1.79742837487193,1.55828059577031,0,11.0227912703417,20.0693682898524,15,0,15080.3129912094,-15017.6942115722,1.55828059577031,1.5418159808907,1.54991976723434,-0.00810378634363929,8.1822724941004,0.0326721875668945,1.55828059577031,0,267.161443506003,60.6481711487664,7.01449385096135e-10,1,0.986324056934175,0,0.00485241460803709,-0.0162075726872786,0,0,0
138.9,9497.40078549991,1.55879807981825,9500,9496.80944611294,1.79614875171941,1.55879807981825,0,11.2079553490058,20.0602661090121,15,0,15083.410234198,-15019.7384574734,1.55879807981825,1.5418159808907,1.55075281849718,-0.00893683760647979,8.56995998069419,0.0348557741405112,1.55879807981825,0,267.161443506003,60.6481711487664,7.15564190348956e-10,1,0.986341228316735,0,0.00463654189635454,-0.0178736752129596,0,0,0
138.915,9497.56890483015,1.55927985058138,9500,9496.96269910681,1.79464997023227,1.55927985058138,0,11.367532257389,20.0519612029481,15,0,15086.3524533104,-15021.7729858221,1.55927985058138,1.5418159808907,1.55155515504229,-0.0097391741515942,8.93425435967555,0.0369422179938707,1.55927985058138,0,267.161443506003,60.6481711487664,7.27844408598824e-10,1,0.986358688149213,0,0.00441447819321938,-0.0194783483031884,0,0,0
138.93,9497.73941781401,1.55972547945398,9500,9497.11980489759,1.79293841131726,1.55972547945398,0,11.5015914642922,20.0444574995757,15,0,15089.1360747266,-15023.7938377003,1.55972547945398,1.5418159808907,1.55232559819947,-0.0105096173087693,9.2747828177387,0.0389287331808194,1.55972547945398,0,267.161443506003,60.6481711487664,7.38306420507373e-10,1,0.986376396571733,0,0.00418676348086189,-0.0210192346175386,0,0,0
138.945,9497.91194168597,1.56013461568875,9500,9497.28038533004,1.79102078822659,1.56013461568875,0,11.6102520130355,20.0377573204215,15,0,15091.7578902533,-15025.79713849,1.56013461568875,1.5418159808907,1.55306305186527,-0.0112470709745764,9.59122584876429,0.0408127767472073,1.56013461568875,0,267.161443506003,60.6481711487664,7.46969847213267e-10,1,0.986394313832637,0,0.003953941152262,-0.0224941419491529,0,0,0
138.96,9498.08609546617,1.56050698591165,9500,9497.44406105413,1.78890412817,1.56050698591165,0,11.6936815280619,20.0318614039789,15,0,15094.2150581187,-15027.7791042215,1.56050698591165,1.5418159808907,1.55376650351308,-0.0119505226223877,9.88331700161978,0.0425920502657252,1.56050698591165,0,267.161443506003,60.6481711487664,7.53859157369339e-10,1,0.986412400365716,0,0.00371655692616502,-0.0239010452447754,0,0,0
138.975,9498.26150068909,1.56084239349611,9500,9497.61045229744,1.78659575359593,1.56084239349611,0,11.752095142042,20.0267689313217,15,0,15096.5051030623,-15029.7360476678,1.56084239349611,1.5418159808907,1.55443502502924,-0.0126190441385443,10.1508425351148,0.0442645008824994,1.56084239349611,0,267.161443506003,60.6481711487664,7.59001758098566e-10,1,0.986430616865887,0,0.00347515775388141,-0.0252380882770886,0,0,0
138.99,9498.43778211622,1.56114071782583,9500,9497.77917962624,1.7841032631811,1.56114071782583,0,11.7857543642901,20.0224775533318,15,0,15098.6259158561,-15031.6643842071,1.56114071782583,1.5418159808907,1.555067773359,-0.0132517924683055,10.3936409821938,0.0458283218717461,1.56114071782583,0,267.161443506003,60.6481711487664,7.6242901605672e-10,1,0.9864489243632,0,0.00323029075117143,-0.0265035849366111,0,0,0
139.005,9498.61456843168,1.56140191340231,9500,9497.94986469405,1.78143451256822,1.56140191340231,0,11.7949658621285,20.0189834204574,15,0,15100.5757520428,-15033.5606373964,1.56140191340231,1.5418159808907,1.55566399098978,-0.0138480100990783,10.6116026252828,0.0472819527097732,1.56140191340231,0,267.161443506003,60.6481711487664,7.64175520663719e-10,1,0.986467284295089,0,0.00298250212787421,-0.0276960201981566,0,0,0
139.02,9498.79149291962,1.56162600886235,9500,9498.12213097646,1.77859759489035,1.56162600886235,0,11.7800801993768,20.0162812135982,15,0,15102.3532301923,-15035.4214443118,1.56162600886235,1.5418159808907,1.55622300623853,-0.014407025347831,10.8046688856247,0.0486240786673166,1.56162600886235,0,267.161443506003,60.6481711487664,7.64279372838476e-10,1,0.986485658576715,0,0.00273233614990831,-0.028814050695662,0,0,0
139.035,9498.96819412261,1.56181310585811,9500,9498.29560449105,1.77560082112225,1.56181310585811,0,11.7414905019965,20.0143641771213,15,0,15103.9573294523,-15037.2435605981,1.56181310585811,1.5418159808907,1.55674423337438,-0.0149282524836796,10.9728316280311,0.0498536299347754,1.56181310585811,0,267.161443506003,60.6481711487664,7.62780862943818e-10,1,0.98650400966935,0,0.00248033408672454,-0.0298565049673591,0,0,0
139.05,9499.14431648014,1.56196337782814,9500,9498.46991450144,1.77245270029655,1.56196337782814,0,11.6796310700832,20.0132241533997,15,0,15105.3873865177,-15039.0238652471,1.56196337782814,1.5418159808907,1.55722717255888,-0.0154111916681794,11.1161323844726,0.0509697802738014,1.56196337782814,0,267.161443506003,60.6481711487664,7.59722027974149e-10,1,0.98652230064668,0,0.00222703321151041,-0.0308223833363588,0,0,0
139.065,9499.31951094619,1.5620770686523,9500,9498.64469420424,1.76916191962337,1.5620770686523,0,11.5949759328053,20.0128516190253,15,0,15106.6430919835,-15040.7593650871,1.5620770686523,1.5418159808907,1.55767140961939,-0.0158554287286881,11.2346614987667,0.0519719452189811,1.5620770686523,0,267.161443506003,60.6481711487664,7.55150015852146e-10,1,0.986540495258947,0,0.00197296578874151,-0.0317108574573761,0,0,0
139.08,9499.49343558518,1.56215449120876,9500,9498.81958139813,1.76573732455135,1.56215449120876,0,11.4880373589885,20.0132357223143,15,0,15107.7244861614,-15042.4471989924,1.56215449120876,1.5418159808907,1.55807661564362,-0.0162606347529253,11.328557195306,0.0528597798239148,1.56215449120876,0,267.161443506003,60.6481711487664,7.49109907430188e-10,1,0.98655855799484,0,0.00171865810088345,-0.0325212695058505,0,0,0
139.095,9499.66575614556,1.5621960258121,9500,9498.99421913388,1.76218789880804,1.5621960258121,0,11.3593643104391,20.0143643225638,15,0,15108.6319542577,-15044.0846417863,1.5621960258121,1.5418159808907,1.55844254641465,-0.0166265655239526,11.3980045744113,0.0536331759693123,1.5621960258121,0,267.161443506003,60.6481711487664,7.41651888257478e-10,1,0.986576454141063,0,0.00146462949044879,-0.0332531310479052,0,0,0
139.11,9499.83614661022,1.56220211856268,9500,9499.16825634467,1.75852274445608,1.56220211856268,0,11.2095408586051,20.0162240304288,15,0,15109.3662210499,-15045.6691078539,1.56220211856268,1.5418159808907,1.55876904167471,-0.0169530607840147,11.4432345375579,0.0542922592400143,1.56220211856268,0,267.161443506003,60.6481711487664,7.32826414129729e-10,1,0.986594149839496,0,0.00121139141701554,-0.0339061215680294,0,0,0
139.125,9500.0042897231,1.56217327958597,9500,9499.34134845562,1.75475106200211,1.56217327958597,0,11.03918455174,20.0188002498925,15,0,15109.9283449604,-15047.198154441,1.56217327958597,1.5418159808907,1.5590560242319,-0.0172400433412012,11.4645226452458,0.0548373853776713,1.56217327958597,0,267.161443506003,60.6481711487664,7.22685380177646e-10,1,0.986611612141892,0,0.000959446566746625,-0.0344800866824024,0,0,0
139.14,9500.16987749138,1.56211008118518,9500,9499.51315797185,1.75088213059452,1.56211008118518,0,10.8489447475888,20.0220772213522,15,0,15110.3197116266,-15048.6694846509,1.56211008118518,1.5418159808907,1.55930349890981,-0.0174875180191145,11.4621879104487,0.0552691363327072,1.56211008118518,0,267.161443506003,60.6481711487664,7.11281240614298e-10,1,0.986628809062023,0,0.0007092879491577,-0.034975036038229,0,0,0
139.155,9500.33261166259,1.56201315590156,9500,9499.68335504433,1.74692528834521,1.56201315590156,0,10.6395009101172,20.0260380659661,15,0,15110.5420269475,-15050.0809501276,1.56201315590156,1.5418159808907,1.55951155134018,-0.017695570449481,11.4365915307607,0.0555883159098282,1.56201315590156,0,267.161443506003,60.6481711487664,6.98668178016502e-10,1,0.986645709625234,0,0.000461398050493278,-0.035391140898962,0,0,0
139.17,9500.49220417624,1.56188319448495,9500,9499.85161801266,1.74288991281086,1.56188319448495,0,10.4115608710793,20.0306648312336,15,0,15110.5973096064,-15051.4305534215,1.56188319448495,1.5418159808907,1.55968034660985,-0.0178643657191491,11.3881355619901,0.0557959450325502,1.56188319448495,0,267.161443506003,60.6481711487664,6.84900930875614e-10,1,0.986662283915348,0,0.00021624801271436,-0.0357287314382981,0,0,0
139.185,9500.64837758931,1.56172094377031,9500,9500.01763392428,1.73878540166723,1.56172094377031,0,10.1658590553952,20.0359385379228,15,0,15110.4878830527,-15052.7164500269,1.56172094377031,1.5418159808907,1.55981012777003,-0.0179941468793281,11.3172615366029,0.0558932566382716,1.56172094377031,0,267.161443506003,60.6481711487664,6.7003508519368e-10,1,0.98667850311885,0,-2.57031688954967e-05,-0.0359882937586562,0,0,0
139.2,9500.80086547514,1.56152720450323,9500,9500.18109902937,1.73462115361077,1.56152720450323,0,9.90315469852051,20.0418392274724,15,0,15110.2163671382,-15053.9369501251,1.56152720450323,1.5418159808907,1.55990121419056,-0.0180852332998669,11.2244490296396,0.0558816902122687,1.56152720450323,0,267.161443506003,60.6481711487664,6.54126195604792e-10,1,0.986694339566317,0,-0.000264009401536702,-0.0361704665997338,0,0,0
139.215,9500.94941279562,1.56130282906916,9500,9500.34171925087,1.73040654952061,1.56130282906916,0,9.62423002636778,20.0483460108536,15,0,15109.7856691949,-15055.0905199883,1.56130282906916,1.5418159808907,1.55995399979225,-0.018138018901555,11.1102141751123,0.0557628859815772,1.56130282906916,0,267.161443506003,60.6481711487664,6.37229053378802e-10,1,0.98670976677107,0,-0.000498238235034698,-0.03627603780311,0,0,0
139.23,9501.09377624601,1.56104871915224,9500,9500.49921062916,1.72615093391238,1.56104871915224,0,9.32988841590382,20.0554371183861,15,0,15109.1989746721,-15056.1757830603,1.56104871915224,1.5418159808907,1.55996895114783,-0.0181529702571324,10.9751081363811,0.0555386787758115,1.56104871915224,0,267.161443506003,60.6481711487664,6.19400905172206e-10,1,0.986724759464987,0,-0.000727971540023686,-0.0363059405142647,0,0,0
139.245,9501.23372457225,1.56076582334544,9500,9500.65329974084,1.72186359671511,1.56076582334544,0,9.02095255035532,20.0630899500743,15,0,15108.4597374343,-15057.1915207327,1.56076582334544,1.5418159808907,1.55994660545473,-0.0181306245640283,10.8197155336049,0.0552110915828009,1.56076582334544,0,267.161443506003,60.6481711487664,6.0069720965393e-10,1,0.986739293631453,0,-0.000952806179586707,-0.0362612491280565,0,0,0
139.26,9501.36903886051,1.56045513467233,9500,9500.80372409121,1.71755375540256,1.56045513467233,0,8.69826254344704,20.0712811273522,15,0,15107.5716695277,-15058.1366727745,1.56045513467233,1.5418159808907,1.55988756840087,-0.0180715875101773,10.644652830791,0.0547823288019869,1.56045513467233,0,267.161443506003,60.6481711487664,5.81173832580622e-10,1,0.986753346535431,0,-0.00117235462378851,-0.0361431750203547,0,0,0
139.275,9501.49951279866,1.56011768806794,9500,9500.95023248011,1.71323053750698,1.56011768806794,0,8.36267406474802,20.0799865452612,15,0,15106.5387306431,-15059.010337455,1.56011768806794,1.5418159808907,1.55979251191272,-0.0179765310220181,10.4505666866561,0.054254769221282,1.56011768806794,0,267.161443506003,60.6481711487664,5.6088616939015e-10,1,0.986766896750625,0,-0.00138624553582689,-0.0359530620440363,0,0,0
139.29,9501.62495290963,1.55975455783399,9500,9501.09258534066,1.70890296354544,1.55975455783399,0,8.01505647465075,20.0891814247755,15,0,15105.3651173344,-15059.8117713758,1.55975455783399,1.5418159808907,1.55966217178413,-0.0178461908934338,10.2381322712967,0.0536309587301599,1.55975455783399,0,267.161443506003,60.6481711487664,5.39890462367215e-10,1,0.986779924183701,0,-0.00159412431433914,-0.0356923817868675,0,0,0
139.305,9501.74517875675,1.55936685497684,9500,9501.23055505076,1.70457993038617,1.55936685497684,0,7.6562909110424,20.0988403672675,15,0,15104.055251576,-15060.5403889195,1.55936685497684,1.5418159808907,1.55949734524198,-0.0176813643512801,10.0080515522083,0.0529136027887073,1.55936685497684,0,267.161443506003,60.6481711487664,5.18241022146727e-10,1,0.986792410095626,0,-0.00179565359739997,-0.0353627287025602,0,0,0
139.32,9501.86002312041,1.5589557245776,9500,9501.36392621696,1.70027019507901,1.5589557245776,0,7.28726842456128,20.1089374079655,15,0,15102.6137693462,-15061.1957614551,1.5589557245776,1.5418159808907,1.55929888838219,-0.0174829074914891,9.76105155423282,0.0521055586698773,1.5589557245776,0,267.161443506003,60.6481711487664,4.95991399204054e-10,1,0.986804337120007,0,-0.00199051373145398,-0.0349658149829781,0,0,0
139.335,9501.96933214678,1.55852234308206,9500,9501.4924959307,1.69598235917953,1.55852234308206,0,6.90888808824231,20.1194460708387,15,0,15101.0455087131,-15061.7776161954,1.55852234308206,1.5418159808907,1.55906771354037,-0.0172517326496777,9.49788259405224,0.051209827490723,1.55852234308206,0,267.161443506003,60.6481711487664,4.73195993851055e-10,1,0.986815689278536,0,-0.00217840319151574,-0.0345034652993554,0,0,0
139.35,9502.07296546811,1.55806791555401,9500,9501.61607399655,1.69172485358782,1.55806791555401,0,6.52205511159998,20.1303394240198,15,0,15099.3554976299,-15062.285834743,1.55806791555401,1.5418159808907,1.55880478658631,-0.0169888056956149,9.21931649480425,0.0502295460545409,1.55806791555401,0,267.161443506003,60.6481711487664,4.49907717337855e-10,1,0.986826451993489,0,-0.00235903895385281,-0.0339776113912298,0,0,0
139.365,9502.17079629478,1.55759367293953,9500,9501.73448313255,1.6875059239268,1.55759367293953,0,6.12767709436467,20.1415901326844,14,0,15097.5489519908,-15062.7204724753,1.55759367293953,1.5418159808907,1.55851112412894,-0.0166951432382394,8.92614478285708,0.0491679785253072,1.55759367293953,0,267.161443506003,60.6481711487664,9.68231511169072e-10,1,0.986836612097283,0,-0.00253215684806984,-0.0333902864764788,0,0,0
139.38,9502.2627114512,1.55710086927117,9500,9501.84755914246,1.68333361648279,1.55710086927117,0,5.72666987380445,20.1531705233223,14,0,15095.6312209176,-15063.0816706352,1.55710086927117,1.5418159808907,1.5581877906723,-0.0163718097816006,8.61917686969698,0.0480285079436758,1.55710086927117,0,267.161443506003,60.6481711487664,9.13532153074461e-10,1,0.986846157836199,0,-0.00269751184615141,-0.0327436195632012,0,0,0
139.395,9502.3486114993,1.55659077922741,9500,9501.95515105267,1.6792157649146,1.55659077922741,0,5.319944151163,20.1650526201743,14,0,15093.607839716,-15063.3697853426,1.55659077922741,1.5418159808907,1.5578358955288,-0.0160199146380982,8.29923811468445,0.0468146276129076,1.55659077922741,0,267.161443506003,60.6481711487664,8.58077720314603e-10,1,0.986855078883218,0,-0.00285487830518449,-0.0320398292761963,0,0,0
139.41,9502.42841066157,1.55606469440849,9500,9502.05712124567,1.67515997694762,1.55606469440849,0,4.90841105609942,20.1772082286391,14,0,15091.4844691997,-15063.5852953367,1.55606469440849,1.5418159808907,1.55745659031959,-0.0156406094288919,7.96716826538864,0.0455299323755746,1.55606469440849,0,267.161443506003,60.6481711487664,8.01949258519364e-10,1,0.986863366330016,0,-0.00300405019892702,-0.0312812188577838,0,0,0
139.425,9502.50203682741,1.55552392108721,9500,9502.15334553892,1.67117362235334,1.55552392108721,0,4.49297869285891,20.1896089774682,14,0,15089.2668962039,-15063.7288221683,1.55552392108721,1.5418159808907,1.55705106568547,-0.0152350847947718,7.62381943836138,0.0441781097860574,1.55552392108721,0,267.161443506003,60.6481711487664,7.45259651170586e-10,1,0.986871012687634,0,-0.00314484127996195,-0.0304701695895435,0,0,0
139.44,9502.56943150781,1.55496977742005,9500,9502.24371324497,1.66726382134656,1.55496977742005,0,4.07455038633877,20.20222637435,14,0,15086.9610204502,-15063.8011270832,1.55496977742005,1.5418159808907,1.55662054823106,-0.0148045673403618,7.27005426957852,0.0427629312100746,1.55496977742005,0,267.161443506003,60.6481711487664,6.88119843243254e-10,1,0.986878011881766,0,-0.00327708519480563,-0.0296091346807237,0,0,0
139.455,9502.6305497636,1.55440359063426,9500,9502.32812720426,1.66343743363164,1.55440359063426,0,3.65402293824106,20.2150318619929,14,0,15084.5728411839,-15063.8031076219,1.55440359063426,1.5418159808907,1.55616629745512,-0.0143503165644265,6.90674407099934,0.041288242872412,1.55440359063426,0,267.161443506003,60.6481711487664,6.30638406955892e-10,1,0.986884359245308,0,-0.00340063556370618,-0.0287006331288531,0,0,0
139.47,9502.68536010767,1.55382669421174,9500,9502.4065037908,1.65970104811191,1.55382669421174,0,3.23228490544927,20.227996874286,14,0,15082.1084436753,-15063.7357939578,1.55382669421174,1.5418159808907,1.55568960266455,-0.0138736217738495,6.53476699543158,0.0397579568687442,1.55382669421174,0,267.161443506003,60.6481711487664,5.72923300646517e-10,1,0.986890051508204,0,-0.00351536602315594,-0.0277472435476991,0,0,0
139.485,9502.73384438126,1.55324042509748,9500,9502.47877289102,1.65606097327614,1.55324042509748,0,2.81021491927312,20.2410928919661,14,0,15079.5739857215,-15063.600345005,1.55324042509748,1.5418159808907,1.55519177986647,-0.0133757989757706,6.15500621172743,0.0381760421583241,1.55324042509748,0,267.161443506003,60.6481711487664,5.15079241481414e-10,1,0.986895086784596,0,-0.00362117021571029,-0.0267515979515411,0,0,0
139.5,9502.77599760505,1.55264612088971,9500,9502.54487785611,1.65252322827572,1.55264612088971,0,2.38868001626138,20.2542914987256,14,0,15076.9756839456,-15063.3980442566,1.55264612088971,1.5418159808907,1.55467416867182,-0.0128581877811218,5.76834809167343,0.0365465155612544,1.55264612088971,0,267.161443506003,60.6481711487664,4.5721019533497e-10,1,0.986899464557364,0,-0.00371796174877859,-0.0257163755622436,0,0,0
139.515,9502.81182780529,1.55204511710791,9500,9502.60477542804,1.64909353470344,1.55204511710791,0,1.96853582071324,20.2675644375511,13,0,15074.3197906682,-15063.1302756705,1.55204511710791,1.5418159808907,1.55413812916924,-0.0123221482785449,5.37568041132554,0.0348734327743041,1.55204511710791,0,267.161443506003,60.6481711487664,9.08311029750015e-10,1,0.986903185660066,0,-0.00380567409941746,-0.0246442965570899,0,0,0
139.53,9502.8413558426,1.55143874443418,9500,9502.65843563976,1.64577730908584,1.55143874443418,0,1.55061756443466,20.2808836586168,13,0,15071.6126204513,-15062.7986013088,1.55143874443418,1.5418159808907,1.55358503883374,-0.0117690579430434,4.97789056801998,0.0331608794295662,1.55143874443418,0,267.161443506003,60.6481711487664,7.7738931247533e-10,1,0.986906252259154,0,-0.00388426048836221,-0.0235381158860868,0,0,0
139.545,9502.86461510607,1.55082832570926,9500,9502.70584169683,1.64257965591984,1.55082832570926,0,1.13574987124575,20.2942213906158,13,0,15068.8604725354,-15062.4046282074,1.55082832570926,1.5418159808907,1.55301628958632,-0.0112003086956214,4.57586391916832,0.0314129622098032,1.55082832570926,0,267.161443506003,60.6481711487664,6.4698822355293e-10,1,0.986908667822213,0,-0.00395369372372967,-0.0224006173912428,0,0,0
139.56,9502.88165135414,1.55021517418104,9500,9502.7469898105,1.6395053620327,1.55021517418104,0,0.724737902988056,20.3075501674223,13,0,15066.0696649159,-15061.9500928282,1.55021517418104,1.5418159808907,1.55243328426259,-0.0106173033718926,4.17048177161321,0.0296338000341249,1.55021517418104,0,267.161443506003,60.6481711487664,5.17404378452443e-10,1,0.986910437101432,0,-0.0040139659556524,-0.0212346067437852,0,0,0
139.575,9502.89252242268,1.54960059033354,9500,9502.7818890328,1.6365588910153,1.54960059033354,0,0.318365890722436,20.3208428921254,12,0,15063.2465166612,-15061.4368517713,1.54960059033354,1.5418159808907,1.55183743384632,-0.0100214529556195,3.76261984583355,0.0278275153540813,1.54960059033354,0,267.161443506003,60.6481711487664,8.84582787220898e-10,1,0.986911566103287,0,-0.00406508845714937,-0.020042905911239,0,0,0
139.59,9502.89729791104,1.54898585932719,9500,9502.81056105871,1.63374437861543,1.54898585932719,0,-0.0825967198017377,20.3340728969945,12,0,15060.3972938546,-15060.8667928284,1.54898585932719,1.5418159808907,1.55123015444664,-0.00941417355593788,3.35314659419207,0.0259982255483641,1.54898585932719,0,267.161443506003,60.6481711487664,5.94870512845576e-10,1,0.986912062055934,0,-0.00410709132524056,-0.0188283471118758,0,0,0
139.605,9502.89605896024,1.54837224885747,9500,9502.8330399982,1.63106562904353,1.54837224885747,0,-0.477407179488081,20.3472139728466,11,0,15057.5282570203,-15060.2419501565,1.54837224885747,1.5418159808907,1.55061286413331,-0.00879688324261751,2.94292144754421,0.0241500344520058,1.54837224885747,0,267.161443506003,60.6481711487664,7.0147967192767e-10,1,0.986911933386177,0,-0.00414002315410045,-0.017593766485235,0,0,0
139.62,9502.88889785255,1.54776100582537,9500,9502.84937214995,1.62852611140897,1.54776100582537,0,-0.865351654618468,20.3602402598609,8,0,15054.6456407486,-15059.5644965531,1.54776100582537,1.5418159808907,1.54998698043969,-0.00817099954899381,2.53279347305932,0.0222870240326606,1.54776100582537,0,267.161443506003,60.6481711487664,9.3354541341897e-10,1,0.986911189677881,0,-0.00416395070237607,-0.0163419990979876,0,0,0
139.635,9502.87591757773,1.54715335441898,9500,9502.85961572985,1.6261289574718,1.54715335441898,0,-1.2457245067829,20.3731272101985,11,0,15051.7555540256,-15058.8365260425,1.54715335441898,1.5418159808907,1.54935391723485,-0.00753793634415345,2.1235996636704,0.0204132462165914,1.54715335441898,0,267.161443506003,60.6481711487664,5.74342008567104e-10,1,0.986909841626924,0,-0.00417895848958083,-0.0150758726883069,0,0,0
139.65,9502.85723171013,1.54655049520982,9500,9502.8638405575,1.62387696066635,1.54655049520982,0,-1.61785942859034,20.385849759039,12,0,15048.8640852744,-15058.060335932,1.54655049520982,1.5418159808907,1.54871508117928,-0.00689910028857921,1.71616298553902,0.01853271489628,1.54655049520982,0,267.161443506003,60.6481711487664,5.25984558728668e-10,1,0.986907901028437,0,-0.00418514833024863,-0.0137982005771584,0,0,0
139.665,9502.8329638187,1.54595360065016,9500,9502.8621277921,1.6217725741054,1.54595360065016,0,-1.9811136125702,20.3983842512981,12,0,15045.9772369146,-15057.2382714113,1.54595360065016,1.5418159808907,1.5480718700848,-0.00625588919410025,1.31129158590393,0.0166493981476681,1.54595360065016,0,267.161443506003,60.6481711487664,7.94543154508625e-10,1,0.986905380715523,0,-0.00418263893328374,-0.0125117783882005,0,0,0
139.68,9502.80324711451,1.54536381430151,9500,9502.85456958384,1.61981791092712,1.54536381430151,0,-2.33487137425438,20.4107075482731,13,0,15043.1009106352,-15056.3727314444,1.54536381430151,1.5418159808907,1.54742566949914,-0.00560968860843936,0.909776930771276,0.0147672106276905,1.54536381430151,0,267.161443506003,60.6481711487664,4.65081144590988e-10,1,0.986902294522662,0,-0.0041715653885499,-0.0112193772168787,0,0,0
139.695,9502.7682240439,1.54478224904502,9500,9502.84126872438,1.61801474492901,1.54478224904502,0,-2.6785405498148,20.4227972443651,13,0,15040.2408790227,-15055.4661199423,1.54478224904502,1.5418159808907,1.54677784991496,-0.00496186902425988,0.512392339685764,0.012890006202843,1.54478224904502,0,267.161443506003,60.6481711487664,5.78322782792068e-10,1,0.986898657243445,0,-0.00415207862878075,-0.00992373804851976,0,0,0
139.71,9502.72804593565,1.54420998519598,9500,9502.82233828238,1.61636451184121,1.54420998519598,0,-3.01156314069434,20.434631698292,13,0,15037.4028283415,-15054.5209490664,1.54420998519598,1.5418159808907,1.546129764148,-0.00431378325730414,0.119891625538295,0.0110215708198917,1.54420998519598,0,267.161443506003,60.6481711487664,6.8877518986849e-10,1,0.986894484593945,0,-0.00412434489222369,-0.00862756651460828,0,0,0
139.725,9502.68287248854,1.54364806773204,9500,9502.79790124207,1.61486831079642,1.54364806773204,0,-3.33340988991097,20.4461900951031,13,0,15034.5923067051,-15053.5397565839,1.54364806773204,1.5418159808907,1.54548274527922,-0.00366676438852354,-0.266991920171595,0.009165615618391,1.54364806773204,0,267.161443506003,60.6481711487664,7.96336483429491e-10,1,0.986889793159487,0,-0.00408854516085633,-0.00733352877704707,0,0,0
139.74,9502.63287134019,1.54309750499353,9500,9502.76809010273,1.61352690706509,1.54309750499353,0,-3.64358227552041,20.4574524703771,13,0,15031.814724588,-15052.5251177194,1.54309750499353,1.5418159808907,1.54483810398728,-0.00302212309658745,-0.647546894972503,0.00732577029600566,1.54309750499353,0,267.161443506003,60.6481711487664,9.00851206995217e-10,1,0.986884600349875,0,-0.00404487457230363,-0.0060442461931749,0,0,0
139.755,9502.57821760606,1.54255926702582,9500,9502.73304647019,1.61234073529223,1.54255926702582,0,-3.94161119452595,20.4683997452909,14,0,15029.0753344235,-15051.4796172788,1.54255926702582,1.5418159808907,1.54419712619237,-0.00238114530167532,-1.02108496738281,0.00550557673846903,1.54255926702582,0,267.161443506003,60.6481711487664,4.40697280943011e-10,1,0.986878924351518,0,-0.0039935417803576,-0.00476229060335065,0,0,0
139.77,9502.51909343814,1.54203428407775,9500,9502.69292063469,1.61130990338643,1.54203428407775,0,-4.22706518262337,20.4790137488759,14,0,15026.3792632648,-15050.4059290326,1.54203428407775,1.5418159808907,1.54356107076583,-0.00174508987512922,-1.38694199825415,0.00370848293730811,1.54203428407775,0,267.161443506003,60.6481711487664,4.83782870359843e-10,1,0.986872784081593,0,-0.00393476832802908,-0.00349017975025845,0,0,0
139.785,9502.4556874604,1.54152344479017,9500,9502.64787114386,1.61043419685135,1.54152344479017,0,-4.49953987745437,20.4892772649188,14,0,15023.7314411011,-15049.306684139,1.54152344479017,1.5418159808907,1.54293116753581,-0.00111518664511157,-1.74447898719662,0.00193783718969502,1.54152344479017,0,267.161443506003,60.6481711487664,5.2537915793771e-10,1,0.986866199129418,0,-0.00386878799907309,-0.00223037329022313,0,0,0
139.8,9502.38819436224,1.54102759577915,9500,9502.59806434,1.60971308434302,1.54102759577915,0,-4.75866517517181,20.4991740318584,14,0,15021.1366365733,-15048.1845475327,1.54102759577915,1.5418159808907,1.54230861474153,-0.00049263385082865,-2.09308333545827,0.00019688259011213,1.54102759577915,0,267.161443506003,60.6481711487664,5.65399403001214e-10,1,0.986859189714226,0,-0.00379584610659123,-0.0009852677016573,0,0,0
139.815,9502.31681438461,1.54054753991706,9500,9502.54367391189,1.60914572320384,1.54054753991706,0,-5.00410410804662,20.508688778778,14,0,15018.5994371417,-15047.0421917038,1.54054753991706,1.5418159808907,1.54169457729859,0.000121403592106217,-2.43216961446279,-0.00151124815785392,1.54054753991706,0,267.161443506003,60.6481711487664,6.03788845426557e-10,1,0.986851776631805,0,-0.00371619882188878,0.000242807184212435,0,0,0
139.83,9502.24175282299,1.5400840352014,9500,9502.48488042965,1.60873096576569,1.5400840352014,0,-5.23555312271433,20.5178072471687,14,0,15016.124241655,-15045.8822908362,1.5400840352014,1.5418159808907,1.54109018492149,0.000725795969203302,-2.76118041571435,-0.00318353762770387,1.5400840352014,0,267.161443506003,60.6481711487664,6.40497368309995e-10,1,0.986843981202871,0,-0.00363011245980172,0.0014515919384066,0,0,0
139.845,9502.16321952615,1.53963779378057,9500,9502.42187087129,1.60846736621155,1.53963779378057,0,-5.4527422546412,20.5265162092724,14,0,15013.7152536348,-15044.7075150684,1.53963779378057,1.5418159808907,1.54049653032846,0.00131945056224159,-3.07958713451168,-0.00481708823461465,1.53963779378057,0,267.161443506003,60.6481711487664,6.75475989526634e-10,1,0.986835825221016,0,-0.00353786277086887,0.00263890112448317,0,0,0
139.86,9502.08142839233,1.53920948105147,9500,9502.35483814206,1.60835318797469,1.53920948105147,0,-5.65543525495058,20.5348034848239,14,0,15011.376474888,-15043.5205248095,1.53920948105147,1.5418159808907,1.53991466756956,0.00190131332113941,-3.38689068623287,-0.00640912648150564,1.53920948105147,0,267.161443506003,60.6481711487664,7.08679055372909e-10,1,0.986827330900389,0,-0.00343973420406751,0.00380262664227882,0,0,0
139.875,9501.99659686351,1.53879971492976,9500,9502.28398058779,1.60838641165136,1.53879971492976,0,-5.84342960465775,20.5426579540071,14,0,15009.1116999246,-15042.3239652159,1.53879971492976,1.5418159808907,1.5393456104345,0.00247037045619902,-3.68262215304632,-0.00795700687333602,1.53879971492976,0,267.161443506003,60.6481711487664,7.40065703715319e-10,1,0.986818520823166,0,-0.00333601917201465,0.00494074091239805,0,0,0
139.89,9501.90894541944,1.53840906522057,9500,9502.20950150335,1.60856474340375,1.53840906522057,0,-6.01655646543499,20.5500695681688,14,0,15006.9245108438,-15041.1204607759,1.53840906522057,1.5418159808907,1.53879033097539,0.00302564991530652,-3.96634336034296,-0.00945821550074261,1.53840906522057,0,267.161443506003,60.6481711487664,7.69596063570448e-10,1,0.986809417887009,0,-0.00322701730613129,0.00605129983061303,0,0,0
139.905,9501.81869707246,1.53803805309844,9500,9502.13160863725,1.60888562382635,1.53803805309844,0,-6.17468056097517,20.5570293580938,14,0,15004.8182727431,-15039.9126100184,1.53803805309844,1.5418159808907,1.53824975814257,0.00356622274812279,-4.23764738062448,-0.0109103732885017,1.53803805309844,0,267.161443506003,60.6481711487664,7.9723520434567e-10,1,0.986800045252598,0,-0.00311303471165014,0.00713244549624559,0,0,0
139.92,9501.72607686404,1.53768715073925,9500,9502.05051369384,1.60934623724875,1.53768715073925,0,-6.31769996323629,20.5635294389049,14,0,15002.7961298463,-15038.702980399,1.53768715073925,1.5418159808907,1.53772477651205,0.00409120437865074,-4.49615896369986,-0.0123112389087443,1.53768715073925,0,267.161443506003,60.6481711487664,8.22950797974386e-10,1,0.986790426291348,0,-0.00299438320866785,0.00818240875730147,0,0,0
139.935,9501.6313113646,1.53735678101534,9500,9501.96643183394,1.60994352144852,1.53735678101534,0,-6.44554584115096,20.569563013501,14,0,15000.8610019489,-15037.4941032888,1.53735678101534,1.5418159808907,1.53721622515205,0.00459975573864502,-4.74153489296742,-0.0136587113526448,1.53735678101534,0,267.161443506003,60.6481711487664,8.46712974370128e-10,1,0.986780584533456,0,-0.00287137959143813,0.00919951147729003,0,0,0
139.95,9501.53462817698,1.53704731734388,9500,9501.8795811753,1.61067417774438,1.53704731734388,0,-6.55818211487287,20.575124372577,14,0,14999.0155816004,-15036.2884691616,1.53704731734388,1.5418159808907,1.53672489657971,0.00509108431098926,-4.97346426626731,-0.0149508321687919,1.53704731734388,0,267.161443506003,60.6481711487664,8.68497833140994e-10,1,0.986770543616348,0,-0.00274434486367947,0.0101821686219785,0,0,0
139.965,9501.43625544525,1.53675908363904,9500,9501.79018229387,1.61153468144377,1.53675908363904,0,-6.65560504834503,20.5802088922939,14,0,14997.2623318004,-15035.088522943,1.53675908363904,1.5418159808907,1.5362515358378,0.00556444505289377,-5.19166870288762,-0.0161857873574477,1.53675908363904,0,267.161443506003,60.6481711487664,8.88283204956947e-10,1,0.986760327233652,0,-0.00261360349439221,0.0111288901057875,0,0,0
139.98,9501.33642136953,1.53649235435619,9500,9501.69845772697,1.61252129261522,1.53649235435619,0,-6.7378427886988,20.5848130298449,14,0,14995.6034841557,-15033.8966595183,1.53649235435619,1.5418159808907,1.53579683969299,0.00601914119770841,-5.39590247610611,-0.0173619089299242,1.53649235435619,0,267.161443506003,60.6481711487664,9.06050993646218e-10,1,0.986749959084818,0,-0.00247948267697051,0.0120382823954168,0,0,0
139.995,9501.2353537277,1.53624735467067,9500,9501.60463147948,1.61363006715648,1.53624735467067,0,-6.80495482518723,20.588934316002,14,0,14994.0410377048,-15032.7152194496,1.53624735467067,1.5418159808907,1.53536145593343,0.00645452495726739,-5.58595257183243,-0.0184776761345609,1.53624735467067,0,267.161443506003,60.6481711487664,9.2178732501114e-10,1,0.986739462825448,0,-0.00234231158322329,0.0129090499145348,0,0,0
140.01,9501.13327940532,1.53602426073967,9500,9501.50892853414,1.61485686813102,1.53602426073967,0,-6.85703140301932,20.5925713457503,14,0,14992.576758168,-15031.5464848619,1.53602426073967,1.5418159808907,1.5349459827927,0.00686999809799316,-5.76163867505147,-0.0195317163470114,1.53602426073967,0,267.161443506003,60.6481711487664,9.35480794307732e-10,1,0.986728862018471,0,-0.00220242063873188,0.0137399961959863,0,0,0
140.025,9501.03042393428,1.53582320008927,9500,9501.41157436679,1.61619737734233,1.53582320008927,0,-6.89419286413003,20.5957237661063,14,0,14991.2121778286,-15030.3926755457,1.53582320008927,1.5418159808907,1.53455096847419,0.00726501241650879,-5.9228130840243,-0.0205228056344408,1.53582320008927,0,267.161443506003,60.6481711487664,9.47125686691079e-10,1,0.98671818008623,0,-0.00206014079848238,0.0145300248330176,0,0,0
140.04,9500.92701104131,1.53564425209897,9500,9501.31279446782,1.61764710711836,1.53564425209897,0,-6.91658893465245,20.5983922617228,14,0,14989.948595917,-15029.2559452595,1.53564425209897,1.5418159808907,1.53417691078968,0.00763907010101583,-6.06936055446597,-0.0214498689937578,1.53564425209897,0,267.161443506003,60.6481711487664,9.56718469643179e-10,1,0.986707440263602,0,-0.00191580283101844,0.0152781402020317,0,0,0
140.055,9500.8232622073,1.53548744857981,9500,9501.21281387055,1.61920141227603,1.53548744857981,0,-6.92439796136783,20.6005785383684,14,0,14988.7870794855,-15028.1383782341,1.53548744857981,1.5418159808907,1.53382425691228,0.00799172397841352,-6.20119807422151,-0.0223119802677161,1.53548744857981,0,267.161443506003,60.6481711487664,9.64260574867583e-10,1,0.986696665552216,0,-0.00176973662897328,0.015983447956827,0,0,0
140.07,9500.71939623788,1.5353527744602,9500,9501.11185668762,1.62085550223642,1.5353527744602,0,-6.91782609024544,20.6022853039852,14,0,14987.7284648358,-15027.0419859005,1.5353527744602,1.5418159808907,1.53349340323057,0.00832257766012745,-6.31827456997264,-0.0231083617507541,1.5353527744602,0,267.161443506003,60.6481711487664,9.69757084724278e-10,1,0.986685878675872,0,-0.00162227051316877,0.0166451553202549,0,0,0
140.085,9500.61562884652,1.53524016855558,9500,9501.01014565632,1.62260445326244,1.53524016855558,0,-6.89710640071656,20.6035162478508,14,0,14986.7733594029,-15025.9687038251,1.53524016855558,1.5418159808907,1.53318469531741,0.00863128557328352,-6.42057054797365,-0.0238383834816801,1.53524016855558,0,267.161443506003,60.6481711487664,9.73217173914229e-10,1,0.986675102037236,0,-0.00147373056998701,0.017262571146567,0,0,0
140.1,9500.51217225051,1.53514952445215,9500,9500.9079016936,1.62444322078869,1.53514952445215,0,-6.86249797937797,20.604276017199,14,0,14985.922144226,-15024.9203888876,1.53514952445215,1.5418159808907,1.53289842799088,0.008917552899814,-6.50809766978243,-0.0245015622381742,1.53514952445215,0,267.161443506003,60.6481711487664,9.74653527129403e-10,1,0.98666435767588,0,-0.00132443999840182,0.017835105799628,0,0,0
140.115,9500.40923478082,1.53508069143599,9500,9500.8053434618,1.62636665181618,1.53508069143599,0,-6.81428497603629,20.6045701927996,14,0,14985.174976699,-15023.8988166412,1.53508069143599,1.5418159808907,1.53263484549932,0.00918113539137599,-6.58089826569739,-0.025097560237455,1.53508069143599,0,267.161443506003,60.6481711487664,9.74083512234378e-10,1,0.986653667227768,0,-0.00117471846692729,0.018362270782752,0,0,0
140.13,9500.30702050618,1.53503347555568,9500,9500.70268694577,1.62836949734137,1.53503347555568,0,-6.75277558681266,20.6044052616038,14,0,14984.5317940076,-15022.9056789447,1.53503347555568,1.5418159808907,1.53239414178442,0.0094218391062757,-6.63904478661633,-0.0256261835475723,1.53503347555568,0,267.161443506003,60.6481711487664,9.7152772000001e-10,1,0.986643051886215,0,-0.00102488150060021,0.0188436782125514,0,0,0
140.145,9500.20572887238,1.53500764071301,9500,9500.60014504212,1.63044642479387,1.53500764071301,0,-6.67830103242423,20.6037885887496,14,0,14983.9923167667,-15021.9425817711,1.53500764071301,1.5418159808907,1.53217646086812,0.00963952002257562,-6.68263919798664,-0.0260873802228424,1.53500764071301,0,267.161443506003,60.6481711487664,9.67011283510182e-10,1,0.986632532364426,0,-0.000875239881268586,0.0192790400451512,0,0,0
140.16,9500.10555435689,1.53500290986595,9500,9500.49792716153,1.63259203045288,1.53500290986595,0,-6.59121447791407,20.6027283871222,14,0,14983.5560532494,-15021.0110432761,1.53500290986595,1.5418159808907,1.53198189731836,0.00983408357233406,-6.71181231655864,-0.0264812381694133,1.53500290986595,0,267.161443506003,60.6481711487664,9.60563734524258e-10,1,0.986622128859627,0,-0.000726099072150488,0.0196681671446681,0,0,0
140.175,9500.00668613972,1.53501896628917,9500,9500.39623884455,1.63480085181729,1.53501896628917,0,-6.4918899294393,20.6012336856717,14,0,14983.2223039578,-15020.1124920802,1.53501896628917,1.5418159808907,1.53181049681552,0.0100054840751773,-6.72672309376872,-0.026807982751881,1.53501896628917,0,267.161443506003,60.6481711487664,9.52217250021195e-10,1,0.986611861018881,0,-0.000577758663437233,0.0200109681503546,0,0,0
140.19,9499.90930779078,1.53505545488349,9500,9500.29528139168,1.63706737990192,1.53505545488349,0,-6.38072111422816,20.5993142966881,14,0,14982.990166493,-15019.2482657571,1.53505545488349,1.5418159808907,1.53166225681909,0.0101537240716099,-6.72755784736482,-0.0270679741504277,1.53505545488349,0,267.161443506003,60.6481711487664,9.42008849357788e-10,1,0.986601747906623,0,-0.000430511837638425,0.0203074481432197,0,0,0
140.205,9499.81359697407,1.53511198356326,9500,9500.19525150834,1.63938607143404,1.53511198356326,0,-6.25812032495336,20.5969807814279,14,0,14982.8585408633,-15018.4196095594,1.53511198356326,1.5418159808907,1.53153712731574,0.0102788535749616,-6.71452944400512,-0.027261704477365,1.53511198356326,0,267.161443506003,60.6481711487664,9.29978640494196e-10,1,0.986591807973935,0,-0.000284644858221883,0.0205577071499232,0,0,0
140.22,9499.71972516919,1.53518812471883,9500,9500.0963409651,1.64175136092635,1.53518812471883,0,-6.12451723105364,20.5942444141689,14,0,14982.8261352164,-15017.6276753839,1.53518812471883,1.5418159808907,1.53143501164485,0.0103809692458479,-6.68787643629809,-0.0273897946635649,1.53518812471883,0,267.161443506003,60.6481711487664,9.16170407263352e-10,1,0.986582059029627,0,-0.000140436586976378,0.0207619384916957,0,0,0
140.235,9499.62785741073,1.53528341668761,9500,9499.99873627389,1.64415767260162,1.53528341668761,0,-5.98035770022033,20.5911171461569,14,0,14982.8914716873,-15016.8735209124,1.53528341668761,1.5418159808907,1.53135576742839,0.0104602134623093,-6.6478621565824,-0.0274529911277042,1.53528341668761,0,267.161443506003,60.6481711487664,9.0063234297333e-10,1,0.986572518213169,0,1.84197283692455e-06,0.0209204269246186,0,0,0
140.25,9499.53815204523,1.53539736529596,9500,9499.90261838052,1.64659943214453,1.53539736529596,0,-5.82610258948337,20.5876115681073,14,0,14983.0528926529,-15016.1581089878,1.53539736529596,1.5418159808907,1.5312992075681,0.0105167733225939,-6.59477376980033,-0.0274521622399276,1.53539736529596,0,267.161443506003,60.6481711487664,8.834151494821e-10,1,0.986563201969452,0,0.000141928119343548,0.0210335466451879,0,0,0
140.265,9499.45076050638,1.5355294454505,9500,9499.8081623739,1.64907107825956,1.5355294454505,0,-5.66222652052702,20.583740871751,14,0,14983.3085672923,-15015.4823072103,1.5355294454505,1.5418159808907,1.53126510131768,0.0105508795730138,-6.52892128933598,-0.027388294586223,1.5355294454505,0,267.161443506003,60.6481711487664,8.64574380320321e-10,1,0.986554126025442,0,0.000279567863241903,0.0211017591460276,0,0,0
140.28,9499.36582710858,1.53567910276332,9500,9499.71553721241,1.65156707401328,1.53567910276332,0,-5.4892166491305,20.5795188107769,14,0,14983.6564983814,-15014.8468877356,1.53567910276332,1.5418159808907,1.53125317543051,0.0105628054601921,-6.45063655869941,-0.0272624890477642,1.53567910276332,0,267.161443506003,60.6481711487664,8.44166343735307e-10,1,0.986545305368737,0,0.000414516298625767,0.0211256109203841,0,0,0
140.295,9499.28348885884,1.53584575519425,9500,9499.62490546762,1.65408191793949,1.53584575519425,0,-5.30757143977499,20.5749596615533,14,0,14984.0945292441,-15014.2525272622,1.53584575519425,1.5418159808907,1.53126311538223,0.0105528655084697,-6.36027220156857,-0.0270759567133826,1.53584575519425,0,267.161443506003,60.6481711487664,8.22253080098692e-10,1,0.986536754228039,0,0.0005465379818681,0.0211057310169394,0,0,0
140.31,9499.20387528724,1.5360287947443,9500,9499.53642308575,1.65661015488753,1.5360287947443,0,-5.11779942330214,20.570078182908,14,0,14984.620351017,-15013.6998072371,1.5360287947443,1.5418159808907,1.53129456665313,0.0105214142375722,-6.25820054329889,-0.0268300146215419,1.5360287947443,0,267.161443506003,60.6481711487664,7.98897825272835e-10,1,0.986528486055539,0,0.000675407240370296,0.0210428284751445,0,0,0
140.325,9499.12710829589,1.53622758916636,9500,9499.45023916692,1.6591463865958,1.53622758916636,0,-4.92041795965562,20.564889575717,14,0,14985.2315100711,-15013.1892142511,1.53622758916636,1.5418159808907,1.53134713607118,0.0104688448195196,-6.14481250755623,-0.0265260813633753,1.53622758916636,0,267.161443506003,60.6481711487664,7.74167353072872e-10,1,0.986520513511234,0,0.000800908493127306,0.0209376896390392,0,0,0
140.34,9499.0533020265,1.53644148369505,9500,9499.36649576256,1.66168528197203,1.53644148369505,0,-4.71595200501147,20.5594094422806,14,0,14985.9254155954,-15012.7211406209,1.53644148369505,1.5418159808907,1.53142039321779,0.0103955876729089,-6.02051649057151,-0.026165672541468,1.53644148369505,0,267.161443506003,60.6481711487664,7.48130658193829e-10,1,0.986512848449176,0,0.000922836523234549,0.0207911753458179,0,0,0
140.355,9498.98256274642,1.53666980278402,9500,9499.28532769094,1.66422158706364,1.53666980278402,0,-4.50493288924773,20.5536537457515,14,0,14986.6993472941,-15012.2958851476,1.53666980278402,1.5418159808907,1.53151387189103,0.0103021089996687,-5.88573721617013,-0.0257503961060125,1.53666980278402,0,267.161443506003,60.6481711487664,7.20859541851994e-10,1,0.986505501905635,0,0.00104099673002755,0.0206042179993373,0,0,0
140.37,9498.91498875308,1.53691185188597,9500,9499.206862371,1.66675013470229,1.53691185188597,0,-4.28789708288032,20.5476387688687,14,0,14987.5504633521,-15011.9136540839,1.53691185188597,1.5418159808907,1.53162707160431,0.0101889092863856,-5.74091457456781,-0.0252819475775001,1.53691185188597,0,267.161443506003,60.6481711487664,6.92427879734314e-10,1,0.986498484089171,0,0.00115520535183422,0.0203778185727712,0,0,0
140.385,9498.85067029684,1.53716691918982,9500,9499.1312196745,1.6692658538088,1.53716691918982,0,-4.06538500735219,20.5413810738611,14,0,14988.4758082753,-15011.5745622252,1.53716691918982,1.5418159808907,1.53175945915655,0.0100565217341506,-5.58650244841651,-0.0247621051691747,1.53716691918982,0,267.161443506003,60.6481711487664,6.62911914473771e-10,1,0.986491804372629,0,0.00126528966638761,0.0201130434683012,0,0,0
140.4,9498.78968952173,1.53743427742635,9500,9499.05851179641,1.67176377834314,1.53743427742635,0,-3.83793981698563,20.5348974611247,14,0,14989.4723211209,-15011.2786342304,1.53743427742635,1.5418159808907,1.53191047021322,0.0099055106774768,-5.42296752795506,-0.0241927248193002,1.53743427742635,0,267.161443506003,60.6481711487664,6.32388937491596e-10,1,0.986485471286979,0,0.00137108815865927,0.0198110213549536,0,0,0
140.415,9498.73212042448,1.53771318560295,9500,9498.98884314365,1.674239055889,1.53771318560295,0,-3.60610624221381,20.5282049296995,14,0,14990.5368434702,-15011.0258060352,1.53771318560295,1.5418159808907,1.53207951096062,0.00973646993007748,-5.25078811971313,-0.0235757351479036,1.53771318560295,0,267.161443506003,60.6481711487664,6.00938166667668e-10,1,0.986479492517063,0,0.00147245066762913,0.019472939860155,0,0,0
140.43,9498.67802883084,1.53800289079709,9500,9498.92231024194,1.67668695585908,1.53800289079709,0,-3.37042941065852,20.52132063675,14,0,14991.6661277403,-15010.81592648,1.53800289079709,1.5418159808907,1.53226595976377,0.00955002112692971,-5.07045294989945,-0.0229131323474705,1.53800289079709,0,267.161443506003,60.6481711487664,5.68640159828052e-10,1,0.986473874899137,0,0.00156923850765645,0.0191000422538594,0,0,0
140.445,9498.62747238968,1.5383026298965,9500,9498.85900166074,1.67910287731304,1.5383026298965,0,-3.13145371804732,20.5142618584831,14,0,14992.8568453171,-15010.6487590426,1.5383026298965,1.5418159808907,1.53246916887828,0.00934681201241361,-4.88245996705678,-0.0222069750190251,1.5383026298965,0,267.161443506003,60.6481711487664,5.3557783863156e-10,1,0.986468624420253,0,0.00166132456065915,0.0186936240248272,0,0,0
140.46,9498.58050058391,1.5386116313544,9500,9498.79899795603,1.68148235637675,1.5386116313544,0,-2.88972170365208,20.5070459510295,14,0,14994.1055948273,-15010.523983737,1.5386116313544,1.5418159808907,1.53268846617548,0.009127514715215,-4.68731514529926,-0.0214593789667284,1.5386116313544,0,267.161443506003,60.6481711487664,5.01832680463108e-10,1,0.986463746219402,0,0.00174859333794997,0.01825502943043,0,0,0
140.475,9498.53715475836,1.53892911692846,9500,9498.74237163083,1.68382107325582,1.53892911692846,0,-2.64577295187645,20.4996903119718,14,0,14995.4089103946,-15010.4411991457,1.53892911692846,1.5418159808907,1.53292315688949,0.00889282400120583,-4.48553129178548,-0.020672511964651,1.53892911692846,0,267.161443506003,60.6481711487664,4.6748940249574e-10,1,0.986459244590399,0,0.00183094103513892,0.0177856480024117,0,0,0
140.49,9498.49746816408,1.53925430338444,9500,9498.68918711312,1.68611485883557,1.53925430338444,0,-2.40014494433416,20.4922123410161,13,0,14996.7632801969,-15010.3999458354,1.53925430338444,1.5418159808907,1.53317252539441,0.00864345549629064,-4.27762686057508,-0.0198485884988384,1.53925430338444,0,267.161443506003,60.6481711487664,9.78543300816662e-10,1,0.986455122986496,0,0.00190827553951411,0.0172869109925813,0,0,0
140.505,9498.46146598991,1.53958640418841,9500,9498.63950075099,1.68835970086044,1.53958640418841,0,-2.15336418308243,20.4846294106308,13,0,14998.1651120704,-15010.3996215449,1.53958640418841,1.5418159808907,1.53343583698881,0.00838014390188491,-4.06412477505128,-0.0189898645060571,1.53958640418841,0,267.161443506003,60.6481711487664,8.98754600462058e-10,1,0.986451384023648,0,0.00198051643112396,0.0167602878037698,0,0,0
140.52,9498.42916552717,1.53992463155651,9500,9498.59336081722,1.69055174987773,1.53992463155651,0,-1.90595696201785,20.4769588108293,13,0,14999.6108086989,-15010.4396175908,1.53992463155651,1.5418159808907,1.53371233950176,0.00810364138893416,-3.8455513718478,-0.0180986321120513,1.53992463155651,0,267.161443506003,60.6481711487664,8.18110309718489e-10,1,0.986448029497624,0,0.00204759496064355,0.0162072827778683,0,0,0
140.535,9498.40057617274,1.54026819715535,9500,9498.55080755536,1.69268732412414,1.54026819715535,0,-1.65844079598864,20.4692177414224,13,0,15001.0967267851,-15010.5192293606,1.54026819715535,1.5418159808907,1.53400126556849,0.00781471532220923,-3.62243496644389,-0.0171772143797617,1.54026819715535,0,267.161443506003,60.6481711487664,7.36885592819662e-10,1,0.986445060384326,0,0.00210945397443796,0.0156294306444185,0,0,0
140.55,9498.3756995608,1.54061631430275,9500,9498.51187321466,1.69476291466031,1.54061631430275,0,-1.41132518314838,20.4614232633176,13,0,15002.6191991075,-15010.6376827199,1.54061631430275,1.5418159808907,1.53430183413904,0.00751414675165907,-3.39530490010381,-0.0162279600912646,1.54061631430275,0,267.161443506003,60.6481711487664,6.55268071607065e-10,1,0.986442476853471,0,0.00216604785655727,0.0150282935033181,0,0,0
140.565,9498.35452968305,1.54096819958692,9500,9498.47658211009,1.69677518984254,1.54096819958692,0,-1.16511066524343,20.4535922644382,13,0,15004.1745425769,-15010.7941367463,1.54096819958692,1.5418159808907,1.53461325226468,0.00720272862601901,-3.16469042799867,-0.0152532385558139,1.54096819958692,0,267.161443506003,60.6481711487664,5.73445093879112e-10,1,0.986440278281073,0,0.00221734242717764,0.014405457252038,0,0,0
140.58,9498.33705302307,1.54132307440404,9500,9498.44495069797,1.69872099935301,1.54132307440404,0,-0.920287952702776,20.4457414276988,13,0,15005.759065964,-15010.9876865051,1.54132307440404,1.5418159808907,1.53493471690223,0.00688126398846434,-2.93111962296463,-0.0142554344635839,1.54132307440404,0,267.161443506003,60.6481711487664,4.91600507567527e-10,1,0.9864384632634,0,0.00226331482638154,0.0137625279769287,0,0,0
140.595,9498.32324870378,1.54168016645939,9500,9498.4169876668,1.70059737778705,1.54168016645939,0,-0.677335271480965,20.4378872020477,12,0,15007.3690676517,-15011.2173457436,1.54168016645939,1.5418159808907,1.5352654167105,0.00655056418020195,-2.69511829750077,-0.0132369427917122,1.54168016645939,0,267.161443506003,60.6481711487664,9.26952931149488e-10,1,0.986437029632288,0,0.00230395338806755,0.0131011283604039,0,0,0
140.61,9498.31308867471,1.54203871122319,9500,9498.3926940428,1.70240154779928,1.54203871122319,0,-0.436725202853491,20.4300457647217,12,0,15009.0008845767,-15011.48213471,1.54203871122319,1.5418159808907,1.53560453384091,0.00621144704978649,-2.45720894761686,-0.0122001637670818,1.54203871122319,0,267.161443506003,60.6481711487664,7.42829273635496e-10,1,0.98643597447459,0,0.00233925746608987,0.012422894099573,0,0,0
140.625,9498.30653779666,1.54239795300573,9500,9498.37206331659,1.7041309226329,1.54239795300573,0,-0.198912097380151,20.4222330120901,12,0,15010.6508325607,-15011.7809489921,1.54239795300573,1.5418159808907,1.53595124587951,0.00586473501118689,-2.21790961801705,-0.0111474979073414,1.54239795300573,0,267.161443506003,60.6481711487664,5.60085580757648e-10,1,0.986435294140966,0,0.00236923725544202,0.0117294700223738,0,0,0
140.64,9498.3035541152,1.54275714722705,9500,9498.35508155903,1.70578310883043,1.54275714722705,0,0.0356591372960904,20.4144645037535,11,0,15012.3152724431,-15012.1126755932,1.54275714722705,1.5418159808907,1.53630472715132,0.00551125373937467,-1.977733178872,-0.0100813411423925,1.54275714722705,0,267.161443506003,60.6481711487664,8.56477316368676e-10,1,0.986434984274287,0,0.00239391362286345,0.0110225074787493,0,0,0
140.655,9498.30408900226,1.5431155611291,9500,9498.34172757787,1.70735590782016,1.5431155611291,0,0.266563024337375,20.4067554567832,11,0,15013.9905614153,-15012.4760875342,1.5431155611291,1.5418159808907,1.53666415076545,0.005151830125252,-1.73718616012972,-0.00900408001210393,1.5431155611291,0,267.161443506003,60.6481711487664,4.51550624469826e-10,1,0.986435039824344,0,0.00241331787082921,0.010303660250504,0,0,0
140.67,9498.30808744763,1.54347247535184,9500,9498.33197307052,1.70884731748387,1.54347247535184,0,0.493383405523037,20.3991207981103,8,0,15015.6731236231,-15012.8699719202,1.54347247535184,1.5418159808907,1.53702869017501,0.00478729071568584,-1.49676790102554,-0.00791808697023078,1.54347247535184,0,267.161443506003,60.6481711487664,6.16332199142552e-10,1,0.986435455078118,0,0.0024274915259983,0.00957458143137169,0,0,0
140.685,9498.31548819871,1.54382718424106,9500,9498.32578281278,1.71025553269733,1.54382718424106,0,0.715713395857556,20.3915747083436,10,0,15017.3594386628,-15013.2931187072,1.54382718424106,1.5418159808907,1.53739752132375,0.00441845956694764,-1.25696935773246,-0.00682571578353154,1.54382718424106,0,267.161443506003,60.6481711487664,7.74577471582448e-10,1,0.986436223674292,0,0.00243648606080304,0.00883691913389528,0,0,0
140.7,9498.32622389965,1.54417899744566,9500,9498.32311483486,1.71157894605147,1.54417899744566,0,0.933176706685495,20.3841315009314,11,0,15019.0459664845,-15013.7441244688,1.54417899744566,1.5418159808907,1.53776982408513,0.00404615680556408,-1.01827236185526,-0.00572929705617017,1.54417899744566,0,267.161443506003,60.6481711487664,7.30037646089814e-10,1,0.986437338617706,0,0.00244036263810177,0.00809231361112817,0,0,0
140.715,9498.34022155025,1.54452724241072,9500,9498.32392058786,1.71281614868416,1.54452724241072,0,1.14539631135912,20.3768046644615,12,0,15020.7293103685,-15014.2217334068,1.54452724241072,1.5418159808907,1.53814478319617,0.00367119769452295,-0.781149183904926,-0.00463113386902438,1.54452724241072,0,267.161443506003,60.6481711487664,4.90943669279557e-10,1,0.98643879232701,0,0.0024391918801927,0.00734239538904591,0,0,0
140.73,9498.35740249492,1.54487126330644,9500,9498.32814518603,1.71396592906278,1.54487126330644,0,1.35202439386656,20.369607344073,12,0,15022.4060586209,-15014.7245089034,1.54487126330644,1.5418159808907,1.53852159092136,0.00329438996934051,-0.546061075739748,-0.00353349752293766,1.54487126330644,0,267.161443506003,60.6481711487664,6.5512082433705e-10,1,0.986440576633522,0,0.00243305351051815,0.00658877993868101,0,0,0
140.745,9498.37768286083,1.54521042404368,9500,9498.33572758334,1.71502727325197,1.54521042404368,0,1.55272403786867,20.3625521820871,12,0,15024.0729059981,-15015.2510589847,1.54521042404368,1.5418159808907,1.53889944759261,0.00291653329809183,-0.313458103466294,-0.0024386234432045,1.54521042404368,0,267.161443506003,60.6481711487664,8.1548371343733e-10,1,0.986442682826729,0,0.00242203611140468,0.00583306659618366,0,0,0
140.76,9498.4009737214,1.54554410794346,9500,9498.34660081795,1.71599936332781,1.54554410794346,0,1.74717684997203,20.3556513355529,12,0,15025.7266093776,-15015.7999486866,1.54554410794346,1.5418159808907,1.53927756376778,0.00253841712291925,-0.0837780178159126,-0.00134870719307239,1.54554410794346,0,267.161443506003,60.6481711487664,9.71610612630391e-10,1,0.986445101671268,0,0.00240623677563412,0.00507683424583849,0,0,0
140.775,9498.42718137415,1.54587171906215,9500,9498.36069223554,1.71688157614094,1.54587171906215,0,1.93508433179414,20.348916452036,13,0,15027.3639908816,-15016.3696953865,1.54587171906215,1.5418159808907,1.53965516148295,0.00216081940774737,0.142554316568376,-0.000265900644037038,1.54587171906215,0,267.161443506003,60.6481711487664,4.96745201163871e-10,1,0.986447823435779,0,0.00238576077869923,0.00432163881549474,0,0,0
140.79,9498.45620763912,1.54619268306598,9500,9498.37792372692,1.71767348155416,1.54619268306598,0,2.11615968186975,20.3423586465905,13,0,15028.9819894053,-15016.9588669126,1.54619268306598,1.5418159808907,1.54003147565624,0.00178450523445339,0.365127573435544,0.000807691706377616,1.54619268306598,0,267.161443506003,60.6481711487664,5.61760846877458e-10,1,0.9864508379239,0,0.00236072124870468,0.00356901046890679,0,0,0
140.805,9498.48795003435,1.54650644762777,9500,9498.39821198132,1.7183748401009,1.54650644762777,0,2.29014020103762,20.3359885086852,13,0,15030.5775961921,-15017.5659466389,1.54650644762777,1.5418159808907,1.54040575565631,0.0014102252343875,0.58354470579975,0.00187001626829472,1.54650644762777,0,267.161443506003,60.6481711487664,6.24475195119354e-10,1,0.986454134492488,0,0.00233123880777919,0.00282045046877499,0,0,0
140.82,9498.52230213737,1.54681248416617,9500,9498.42146871949,1.71898560096631,1.54681248416617,0,2.45678018931257,20.3298160620657,13,0,15032.147907425,-15018.1894264339,1.54681248416617,1.5418159808907,1.54077726611886,0.0010387147718407,0.797423225267745,0.00291907373179536,1.54681248416617,0,267.161443506003,60.6481711487664,6.84867323385506e-10,1,0.986457702089166,0,0.00229744123730979,0.0020774295436814,0,0,0
140.835,9498.55915384021,1.54711028797744,9500,9498.44760096015,1.71950589894843,1.54711028797744,0,2.6158527030081,20.3238507678334,13,0,15033.6901155306,-15018.8277879805,1.54711028797744,1.5418159808907,1.54114528849162,0.000670692399080464,1.00639591032318,0.00395292228858476,1.54711028797744,0,267.161443506003,60.6481711487664,7.42843264270162e-10,1,0.9864615292788,0,0.0022594631001871,0.00134138479816093,0,0,0
140.85,9498.59839163075,1.54739937883763,9500,9498.47651128343,1.7199360512945,1.54739937883763,0,2.7671496918754,20.3181015158279,13,0,15035.201513119,-15019.4795059345,1.54739937883763,1.5418159808907,1.54150912225907,0.000306858631630602,1.21011131440372,0.00496968068366896,1.54739937883763,0,267.161443506003,60.6481711487664,7.9831772128307e-10,1,0.986465604272727,0,0.00221744536685087,0.000613717263261204,0,0,0
140.865,9498.63989887613,1.54767930156506,9500,9498.50809809894,1.72027655422237,1.54767930156506,0,2.91048210897195,20.312576616898,13,0,15036.6794967526,-15020.1430510664,1.54767930156506,1.5418159808907,1.54186808610289,-5.21052121922327e-05,1.40823422972472,0.00596753109875185,1.54767930156506,0,267.161443506003,60.6481711487664,8.51212604263588e-10,1,0.986469914958178,0,0.00217153503884271,-0.000104210424384465,0,0,0
140.88,9498.68355610776,1.54794962652296,9500,9498.54225591786,1.72052807913961,1.54794962652296,0,3.04567998012789,20.3072837964823,13,0,15038.1215704427,-15020.8168933593,1.54794962652296,1.5418159808907,1.54222151900768,-0.000405538116984516,1.6004461073035,0.00694472186623107,1.54794962652296,0,267.161443506003,60.6481711487664,9.01455711056921e-10,1,0.986474448927887,0,0.00212188475736563,-0.000811076233969033,0,0,0
140.895,9498.72924130747,1.54820995007187,9500,9498.57887562833,1.72069146857328,1.54820995007187,0,3.17259243934098,20.3022301892708,13,0,15039.5253489164,-15021.4995050685,1.54820995007187,1.5418159808907,1.54256878130363,-0.000752800412936017,1.78644543359159,0.0078995700070456,1.54820995007187,0,267.161443506003,60.6481711487664,9.48985266220256e-10,1,0.986479193509801,0,0.00206865241346188,-0.00150560082587203,0,0,0
140.91,9498.77683019406,1.5484598949858,9500,9498.61784477365,1.72076773182298,1.5484598949858,0,3.29108774046731,20.297422334642,13,0,15040.8885607185,-15022.1893637521,1.5484598949858,1.5418159808907,1.5429092556397,-0.00109327474900178,1.96594806454175,0.00883046359310345,1.5484598949858,0,267.161443506003,60.6481711487664,9.9374420915597e-10,1,0.986484135796845,0,0.00201200075721442,-0.00218654949800356,0,0,0
140.925,9498.82619651016,1.54869911081097,9500,9498.65904783266,1.72075804034958,1.54869911081097,0,3.40105120568577,20.2928661711259,14,0,15042.2090620783,-15022.8849777864,1.54869911081097,1.5418159808907,1.54324234789748,-0.00142636700678733,2.13868751810251,0.00973586393384994,1.54869911081097,0,267.161443506003,60.6481711487664,4.57801806074593e-10,1,0.98648926267671,0,0.00195209699368015,-0.00285273401357466,0,0,0
140.94,9498.87721227825,1.54892727414359,9500,9498.7023665018,1.7206637229115,1.54892727414359,0,3.50239320049697,20.2885670430646,14,0,15043.4847955414,-15023.5847996779,1.54892727414359,1.5418159808907,1.54356748805475,-0.00175150716405637,2.3044152265302,0.010614307581006,1.54892727414359,0,267.161443506003,60.6481711487664,4.75010522411237e-10,1,0.986494560858444,0,0.00188911238767941,-0.00350301432811273,0,0,0
140.955,9498.92974817626,1.54914408928854,9500,9498.74767997033,1.72048626066067,1.54914408928854,0,3.59503730215327,20.2845296789466,14,0,15044.7138594728,-15024.2873627824,1.54914408928854,1.5418159808907,1.54388413076951,-0.00206814987881043,2.46290063342655,0.0114644081554617,1.54914408928854,0,267.161443506003,60.6481711487664,4.9097206680937e-10,1,0.986500016911457,0,0.0018232218623877,-0.00413629975762086,0,0,0
140.97,9498.98367373579,1.54934928744582,9500,9498.79486522175,1.72022728137161,1.54934928744582,0,3.6789274578498,20.2807582205442,14,0,15045.8944622557,-15024.9911948233,1.54934928744582,1.5418159808907,1.5441917566099,-0.00237577571920489,2.61393165286723,0.0122848579935362,1.54934928744582,0,267.161443506003,60.6481711487664,5.05640527806856e-10,1,0.98650561728611,0,0.00175460358057644,-0.00475155143840977,0,0,0
140.985,9499.03885764765,1.5495426274424,9500,9498.84379730827,1.71988855412312,1.5495426274424,0,3.75402623803609,20.277256209534,14,0,15047.024937538,-15025.6948430534,1.5495426274424,1.5418159808907,1.54448987241724,-0.00267389152654629,2.7573146328473,0.0130744296047956,1.5495426274424,0,267.161443506003,60.6481711487664,5.19006170211271e-10,1,0.986511348345443,0,0.00168343854896413,-0.00534778305309258,0,0,0
141,9499.09516804123,1.54972389579168,9500,9498.89434963348,1.71947198357022,1.54972389579168,0,3.82031462251925,20.2740265902782,14,0,15048.1037456505,-15026.3968768776,1.54972389579168,1.5418159808907,1.54477801191612,-0.00296203102542192,2.89287444521344,0.0138319769518295,1.54972389579168,0,267.161443506003,60.6481711487664,5.31065709734967e-10,1,0.98651719639419,0,0.00160991020922907,-0.00592406205084384,0,0,0
141.015,9499.15247276056,1.54989290671061,9500,9498.94639423407,1.71897960402586,1.54989290671061,0,3.8777917620488,20.2710717134225,14,0,15049.1294748182,-15027.0958904093,1.54989290671061,1.5418159808907,1.54505573625373,-0.00323975536303278,3.02045454309593,0.0145564365459825,1.54989290671061,0,267.161443506003,60.6481711487664,5.41815137735347e-10,1,0.986523147707453,0,0.00153420404460292,-0.00647951072606556,0,0,0
141.03,9499.21063963699,1.55004950207902,9500,9498.99980206019,1.71841357336772,1.55004950207902,0,3.92647470529971,20.2683933406296,14,0,15050.100842087,-15027.7905049371,1.55004950207902,1.5418159808907,1.54532263447956,-0.00350665358886459,3.13991698444588,0.0152468283660539,1.55004950207902,0,267.161443506003,60.6481711487664,5.51255576712161e-10,1,0.986529188559012,0,0.00145650716954404,-0.00701330717772919,0,0,0
141.045,9499.26953675757,1.55019355130998,9500,9499.05444325369,1.71777616678628,1.55019355130998,0,3.966398072234,20.2659926511085,14,0,15051.0166938233,-15028.4793712703,1.55019355130998,1.5418159808907,1.54557832397723,-0.00376234308653411,3.25114242051091,0.0159022565923487,1.55019355130998,0,267.161443506003,60.6481711487664,5.59391815010279e-10,1,0.986535305249207,0,0.00137700793872475,-0.00752468617306823,0,0,0
141.06,9499.32903272866,1.55032495120209,9500,9499.11018742389,1.71706977038859,1.55032495120209,0,3.99761371992905,20.2638702484076,14,0,15051.87600611,-15029.1611720226,1.55032495120209,1.5418159808907,1.54582245081739,-0.00400646992669196,3.35403004941389,0.0165219101647748,1.55032495120209,0,267.161443506003,60.6481711487664,5.66228792135057e-10,1,0.986541484132306,0,0.00129589554345655,-0.00801293985338392,0,0,0
141.075,9499.38899693445,1.55044362569664,9500,9499.16690392019,1.71629687467544,1.55044362569664,0,4.02019035105731,20.2620261691195,14,0,15052.6778846794,-15029.8346237583,1.55044362569664,1.5418159808907,1.54605469006739,-0.00423870917669444,3.44849753343358,0.0171050631593303,1.55044362569664,0,267.161443506003,60.6481711487664,5.71776721719825e-10,1,0.986547711643363,0,0.00121335962230473,-0.00847741835338889,0,0,0
141.09,9499.44929978972,1.55054952562812,9500,9499.224462101,1.71546006790638,1.55054952562812,0,4.03421312332383,20.2604598915888,14,0,15053.4215647921,-15030.4984790811,1.55054952562812,1.5418159808907,1.54627474601667,-0.00445876512597398,3.53448088098858,0.0176510749893674,1.55054952562812,0,267.161443506003,60.6481711487664,5.76047284012325e-10,1,0.986553974324456,0,0.0011295898784025,-0.00891753025194797,0,0,0
141.105,9499.50981298657,1.55064262840223,9500,9499.2827315985,1.71456202937026,1.55064262840223,0,4.03978321754556,20.259170346034,14,0,15054.1064107589,-15031.1515285986,1.55064262840223,1.5418159808907,1.54648235235226,-0.00466637146155913,3.61193429244112,0.0181593904346485,1.55064262840223,0,267.161443506003,60.6481711487664,5.7905450324524e-10,1,0.986560258850323,0,0.00104477568915962,-0.00933274292311825,0,0,0
141.12,9499.57040973483,1.55072293764383,9500,9499.34158257874,1.71360552257505,1.55072293764383,0,4.03701739140386,20.2581559251672,14,0,15054.7319152927,-15031.7926028,1.55072293764383,1.5418159808907,1.54667727226152,-0.00486129137081881,3.68082997158109,0.0186295394947703,1.55072293764383,0,267.161443506003,60.6481711487664,5.80815185743497e-10,1,0.986566552053323,0,0.000959105733085108,-0.00972258274163762,0,0,0
141.135,9499.6309649957,1.55079048280439,9500,9499.40088599658,1.71259338837249,1.55079048280439,0,4.02604751367131,20.2574144955315,14,0,15055.2976986501,-15032.4205738349,1.55079048280439,1.5418159808907,1.54685929847118,-0.00504331758048338,3.74115790340751,0.0190611370746586,1.55079048280439,0,267.161443506003,60.6481711487664,5.81348772466986e-10,1,0.986572840947699,0,0.000872767623102177,-0.0100866351609668,0,0,0
141.15,9499.69135570841,1.55084531871782,9500,9499.46051384519,1.71152853803199,1.55084531871782,0,4.00702007079748,20.2569434097919,14,0,15055.8035075022,-15033.0343571778,1.55084531871782,1.5418159808907,1.54702825322966,-0.00521227233896426,3.79292559941264,0.0194538825050546,1.55084531871782,0,267.161443506003,60.6481711487664,5.80676313343296e-10,1,0.986579112753122,0,0.000785947538814113,-0.0104245446779285,0,0,0
141.165,9499.75146100947,1.55088752512073,9500,9499.52033939956,1.71041394627724,1.55088752512073,0,3.98009565713799,20.2567395196348,14,0,15056.2492136095,-15033.6329131909,1.55088752512073,1.5418159808907,1.54718398822444,-0.00536800733374276,3.83615781229935,0.019807558897521,1.55088752512073,0,267.161443506003,60.6481711487664,5.78821344611157e-10,1,0.986585354917459,0,0.000698829877475715,-0.0107360146674855,0,0,0
141.18,9499.81116244432,1.55091720613693,9500,9499.58023745379,1.70925264430002,1.55091720613693,0,3.94544844961523,20.2567991892745,14,0,15056.6348123049,-15034.2152485841,1.55091720613693,1.5418159808907,1.54732638443878,-0.00551040354807841,3.87089622091159,0.020122032342385,1.55091720613693,0,267.161443506003,60.6481711487664,5.7580959512473e-10,1,0.986591555138753,0,0.000611596906624046,-0.0110208070961568,0,0,0
141.195,9499.87034417107,1.55093448970493,9500,9499.64008455165,1.70804771276496,1.55093448970493,0,3.90326565157048,20.257118310025,14,0,15056.9604206725,-15034.7804177459,1.55093448970493,1.5418159808907,1.54745535195877,-0.00563937106806867,3.89719908681644,0.0203972509503659,1.55093448970493,0,267.161443506003,60.6481711487664,5.71667814551695e-10,1,0.986597701386381,0,0.000524428426619927,-0.0112787421361373,0,0,0
141.21,9499.92889315584,1.55093952697595,9500,9499.69975921027,1.70680227481776,1.55093952697595,0,3.85374692598374,20.2576923153446,14,0,15057.2262755611,-15035.32752397,1.55093952697595,1.5418159808907,1.54757082971924,-0.00575484882854593,3.9151408843826,0.0206332437423448,1.55093952697595,0,267.161443506003,60.6481711487664,5.66425089926226e-10,1,0.986603781921347,0,0.00043750143956145,-0.0115096976570919,0,0,0
141.225,9499.98669935973,1.55093249169302,9500,9499.75914213644,1.70551948911204,1.55093249169302,0,3.79710382397236,20.2585161961261,14,0,15057.4327314737,-15035.8557205866,1.55093249169302,1.5418159808907,1.54767278518461,-0.00585680429391311,3.92481190445056,0.0208301193901475,1.55093249169302,0,267.161443506003,60.6481711487664,5.60112259410307e-10,1,0.98660978531569,0,0.000350989841642946,-0.0117136085878262,0,0,0
141.24,9500.04365591709,1.55091357947604,9500,9499.81811643532,1.70420254286741,1.55091357947604,0,3.73355915980848,20.2595845178456,14,0,15057.5802579815,-15036.3642119212,1.55091357947604,1.5418159808907,1.54776121400747,-0.00594523311677086,3.92631783335882,0.0209880648188868,1.55091357947604,0,267.161443506003,60.6481711487664,5.52761911608916e-10,1,0.986615700471006,0,0.00026506410473548,-0.0118904662335417,0,0,0
141.255,9500.09965930449,1.55088300715178,9500,9499.87656781126,1.7028546449708,1.55088300715178,0,3.66334642429818,20.2608914365893,14,0,15057.6694373138,-15036.852254213,1.55088300715178,1.5418159808907,1.54783613959317,-0.00602015870246864,3.91977930904889,0.0211073436660178,1.55088300715178,0,267.161443506003,60.6481711487664,5.44407653187291e-10,1,0.986621516635993,0,0.000179890989832288,-0.0120403174049373,0,0,0
141.27,9500.15460950085,1.55084101198714,9500,9499.93438476038,1.7014790191374,1.55084101198714,0,3.5867091429024,20.2624307169996,14,0,15057.7009614568,-15037.3191563569,1.55084101198714,1.5418159808907,1.54789761264819,-0.00608163175749765,3.90533145328372,0.0211882946114423,1.55084101198714,0,267.161443506003,60.6481711487664,5.35084840123604e-10,1,0.986627223423081,0,9.56332570443141e-05,-0.0121632635149953,0,0,0
141.285,9500.208410138,1.55078785091074,9500,9499.99145875468,1.70007889713994,1.55078785091074,0,3.50390023585024,20.2641957503188,14,0,15057.675629162,-15037.7642805445,1.55078785091074,1.5418159808907,1.54794571066923,-0.00612972977853343,3.88312338376122,0.0212313295771122,1.55078785091074,0,267.161443506003,60.6481711487664,5.2482955278941e-10,1,0.986632810824069,0,1.24493984641205e-05,-0.0122594595570669,0,0,0
141.3,9500.26096864154,1.55072379972564,9500,9500.04768441756,1.69865751212164,1.55072379972564,0,3.41518138049994,20.26617957247,14,0,15057.5943428706,-15038.1870428088,1.55072379972564,1.5418159808907,1.54798053737644,-0.00616455648573933,3.85331770539295,0.0212369318064211,1.55072379972564,0,267.161443506003,60.6481711487664,5.13678741958506e-10,1,0.986638269224752,0,-6.95066290716806e-05,-0.0123291129714787,0,0,0
141.315,9500.31219636224,1.55064915227226,9500,9500.10295969026,1.69721809200482,1.55064915227226,0,3.32082235104864,20.2683748830606,14,0,15057.45810537,-15038.5869134306,1.55064915227226,1.5418159808907,1.54800222211159,-0.0061862412208884,3.81608998211106,0.0212056538233388,1.55064915227226,0,267.161443506003,60.6481711487664,5.01671545558468e-10,1,0.986643589418572,0,-0.000150085645606479,-0.0123724824417768,0,0,0
141.33,9500.36200869751,1.55056421958273,9500,9500.15718598926,1.69576385300555,1.55056421958273,0,3.22110036113903,20.2707740644257,14,0,15057.2680163653,-15038.9634172449,1.55056421958273,1.5418159808907,1.54801091918609,-0.00619493829539119,3.77162819144499,0.0211381152828159,1.55056421958273,0,267.161443506003,60.6481711487664,4.88846654275984e-10,1,0.986648762619226,0,-0.00022914348565517,-0.0123898765907824,0,0,0
141.345,9500.41032520293,1.55046932900026,9500,9500.21026835439,1.69429799326708,1.55046932900026,0,3.11629939349216,20.2733692012817,14,0,15057.0252688513,-15039.3161338209,1.55046932900026,1.5418159808907,1.54800680719305,-0.00619082630235601,3.72013216219231,0.0210350007142711,1.55046932900026,0,267.161443506003,60.6481711487664,4.75245091834032e-10,1,0.986653780472255,0,-0.000306541216173128,-0.012381652604712,0,0,0
141.36,9500.45706969383,1.55036482328319,9500,9500.2621155874,1.69282368662217,1.55036482328319,0,3.00670952830817,20.2761521005719,14,0,15056.7311453665,-15039.6446975334,1.55036482328319,1.5418159808907,1.54799008827795,-0.00617410738724855,3.66181299715279,0.0208970571669932,1.55036482328319,0,267.161443506003,60.6481711487664,4.60906995502496e-10,1,0.986658635065592,0,-0.000382145354173691,-0.0123482147744971,0,0,0
141.375,9500.50217033675,1.55025105969936,9500,9500.31264038101,1.6913440764956,1.55025105969936,0,2.89262627501027,20.279114311391,14,0,15056.3870141633,-15039.9487975306,1.55025105969936,1.5418159808907,1.54796098736517,-0.00614500647447747,3.5968924817619,0.020725091757615,1.55025105969936,0,267.161443506003,60.6481711487664,4.45874103770031e-10,1,0.986663318939059,0,-0.000455828043035789,-0.0122900129489549,0,0,0
141.39,9500.54555973088,1.55012840909126,9500,9500.36175943816,1.68986226995699,1.55012840909126,0,2.7743518025464,20.2822471474291,13,0,15055.9943148088,-15040.228156345,1.55012840909126,1.5418159808907,1.54791975135954,-0.00610377046884092,3.52560248005294,0.0205199691382489,1.55012840909126,0,267.161443506003,60.6481711487664,9.75403114660437e-10,1,0.986667825092823,0,-0.000527467246264068,-0.0122075409376818,0,0,0
141.405,9500.58717500792,1.54999725493248,9500,9500.40939358152,1.68838133193322,1.54999725493248,0,2.65218653445914,20.2855416996268,13,0,15055.5545961656,-15040.4826156399,1.54999725493248,1.5418159808907,1.54786664830852,-0.00605066741782134,3.44818431962393,0.0202826088774301,1.54999725493248,0,267.161443506003,60.6481711487664,9.38586670068549e-10,1,0.986672146997773,0,-0.000596946909813045,-0.0121013348356427,0,0,0
141.42,9500.62695780593,1.54985799200896,9500,9500.45546786044,1.68690427940162,1.54985799200896,0,2.52643998314512,20.28898887594,13,0,15055.0694466379,-15040.7120048892,1.54985799200896,1.5418159808907,1.54780196671557,-0.00598598582487431,3.36488827611529,0.0200139827680142,1.54985799200896,0,267.161443506003,60.6481711487664,9.00397083679756e-10,1,0.986676278592801,0,-0.000664157123025921,-0.0119719716497486,0,0,0
141.435,9500.66485440568,1.54971102635951,9500,9500.49991162344,1.68543407637968,1.54971102635951,0,2.39742274455976,20.292579395328,13,0,15054.5405371818,-15040.9162298833,1.54971102635951,1.5418159808907,1.54772601418762,-0.00591003329691908,3.27597266257539,0.0197151120626526,1.54971102635951,0,267.161443506003,60.6481711487664,8.61012439596896e-10,1,0.986680214298957,0,-0.000728994232129354,-0.0118200665938382,0,0,0
141.45,9500.70081574685,1.54955677373971,9500,9500.54265860724,1.68397362843984,1.54955677373971,0,2.265447468961,20.2963038224151,13,0,15053.9696034526,-15041.0952493635,1.54955677373971,1.5418159808907,1.54763911679529,-0.00582313590459038,3.18170336448977,0.0193870646581944,1.54955677373971,0,267.161443506003,60.6481711487664,8.20530034307642e-10,1,0.986683949021143,0,-0.000791360967170363,-0.0116462718091808,0,0,0
141.465,9500.73479745889,1.54939565860264,9500,9500.58364700694,1.68252577763658,1.54939565860264,0,2.13082817492704,20.3001525891648,13,0,15053.3584411873,-15041.2490743076,1.54939565860264,1.5418159808907,1.54754161814621,-0.00572563725551123,3.08235319947042,0.0190309522229677,1.54939565860264,0,267.161443506003,60.6481711487664,7.79048171988928e-10,1,0.986687478151307,0,-0.000851166563769601,-0.0114512745110225,0,0,0
141.48,9500.76675988151,1.54922811311754,9500,9500.62281953594,1.68109329763985,1.54922811311754,0,1.99387959746866,20.3041160156425,13,0,15052.7089017223,-15041.3777671563,1.54922811311754,1.5418159808907,1.54743387841191,-0.00561789752121244,2.97820126815274,0.0186479272692714,1.54922811311754,0,267.161443506003,60.6481711487664,7.36666896810839e-10,1,0.986690797570578,0,-0.000908326842779195,-0.0112357950424249,0,0,0
141.495,9500.79666807547,1.54905457617459,9500,9500.66012347575,1.67967888908301,1.54905457617459,0,1.85491653603147,20.3081843309839,13,0,15052.0228874041,-15041.4814409345,1.54905457617459,1.5418159808907,1.54731627334376,-0.00550029245306272,2.86953229805708,0.0182391801900207,1.54905457617459,0,267.161443506003,60.6481711487664,6.93482434085248e-10,1,0.986693903650382,0,-0.000962764300689978,-0.0110005849061254,0,0,0
141.51,9500.82449182351,1.54887549240273,9500,9500.69551071558,1.67828517513035,1.54887549240273,0,1.71425321992678,20.3123476939983,13,0,15051.3023470197,-15041.560258293,1.54887549240273,1.5418159808907,1.54718919326204,-0.00537321237134014,2.75663598333932,0.0178059362547102,1.54887549240273,0,267.161443506003,60.6481711487664,6.49594360447361e-10,1,0.986696793252541,0,-0.00101440815864118,-0.0107464247426803,0,0,0
141.525,9500.85020562181,1.54869131121639,9500,9500.72893778196,1.67691469726903,1.54869131121639,0,1.5722027012795,20.3165962130705,13,0,15050.5492713215,-15041.6144304893,1.54869131121639,1.5418159808907,1.54705304201951,-0.00523706112881639,2.63980632305642,0.0173494525833217,1.54869131121639,0,267.161443506003,60.6481711487664,6.05099898873337e-10,1,0.986699463728387,0,-0.00106319442421565,-0.0104741222576328,0,0,0
141.54,9500.87378866233,1.5485024858135,9500,9500.76036585851,1.6755699113304,1.5485024858135,0,1.42907622444137,20.3209199670355,13,0,15049.7656882836,-15041.6442162327,1.5485024858135,1.5418159808907,1.54690823597551,-0.00509225508481048,2.51934095964343,0.0168710150924247,1.5485024858135,0,267.161443506003,60.6481711487664,5.60095821846905e-10,1,0.986701912916926,0,-0.00110906591267357,-0.010184510169621,0,0,0
141.555,9500.8952248057,1.5483094722337,9500,9500.7897607959,1.67425318374226,1.5483094722337,0,1.28518264392981,20.325309024688,13,0,15048.9536586041,-15041.6499205012,1.5483094722337,1.5418159808907,1.54675520293506,-0.00493922204435893,2.39554052109614,0.0163719354317216,1.5483094722337,0,267.161443506003,60.6481711487664,5.14678745126736e-10,1,0.986704139142023,0,-0.00115197227383135,-0.00987844408871785,0,0,0
141.57,9500.91450254536,1.54811272838467,9500,9500.81709311234,1.67296678801813,1.54811272838467,0,1.14082782836349,20.3297534649109,13,0,15048.1152710141,-15041.631893243,1.54811272838467,1.5418159808907,1.54659438109796,-0.00477840020726394,2.26870796657588,0.0158535479084975,1.54811272838467,0,267.161443506003,60.6481711487664,4.68944543740577e-10,1,0.986706141208677,0,-0.00119186999352205,-0.00955680041452789,0,0,0
141.585,9500.93161496278,1.54791271307203,9500,9500.84233798452,1.67171290148497,1.54791271307203,0,0.99631219793433,20.3342433946029,12,0,15047.2526477896,-15041.59054889,1.54791271307203,1.5418159808907,1.54642621800574,-0.00461023711504005,2.13914793816682,0.0153172064114125,1.54791271307203,0,267.161443506003,60.6481711487664,9.59670272176842e-10,1,0.986707918398373,0,-0.0012287223789007,-0.0092204742300801,0,0,0
141.6,9500.94655964575,1.54770988506133,9500,9500.8654752294,1.67049360225313,1.54770988506133,0,0.851937911497685,20.3387689760543,12,0,15046.3678980477,-15041.5262788155,1.54770988506133,1.5418159808907,1.54625116947584,-0.00443518858513836,2.00716611927565,0.0147642813409072,1.54770988506133,0,267.161443506003,60.6481711487664,8.54963662871277e-10,1,0.986709470460594,0,-0.00126249954754165,-0.00887037717027672,0,0,0
141.615,9500.95933871442,1.54750470249574,9500,9500.88648926945,1.66931086661764,1.54750470249574,0,0.707996584114727,20.3433204265006,12,0,15045.4631797948,-15041.4395831896,1.54750470249574,1.5418159808907,1.54606969836043,-0.00425371746973302,1.87306849238387,0.0141961565445135,1.54750470249574,0,267.161443506003,60.6481711487664,7.50351564825846e-10,1,0.986710797615526,0,-0.00129317836441722,-0.00850743493946604,0,0,0
141.63,9500.96995866319,1.54729762102786,9500,9500.90536911374,1.66816656608549,1.54729762102786,0,0.564776352765282,20.3478880650918,12,0,15044.5406463349,-15041.3309772394,1.54729762102786,1.5418159808907,1.54588227396238,-0.00406629307168149,1.73716099333357,0.0136142262805257,1.54729762102786,0,267.161443506003,60.6481711487664,6.4585316338459e-10,1,0.986711900537635,0,-0.00132074242905,-0.00813258614336299,0,0,0
141.645,9500.97843030848,1.54708909351467,9500,9500.92210830284,1.66706246533317,1.54708909351467,0,0.42255964426091,20.3524623164196,12,0,15043.6024559608,-15041.2010136308,1.54708909351467,1.5418159808907,1.54568937067244,-0.00387338978174223,1.59974871011276,0.0130198921874532,1.54708909351467,0,267.161443506003,60.6481711487664,5.41670800885274e-10,1,0.986712780350251,0,-0.00134518198646383,-0.00774677956348446,0,0,0
141.66,9500.98476870314,1.54687956915001,9500,9500.93670485463,1.66600022018667,1.54687956915001,0,0.28162463605327,20.3570337296572,11,0,15042.6507569757,-15041.0502591938,1.54687956915001,1.5418159808907,1.54549146690781,-0.00367548601711354,1.46113526978595,0.0124145602935445,1.54687956915001,0,267.161443506003,60.6481711487664,9.93617180244908e-10,1,0.986713438616667,0,-0.00136649385804977,-0.00735097203422708,0,0,0
141.675,9500.98899307268,1.54666949259131,9500,9500.94916120177,1.66498137584867,1.54666949259131,0,0.142236528867444,20.3615929895975,11,0,15041.68772813,-15040.8793849631,1.54666949259131,1.5418159808907,1.5452890440691,-0.00347306317840346,1.3216222411592,0.0117996380574221,1.54666949259131,0,267.161443506003,60.6481711487664,7.60422813120324e-10,1,0.986713877333526,0,-0.00138468134422376,-0.00694612635680691,0,0,0
141.69,9500.99112662061,1.54645930273268,9500,9500.95948412901,1.66400736518116,1.54645930273268,0,0.00465995311413383,20.3661309517993,11,0,15040.7155011671,-15040.6890182226,1.54645930273268,1.5418159808907,1.54508258569597,-0.00326660480526808,1.18150866453214,0.0111765314525214,1.54645930273268,0,267.161443506003,60.6481711487664,5.28771551291844e-10,1,0.986714098910601,0,-0.00139975414266069,-0.00653320961053616,0,0,0
141.705,9500.99119651991,1.54624943286498,9500,9500.96768467624,1.66307950790306,1.54624943286498,0,-0.13085140375723,20.3706386278593,10,0,15039.736218564,-15040.479859199,1.54624943286498,1.5418159808907,1.54487257594772,-0.00305659505702227,1.04109018150048,0.0105466420883241,1.54624943286498,0,267.161443506003,60.6481711487664,6.80583076319961e-10,1,0.986714106169909,0,-0.00141172819411639,-0.00611319011404454,0,0,0
141.72,9500.98923374885,1.54604030917009,9500,9500.97377806443,1.66219900927896,1.54604030917009,0,-0.264048186016151,20.3751071744633,8,0,15038.7519838354,-15040.2525937983,1.54604030917009,1.5418159808907,1.54465949895149,-0.00284351806079175,0.900658694931985,0.00991136440097173,1.54604030917009,0,267.161443506003,60.6481711487664,8.67848800964099e-10,1,0.986713902328663,0,-0.00142062558889733,-0.0056870361215835,0,0,0
141.735,9500.98527302606,1.54583235016847,9500,9500.97778359824,1.66136695945646,1.54583235016847,0,-0.394691591354546,20.3795281604185,9,0,15037.7648991342,-15040.0079665693,1.54583235016847,1.5418159808907,1.5444438376948,-0.00262785680409983,0.760501759789876,0.00927208288596793,1.54583235016847,0,267.161443506003,60.6481711487664,7.74617848033413e-10,1,0.986713490992522,0,-0.00142647440976384,-0.00525571360819965,0,0,0
141.75,9500.97935265219,1.54562596538128,9500,9500.97972457708,1.66058433266305,1.54562596538128,0,-0.522551281916475,20.3838930846622,10,0,15036.7770269942,-15039.7467305778,1.54562596538128,1.5418159808907,1.54422607334619,-0.00241009245549506,0.620902232658961,0.0086301694015742,1.54562596538128,0,267.161443506003,60.6481711487664,8.37228083638413e-10,1,0.986712876139157,0,-0.00142930861227963,-0.00482018491099012,0,0,0
141.765,9500.97151438296,1.54542155470184,9500,9500.9796281881,1.65985198692603,1.54542155470184,0,-0.647412894704431,20.3881938543217,11,0,15035.7904409935,-15039.4697407557,1.54542155470184,1.5418159808907,1.54400668424815,-0.00219070335745464,0.482137733829515,0.00798698052604836,1.54542155470184,0,267.161443506003,60.6481711487664,5.84156705017789e-10,1,0.986712062105057,0,-0.00142916786586178,-0.00438140671490928,0,0,0
141.78,9500.96180318954,1.54521950772031,9500,9500.97752539408,1.6591706640043,1.54521950772031,0,-0.769059841860526,20.3924226181604,11,0,15034.8071152263,-15039.1777399454,1.54521950772031,1.5418159808907,1.54378614496909,-0.00197016407839756,0.344480151919555,0.00734385498641056,1.54521950772031,0,267.161443506003,60.6481711487664,7.95420732902719e-10,1,0.98671105356065,0,-0.00142609738268629,-0.00394032815679513,0,0,0
141.795,9500.95026729192,1.54502020437356,9500,9500.97345078824,1.65854099024339,1.54502020437356,0,-0.887290154994168,20.3965717567464,12,0,15033.8290218728,-15038.8715521998,1.54502020437356,1.5418159808907,1.54356492473137,-0.00174894384067192,0.208194770763852,0.00670211116420173,1.54502020437356,0,267.161443506003,60.6481711487664,4.41374376002456e-10,1,0.986709855513764,0,-0.00142014770618126,-0.00349788768134385,0,0,0
141.81,9500.93695793959,1.54482401284097,9500,9500.96744249538,1.65796347636395,1.54482401284097,0,-1.00191604871738,20.4006339277569,12,0,15032.8581117995,-15038.552060904,1.54482401284097,1.5418159808907,1.54334348726377,-0.0015275063730753,0.0735402720230838,0.00606304469642017,1.54482401284097,0,267.161443506003,60.6481711487664,5.29828506980126e-10,1,0.986708473286856,0,-0.00141137457019536,-0.00305501274615061,0,0,0
141.825,9500.92192919886,1.5446312890084,9500,9500.95954204169,1.65743851811727,1.5446312890084,0,-1.11275511440587,20.4046020884135,12,0,15031.8962625645,-15038.2201067358,1.5446312890084,1.5418159808907,1.54312228990176,-0.00130630901106676,-0.0592317231901684,0.00542792613983226,1.5446312890084,0,267.161443506003,60.6481711487664,6.16041195074756e-10,1,0.986706912494916,0,-0.0013998387018419,-0.00261261802213353,0,0,0
141.84,9500.90523787214,1.54444237676464,9500,9500.94979420331,1.65696639758167,1.54444237676464,0,-1.21963670457435,20.408469480242,12,0,15030.9453155748,-15037.8765611072,1.54444237676464,1.5418159808907,1.54290178231573,-0.00108580142502923,-0.189877326823418,0.0047979987240034,1.54444237676464,0,267.161443506003,60.6481711487664,6.9973624025267e-10,1,0.986705179037093,0,-0.0013856056004562,-0.00217160285005846,0,0,0
141.855,9500.88694332157,1.54425760702206,9500,9500.93824687313,1.65654728410651,1.54425760702206,0,-1.3224008454633,20.4122296503499,12,0,15030.0070623028,-15037.5223062015,1.54425760702206,1.5418159808907,1.54268240592692,-0.000866425036217811,-0.318160636983628,0.00417447620379811,1.54425760702206,0,267.161443506003,60.6481711487664,7.80785029796405e-10,1,0.986703279078369,0,-0.00136874533240716,-0.00173285007243562,0,0,0
141.87,9500.86710730889,1.54407729720316,9500,9500.92495091645,1.65618123564063,1.54407729720316,0,-1.42089842337006,20.4158764609397,12,0,15029.0832412175,-15037.1582329639,1.54407729720316,1.5418159808907,1.54246459313657,-0.000648612245875313,-0.443854100286629,0.00355854080421489,1.54407729720316,0,267.161443506003,60.6481711487664,8.59067121841385e-10,1,0.986701219032936,0,-0.00134933233405632,-0.00129722449175063,0,0,0
141.885,9500.84579383254,1.54390175076348,9500,9500.90996002251,1.6558682002727,1.54390175076348,0,-1.51499134503068,20.4194040980242,12,0,15028.1755348718,-15036.7852390998,1.54390175076348,1.5418159808907,1.54224876658125,-0.000432785690554605,-0.566738854301697,0.00295134125388954,1.54390175076348,0,267.161443506003,60.6481711487664,9.34466441286121e-10,1,0.986699005547276,0,-0.00132744517541949,-0.000865571381109209,0,0,0
141.9,9500.82306896237,1.54373125676518,9500,9500.8933305523,1.65560801797794,1.54373125676518,0,-1.60455463322152,20.4228070770608,13,0,15027.2855779263,-15036.4042490076,1.54373125676518,1.5418159808907,1.54203533841593,-0.000219357525234276,-0.686605049370831,0.00235399092495077,1.54373125676518,0,267.161443506003,60.6481711487664,4.43835353425991e-10,1,0.986696645482994,0,-0.00130316634373528,-0.000438715050468552,0,0,0
141.915,9500.79900064287,1.54356608948285,9500,9500.875121383,1.65540042256547,1.54356608948285,0,-1.68946875929282,20.4260802572503,13,0,15026.4149123818,-15036.0161254362,1.54356608948285,1.5418159808907,1.54182470962975,-8.72873905621852e-06,-0.803252149483105,0.00176756607026989,1.54356608948285,0,267.161443506003,60.6481711487664,4.74481521559738e-10,1,0.986694145896386,0,-0.00127658201427616,-1.7457478112437e-05,0,0,0
141.93,9500.77365861148,1.54340650843398,9500,9500.85539374168,1.6552450440129,1.54340650843398,0,-1.76963095541008,20.4292188288967,13,0,15025.5650493861,-15035.6217955776,1.54340650843398,1.5418159808907,1.54161726920098,0.000198711689718634,-0.916489323730454,0.00119310416384562,1.54340650843398,0,267.161443506003,60.6481711487664,5.0365275845645e-10,1,0.986691514029948,0,-0.00124778179874707,0.000397423379437267,0,0,0
141.945,9500.74711414715,1.54325275716836,9500,9500.834211061,1.65514141036965,1.54325275716836,0,-1.84494830888791,20.4322183443413,13,0,15024.737421974,-15035.2221645601,1.54325275716836,1.5418159808907,1.54141339392907,0.000402586961627538,-1.02613542829404,0.000631602354409437,1.54325275716836,0,267.161443506003,60.6481711487664,5.31384319964095e-10,1,0.986688757286272,0,-0.00121685853678888,0.000805173923255076,0,0,0
141.96,9500.71943992251,1.54310506353247,9500,9500.81163880706,1.65508895047286,1.54310506353247,0,-1.91533928632329,20.4350747091001,13,0,15023.9333956161,-15034.8181346573,1.54310506353247,1.5418159808907,1.54121344757624,0.000602533314457476,-1.13201940142657,8.40160128544421e-05,1.54310506353247,0,267.161443506003,60.6481711487664,5.57640790846548e-10,1,0.986685883212688,0,-0.00118390803816082,0.00120506662891495,0,0,0
141.975,9500.69070983322,1.54296363945734,9500,9500.78774431365,1.65508699663286,1.54296363945734,0,-1.98073371647966,20.4377841847971,13,0,15023.1542665142,-15034.4106034836,1.54296363945734,1.5418159808907,1.54101778030522,0.00079820058547897,-1.23398047846866,-0.000448742604317926,1.54296363945734,0,267.161443506003,60.6481711487664,5.82391281968128e-10,1,0.986682899483539,0,-0.00114902883898327,0.00159640117095794,0,0,0
141.99,9500.66099882747,1.54282868077631,9500,9500.76259661511,1.65513478747496,1.54282868077631,0,-2.04107275419136,20.4403433914537,13,0,15022.4012600379,-15034.0004622227,1.54282868077631,1.5418159808907,1.54082672815696,0.000989252733738066,-1.33186837781219,-0.000965805581860397,1.54282868077631,0,267.161443506003,60.6481711487664,6.05606650925166e-10,1,0.986679813882482,0,-0.00111232195866373,0.00197850546747613,0,0,0
142.005,9500.63038273616,1.54270036705871,9500,9500.73626627847,1.65523147092874,1.54270036705871,0,-2.09630883497618,20.4427493094281,13,0,15021.6755292351,-15033.5885938779,1.54270036705871,1.5418159808907,1.54064061257506,0.00117536831563347,-1.4255434586579,-0.00146635046325908,1.54270036705871,0,267.161443506003,60.6481711487664,6.27261697013772e-10,1,0.986676634284843,0,-0.00107389064491947,0.00235073663126695,0,0,0
142.02,9500.59893810363,1.54257886148907,9500,9500.70882523494,1.65537610735618,1.54257886148907,0,-2.14640560041651,20.4449992803698,13,0,15020.9781535622,-15033.1758715749,1.54257886148907,1.5418159808907,1.54045973996477,0.00135624092592423,-1.514876851361,-0.00194960125347284,1.54257886148907,0,267.161443506003,60.6481711487664,6.47335600692729e-10,1,0.986673368640045,0,-0.00103384012819374,0.00271248185184847,0,0,0
142.035,9500.56674201963,1.54246431074535,9500,9500.68034661127,1.65556767281094,1.54246431074535,0,-2.19133782576313,20.4470910081948,13,0,15020.3101376123,-15032.763156875,1.54246431074535,1.5418159808907,1.54028440130779,0.00153157958290562,-1.59975056170728,-0.00241482931116002,1.54246431074535,0,267.161443506003,60.6481711487664,6.65809583231011e-10,1,0.98667002495415,0,-0.00099227737542007,0.00306315916581124,0,0,0
142.05,9500.53387195224,1.54235684493676,9500,9500.65090456129,1.65580506242084,1.54235684493676,0,-2.23109130981306,20.4490225587707,13,0,15019.6724101291,-15032.3512981603,1.54235684493676,1.5418159808907,1.54011487180262,0.00170110908808097,-1.68005755024576,-0.00286135413009905,1.54235684493676,0,267.161443506003,60.6481711487664,6.82668370365799e-10,1,0.986666611272515,0,-0.000949310837592865,0.00340221817616193,0,0,0
142.065,9500.50040558259,1.54225657758467,9500,9500.62057409775,1.65608709388639,1.54225657758467,0,-2.26566273873981,20.4507923586777,13,0,15019.0658232271,-15031.9411290762,1.54225657758467,1.5418159808907,1.5399514105402,0.00186457035049536,-1.75570178806448,-0.00328854400701584,1.54225657758467,0,267.161443506003,60.6481711487664,6.97900046649937e-10,1,0.986663135662621,0,-0.000905050204751401,0.00372914070099073,0,0,0
142.08,9500.46642064151,1.54216360560775,9500,9500.58943092494,1.65641251108762,1.54216360560775,0,-2.29505954894101,20.4523991938786,13,0,15018.4911516438,-15031.5334670005,1.54216360560775,1.5418159808907,1.53979426023259,0.00202172065810258,-1.82659828990145,-0.00369581659915397,1.54216360560775,0,267.161443506003,60.6481711487664,7.11496202459923e-10,1,0.986659606197108,0,-0.000859606158402526,0.00404344131620515,0,0,0
142.095,9500.43199474828,1.54207800937725,9500,9500.55755127236,1.65677998778951,1.54207800937725,0,-2.31929974689636,20.4538422068815,13,0,15017.9490923251,-15031.1291116014,1.54207800937725,1.5418159808907,1.5396436469622,0.00217233392849425,-1.89267312429324,-0.00408263937043511,1.54207800937725,0,267.161443506003,60.6481711487664,7.23451642093448e-10,1,0.986656030937036,0,-0.000813090124974991,0.0043446678569885,0,0,0
142.11,9500.39720525207,1.54199985280124,9500,9500.52501172969,1.65718813143846,1.54199985280124,0,-2.3384117121771,20.4551208932888,13,0,15017.4402641621,-15030.7288434512,1.54199985280124,1.5418159808907,1.53949977997209,0.0023162009186064,-1.95386340187027,-0.00444852992667386,1.54199985280124,0,267.161443506003,60.6481711487664,7.33764969792377e-10,1,0.986652417915411,0,-0.000765614040690421,0.00463240183721281,0,0,0
142.125,9500.36212907639,1.5419291834397,9500,9500.49188908343,1.65763548704015,1.5419291834397,0,-2.35243398406809,20.4562350976884,13,0,15016.9652078808,-15030.3334226998,1.5419291834397,1.5418159808907,1.5393628514937,0.00245312939699449,-2.01011724167059,-0.00479305624498455,1.5419291834397,0,267.161443506003,60.6481711487664,7.42436688354322e-10,1,0.986648775121031,0,-0.000717290098862344,0.00490625879398898,0,0,0
142.14,9500.32684256663,1.5418660326676,9500,9500.45826015561,1.65812054110889,1.5418660326676,0,-2.36141501958877,20.4571850085277,13,0,15016.5243861724,-15029.9435878257,1.5418660326676,1.5418159808907,1.53923303660751,0.00258294428318728,-2.06139371526448,-0.0051158367894726,1.5418660326676,0,267.161443506003,60.6481711487664,7.49472565278724e-10,1,0.986645110482656,0,-0.000668230528477309,0.00516588856637457,0,0,0
142.155,9500.29142134134,1.54181041583891,9500,9500.4242016447,1.65864172567922,1.54181041583891,0,-2.36541295436123,20.4579711529808,13,0,15016.1181838436,-15029.5600544243,1.54181041583891,1.5418159808907,1.53911049315295,0.0027054877377497,-2.10766276909179,-0.00541654052728739,1.54181041583891,0,267.161443506003,60.6481711487664,7.54879243901362e-10,1,0.98664143185356,0,-0.000618547346530995,0.0054109754754994,0,0,0
142.17,9500.25594014702,1.54176233253429,9500,9500.38978996933,1.65919742236907,1.54176233253429,0,-2.36449531278707,20.4585943900326,13,0,15015.7469083726,-15029.1835141129,1.54176233253429,1.5418159808907,1.53899536165229,0.00282061923841104,-2.14890512470801,-0.00569488683322634,1.54176233253429,0,267.161443506003,60.6481711487664,7.58667609572897e-10,1,0.986637746996453,0,-0.000568352137349626,0.00564123847682207,0,0,0
142.185,9500.22047271733,1.5417217667865,9500,9500.35510111476,1.65978596648676,1.5417217667865,0,-2.35873873644556,20.4590559040652,13,0,15015.4107903802,-15028.8146334553,1.5417217667865,1.5418159808907,1.53888776529528,0.00292821559542,-2.18511215841888,-0.00595064529503367,1.5417217667865,0,267.161443506003,60.6481711487664,7.60853522166625e-10,1,0.986634063568854,0,-0.000517755829542388,0.00585643119084001,0,0,0
142.2,9500.18509163628,1.54168868736503,9500,9500.32021048271,1.66040565116986,1.54168868736503,0,-2.34822867824896,20.4593571971927,13,0,15015.1099843939,-15028.4540529844,1.54168868736503,1.5418159808907,1.53878780994437,0.00302817094632957,-2.21628575922989,-0.00618363541832775,1.54168868736503,0,267.161443506003,60.6481711487664,7.61453134335923e-10,1,0.986630389108891,0,-0.000466868468160575,0.00605634189265913,0,0,0
142.215,9500.14986820611,1.54166304807172,9500,9500.28519274467,1.66105473154847,1.54166304807172,0,-2.33305909323852,20.4595000813861,13,0,15014.8445696845,-15028.1023862786,1.54166304807172,1.5418159808907,1.53869558418569,0.00312039670501041,-2.24243816695663,-0.006393726229,1.54166304807172,0,267.161443506003,60.6481711487664,7.60485818761797e-10,1,0.986626731021572,0,-0.000415799010260454,0.00624079341002082,0,0,0
142.23,9500.11487231971,1.54164478806706,9500,9500.25012169895,1.66173142892273,1.54164478806706,0,-2.31333211404788,20.4594866699682,13,0,15014.6145512651,-15027.7602191136,1.54164478806706,1.5418159808907,1.53861115941071,0.00320482147999113,-2.26359179051223,-0.00658083578361721,1.54164478806706,0,267.161443506003,60.6481711487664,7.5797607127258e-10,1,0.986623096565539,0,-0.000364655108788359,0.00640964295998225,0,0,0
142.245,9500.080172338,1.54163383223573,9500,9500.2150701317,1.66243393494601,1.54163383223573,0,-2.28915770528617,20.4593193682961,13,0,15014.4198610936,-15027.4281086981,1.54163383223573,1.5418159808907,1.53853458992689,0.00328139096380253,-2.27977900748405,-0.00674493058257197,1.54163383223573,0,267.161443506003,60.6481711487664,7.53949853227488e-10,1,0.986619492840335,0,-0.000313542912682374,0.00656278192760507,0,0,0
142.26,9500.04583497242,1.54163009155574,9500,9500.18010968224,1.66316041580537,1.54163009155574,0,-2.26065332034019,20.4590008644029,13,0,15014.2603593146,-15027.1065829632,1.54163009155574,1.5418159808907,1.53846591311154,0.00335006777916047,-2.29104194586601,-0.00688602489327904,1.54163009155574,0,267.161443506003,60.6481711487664,7.48434445742055e-10,1,0.986615926774197,0,-0.000262566874045023,0.00670013555832094,0,0,0
142.275,9500.01192517261,1.54163346347915,9500,9500.14531071275,1.66390901638944,1.54163346347915,0,-2.22794355542573,20.4585341194298,13,0,15014.1358355761,-15026.7961399104,1.54163346347915,1.5418159808907,1.53840514960317,0.00341083128752451,-2.29743224813832,-0.0070041799865993,1.54163346347915,0,267.161443506003,60.6481711487664,7.41462986842332e-10,1,0.986612405112392,0,-0.000211829555432752,0.00682166257504901,0,0,0
142.29,9499.97850601928,1.54164383240393,9500,9500.11074218271,1.66467786443604,1.54164383240393,0,-2.19115974887745,20.4579223561339,13,0,15014.0460107969,-15026.4972471003,1.54164383240393,1.5418159808907,1.53835230349081,0.0034636773998884,-2.29901081902423,-0.00709950328654404,1.54164383240393,0,267.161443506003,60.6481711487664,7.33068618474688e-10,1,0.986608934406092,0,-0.000161431445571125,0.0069273547997768,0,0,0
142.305,9499.94563862305,1.54166107005573,9500,9500.076471528,1.66546507465241,1.54166107005573,0,-2.15043964499922,20.4571690493898,13,0,15013.9905385324,-15026.2103411065,1.54166107005573,1.5418159808907,1.53830736258965,0.00350861830104399,-2.29584755841541,-0.00717214743705104,1.54166107005573,0,267.161443506003,60.6481711487664,7.2328814553757e-10,1,0.986605521001866,0,-0.000111470786907653,0.00701723660208797,0,0,0
142.32,9499.91338202837,1.5416850360019,9500,9500.04256454527,1.66626875279658,1.5416850360019,0,-2.10592697622253,20.4562779138812,13,0,15013.9690069852,-15025.9358271497,1.5416850360019,1.5418159808907,1.53827029868951,0.00354568220118345,-2.28802107821331,-0.00722230929115949,1.5416850360019,0,267.161443506003,60.6481711487664,7.12161451056938e-10,1,0.986602171031708,0,-6.2043413680879e-05,0.00709136440236691,0,0,0
142.335,9499.88179312373,1.54171557809453,9500,9500.00908528124,1.66708699971609,1.54171557809453,0,-2.05777109680061,20.4552528933811,13,0,15013.9809407079,-15025.6740787183,1.54171557809453,1.5418159808907,1.53824106787512,0.00357491301557511,-2.27561840659072,-0.00725022882731588,1.54171557809453,0,267.161443506003,60.6481711487664,6.99729301408195e-10,1,0.986598890403701,0,-1.32425802854552e-05,0.00714982603115022,0,0,0
142.35,9499.85092655728,1.54175253299925,9500,9499.97609592747,1.6679179153331,1.54175253299925,0,-2.00612656656487,20.4540981482336,13,0,15014.0258027277,-15025.4254373262,1.54175253299925,1.5418159808907,1.5382196108422,0.003596370048498,-2.2587346784057,-0.00725618798844434,1.54175253299925,0,267.161443506003,60.6481711487664,6.86034517430455e-10,1,0.986595684793266,0,3.48411826618378e-05,0.007192740096996,0,0,0
142.365,9499.82083465878,1.54179572668695,9500,9499.94365672057,1.66875960257042,1.54179572668695,0,-1.95115276352603,20.4528180436957,13,0,15014.1029965273,-15025.1902122918,1.54179572668695,1.5418159808907,1.53820585326445,0.00361012762624746,-2.23747281391891,-0.00724050945624651,1.54179572668695,0,267.161443506003,60.6481711487664,6.71124023714305e-10,1,0.986592559635046,0,8.21202141569888e-05,0.00722025525249492,0,0,0
142.38,9499.79156736733,1.54184497496895,9500,9499.91182584798,1.66961017120955,1.54184497496895,0,-1.89301347404989,20.4514171373997,13,0,15014.2118682497,-15024.9686806137,1.54184497496895,1.5418159808907,1.53819970617164,0.00361627471906201,-2.2119431856121,-0.00720355535987587,1.54184497496895,0,267.161443506003,60.6481711487664,6.55045629165347e-10,1,0.986589520115408,0,0.000128509861433201,0.00723254943812401,0,0,0
142.395,9499.76317216522,1.54190008405007,9500,9499.88065935949,1.67046774167513,1.54190008405007,0,-1.83187647686506,20.4499001664942,13,0,15014.3517090133,-15024.7610869213,1.54190008405007,1.5418159808907,1.53820106634989,0.00361491454080287,-2.18226327498846,-0.00714572592223093,1.54190008405007,0,267.161443506003,60.6481711487664,6.37847441721167e-10,1,0.986586571165568,0,0.000173928596383321,0.00722982908160574,0,0,0
142.41,9499.73569401806,1.54196085105853,9500,9499.8502110845,1.67133044873838,1.54196085105853,0,-1.7679131476628,20.4482720353498,13,0,15014.5217571437,-15024.56764346,1.54196085105853,1.5418159808907,1.53820981677985,0.00360616411084602,-2.14855731966652,-0.00706745805385843,1.54196085105853,0,267.161443506003,60.6481711487664,6.19581673778077e-10,1,0.986583717455376,0,0.000218298149243568,0.00721232822169204,0,0,0
142.425,9499.70917532085,1.54202706461095,9500,9499.82053255527,1.67219644513252,1.54202706461095,0,-1.70129804602236,20.4465378025728,13,0,15014.7212005962,-15024.3885301667,1.54202706461095,1.5418159808907,1.53822582708722,0.0035901538034766,-2.11095595138567,-0.00696922388669883,1.54202706461095,0,267.161443506003,60.6481711487664,6.00301422483451e-10,1,0.986580963387713,0,0.000261543609554105,0.00718030760695321,0,0,0
142.44,9499.68365585016,1.54209850539992,9500,9499.79167293601,1.67306390507536,1.54209850539992,0,-1.63220849348965,20.4447026676028,13,0,15014.9491795067,-15024.2238948237,1.54209850539992,1.5418159808907,1.53824895400489,0.00356702688581212,-2.06959582679943,-0.00685152926239948,1.54209850539992,0,267.161443506003,60.6481711487664,5.80060669742217e-10,1,0.986578313093529,0,0.00030359352840037,0.00713405377162424,0,0,0
142.455,9499.65917272276,1.54217494675899,9500,9499.763678958,1.67393102769297,1.54217494675899,0,-1.56082417219139,20.4427719578687,13,0,15015.2047886626,-15024.0738532495,1.54217494675899,1.5418159808907,1.53827904186924,0.00353693902145746,-2.02461925152528,-0.00671491217461931,1.54217494675899,0,267.161443506003,60.6481711487664,5.58914721273394e-10,1,0.986575770427541,0,0.000344380012704759,0.00707387804291493,0,0,0
142.47,9499.63576036017,1.54225615524313,9500,9499.73659486081,1.67479604033767,1.54225615524313,0,-1.48732671826728,20.440751115683,13,0,15015.4870800731,-15023.9384895598,1.54225615524313,1.5418159808907,1.53831592313003,0.00350005776066942,-1.9761737978161,-0.00655994116890217,1.54225615524313,0,267.161443506003,60.6481711487664,5.36921231116413e-10,1,0.986573338964555,0,0.000383838805097847,0.00700011552133883,0,0,0
142.485,9499.6134504594,1.54234189122211,9500,9499.71046233954,1.67565720179613,1.54234189122211,0,-1.41189931264095,20.4386456849312,13,0,15015.795065624,-15023.8178564977,1.54234189122211,1.5418159808907,1.53835941887169,0.00345656201901057,-1.92441191731776,-0.00638721370660814,1.54234189122211,0,267.161443506003,60.6481711487664,5.1413771332821e-10,1,0.986571021996426,0,0.000421909367448681,0.00691312403802113,0,0,0
142.5,9499.59227196971,1.54243190946845,9500,9499.68532049815,1.67651280538278,1.54243190946845,0,-1.33472628090856,20.4364612979527,13,0,15016.12771973,-15023.7119758143,1.54243190946845,1.5418159808907,1.53840933935619,0.00340664153450265,-1.86949054994603,-0.00619735449125623,1.54243190946845,0,267.161443506003,60.6481711487664,4.90622859086547e-10,1,0.986568822529645,0,0.000458534933201582,0.0068132830690053,0,0,0
142.515,9499.57225107549,1.54252595975139,9500,9499.6612058089,1.67736118191365,1.54252595975139,0,-1.25599269444611,20.4342036623692,13,0,15016.4839820426,-15023.6208387112,1.54252595975139,1.5418159808907,1.53846548457469,0.00335049631600337,-1.81157072950003,-0.00599101377131552,1.54252595975139,0,267.161443506003,60.6481711487664,4.66436390128409e-10,1,0.986566743283561,0,0.000493662579187149,0.00670099263200674,0,0,0
142.53,9499.55341118508,1.54262378743098,9500,9499.6381520778,1.67820070255669,1.54262378743098,0,-1.1758839770423,20.4318785479864,13,0,15016.8627601804,-15023.544406337,1.54262378743098,1.5418159808907,1.53852764481522,0.00328833607548051,-1.75081718710942,-0.0057688656106813,1.54262378743098,0,267.161443506003,60.6481711487664,4.41639204885871e-10,1,0.986564786689217,0,0.000527243265293409,0.00657667215096103,0,0,0
142.545,9499.53577292542,1.54272513405269,9500,9499.61619041619,1.67902978155412,1.54272513405269,0,-1.09458367118278,20.4294917757071,12,0,15017.2629224619,-15023.4825898295,1.54272513405269,1.5418159808907,1.53859560123905,0.0032203796516459,-1.68739795304823,-0.00553160614129927,1.54272513405269,0,267.161443506003,60.6481711487664,9.42832248126853e-10,1,0.986562954888803,0,0.000559231871102073,0.0064407593032918,0,0,0
142.56,9499.51935417035,1.54282973792894,9500,9499.59534921824,1.67984687881395,1.54282973792894,0,-1.01228058228566,20.4270491972831,12,0,15017.683341469,-15023.4353344763,1.54282973792894,1.5418159808907,1.53866912647193,0.00314685441877138,-1.62148395829598,-0.00527995179930334,1.54282973792894,0,267.161443506003,60.6481711487664,8.84124658049909e-10,1,0.986561249738583,0,0.000589587239552936,0.00629370883754277,0,0,0
142.575,9499.50416996162,1.54293733438842,9500,9499.57565415164,1.68065050218464,1.54293733438842,0,-0.929157135001434,20.4245567008962,12,0,15018.1228328662,-15023.4024923736,1.54293733438842,1.5418159808907,1.53874798537108,0.00306799551961578,-1.55324853037656,-0.00501463754150452,1.54293733438842,0,267.161443506003,60.6481711487664,8.24632511122638e-10,1,0.986559672800699,0,0.000618272176635459,0.00613599103923157,0,0,0
142.59,9499.49023260459,1.54304765725062,9500,9499.55712813025,1.68143921019484,1.54304765725062,0,-0.845396227541962,20.4220201722697,12,0,15018.5802046422,-15023.3839106179,1.54304765725062,1.5418159808907,1.53883193517973,0.00298404571097066,-1.48286726681061,-0.00473641506201856,1.54304765725062,0,267.161443506003,60.6481711487664,7.64314591220637e-10,1,0.986558225353112,0,0.000645253493672504,0.00596809142194132,0,0,0
142.605,9499.47755166118,1.54316043882583,9500,9499.53979131858,1.6822116140039,1.54316043882583,0,-0.761179267007513,20.419445496518,12,0,15019.0542464395,-15023.3794094734,1.54316043882583,1.5418159808907,1.5389207264282,0.00289525446249761,-1.41051746622923,-0.00444605098986593,1.54316043882583,0,267.161443506003,60.6481711487664,7.03309144389906e-10,1,0.986556908388862,0,0.000670502001103745,0.00579050892499522,0,0,0
142.62,9499.46613397218,1.54327541048032,9500,9499.52366113337,1.68296637942522,1.54327541048032,0,-0.676685824742578,20.4168385461303,12,0,15019.543732288,-15023.3887831503,1.54327541048032,1.5418159808907,1.5390141035512,0.00280187733949444,-1.33637772971852,-0.00414432508936925,1.54327541048032,0,267.161443506003,60.6481711487664,6.41755010131283e-10,1,0.986555722618392,0,0.00069399250180302,0.00560375467898888,0,0,0
142.635,9499.4559836848,1.54339230319219,9500,9499.50875225046,1.68370222881163,1.54339230319219,0,-0.592093301814395,20.4142051692262,12,0,15020.0474233159,-15023.4118006161,1.54339230319219,1.5418159808907,1.53911180550817,0.00270417538252521,-1.26062757075976,-0.00383202846355789,1.54339230319219,0,267.161443506003,60.6481711487664,5.79789131990623e-10,1,0.986554668472406,0,0.000715703782588228,0.00540835076505042,0,0,0
142.65,9499.44710228528,1.54351084810946,9500,9499.49507661706,1.68441794279944,1.54351084810946,0,-0.507576598004274,20.4115511778377,12,0,15020.5640704893,-15023.4482064568,1.54351084810946,1.5418159808907,1.53921356640062,0.00260241449007914,-1.18344703248089,-0.00350996176139318,1.54351084810946,0,267.161443506003,60.6481711487664,5.17547434777898e-10,1,0.986553746105253,0,0.000735618595756327,0.00520482898015828,0,0,0
142.665,9499.43948863631,1.54363077711024,9500,9499.4826434693,1.68511236191013,1.54363077711024,0,-0.423307783451339,20.4088823362189,12,0,15021.0924173831,-15023.4977217841,1.54363077711024,1.5418159808907,1.53931911608427,0.00249686480642231,-1.10501631221141,-0.00317893339330284,1.54363077711024,0,267.161443506003,60.6481711487664,4.55164969907698e-10,1,0.986552955398822,0,0.000753723627812786,0.00499372961284461,0,0,0
142.68,9499.43313901955,1.54375182336173,9500,9499.47145935489,1.68578438800704,1.54375182336173,0,-0.339457514082728,20.4062043476789,11,0,15021.6312124227,-15023.5600645222,1.54375182336173,1.5418159808907,1.53942818077479,0.00238780011590745,-1.02551539250309,-0.00283975776078708,1.54375182336173,0,267.161443506003,60.6481711487664,8.89310062461532e-10,1,0.98655229596695,0,0.000770009469961419,0.00477560023181489,0,0,0
142.695,9499.42804715684,1.54387372184498,9500,9499.46152816099,1.68643298560527,1.54387372184498,0,-0.256187483392659,20.4035228500725,11,0,15022.1791720927,-15023.6348697273,1.54387372184498,1.5418159808907,1.53954048366391,0.00227549722679221,-0.945123678420185,-0.00249325349930445,1.54387372184498,0,267.161443506003,60.6481711487664,7.48671644906209e-10,1,0.986551767157622,0,0.000784470577754881,0.00455099445358442,0,0,0
142.71,9499.42420434459,1.54399621022124,9500,9499.45285114025,1.6870571832042,1.54399621022124,0,-0.173661239313791,20.4008433884082,11,0,15022.7350467781,-15023.7218168954,1.54399621022124,1.5418159808907,1.53965574535577,0.00216023553492728,-0.864019740328944,-0.00214024173931475,1.54399621022124,0,267.161443506003,60.6481711487664,6.08187745274086e-10,1,0.98655136806694,0,0.000797105226168382,0.00432047106985456,0,0,0
142.725,9499.421599426,1.54411902846897,9500,9499.44542696507,1.68765607388729,1.54411902846897,0,-0.092036614628789,20.3981714294574,11,0,15023.2975766302,-15023.8205428169,1.54411902846897,1.5418159808907,1.53977368490779,0.00204229598290384,-0.782380699420285,-0.00178154438753898,1.54411902846897,0,267.161443506003,60.6481711487664,4.68566481430878e-10,1,0.986551097536228,0,0.000807915438507889,0.00408459196580768,0,0,0
142.74,9499.42021887678,1.54424191994853,9500,9499.43925176048,1.68822881642113,1.54424191994853,0,-0.0114656583950256,20.3955123406081,10,0,15023.865499875,-15023.9306494983,1.54424191994853,1.5418159808907,1.53989402014167,0.0019219607490224,-0.700382062726187,-0.00141798244021043,1.54424191994853,0,267.161443506003,60.6481711487664,7.47894204848502e-10,1,0.986550954160936,0,0.000816906933860162,0.0038439214980448,0,0,0
142.755,9499.42004689191,1.54436463188796,9500,9499.43431915076,1.68877463598227,1.54436463188796,0,0.0678972156621118,20.3928713726866,9,0,15024.4376010683,-15024.0517987188,1.54436463188796,1.5418159808907,1.54001646823208,0.00179951265861655,-0.61819739275339,-0.00105037431997335,1.54436463188796,0,267.161443506003,60.6481711487664,9.86865839121034e-10,1,0.986550936299652,0,0.000824089054431321,0.00359902531723311,0,0,0
142.77,9499.42106535014,1.5444869155662,9500,9499.43062031647,1.68929282458472,1.5444869155662,0,0.145916472894515,20.3902536888483,8,0,15025.0125974366,-15024.1834776626,1.5444869155662,1.5418159808907,1.54014074643021,0.001675234460492,-0.535997896707306,-0.00067953424547926,1.5444869155662,0,267.161443506003,60.6481711487664,6.80201506920481e-10,1,0.986551042070417,0,0.000829474695028809,0.00335046892098401,0,0,0
142.785,9499.42325409724,1.54460852790218,9500,9499.42814402751,1.68978274207373,1.54460852790218,0,0.222443992275228,20.387664222959,8,0,15025.5893203652,-15024.3253592,1.54460852790218,1.5418159808907,1.5402665720686,0.00154940882209975,-0.453952460279685,-0.000306270632716296,1.54460852790218,0,267.161443506003,60.6481711487664,8.8902842126707e-10,1,0.986551269380135,0,0.0008330802430776,0.0030988176441995,0,0,0
142.8,9499.42659075712,1.54472922983623,9500,9499.42687674096,1.69024381544827,1.54472922983623,0,0.297352579208479,20.3851078561839,10,0,15026.1665234293,-15024.476919495,1.54472922983623,1.5418159808907,1.54039366415627,0.00142231673443138,-0.372226717769655,6.86154766686241e-05,1.54472922983623,0,267.161443506003,60.6481711487664,4.67790466185139e-10,1,0.986551615904967,0,0.000834925442888101,0.00284463346886277,0,0,0
142.815,9499.43105104581,1.5448487889168,9500,9499.42680262467,1.69067553999686,1.5448487889168,0,0.370510831354379,20.3825893570324,10,0,15026.7430406235,-15024.6377390521,1.5448487889168,1.5418159808907,1.54052174284063,0.00129423805006645,-0.290983423570548,0.00044433192596827,1.5448487889168,0,267.161443506003,60.6481711487664,7.59672257024646e-10,1,0.986552079122927,0,0.000835033357211135,0.00258847610013291,0,0,0
142.83,9499.43660870828,1.54496697792089,9500,9499.42790365611,1.69107747850504,1.54496697792089,0,0.441798457536224,20.3801132712082,11,0,15027.3176869119,-15024.8073162226,1.54496697792089,1.5418159808907,1.54065053084396,0.00116545004673951,-0.210381631938867,0.00082009693671328,1.54496697792089,0,267.161443506003,60.6481711487664,4.617089292395e-10,1,0.986552656307333,0,0.000833430229445264,0.00233090009347903,0,0,0
142.845,9499.44323568514,1.54508357606459,9500,9499.4301596792,1.69144926145446,1.54508357606459,0,0.51109464076736,20.3776840104828,11,0,15027.8893352426,-15024.985210344,1.54508357606459,1.5418159808907,1.54077975357373,0.00103622731696684,-0.130576677079551,0.00119514053996365,1.54508357606459,0,267.161443506003,60.6481711487664,5.85287048601449e-10,1,0.986553344544109,0,0.000830145397307858,0.00207245463393368,0,0,0
142.86,9499.45090210475,1.54519836875823,9500,9499.43354848959,1.69179058645679,1.54519836875823,0,0.578289203321801,20.3753058333944,11,0,15028.4568526763,-15025.1709144266,1.54519836875823,1.5418159808907,1.54090913994131,0.000906840949389531,-0.0517197380295452,0.00156870596875219,1.54519836875823,0,267.161443506003,60.6481711487664,7.05453482220417e-10,1,0.986554140730972,0,0.000825211169110496,0.00181368189877906,0,0,0
142.875,9499.4595764428,1.54531114880985,9500,9499.43804589588,1.69210121823667,1.54531114880985,0,0.643276754555807,20.3729828184064,11,0,15029.0191420575,-15025.3639300789,1.54531114880985,1.5418159808907,1.54103842242855,0.000777558462150774,0.0260421441771223,0.00194005099485191,1.54531114880985,0,267.161443506003,60.6481711487664,8.22314958040736e-10,1,0.986555041594002,0,0.000818662738128584,0.00155511692430155,0,0,0
142.89,9499.46922559412,1.54542171633635,9500,9499.44362580625,1.69238098792127,1.54542171633635,0,0.705958046914504,20.3707188673344,11,0,15029.5751338265,-15025.5637516146,1.54542171633635,1.5418159808907,1.54116733778138,0.000648643109319336,0.102566429212741,0.00230844922700977,1.54542171633635,0,267.161443506003,60.6481711487664,9.35679014994872e-10,1,0.986556043695101,0,0.000810538053195975,0.00129728621863867,0,0,0
142.905,9499.47981496483,1.54552987902177,9500,9499.45026031127,1.69262979236261,1.54552987902177,0,0.766238014544766,20.3685176986774,12,0,15030.123798725,-15025.7698899036,1.54552987902177,1.5418159808907,1.54129562750063,0.000520353390063955,0.177715303143336,0.00267319135094796,1.54552987902177,0,267.161443506003,60.6481711487664,4.61611102109976e-10,1,0.986557143441562,0,0.000800877703774017,0.00104070678012791,0,0,0
142.92,9499.49130853505,1.54563545239499,9500,9499.45791976917,1.69284759333623,1.54563545239499,0,0.82403387323414,20.3663828514842,12,0,15030.6641059723,-15025.9817845231,1.54563545239499,1.5418159808907,1.54142303829738,0.000392942593321122,0.251355889896867,0.00303358631764627,1.54563545239499,0,267.161443506003,60.6481711487664,5.08152929181001e-10,1,0.986558337092586,0,0.000789724798557545,0.000785885186642243,0,0,0
142.935,9499.50366904314,1.54573826047069,9500,9499.46657288521,1.69303441682418,1.54573826047069,0,0.879263720710539,20.3643176606828,12,0,15031.1950903492,-15026.1989356162,1.54573826047069,1.5418159808907,1.5415493223392,0.000266658551498988,0.323360329930464,0.00338896247699716,1.54573826047069,0,267.161443506003,60.6481711487664,5.5309135020876e-10,1,0.986559620778409,0,0.000777124838052812,0.000533317102997977,0,0,0
142.95,9499.51685799895,1.54583813505299,9500,9499.47618681824,1.69319035154863,1.54583813505299,0,0.931853624367598,20.3623252808724,12,0,15031.715807954,-15026.4208193742,1.54583813505299,1.5418159808907,1.54167423813661,0.000141742754087515,0.393606242031541,0.00373866865412093,1.54583813505299,0,267.161443506003,60.6481711487664,5.96190671995982e-10,1,0.98656099050168,0,0.000763125576980883,0.00028348550817503,0,0,0
142.965,9499.53083580332,1.54593491647686,9500,9499.48672726311,1.69331554803981,1.54593491647686,0,0.981736160108331,20.3604086698212,12,0,15032.225350117,-15026.6469102537,1.54593491647686,1.5418159808907,1.5417975506795,1.84302112007373e-05,0.461976726290985,0.00408207516376232,1.54593491647686,0,267.161443506003,60.6481711487664,6.37389987433529e-10,1,0.986562442149877,0,0.000747776892218832,3.68604224014746e-05,0,0,0
142.98,9499.54556184572,1.54602845384487,9500,9499.49815854266,1.6934102173974,1.54602845384487,0,1.02885047741342,20.3585705846407,12,0,15032.7228449041,-15026.8766821091,1.54602845384487,1.5418159808907,1.54191903179624,-0.000103050905543522,0.528360508558724,0.0044185747652608,1.54602845384487,0,267.161443506003,60.6481711487664,6.76633374190683e-10,1,0.986563971505443,0,0.000731130659171075,-0.000206101811087045,0,0,0
142.995,9499.56099460288,1.54611860521213,9500,9499.51044370119,1.6934746299462,1.54611860521213,0,1.07314233020433,20.356813579083,12,0,15033.2074583846,-15027.1096092855,1.54611860521213,1.5418159808907,1.54203846051092,-0.00022247962022659,0.592652074244033,0.00474758356188778,1.54611860521213,0,267.161443506003,60.6481711487664,7.13869309068166e-10,1,0.986565574256027,0,0.000713240612750798,-0.00044495924045318,0,0,0
143.01,9499.57709173784,1.54620523774279,9500,9499.52354459925,1.69350911378771,1.54620523774279,0,1.11456408880843,20.3551400014545,12,0,15033.6783957692,-15027.3451676873,1.54620523774279,1.5418159808907,1.54215562338346,-0.00033964249276508,0.654751792288561,0.00506854183762564,1.54620523774279,0,267.161443506003,60.6481711487664,7.49052424314726e-10,1,0.986567246004773,0,0.000694162207765192,-0.00067928498553016,0,0,0
143.025,9499.59381019917,1.54628822784361,9500,9499.53742200955,1.69351405325251,1.54628822784361,0,1.15307473676289,20.3535519930216,12,0,15034.1349024403,-15027.5828358262,1.54628822784361,1.5418159808907,1.5422703148298,-0.000454333939105878,0.714566028025573,0.00538091483111998,1.54628822784361,0,267.161443506003,60.6481711487664,7.8214160445547e-10,1,0.98656898228063,0,0.000673952486781371,-0.000908667878211755,0,0,0
143.04,9499.61110632022,1.54636746127068,9500,9499.55203571374,1.69348988725885,1.54636746127068,0,1.18863985031795,20.3520514869891,12,0,15034.5762648569,-15027.8220958417,1.54636746127068,1.5418159808907,1.54238233742579,-0.000566356535093515,0.772007243735714,0.0056841934501716,1.54636746127068,0,267.161443506003,60.6481711487664,8.13101156977609e-10,1,0.986570778548648,0,0.000652669931352712,-0.00113271307018703,0,0,0
143.055,9499.62893591798,1.54644283318861,9500,9499.5673445998,1.69343710758253,1.54644283318861,0,1.22123154785246,20.350640208494,12,0,15035.0018112398,-15028.0624344723,1.54644283318861,1.5418159808907,1.54249150220138,-0.000675521310683047,0.826994086401942,0.00597789491928032,1.54644283318861,0,267.161443506003,60.6481711487664,8.41901397428483e-10,1,0.986572630220252,0,0.000630374331863415,-0.00135104262136609,0,0,0
143.07,9499.64725439119,1.54651424824522,9500,9499.58330675979,1.69335625704409,1.54651424824522,0,1.25082844948146,20.3493196742513,12,0,15035.4109123217,-15028.303344035,1.54651424824522,1.5418159808907,1.54259762889774,-0.000781648007047497,0.879451461552047,0.00626156336861885,1.54651424824522,0,267.161443506003,60.6481711487664,8.68515867888875e-10,1,0.986574532663435,0,0.000607126639042388,-0.00156329601409499,0,0,0
143.085,9499.66601681794,1.54658162061893,9500,9499.59987958782,1.69324792762019,1.54658162061893,0,1.2774156196852,20.3480911927741,12,0,15035.8029819703,-15028.5443233721,1.54658162061893,1.5418159808907,1.54270054620468,-0.000884565313978181,0.929310592323045,0.00653477035618793,1.54658162061893,0,267.161443506003,60.6481711487664,8.92925288569252e-10,1,0.986576481212881,0,0.00058298882135488,-0.00176913062795636,0,0,0
143.1,9499.68517805223,1.54664487401452,9500,9499.61701987772,1.69311275848395,1.54664487401452,0,1.30098447764539,20.3469558656875,12,0,15036.1774775674,-15028.7848787397,1.54664487401452,1.5418159808907,1.54280009199169,-0.000984111100989615,0.976509063958444,0.00679711532579762,1.54664487401452,0,267.161443506003,60.6481711487664,9.1511301975924e-10,1,0.986578471180009,0,0.000558023730370394,-0.00196822220197923,0,0,0
143.115,9499.70469281939,1.54670394169431,9500,9499.63468392062,1.69295143397949,1.54670394169431,0,1.32153273120885,20.3459145882579,12,0,15036.533900546,-15029.0245247183,1.54670394169431,1.5418159808907,1.54289611349112,-0.0010801326004235,1.02099085419773,0.0070482260044643,1.54670394169431,0,267.161443506003,60.6481711487664,9.35070037896525e-10,1,0.986580497862872,0,0.000532294951260948,-0.002160265200847,0,0,0
143.13,9499.72451581036,1.54675876645355,9500,9499.65282760185,1.69276468153729,1.54675876645355,0,1.3390642760438,20.3449680511049,12,0,15036.8717966657,-15029.26278506,1.54675876645355,1.5418159808907,1.54298846747554,-0.00117248658483882,1.06270634876244,0.00728775873253173,1.54675876645355,0,267.161443506003,60.6481711487664,9.52789665661812e-10,1,0.986582556555951,0,0.000505866667323662,-0.00234497316967763,0,0,0
143.145,9499.7446017745,1.54680930060814,9500,9499.67140649719,1.6925532695344,1.54680930060814,0,1.35358910389875,20.3441167416196,12,0,15037.1907563377,-15029.4991935336,1.54680930060814,1.5418159808907,1.54307702039839,-0.0012610395076933,1.10161234327726,0.00751539873282738,1.54680930060814,0,267.161443506003,60.6481711487664,9.68271523367305e-10,1,0.986584642559794,0,0.00047880352320151,-0.00252207901538659,0,0,0
143.16,9499.76490561106,1.54685550593869,9500,9499.69037596824,1.69231800510474,1.54685550593869,0,1.36512318380735,20.3433609462995,12,0,15037.4904147403,-15029.7332947141,1.54685550593869,1.5418159808907,1.54316164852584,-0.00134566763513799,1.13767203181024,0.00773086031826806,1.54685550593869,0,267.161443506003,60.6481711487664,9.81520210997235e-10,1,0.986586751190518,0,0.00045117047616583,-0.00269133527027599,0,0,0
143.175,9499.78538245882,1.54689735362146,9500,9499.7096912568,1.69205973190392,1.54689735362146,0,1.37368833689254,20.3427007533353,12,0,15037.7704518694,-15029.9646447429,1.54689735362146,1.5418159808907,1.54324223804159,-0.00142625715089029,1.17085498281918,0.00793388703254268,1.54689735362146,0,267.161443506003,60.6481711487664,9.92543404837862e-10,1,0.986588877789113,0,0.000423032673281476,-0.00285251430178057,0,0,0
143.19,9499.80598778387,1.54693482417216,9500,9499.72930757794,1.69177932783411,1.54693482417216,0,1.37931407927699,20.3421360569562,13,0,15038.0305819772,-15030.1927902935,1.54693482417216,1.5418159808907,1.54331868511773,-0.00150270422702903,1.2011371025271,0.00812425173551934,1.54693482417216,0,267.161443506003,60.6481711487664,4.42029723969629e-10,1,0.986591017730565,0,0.000394455301422791,-0.00300540845405806,0,0,0
143.205,9499.82667749506,1.54696790732167,9500,9499.74918021181,1.69147770273419,1.54696790732167,0,1.38202961535897,20.3416665532419,13,0,15038.270596037,-15030.4173565321,1.54696790732167,1.5418159808907,1.54339089598579,-0.00157491509509478,1.22850058601286,0.0083017566211596,1.54696790732167,0,267.161443506003,60.6481711487664,4.450177560127e-10,1,0.986593166435838,0,0.000365503467354422,-0.00314983019018955,0,0,0
143.22,9499.84740793929,1.54699660153041,9500,9499.76926460148,1.69115579584529,1.54699660153041,0,1.38187523828617,20.3412917628672,13,0,15038.49029574,-15030.6379163314,1.54699660153041,1.5418159808907,1.54345878716158,-0.00164280627087976,1.25293396957078,0.00846623318146909,1.54699660153041,0,267.161443506003,60.6481711487664,4.46967285077346e-10,1,0.986595319371392,0,0.000336242047349167,-0.00328561254175952,0,0,0
143.235,9499.86813606787,1.54702091478862,9500,9499.78951642427,1.69081457387816,1.54702091478862,0,1.37889490845404,20.3410110076804,13,0,15038.6895402914,-15030.8540792375,1.54702091478862,1.5418159808907,1.54352228499312,-0.00170630410242634,1.27443177940286,0.00861754210277622,1.54702091478862,0,267.161443506003,60.6481711487664,4.47968355246864e-10,1,0.986597472066457,0,0.000306735584181705,-0.00341260820485267,0,0,0
143.25,9499.88881949149,1.54704086389352,9500,9499.80989168765,1.69045502840111,1.54704086389352,0,1.37313767883927,20.3408234289258,13,0,15038.8682327053,-15031.065469664,1.54704086389352,1.5418159808907,1.54358132594711,-0.00176534505641679,1.29299462145761,0.00875557311565798,1.54704086389352,0,267.161443506003,60.6481711487664,4.48034316292504e-10,1,0.986599620118743,0,0.000277048151125836,-0.00353069011283358,0,0,0
143.265,9499.90941655667,1.54705647425762,9500,9499.83034681462,1.69007817342581,1.54705647425762,0,1.36465750178384,20.3407279922583,13,0,15039.0263192235,-15031.2717274083,1.54705647425762,1.5418159808907,1.54363585659907,-0.00181987570837183,1.30862909479835,0.00888024478366461,1.54705647425762,0,267.161443506003,60.6481711487664,4.47180273905811e-10,1,0.986601759202375,0,0.000247243226592531,-0.00363975141674366,0,0,0
143.28,9499.9298864192,1.54706777971284,9500,9499.85083872664,1.68968504298772,1.54706777971284,0,1.35351303665677,20.3407234928057,13,0,15039.1637887096,-15031.4725081368,1.54706777971284,1.5418159808907,1.54368583359744,-0.001869852706744,1.32134769001437,0.00899150423563125,1.54706777971284,0,267.161443506003,60.6481711487664,4.45423235804479e-10,1,0.986603885075528,0,0.000217383567659102,-0.003739705413488,0,0,0
143.295,9499.95018911475,1.54707482232623,9500,9499.87132492426,1.68927668872679,1.54707482232623,0,1.33976746642798,20.3408085599421,13,0,15039.2806720792,-15031.6674838574,1.54707482232623,1.5418159808907,1.54373122359347,-0.00191524270277355,1.33116867383756,0.00908932684107784,1.54707482232623,0,267.161443506003,60.6481711487664,4.42781233359456e-10,1,0.986605993587753,0,0.000187531101746297,-0.00383048540554709,0,0,0
143.31,9499.97028562675,1.54707765219089,9500,9499.89176356503,1.68885417747345,1.54707765219089,0,1.32348635430883,20.3409816604883,12,0,15039.3770522033,-15031.8563650006,1.54707765219089,1.5418159808907,1.54377200315903,-0.00195602226833391,1.33811596111119,0.00917371583686368,1.54707765219089,0,267.161443506003,60.6481711487664,9.95328896752914e-10,1,0.986608080687032,0,0.000157746804682501,-0.00391204453666782,0,0,0
143.325,9499.99013792206,1.54707632721804,9500,9499.91211353885,1.68841858884244,1.54707632721804,0,1.3047452857025,20.3412411118458,12,0,15039.4530205992,-15032.0388136853,1.54707632721804,1.5418159808907,1.54380815867651,-0.00199217778581273,1.3422189765868,0.0092447018989708,1.54707632721804,0,267.161443506003,60.6481711487664,9.85316609178522e-10,1,0.986610142423478,0,0.000128090597005581,-0.00398435557162546,0,0,0
143.34,9500.00970910135,1.54707091329531,9500,9499.93233453307,1.68797101303106,1.54707091329531,0,1.28361809590884,20.3415850678843,12,0,15039.5087426648,-15032.2145758477,1.54707091329531,1.5418159808907,1.5438396860222,-0.00202370513150596,1.34351239573631,0.00930234266762331,1.54707091329531,0,267.161443506003,60.6481711487664,9.73621083856509e-10,1,0.986612174964955,0,9.86212468121472e-05,-0.00404741026301192,0,0,0
143.355,9500.02896337279,1.54706148311541,9500,9499.95238711962,1.68751254800761,1.54706148311541,0,1.26018397839955,20.3420115520545,12,0,15039.5444094422,-15032.3833926117,1.54706148311541,1.5418159808907,1.54386659089269,-0.00205061000198969,1.34203626872657,0.00934672222868878,1.54706148311541,0,267.161443506003,60.6481711487664,9.6011724467353e-10,1,0.986614174594345,0,6.93962366327128e-05,-0.00410122000397939,0,0,0
143.37,9500.04786613246,1.54704811650198,9500,9499.97223281283,1.68704429738074,1.54704811650198,0,1.23452565854831,20.3425184492102,12,0,15039.5602501564,-15032.5450232052,1.54704811650198,1.5418159808907,1.54388888835264,-0.00207290746194344,1.33783568352287,0.0093779505351735,1.54704811650198,0,267.161443506003,60.6481711487664,9.44861635896704e-10,1,0.9866161377179,0,4.04716895652246e-05,-0.00414581492388688,0,0,0
143.385,9500.06638401734,1.54703090015884,9500,9499.99183413303,1.68656736807693,1.54703090015884,0,1.20672918436363,20.3431035115636,12,0,15039.5565312674,-15032.6992452,1.54703090015884,1.5418159808907,1.54390660265437,-0.00209062176366981,1.33096058985998,0.00939616279547785,1.54703090015884,0,267.161443506003,60.6481711487664,9.27912992839632e-10,1,0.986618060870743,0,1.19022665108215e-05,-0.00418124352733962,0,0,0
143.4,9500.08448495511,1.54700992742144,9500,9500.01115466742,1.68608286804008,1.54700992742144,0,1.17688372056791,20.3437643645515,12,0,15039.5335555155,-15032.8458547279,1.54700992742144,1.5418159808907,1.54391976703303,-0.00210378614233053,1.32146562151238,0.00940151881540772,1.54700992742144,0,267.161443506003,60.6481711487664,9.09332680643948e-10,1,0.98661994072204,0,-1.62589188215101e-05,-0.00420757228466107,0,0,0
143.415,9500.10213821092,1.54698529793912,9500,9500.03015912811,1.68559190395839,1.54698529793912,0,1.14508130143169,20.3444985141495,12,0,15039.4916606359,-15032.9846665992,1.54698529793912,1.5418159808907,1.54392842351746,-0.00211244262675936,1.30940991557679,0.00939420230193804,1.54698529793912,0,267.161443506003,60.6481711487664,8.89185572112244e-10,1,0.986621774079862,0,-4.39603856174919e-05,-0.00422488525351872,0,0,0
143.43,9500.11931443044,1.54695711738284,9500,9500.04881340715,1.68509557902161,1.54695711738284,0,1.11141660298496,20.3453033535885,12,0,15039.4312181735,-15033.1155144114,1.54695711738284,1.5418159808907,1.54393262270883,-0.00211664181813598,1.29485692881103,0.00937442012841017,1.54695711738284,0,267.161443506003,60.6481711487664,8.67535803496913e-10,1,0.98662355789565,0,-7.1152362005833e-05,-0.00423328363627196,0,0,0
143.445,9500.13598567948,1.54692549711364,9500,9500.0670846286,1.68459499071623,1.54692549711364,0,1.07598669321292,20.3461761708748,12,0,15039.3526321026,-15033.2382505886,1.54692549711364,1.5418159808907,1.54393242356198,-0.00211644267128452,1.27787424854181,0.00934240156550754,1.54692549711364,0,267.161443506003,60.6481711487664,8.44452628182989e-10,1,0.986625289268331,0,-9.77868709077789e-05,-0.00423288534256905,0,0,0
143.46,9500.15212547988,1.5468905538637,9500,9500.0849411972,1.68409122866316,1.5468905538637,0,1.03889079360841,20.3471141559928,12,0,15039.2563374878,-15033.3527463977,1.5468905538637,1.5418159808907,1.543927893141,-0.00211191225029994,1.25853339816272,0.00929839747359904,1.5468905538637,0,267.161443506003,60.6481711487664,8.20005587187324e-10,1,0.986626965448047,0,-0.000123817798576065,-0.00422382450059988,0,0,0
143.475,9500.16770884179,1.5468524093917,9500,9500.10235284386,1.68358537250339,1.5468524093917,0,1.0002300277343,20.3481144086156,12,0,15039.1427990133,-15033.4588919057,1.5468524093917,1.5418159808907,1.54391910637231,-0.00210312548161684,1.23690963646068,0.00924267946423981,1.5468524093917,0,267.161443506003,60.6481711487664,7.94265679882916e-10,1,0.986628583839506,0,-0.000149200953942108,-0.00420625096323368,0,0,0
143.49,9500.1827122922,1.5468111901627,9500,9500.11929066767,1.68307848983629,1.5468111901627,0,0.960107188256193,20.3491739452459,12,0,15039.0125096054,-15033.556595927,1.5468111901627,1.5418159808907,1.54390614577218,-0.00209016488148372,1.2130817510365,0.00917553903496587,1.5468111901627,0,267.161443506003,60.6481711487664,7.67306242029334e-10,1,0.986630142004951,0,-0.00017389414273361,-0.00418032976296745,0,0,0
143.505,9500.19711390003,1.54676702701194,9500,9500.13572717444,1.68257163421489,1.54676702701194,0,0.918626497750717,20.3502897066574,12,0,15038.8659889719,-15033.6457859222,1.54676702701194,1.5418159808907,1.54388910116544,-0.00207312027474416,1.18713184602582,0.00909728667073574,1.54676702701194,0,267.161443506003,60.6481711487664,7.39200750681629e-10,1,0.98663163766675,0,-0.000197857211879704,-0.00414624054948831,0,0,0
143.52,9500.21089329749,1.54672005480836,9500,9500.15163631171,1.6820658432013,1.54672005480836,0,0.87589337202216,20.3514585653061,12,0,15038.7037821218,-15033.7264078626,1.54672005480836,1.5418159808907,1.54386806939456,-0.00205208850386129,1.1591451250328,0.00900825092538987,1.54672005480836,0,267.161443506003,60.6481711487664,7.1002458035022e-10,1,0.986633068709635,0,-0.000221052110862541,-0.00410417700772259,0,0,0
143.535,9500.22403169807,1.54667041212836,9500,9500.16699350029,1.68156213648517,1.54667041212836,0,0.83201419295869,20.3526773324759,12,0,15038.5264579165,-15033.7984260729,1.54667041212836,1.5418159808907,1.54384315400962,-0.00202717311892098,1.12920967025475,0.00890877747550173,1.54667041212836,0,267.161443506003,60.6481711487664,6.79854125053772e-10,1,0.986634433182554,0,-0.000243442938905325,-0.00405434623784195,0,0,0
143.55,9500.23651191097,1.54661824091665,9500,9500.18177566222,1.6810615140681,1.54661824091665,0,0.787096077045496,20.3539427656651,12,0,15038.334607551,-15033.8618230283,1.54661824091665,1.5418159808907,1.54381446495422,-0.00199848406352099,1.09741621839902,0.00879922815299434,1.54661824091665,0,267.161443506003,60.6481711487664,6.48765188751829e-10,1,0.986635729300175,0,-0.00026499597558538,-0.00399696812704198,0,0,0
143.565,9500.24831835212,1.54656368616175,9500,9500.19596124529,1.68056495451589,1.54656368616175,0,0.741246655453923,20.3552515756215,12,0,15038.1288430843,-15033.9165991347,1.54656368616175,1.5418159808907,1.54378211823716,-0.00196613734646345,1.06385793463808,0.00867997996398091,1.54656368616175,0,267.161443506003,60.6481711487664,6.16835619596936e-10,1,0.986636955444036,0,-0.000285679725593457,-0.0039322746929269,0,0,0
143.58,9500.25943705195,1.54650689554089,9500,9500.20953024399,1.68007341328104,1.54650689554089,0,0.694573838355104,20.3566004339946,12,0,15037.9097958177,-15033.9627724474,1.54650689554089,1.5418159808907,1.54374623560933,-0.00193025471863395,1.02863018503685,0.00855142408746386,1.54650689554089,0,267.161443506003,60.6481711487664,5.84143700409724e-10,1,0.986638110163343,0,-0.000305464949883039,-0.0038605094372679,0,0,0
143.595,9500.26985565953,1.54644801909915,9500,9500.22246421711,1.6795878210969,1.54644801909915,0,0.647185603802983,20.3579859802177,12,0,15037.6781148145,-15034.0003783904,1.54644801909915,1.5418159808907,1.54370694421648,-0.00189096332577998,0.991830308648391,0.00841396486001649,1.54644801909915,0,267.161443506003,60.6481711487664,5.50767270902335e-10,1,0.986639192175403,0,-0.000324324693491862,-0.00378192665155996,0,0,0
143.61,9500.27956344358,1.54638720889548,9500,9500.2347463018,1.67910908244656,1.54638720889548,0,0.599189768191164,20.3594048290651,12,0,15037.4344652524,-15034.0294694146,1.54638720889548,1.5418159808907,1.54366437626228,-0.00184839537158066,0.953557388868735,0.00826801874794515,1.54638720889548,0,267.161443506003,60.6481711487664,5.16783874282975e-10,1,0.986640200365735,0,-0.00034223429712732,-0.00369679074316132,0,0,0
143.625,9500.28855129011,1.54632461866784,9500,9500.24636122431,1.67863807410747,1.54632461866784,0,0.550693772767812,20.3608535777631,12,0,15037.1795268536,-15034.0501146412,1.54632461866784,1.5418159808907,1.54361866865924,-0.00180268776854731,0.913912025367948,0.00811401331423786,1.54632461866784,0,267.161443506003,60.6481711487664,4.82271928204146e-10,1,0.986641133787813,0,-0.000359171426913329,-0.00360537553709461,0,0,0
143.64,9500.2968116967,1.54626040349616,9500,9500.25729530724,1.67817564377401,1.54626040349616,0,0.501804470789768,20.362328813115,12,0,15036.9139922876,-15034.0623994746,1.54626040349616,1.5418159808907,1.54356996267403,-0.00175398178333119,0.872996106443254,0.00795238617212686,1.54626040349616,0,267.161443506003,60.6481711487664,4.4730984704233e-10,1,0.986641991662486,0,-0.00037511607029006,-0.00350796356666239,0,0,0
143.655,9500.30433876376,1.54619471945664,9500,9500.26753647352,1.67772260876013,1.54619471945664,0,0.452629738986732,20.3638271205427,11,0,15036.6385555852,-15034.0664048604,1.54619471945664,1.5418159808907,1.54351840357797,-0.00170242268727461,0.830912582130011,0.00778358394049633,1.54619471945664,0,267.161443506003,60.6481711487664,9.33846049200479e-10,1,0.986642773377056,0,-0.000390050559854416,-0.00340484537454921,0,0,0
143.67,9500.31112820985,1.54612772329173,9500,9500.27707424707,1.67727975478254,1.54612772329173,0,0.403270788487006,20.3653450840901,11,0,15036.3539512707,-15034.0622901118,1.54612772329173,1.5418159808907,1.54346414028446,-0.00164815939376362,0.78776523892221,0.00760806118856185,1.54612772329173,0,267.161443506003,60.6481711487664,8.53462545466812e-10,1,0.986643478486879,0,-0.00040395955682726,-0.00329631878752723,0,0,0
143.685,9500.31717727167,1.54605957173256,9500,9500.28589975719,1.67684783464725,1.54605957173256,0,0.35383324547826,20.3668793108594,11,0,15036.0608885954,-15034.0501641769,1.54605957173256,1.5418159808907,1.54340732516376,-0.00159134427306173,0.743658580252532,0.00742627938798958,1.54605957173256,0,267.161443506003,60.6481711487664,7.72167885427659e-10,1,0.986644106704979,0,-0.000416830076255259,-0.00318268854612347,0,0,0
143.7,9500.32248477036,1.54599042204733,9500,9500.29400571604,1.67642756761945,1.54599042204733,0,0.304419672454713,20.3684264124211,11,0,15035.7600966719,-15034.0301732725,1.54599042204733,1.5418159808907,1.54334811323922,-0.00153213234852201,0.698697334591849,0.00723870585367471,1.54599042204733,0,267.161443506003,60.6481711487664,6.90545281525912e-10,1,0.986644657908923,0,-0.000428651434261296,-0.00306426469704402,0,0,0
143.715,9500.32705106544,1.54592043117036,9500,9500.30138641895,1.67601963822614,1.54592043117036,0,0.255131028497435,20.3699830248864,11,0,15035.4523094426,-15034.0024775553,1.54592043117036,1.5418159808907,1.54328666210499,-0.00147068121429572,0.652986411625866,0.00704581270825713,1.54592043117036,0,267.161443506003,60.6481711487664,6.08765432816804e-10,1,0.986645132136051,0,-0.000439415265737209,-0.00294136242859144,0,0,0
143.73,9500.33087803087,1.54584975533572,9500,9500.3080377329,1.67562469536331,1.54584975533572,0,0.206066455018597,20.3715458164773,11,0,15035.1382638653,-15033.9672505256,1.54584975533572,1.5418159808907,1.54322313158752,-0.00140715069682762,0.606630691114305,0.00684807583867539,1.54584975533572,0,267.161443506003,60.6481711487664,5.26994352888797e-10,1,0.98664552958098,0,-0.00044911549991089,-0.00281430139365524,0,0,0
143.745,9500.33396902769,1.54577854979351,9500,9500.31395708162,1.67524335149388,1.54577854979351,0,0.15732311725264,20.3731114932872,11,0,15034.8186984761,-15033.9246784918,1.54577854979351,1.5418159808907,1.54315768337115,-0.00134170248044896,0.559734810761316,0.00664597386371548,1.54577854979351,0,267.161443506003,60.6481711487664,4.45398931196085e-10,1,0.986645850592768,0,-0.000457748340151332,-0.00268340496089792,0,0,0
143.76,9500.33632887445,1.54570696849076,9500,9500.3191434276,1.6748761819387,1.54570696849076,0,0.10899440498054,20.3746768034069,10,0,15034.4943605698,-15033.874977976,1.54570696849076,1.5418159808907,1.54309048064599,-0.00127449975528982,0.512402953476772,0.00643998711064739,1.54570696849076,0,267.161443506003,60.6481711487664,8.25811232676759e-10,1,0.986646095671838,0,-0.000465312238871585,-0.00254899951057963,0,0,0
143.775,9500.33796379053,1.54563516378544,9500,9500.32359725097,1.67452372425702,1.54563516378544,0,0.0611766397782629,20.3762385522831,10,0,15034.1659675073,-15033.8183189068,1.54563516378544,1.5418159808907,1.5430216877449,-0.00120570685420684,0.464738637543005,0.00623059660315517,1.54563516378544,0,267.161443506003,60.6481711487664,6.41961030209783e-10,1,0.986646265464096,0,-0.000471807866305962,-0.00241141370841369,0,0,0
143.79,9500.33888144012,1.54556328650019,9500,9500.32732051928,1.67418647787715,1.54556328650019,0,0.0139582659903007,20.3777935866714,10,0,15033.8342657855,-15033.7549451147,1.54556328650019,1.5418159808907,1.54295146961761,-0.00113548872691238,0.416844417145488,0.00601828306331749,1.54556328650019,0,267.161443506003,60.6481711487664,4.60512286932275e-10,1,0.9866463607655,0,-0.000477238063921304,-0.00227097745382476,0,0,0
143.805,9500.33909081411,1.54549148480177,9500,9500.33031667643,1.67386490326121,1.54549148480177,0,-0.0325719765432868,20.3793388260208,9,0,15033.4999774945,-15033.6850743459,1.54549148480177,1.5418159808907,1.54287999190244,-0.00106401101174192,0.368821932835844,0.0058035259345529,1.54549148480177,0,267.161443506003,60.6481711487664,6.35386881844243e-10,1,0.986646382509786,0,-0.000481607834081466,-0.00212802202348383,0,0,0
143.82,9500.33860223447,1.54541990453004,9500,9500.33259060388,1.67355942178279,1.54541990453004,0,-0.078333659168616,20.380871242814,8,0,15033.16384971,-15033.6089965652,1.54541990453004,1.5418159808907,1.54280742027563,-0.000991439384935733,0.32077154166016,0.00558680240921624,1.54541990453004,0,267.161443506003,60.6481711487664,5.38177436479246e-10,1,0.98664633176893,0,-0.000484924280228283,-0.00198287876987147,0,0,0
143.835,9500.33742722958,1.5453486886994,9500,9500.33414859309,1.67327041534973,1.5453486886994,0,-0.123240981989494,20.3823878532416,7,0,15032.8265750494,-15033.526916759,1.5453486886994,1.5418159808907,1.5427339202279,-0.000917939337206297,0.272792194043013,0.00536858648311352,1.5453486886994,0,267.161443506003,60.6481711487664,8.62069817835424e-10,1,0.986646209740199,0,-0.000487196560470915,-0.00183587867441259,0,0,0
143.85,9500.33557861485,1.54527797822672,9500,9500.33499829272,1.67299822668589,1.54527797822672,0,-0.167213229943334,20.383886008884,9,0,15032.4888644122,-15033.439087095,1.54527797822672,1.5418159808907,1.54265965623813,-0.000843675347437678,0.224980967171038,0.0051493480309016,1.54527797822672,0,267.161443506003,60.6481711487664,5.55279960961941e-10,1,0.986646017754522,0,-0.000488435825699129,-0.00168735069487536,0,0,0
143.865,9500.3330704164,1.54520791060258,9500,9500.33514869046,1.67274315877577,1.54520791060258,0,-0.210177948829159,20.3853626512082,9,0,15032.1514292491,-15033.3458072402,1.54520791060258,1.5418159808907,1.54258479198942,-0.000768811098726507,0.177433210790449,0.00492955190933699,1.54520791060258,0,267.161443506003,60.6481711487664,9.38419254443068e-10,1,0.986645757268564,0,-0.000488655177061537,-0.00153762219745301,0,0,0
143.88,9500.32991774717,1.54513861946873,9500,9500.33461007976,1.67250547470423,1.54513861946873,0,-0.252058322389076,20.3868151819974,10,0,15031.8149362116,-15033.2473072786,1.54513861946873,1.5418159808907,1.54250949014151,-0.000693509250814683,0.130242439161739,0.0047096570796593,1.54513861946873,0,267.161443506003,60.6481711487664,5.79427238787275e-10,1,0.986645429851862,0,-0.000487869625867443,-0.00138701850162937,0,0,0
143.895,9500.32613687233,1.5450702352796,9500,9500.33339400311,1.67228539811838,1.5450702352796,0,-0.292789282262428,20.3882409742005,10,0,15031.4800857334,-15033.1439178409,1.5450702352796,1.5418159808907,1.54243391157025,-0.000617930679557288,0.0834999001608959,0.00449011574801895,1.5450702352796,0,267.161443506003,60.6481711487664,7.40576660662745e-10,1,0.986645037193616,0,-0.000486096013058379,-0.00123586135911458,0,0,0
143.91,9500.3217450331,1.54500288412532,9500,9500.33151322695,1.67208311292763,1.54500288412532,0,-0.332303133465996,20.3896375207722,10,0,15031.1475278161,-15033.0359042041,1.54500288412532,1.5418159808907,1.54235821554446,-0.000542234653758467,0.0372947067802832,0.00427137254214268,1.54500288412532,0,267.161443506003,60.6481711487664,8.98631005355101e-10,1,0.986644581084392,0,-0.000483352961021755,-0.00108446930751693,0,0,0
143.925,9500.31676048609,1.54493668863246,9500,9500.32898167741,1.67189876401747,1.54493668863246,0,-0.370539246500695,20.3910023939857,11,0,15030.8179217222,-15032.9235810626,1.54493668863246,1.5418159808907,1.54228255887466,-0.000466577983962102,-0.00828663821911792,0.00405386370968289,1.54493668863246,0,267.161443506003,60.6481711487664,4.64349932727691e-10,1,0.98664406342021,0,-0.000479660790864589,-0.000933155967924204,0,0,0
143.94,9500.3112023974,1.54487176721515,9500,9500.32581440292,1.67173245732904,1.54487176721515,0,-0.407434653969595,20.3923332713506,11,0,15030.491878821,-15032.8072019369,1.54487176721515,1.5418159808907,1.54220709590537,-0.000391115014669374,-0.0531602162120917,0.00383801635379383,1.54487176721515,0,267.161443506003,60.6481711487664,5.30665956536131e-10,1,0.986643486191539,0,-0.000475041466059256,-0.000782230029338749,0,0,0
143.955,9500.30509087759,1.54480823424875,9500,9500.32202751904,1.67158426041831,1.54480823424875,0,-0.442935416758617,20.3936279236093,11,0,15030.1700258921,-15032.6870870689,1.54480823424875,1.5418159808907,1.54213197805871,-0.000315997168008231,-0.0972449346166946,0.00362424769406716,1.54480823424875,0,267.161443506003,60.6481711487664,5.94543899390459e-10,1,0.98664285148694,0,-0.000469518502162591,-0.000631994336016461,0,0,0
143.97,9500.29844684633,1.54474619899583,9500,9500.3176381767,1.67145420246279,1.54474619899583,0,-0.476989870634073,20.3948842417593,11,0,15029.8529596518,-15032.5635395693,1.54474619899583,1.5418159808907,1.54205735402218,-0.000241373131478317,-0.14046237047032,0.003412964368094,1.54474619899583,0,267.161443506003,60.6481711487664,6.56248939003876e-10,1,0.986642161479,0,-0.000463116935367047,-0.000482746262956635,0,0,0
143.985,9500.29129199828,1.54468576592312,9500,9500.31266450354,1.67134227497401,1.54468576592312,0,-0.509550143382733,20.3961002286052,11,0,15029.5412576373,-15032.4368649248,1.54468576592312,1.5418159808907,1.54198336924808,-0.000167388357378506,-0.182737044581551,0.00320456174717883,1.54468576592312,0,267.161443506003,60.6481711487664,7.15688179195344e-10,1,0.986641418420791,0,-0.0004558632228302,-0.000334776714757012,0,0,0
144,9500.28364874612,1.54462703460688,9500,9500.30712555165,1.67124843239298,1.54462703460688,0,-0.540572165170752,20.3972740001709,11,0,15029.2354775309,-15032.3073703796,1.54462703460688,1.5418159808907,1.54191016568106,-9.41847903626059e-05,-0.223996541558423,0.00299942329690524,1.54462703460688,0,267.161443506003,60.6481711487664,7.7277442464265e-10,1,0.986640624639957,0,-0.000447785174019888,-0.000188369580725212,0,0,0
144.015,9500.27554016365,1.54457009963328,9500,9500.30104124403,1.67117259275465,1.54457009963328,0,-0.570015681171136,20.3984037872213,11,0,15028.936156458,-15032.1753643066,1.54457009963328,1.5418159808907,1.5418378815037,-2.19006130066646e-05,-0.264171620587964,0.00279791996859629,1.54457009963328,0,267.161443506003,60.6481711487664,8.2742779050689e-10,1,0.986639782532797,0,-0.000438911868823277,-4.38012260133291e-05,0,0,0
144.03,9500.26698992843,1.54451505047496,9500,9500.29443232029,1.6711146384162,1.54451505047496,0,-0.597844279849737,20.3994879372933,11,0,15028.6438101726,-15032.041155552,1.54451505047496,1.5418159808907,1.54176665091238,4.93299783168588e-05,-0.303196315472071,0.00260040962762581,1.54451505047496,0,267.161443506003,60.6481711487664,8.79573653843332e-10,1,0.986638894558319,0,-0.000429273578820499,9.86599566337176e-05,0,0,0
144.045,9500.25802226423,1.54446197141846,9500,9500.28732028141,1.67107441684469,1.54446197141846,0,-0.624025387697493,20.4005249156267,11,0,15028.3589324788,-15031.9050528279,1.54446197141846,1.5418159808907,1.54169660388539,0.000119377005302734,-0.341008023318747,0.00240723651715659,1.54446197141846,0,267.161443506003,60.6481711487664,9.29143385340457e-10,1,0.986637963232252,0,-0.000418901691172424,0.000238754010605469,0,0,0
144.06,9500.24866188342,1.54441094144834,9500,9500.27972733403,1.67105174146249,1.54441094144834,0,-0.64853029212476,20.4015133070302,11,0,15028.0819944513,-15031.7673640619,1.54441094144834,1.5418159808907,1.54162786598994,0.000188114900756098,-0.377547583191056,0.002218730756129,1.54441094144834,0,267.161443506003,60.6481711487664,9.76074934786706e-10,1,0.986636991121069,0,-0.0004078286161453,0.000376229801512196,0,0,0
144.075,9500.23893392903,1.54436203417686,9500,9500.27167633419,1.67104639254647,1.54436203417686,0,-0.67133213810926,20.402451818881,12,0,15027.81343301,-15031.6283735872,1.54436203417686,1.5418159808907,1.54156055818705,0.000255422703647312,-0.412759344199084,0.00203520787886361,1.54436203417686,0,267.161443506003,60.6481711487664,4.50096804440089e-10,1,0.986635980835972,0,-0.000396087716283411,0.000510845407294624,0,0,0
144.09,9500.22886394696,1.54431531775244,9500,9500.26319073061,1.67105811818015,1.54431531775244,0,-0.69241386758172,20.4033392744038,12,0,15027.553693359,-15031.4884296985,1.54431531775244,1.5418159808907,1.54149479666309,0.000321184227604521,-0.446591224887297,0.00185696840653608,1.54431531775244,0,267.161443506003,60.6481711487664,4.68224813446509e-10,1,0.986634935029997,0,-0.000383713215350134,0.000642368455209041,0,0,0
144.105,9500.21847773895,1.54427085441477,9500,9500.25429451554,1.67108663505895,1.54427085441477,0,-0.711756642754094,20.4041746330555,12,0,15027.3031625151,-15031.3478123936,1.54427085441477,1.5418159808907,1.54143069285848,0.000385288032219711,-0.478994649426846,0.00168429745962852,1.54427085441477,0,267.161443506003,60.6481711487664,4.85298397631394e-10,1,0.986633856382754,0,-0.000370740130315461,0.000770576064439421,0,0,0
144.12,9500.20780138931,1.54422870137733,9500,9500.24501215018,1.67113162997545,1.54422870137733,0,-0.729347033716438,20.4049569636554,12,0,15027.0622155861,-15031.2068204959,1.54422870137733,1.5418159808907,1.54136835284787,0.000447628042823611,-0.509924871391739,0.00151746440098656,1.54422870137733,0,267.161443506003,60.6481711487664,5.01127165948546e-10,1,0.986632747603199,0,-0.000357204158824009,0.000895256085647222,0,0,0
144.135,9500.1968611838,1.54418891023628,9500,9500.23536851636,1.67119276069427,1.54418891023628,0,-0.745175416276721,20.4056854582282,12,0,15026.8312022833,-15031.0657490622,1.54418891023628,1.5418159808907,1.54130787748266,0.000508103408035643,-0.539340839007536,0.00135672252951576,1.54418891023628,0,267.161443506003,60.6481711487664,5.15696617850211e-10,1,0.986631611421208,0,-0.000343141614604026,0.00101620681607129,0,0,0
144.15,9500.18568355256,1.54415152689937,9500,9500.22538885979,1.67126965707937,1.54415152689937,0,-0.759235966509521,20.4063594329014,12,0,15026.6104463539,-15030.9248887839,1.54415152689937,1.5418159808907,1.54124936228783,0.000566618602864333,-0.56720521574294,0.00120230880294394,1.54415152689937,0,267.161443506003,60.6481711487664,5.28995762946232e-10,1,0.98663045058165,0,-0.000328589339098961,0.00113323720572867,0,0,0
144.165,9500.17429501306,1.54411659158926,9500,9500.2150987331,1.67136192226538,1.54411659158926,0,-0.771526607228418,20.4069783272038,12,0,15026.4002453617,-15030.7845254624,1.54411659158926,1.5418159808907,1.54119289734159,0.00062308354910745,-0.593484397178092,0.00105444360034941,1.54411659158926,0,267.161443506003,60.6481711487664,5.41015804166538e-10,1,0.986629267838467,0,-0.000313584618104157,0.0012461670982149,0,0,0
144.18,9500.16272211395,1.54408413883928,9500,9500.20452393901,1.67146913387275,1.54408413883928,0,-0.782048960356106,20.4075417035326,12,0,15026.2008704322,-15030.6449394841,1.54408413883928,1.5418159808907,1.54113856717751,0.000677413713187969,-0.618148524812203,0.000913330522202541,1.54408413883928,0,267.161443506003,60.6481711487664,5.51751454973206e-10,1,0.986628065948836,0,-0.000298165100308223,0.00135482742637594,0,0,0
144.195,9500.15099137954,1.54405419751,9500,9500.19369047352,1.67159084526074,1.54405419751,0,-0.790808286170839,20.4080492461789,12,0,15026.012566101,-15030.5064053223,1.54405419751,1.5418159808907,1.54108645069458,0.00072953019611699,-0.641171494000443,0.00077915622706384,1.54405419751,0,267.161443506003,60.6481711487664,5.61199183517713e-10,1,0.986626847667409,0,-0.000282368715669001,0.00145906039223398,0,0,0
144.21,9500.13912925525,1.54402679084671,9500,9500.18262446958,1.6717265868148,1.54402679084671,0,-0.797813397033926,20.4085007594816,12,0,15025.8355503567,-15030.3691910897,1.54402679084671,1.5418159808907,1.54103662106519,0.000779359825502368,-0.662530955387356,0.00065209030501279,1.54402679084671,0,267.161443506003,60.6481711487664,5.69359115225936e-10,1,0.986625615740642,0,-0.000266233590005216,0.00155871965100474,0,0,0
144.225,9500.1271620543,1.54400193650933,9500,9500.17135214109,1.6718758672642,1.54400193650933,0,-0.803076590469809,20.4088961665862,12,0,15025.6700145577,-15030.2335580748,1.54400193650933,1.5418159808907,1.54098914567613,0.000826835214562838,-0.682208309075806,0.000532285189510442,1.54400193650933,0,267.161443506003,60.6481711487664,5.76232984277178e-10,1,0.986624372901263,0,-0.000249797966478615,0.00165367042912568,0,0,0
144.24,9500.11511590544,1.54397964665584,9500,9500.15989972773,1.67203817502429,1.54397964665584,0,-0.806613547881761,20.4092355070606,12,0,15025.5161236077,-15030.0997603411,1.54397964665584,1.5418159808907,1.54094408606042,0.000871894830273057,-0.700188689946298,0.000419876104595066,1.54397964665584,0,267.161443506003,60.6481711487664,5.8182603621244e-10,1,0.986623121862845,0,-0.000233100119686469,0.00174378966054611,0,0,0
144.255,9500.10301670222,1.54395992799518,9500,9500.14829344038,1.67221297956046,1.54395992799518,0,-0.808443255152722,20.4095189351832,12,0,15025.374015991,-15029.9680443103,1.54395992799518,1.5418159808907,1.54090149786382,0.000914483026872581,-0.716460944823487,0.000314981050736154,1.54395992799518,0,267.161443506003,60.6481711487664,5.86145857441998e-10,1,0.986621865314529,0,-0.000216178280349588,0.00182896605374516,0,0,0
144.27,9500.09089005339,1.54394278187632,9500,9500.13655940773,1.67239973276851,1.54394278187632,0,-0.808587900299694,20.409746717464,12,0,15025.2438039838,-15029.8386483929,1.54394278187632,1.5418159808907,1.54086143081018,0.000954550080519478,-0.731017600503568,0.00021770082457884,1.54394278187632,0,267.161443506003,60.6481711487664,5.89201643745182e-10,1,0.986620605915882,0,-0.000199070557875158,0.00190910016103896,0,0,0
144.285,9500.07876123489,1.54392820434458,9500,9500.12472362368,1.67259787036945,1.54392820434458,0,-0.80707279422917,20.4099192308838,12,0,15025.1255737183,-15029.7118026,1.54392820434458,1.5418159808907,1.54082392870052,0.000992052190172732,-0.74385482385941,0.000128119073535019,1.54392820434458,0,267.161443506003,60.6481711487664,5.91005810222503e-10,1,0.986619346291906,0,-0.000181814862608709,0.00198410438034546,0,0,0
144.3,9500.06665514297,1.54391618624435,9500,9500.1128118961,1.67280681331398,1.54391618624435,0,-0.803926262144088,20.4100369601478,12,0,15025.0193854683,-15029.5877282128,1.54391618624435,1.5418159808907,1.54078902940655,0.00102695148414633,-0.754972373603074,4.63023853610995e-05,1.54391618624435,0,267.161443506003,60.6481711487664,5.91573698834633e-10,1,0.986618089028172,0,-0.000164448828219976,0.00205390296829266,0,0,0
144.315,9500.05459624904,1.54390671332159,9500,9500.10084979657,1.67302596919617,1.54390671332159,0,-0.7991795367926,20.4101004949592,12,0,15024.9252739417,-15029.4666374673,1.54390671332159,1.5418159808907,1.54075676488158,0.00105921600911629,-0.76437354568524,-2.76995873378899e-05,1.54390671332159,0,267.161443506003,60.6481711487664,5.90921822493267e-10,1,0.986616836666129,0,-0.000147009739762449,0.00211843201823259,0,0,0
144.33,9500.04260855599,1.54389976631219,9500,9500.08886261156,1.6732547336721,1.54389976631219,0,-0.792866662252944,20.4101105276123,12,0,15024.8432485126,-15029.3487332395,1.54389976631219,1.5418159808907,1.54072716119484,0.00108881969585961,-0.772065111754053,-9.3853970230992e-05,1.54389976631219,0,267.161443506003,60.6481711487664,5.89069328670308e-10,1,0.986615591698568,0,-0.000129534468361836,0.00217763939171922,0,0,0
144.345,9500.03071555606,1.54389532105542,9500,9500.07687529488,1.67349249188029,1.54389532105542,0,-0.785024382857055,20.4100678500603,12,0,15024.7732935762,-15029.2342087689,1.54389532105542,1.5418159808907,1.54070023856784,0.00111574232285716,-0.778057251055233,-0.000152144480993818,1.54389532105542,0,267.161443506003,60.6481711487664,5.8603741421315e-10,1,0.986614356565248,0,-0.000112059390037,0.00223148464571432,0,0,0
144.36,9500.01894019032,1.54389334862611,9500,9500.06491242157,1.67373861986281,1.54389334862611,0,-0.775692021563609,20.4099733505985,12,0,15024.7153689992,-15029.1232474171,1.54389334862611,1.5418159808907,1.54067601141974,0.00113996947096195,-0.782363477009635,-0.000202571206510468,1.54389334862611,0,267.161443506003,60.6481711487664,5.81850057246962e-10,1,0.986613133648687,0,-9.46203328551221e-05,0.00227993894192391,0,0,0
144.375,9500.00730480999,1.54389381546067,9500,9500.05299814319,1.67399248598367,1.54389381546067,0,-0.764911363597664,20.4098280106958,12,0,15024.669410549,-15029.0160224362,1.54389381546067,1.5418159808907,1.54065448842756,0.00116149246313646,-0.785000558438528,-0.000245150356295273,1.54389381546067,0,267.161443506003,60.6481711487664,5.76532553893118e-10,1,0.986611925270144,0,-7.72524985250822e-05,0.00232298492627292,0,0,0
144.39,9499.99583113954,1.54389668348968,9500,9500.04115614472,1.67425345234164,1.54389668348968,0,-0.752726537998943,20.4096329017057,12,0,15024.6353303596,-15028.9126967606,1.54389668348968,1.5418159808907,1.54063567260089,0.00118030828980564,-0.785988435440254,-0.00027991398063156,1.54389668348968,0,267.161443506003,60.6481711487664,5.70112250142685e-10,1,0.986610733685787,0,-5.99904077143165e-05,0.00236061657961129,0,0,0
144.405,9499.98454024147,1.54390191028811,9500,9500.02940960306,1.67452087617427,1.54390191028811,0,-0.739183889022533,20.4093891812131,12,0,15024.6130174882,-15028.8134228328,1.54390191028811,1.5418159808907,1.54061956135994,0.00119641953075922,-0.785350130082082,-0.000306909664103003,1.54390191028811,0,267.161443506003,60.6481711487664,5.62618688349399e-10,1,0.986609561083038,0,-4.28678366508617e-05,0.00239283906151844,0,0,0
144.42,9499.97345248313,1.54390944924878,9500,9500.01778114714,1.67479411125147,1.54390944924878,0,-0.724331834216147,20.4090980889069,12,0,15024.6023385885,-15028.7183424704,1.54390944924878,1.5418159808907,1.54060614661636,0.00120983427433718,-0.783111652598109,-0.00032620019059589,1.54390944924878,0,267.161443506003,60.6481711487664,5.54083314670192e-10,1,0.986608409577123,0,-2.59177622243811e-05,0.00241966854867437,0,0,0
144.435,9499.96258750562,1.54391924971001,9500,9500.00629281975,1.67507250925533,1.54391924971001,0,-0.708220754208199,20.4087609434543,12,0,15024.6031383782,-15028.627586707,1.54391924971001,1.5418159808907,1.54059541488924,0.00122056600145592,-0.779301903067969,-0.000337863183596862,1.54391924971001,0,267.161443506003,60.6481711487664,5.44538454739691e-10,1,0.986607281207845,0,-9.17230298513871e-06,0.00244113200291185,0,0,0
144.45,9499.9519641943,1.54393125715186,9500,9499.99496604128,1.6753554211418,1.54393125715186,0,-0.690902839456889,20.4083791379233,12,0,15024.6152404347,-15028.5412757165,1.54393125715186,1.5418159808907,1.54058734740014,0.00122863349055269,-0.773952567617836,-0.000341990719940174,1.54393125715186,0,267.161443506003,60.6481711487664,5.34018630901688e-10,1,0.986606177936522,0,7.33733289948191e-06,0.00245726698110538,0,0,0
144.465,9499.94160065171,1.54394541335551,9500,9499.98382157511,1.67564219848483,1.54394541335551,0,-0.67243196331437,20.4079541360192,12,0,15024.6384478258,-15028.4595187229,1.54394541335551,1.5418159808907,1.54058192019822,0.00123406069247545,-0.767098011669769,-0.000338688920135408,1.54394541335551,0,267.161443506003,60.6481711487664,5.22559684206999e-10,1,0.98660510164317,0,2.35808980408869e-05,0.00246812138495089,0,0,0
144.48,9499.93151417226,1.54396165658046,9500,9499.97287949505,1.67593219479739,1.54396165658046,0,-0.652863544690296,20.4074874679606,12,0,15024.6725438348,-15028.3824139449,1.54396165658046,1.5418159808907,1.54057910428781,0.00123687660289051,-0.758775168236719,-0.000328077516017008,1.54396165658046,0,267.161443506003,60.6481711487664,5.10200237991931e-10,1,0.98660405412388,0,3.95291503043627e-05,0.00247375320578103,0,0,0
144.495,9499.92172121909,1.54397992174662,9500,9499.96215915458,1.67622476682872,1.54397992174662,0,-0.632254409731064,20.4069807262732,12,0,15024.7172927152,-15028.310048564,1.54397992174662,1.5418159808907,1.54057886576355,0.00123711512714886,-0.749023422976059,-0.000310289398380045,1.54397992174662,0,267.161443506003,60.6481711487664,4.9697760011771e-10,1,0.986603037088411,0,5.51538996389489e-05,0.00247423025429772,0,0,0
144.51,9499.91223740295,1.54400014061555,9500,9499.95167915813,1.6765192758347,1.54400014061555,0,-0.610662656007875,20.4064355616237,12,0,15024.7724404492,-15028.2424987122,1.54400014061555,1.5418159808907,1.5405811659565,0.00123481493419786,-0.737884495672503,-0.000285470143542518,1.54400014061555,0,267.161443506003,60.6481711487664,4.82932007172944e-10,1,0.986602052158,0,7.04280515189115e-05,0.00246962986839572,0,0,0
144.525,9499.90307746311,1.54402224199865,9500,9499.94145733425,1.67681508881972,1.54402224199865,0,-0.588147501031199,20.4058536781001,12,0,15024.8377156418,-15028.1798295043,1.54402224199865,1.5418159808907,1.54058596157654,0.00123001931415345,-0.725402318859769,-0.000253777520359008,1.54402224199865,0,267.161443506003,60.6481711487664,4.68105014655124e-10,1,0.986601100863375,0,8.53256428716698e-05,0.0024600386283069,0,0,0
144.54,9499.89425525059,1.54404615191472,9500,9499.93151071089,1.67711157974788,1.54404615191472,0,-0.564769165273207,20.4052368296021,12,0,15024.9128301877,-15028.1220950408,1.54404615191472,1.5418159808907,1.54059320488815,0.00122277600254561,-0.711622913784707,-0.000215380981066757,1.54404615191472,0,267.161443506003,60.6481711487664,4.52537887099001e-10,1,0.986600184643019,0,9.98218771468551e-05,0.00244555200509122,0,0,0
144.555,9499.88578371311,1.54407179381603,9500,9499.92185549266,1.67740813072014,1.54407179381603,0,-0.540590646267899,20.4045868128553,11,0,15024.9974907798,-15028.0693599975,1.54407179381603,1.5418159808907,1.54060284385985,0.00121313703084303,-0.696594263309244,-0.000170461136350672,1.54407179381603,0,267.161443506003,60.6481711487664,9.88467081362871e-10,1,0.986599304841601,0,0.000113893162724477,0.00242627406168605,0,0,0
144.57,9499.87767485342,1.54409908876862,9500,9499.9125070401,1.67770413311808,1.54409908876862,0,-0.515669756850509,20.4039054708193,11,0,15025.0913571148,-15028.0216125888,1.54409908876862,1.5418159808907,1.54061482234517,0.0012011585455256,-0.680366183580939,-0.000119209213124657,1.54409908876862,0,267.161443506003,60.6481711487664,9.50530573774699e-10,1,0.986598462705651,0,0.000127517133383437,0.00240231709105121,0,0,0
144.585,9499.86993980706,1.54412795601707,9500,9499.90347984352,1.67799898890107,1.54412795601707,0,-0.490070650959297,20.4031946696163,11,0,15025.1941091371,-15027.9788973068,1.54412795601707,1.5418159808907,1.54062908007596,0.00118690081473716,-0.66299030418618,-6.18265031021109e-05,1.54412795601707,0,267.161443506003,60.6481711487664,9.10799356400255e-10,1,0.98659765939164,0,0.000140672700106537,0.00237380162947431,0,0,0
144.6,9499.8625887473,1.54415831227192,9500,9499.89478752382,1.67829211123893,1.54415831227192,0,-0.4638562481077,20.4024563206737,11,0,15025.3054000877,-15027.9412249225,1.54415831227192,1.5418159808907,1.54064555330606,0.00117042758464025,-0.644519655404174,1.47621194583059e-06,1.54415831227192,0,267.161443506003,60.6481711487664,8.69793130954233e-10,1,0.986596895956097,0,0.000153340032538418,0.00234085516928051,0,0,0
144.615,9499.85563090358,1.54419007248817,9500,9499.8864428084,1.67858292577539,1.54419007248817,0,-0.437089751313007,20.4016923621708,11,0,15025.4248711068,-15027.9085957143,1.54419007248817,1.5418159808907,1.54066417470525,0.00115180618544231,-0.625008713416398,7.04792265881188e-05,1.54419007248817,0,267.161443506003,60.6481711487664,8.27615372130448e-10,1,0.986596173357538,0,0.000165500608837688,0.00230361237088461,0,0,0
144.63,9499.84907455731,1.54422315006243,9500,9499.87845751812,1.67887087162909,1.54422315006243,0,-0.409834516171197,20.400904754728,11,0,15025.5521521427,-15027.8809996328,1.54422315006243,1.5418159808907,1.54068487355511,0.00113110733558242,-0.604513272614,0.000144954500565078,1.54422315006243,0,267.161443506003,60.6481711487664,7.84370289837287e-10,1,0.986595492456018,0,0.000177137227388657,0.00226221467116483,0,0,0
144.645,9499.84292703956,1.54425745708952,9500,9499.87084255653,1.6791554023467,1.54425745708952,0,-0.382153883390938,20.4000954758416,11,0,15025.6868631393,-15027.8584165374,1.54425745708952,1.5418159808907,1.54070757591773,0.00110840497296594,-0.583090312674432,0.000224666252889974,1.54425745708952,0,267.161443506003,60.6481711487664,7.40163999879695e-10,1,0.986594854012897,0,0.000188234021365918,0.00221680994593187,0,0,0
144.66,9499.83719473131,1.54429290451751,9500,9499.86360790137,1.67943598680826,1.54429290451751,0,-0.354111078938276,20.3992665165339,11,0,15025.8286147608,-15027.8408163534,1.54429290451751,1.5418159808907,1.54073220485854,0.00108377603215382,-0.560797862610486,0.000309371562504637,1.54429290451751,0,267.161443506003,60.6481711487664,6.95101450283535e-10,1,0.986594258690862,0,0.000198776471430628,0.00216755206430763,0,0,0
144.675,9499.83188306513,1.54432940235655,9500,9499.85676259819,1.6797121100814,1.54432940235655,0,-0.325769080535488,20.3984198768636,11,0,15025.9770093755,-15027.8281592975,1.54432940235655,1.5418159808907,1.54075868064509,0.0010573002456038,-0.537694861468954,0.00039882097464842,1.54432940235655,0,267.161443506003,60.6481711487664,6.4928920185689e-10,1,0.986593707054107,0,0.000208751425063269,0.0021146004912076,0,0,0
144.69,9499.82699652892,1.54436685987507,9500,9499.8503147562,1.67998327422725,1.54436685987507,0,-0.297190494472557,20.3975575617345,11,0,15026.1316419867,-15027.820396109,1.54436685987507,1.5418159808907,1.54078692095648,0.00102905993422087,-0.513841019048762,0.000492759115926891,1.54436685987507,0,267.161443506003,60.6481711487664,6.02832647181031e-10,1,0.986593199568719,0,0.000218147081514797,0.00205811986844173,0,0,0
144.705,9499.8225386715,1.54440518575091,9500,9499.84427154612,1.68024899905727,1.54440518575091,0,-0.268437463336198,20.396681577693,11,0,15026.2921009599,-15027.8174682529,1.54440518575091,1.5418159808907,1.5408168411119,0.000999139778800506,-0.48929667711709,0.00059092530260855,1.54440518575091,0,267.161443506003,60.6481711487664,5.55837620295877e-10,1,0.986592736603255,0,0.000226953015487918,0.00199827955760101,0,0,0
144.72,9499.81851210955,1.54444428828155,9500,9499.8386392,1.68050882284129,1.54444428828155,0,-0.239571536036583,20.3957939284772,11,0,15026.4579690358,-15027.8193081946,1.54444428828155,1.5418159808907,1.54084835427506,0.000967626615638428,-0.464122672005822,0.000693054159578113,1.54444428828155,0,267.161443506003,60.6481711487664,5.08409079228941e-10,1,0.986592318429467,0,0.000235160166625947,0.00193525323127686,0,0,0
144.735,9499.81491853651,1.54448407557796,9500,9499.83342301293,1.6807623029684,1.54448407557796,0,-0.210653551058474,20.3948966109379,11,0,15026.6288242703,-15027.8258396764,1.54448407557796,1.5418159808907,1.54088137166434,0.0009346092263538,-0.43838020021431,0.000798876234559789,1.54448407557796,0,267.161443506003,60.6481711487664,4.60650959370863e-10,1,0.986591945223226,0,0.00024276083582353,0.0018692184527076,0,0,0
144.75,9499.81175873325,1.54452445570785,9500,9499.82862734656,1.68100901655928,1.54452445570785,0,-0.181741721437709,20.393991614381,10,0,15026.8042307966,-15027.8369575987,1.54452445570785,1.5418159808907,1.54091580278746,0.000900178103234284,-0.41213068621935,0.000908118610680378,1.54452445570785,0,267.161443506003,60.6481711487664,9.35078497900209e-10,1,0.986591617065628,0,0.000249748686053097,0.00180035620646857,0,0,0
144.765,9499.80903260743,1.54456533694029,9500,9499.82425563456,1.68124856102928,1.54456533694029,0,-0.152899054678711,20.3930809062962,10,0,15026.9837811005,-15027.8526124576,1.54456533694029,1.5418159808907,1.5409515556256,0.000864425265094226,-0.385435652513778,0.00102050551940427,1.54456533694029,0,267.161443506003,60.6481711487664,8.2522251432668e-10,1,0.986591333947082,0,0.000256118731770671,0.00172885053018845,0,0,0
144.78,9499.8067391216,1.54460662755039,9500,9499.82031039679,1.68148055442352,1.54460662755039,0,-0.124181777541211,20.3921664502404,10,0,15027.1670316008,-15027.872680151,1.54460662755039,1.5418159808907,1.5409885370352,0.00082744385549427,-0.358356488349993,0.00113575894870107,1.54460662755039,0,267.161443506003,60.6481711487664,7.16282429774291e-10,1,0.986591095759849,0,0.000261867313441577,0.00165488771098854,0,0,0
144.795,9499.80487639494,1.54464823690583,9500,9499.81679323119,1.68170463630844,1.54464823690583,0,-0.0956467009299486,20.3912501737416,10,0,15027.3535514605,-15027.8970526403,1.54464823690583,1.5418159808907,1.54102665250301,0.000789328387691857,-0.33095459892786,0.00125359923974978,1.54464823690583,0,267.161443506003,60.6481711487664,6.07520212848639e-10,1,0.986590902308593,0,0.000266992120285137,0.00157865677538371,0,0,0
144.81,9499.80344169443,1.54469007508875,9500,9499.81370483411,1.6819204679464,1.54469007508875,0,-0.0673494060437143,20.3903339788605,10,0,15027.5429096514,-15027.9256147083,1.54469007508875,1.5418159808907,1.54106580663861,0.000750174252086566,-0.303291101760955,0.00137374569387809,1.54469007508875,0,267.161443506003,60.6481711487664,4.99157948580774e-10,1,0.986590753309483,0,0.000271492146628027,0.00150034850417313,0,0,0
144.825,9499.80243145334,1.54473205301301,9500,9499.81104501317,1.6821277326467,1.54473205301301,0,-0.0393459067112452,20.3894197400175,9,0,15027.7346849995,-15027.9582634503,1.54473205301301,1.5418159808907,1.54110590340947,0.000710077481224758,-0.27542670147204,0.00149591715986071,1.54473205301301,0,267.161443506003,60.6481711487664,8.85912471293348e-10,1,0.9865906483921,0,0.000275367684277716,0.00142015496244952,0,0,0
144.84,9499.80184126473,1.54477408262567,9500,9499.80881270147,1.68232613606997,1.54477408262567,0,-0.0116851622075553,20.3885092994906,9,0,15027.928426874,-15027.9948264189,1.54477408262567,1.5418159808907,1.5411468463321,0.00066913455859452,-0.247421570797711,0.00161983261778568,1.54477408262567,0,267.161443506003,60.6481711487664,6.45564486362374e-10,1,0.986590587098766,0,0.000278620297917476,0.00133826911718904,0,0,0
144.855,9499.8016659873,1.54481607739472,9500,9499.8070059665,1.68251540665833,1.54481607739472,0,0.0155812740049154,20.3876044688558,8,0,15028.1237122286,-15028.0351734933,1.54481607739472,1.5418159808907,1.54118853851461,0.000627442376084808,-0.219335337179449,0.00174521175184854,1.54481607739472,0,267.161443506003,60.6481711487664,9.21958307399834e-10,1,0.986590568895538,0,0.000281252811742627,0.00125488475216962,0,0,0
144.87,9499.80189970641,1.54485795156284,9500,9499.80562204414,1.68269529542094,1.54485795156284,0,0.0423985733064735,20.3867069991368,8,0,15028.3201418188,-15028.0792169655,1.54485795156284,1.5418159808907,1.54123088331319,0.000585097577502802,-0.191226701828535,0.00187177551713273,1.54485795156284,0,267.161443506003,60.6481711487664,3.79362904181355e-10,1,0.986590593168157,0,0.000283269256498464,0.0011701951550056,0,0,0
144.885,9499.80253568501,1.54489962062398,9500,9499.80465735379,1.68286557617403,1.54489962062398,0,0.0687222014889473,20.3858186865752,7,0,15028.5172735575,-15028.1267677897,1.54489962062398,1.5418159808907,1.54127378436533,0.000542196525363137,-0.163153421807829,0.00199924668255703,1.54489962062398,0,267.161443506003,60.6481711487664,3.56372858739709e-10,1,0.986590659216956,0,0.000284674856507072,0.00108439305072627,0,0,0
144.9,9499.80356651803,1.54494100255923,9500,9499.8041074968,1.68302604619242,1.54494100255923,0,0.09450287523289,20.3849410712214,8,0,15028.7147061551,-15028.1777047049,1.54494100255923,1.5418159808907,1.54131714524042,0.000498835650275531,-0.135172541623364,0.00212735036798522,1.54494100255923,0,267.161443506003,60.6481711487664,6.70527543122039e-10,1,0.98659076627289,0,0.000285476023604181,0.000997671300551062,0,0,0
144.915,9499.80498406116,1.54498201696624,9500,9499.80396729539,1.6831765258356,1.54498201696624,0,0.119701282656519,20.3840759168073,9,0,15028.9120059925,-15028.2318174606,1.54498201696624,1.5418159808907,1.54136087014223,0.000455110748468712,-0.107339977399264,0.0022558145786071,1.54498201696624,0,267.161443506003,60.6481711487664,5.2226874336588e-10,1,0.98659091349014,0,0.000285680302446689,0.000910221496937424,0,0,0
144.93,9499.8067795804,1.54502258584948,9500,9499.80423080295,1.68331685886968,1.54502258584948,0,0.144270420840407,20.3832247656977,9,0,15029.1087966346,-15028.288996695,1.54502258584948,1.5418159808907,1.54140486376866,0.000411117122037119,-0.0797106140881633,0.00238437071470811,1.54502258584948,0,267.161443506003,60.6481711487664,7.45618834653108e-10,1,0.986591099961649,0,0.000285296361204779,0.000822234244074238,0,0,0
144.945,9499.80894363671,1.54506263253084,9500,9499.80489135049,1.68344691186483,1.54506263253084,0,0.168170539264518,20.382389148216,9,0,15029.3046741044,-15028.3490642952,1.54506263253084,1.5418159808907,1.54144903210925,0.000366948781446608,-0.0523378488309288,0.00251275407725026,1.54506263253084,0,267.161443506003,60.6481711487664,9.6265890000128e-10,1,0.986591324707135,0,0.000284333911723333,0.000733897562893215,0,0,0
144.96,9499.8114661948,1.54510208294704,9500,9499.80594155112,1.68356657462312,1.54510208294704,0,0.191360559600187,20.3815705348377,10,0,15029.4992637123,-15028.4118789824,1.54510208294704,1.5418159808907,1.54149328203129,0.000322698859410941,-0.0252738538579891,0.00264070433752576,1.54510208294704,0,267.161443506003,60.6481711487664,5.18105060436716e-10,1,0.986591586684396,0,0.000282803718923752,0.000645397718821883,0,0,0
144.975,9499.8143366032,1.54514086541867,9500,9499.80737333159,1.68367575991647,1.54514086541867,0,0.213808017991547,20.3807703489521,10,0,15029.6921640298,-15028.4772237901,1.54514086541867,1.5418159808907,1.54153752163223,0.000278459258466812,0.00143061739341501,0.00276796601104145,1.54514086541867,0,267.161443506003,60.6481711487664,6.08009795758535e-10,1,0.986591884787236,0,0.000280717541262465,0.000556918516933624,0,0,0
144.99,9499.81754372347,1.54517891118325,9500,9499.80917795046,1.68377440353932,1.54517891118325,0,0.235476661685413,20.3799899343499,10,0,15029.8830183192,-15028.5449479743,1.54517891118325,1.5418159808907,1.54158166019672,0.000234320693973888,0.0277261847899383,0.00289428890460956,1.54517891118325,0,267.161443506003,60.6481711487664,6.96170119471869e-10,1,0.986592217858885,0,0.000278088108902397,0.000468641387947777,0,0,0
145.005,9499.82107587339,1.54521615346748,9500,9499.81134604511,1.68386246361721,1.54521615346748,0,0.256333909778284,20.3792305891868,10,0,15030.0714666063,-15028.6148766915,1.54521615346748,1.5418159808907,1.54162560887912,0.000190372011581674,0.0535652302687501,0.00301942855361564,1.54521615346748,0,267.161443506003,60.6481711487664,7.81555923370402e-10,1,0.986592584686102,0,0.000274929062195506,0.000380744023163349,0,0,0
145.02,9499.82492088204,1.54525252814171,9500,9499.81386765173,1.68393992056316,1.54525252814171,0,0.276349327231441,20.3784935489954,10,0,15030.2571592436,-15028.686833233,1.54525252814171,1.5418159808907,1.54166928058099,0.000146700309703762,0.078901803963748,0.00314314663160361,1.54525252814171,0,267.161443506003,60.6481711487664,8.64035314359127e-10,1,0.986592984004888,0,0.000271254909679941,0.000293400619407524,0,0,0
145.035,9499.82906612195,1.54528797381859,9500,9499.81673223453,1.68400677678866,1.54528797381859,0,0.295494660403154,20.3777799849557,10,0,15030.4397574954,-15028.7606394083,1.54528797381859,1.5418159808907,1.54171259009723,0.000103390793464442,0.103691684840722,0.00326521134095959,1.54528797381859,0,267.161443506003,60.6481711487664,9.43481819279324e-10,1,0.986593414503833,0,0.000267080996103841,0.000206781586928884,0,0,0
145.05,9499.83349854185,1.54532243197592,9500,9499.81992871563,1.68406305637248,1.54532243197592,0,0.313745880503014,20.377091003495,11,0,15030.6189233964,-15028.836093792,1.54532243197592,1.5418159808907,1.54175545424269,6.05266480082634e-05,0.127892439749424,0.00338539778920631,1.54532243197592,0,267.161443506003,60.6481711487664,4.50170501066114e-10,1,0.986593874827515,0,0.000262423456832472,0.000121053296016527,0,0,0
145.065,9499.83820473006,1.54535584701676,9500,9499.82344550572,1.68410880468912,1.54535584701676,0,0.331075335375999,20.3764276385272,11,0,15030.7943629153,-15028.9130594838,1.54535584701676,1.5418159808907,1.54179779200006,1.8188890641202e-05,0.151463479794226,0.00350348834478093,1.54535584701676,0,267.161443506003,60.6481711487664,4.82819615379167e-10,1,0.986594363583077,0,0.000257299169948988,3.6377781282404e-05,0,0,0
145.08,9499.84317086009,1.54538816597747,9500,9499.8272705432,1.68414408779831,1.54538816597747,0,0.34746313248582,20.375790867688,11,0,15030.9657616445,-15028.9913351158,1.54538816597747,1.5418159808907,1.54183952483294,-2.35439422426875e-05,0.174366229664359,0.00361927297125797,1.54538816597747,0,267.161443506003,60.6481711487664,5.13599568228185e-10,1,0.986594879334587,0,0.000251725697482996,-4.7087884485375e-05,0,0,0
145.095,9499.84838280708,1.54541933948811,9500,9499.83139130907,1.68416899242099,1.54541933948811,0,0.362890125625534,20.375181586184,11,0,15031.1328307442,-15029.0707406484,1.54541933948811,1.5418159808907,1.54188057635955,-6.45954688545114e-05,0.196563901891726,0.00373254953512532,1.54541933948811,0,267.161443506003,60.6481711487664,5.42852692942227e-10,1,0.986595420615123,0,0.000245721275942135,-0.000129190937709023,0,0,0
145.11,9499.85382615896,1.54544932129984,9500,9499.83579486818,1.68418362523589,1.54544932129984,0,0.377339441878068,20.3746006187706,11,0,15031.2952947572,-15029.1510965089,1.54544932129984,1.5418159808907,1.54192087274077,-0.000104891850075894,0.218021709050935,0.00384312410929928,1.54544932129984,0,267.161443506003,60.6481711487664,5.70542840784474e-10,1,0.986595985927939,0,0.000239304740760726,-0.000209783700151789,0,0,0
145.125,9499.85948625059,1.54547806828124,9500,9499.84046790257,1.68418811234271,1.54547806828124,0,0.390796448855689,20.374048720241,11,0,15031.4528917286,-15029.2322238966,1.54547806828124,1.5418159808907,1.54196034281675,-0.000144361926051051,0.238706914375356,0.00395081124264161,1.54547806828124,0,267.161443506003,60.6481711487664,5.96637231211984e-10,1,0.986596573750003,0,0.000232495489413731,-0.000288723852102102,0,0,0
145.14,9499.86534819732,1.54550554044201,9500,9499.84539674519,1.68418259869586,1.54550554044201,0,0.403248739855546,20.3735265753215,11,0,15031.6053734554,-15029.3139451169,1.54550554044201,1.5418159808907,1.54199891822148,-0.000182937330781119,0.258588873671562,0.00405543421287779,1.54550554044201,0,267.161443506003,60.6481711487664,6.21107037228227e-10,1,0.986597182535488,0,0.000225313426893914,-0.000365874661562238,0,0,0
145.155,9499.87139692842,1.54553170096694,9500,9499.8505674134,1.68416724751307,1.54553170096694,0,0.414686125626832,20.3730347983446,11,0,15031.7525057825,-15029.3960839244,1.54553170096694,1.5418159808907,1.54203653348007,-0.000220552589368372,0.277639067962341,0.00415682525498005,1.54553170096694,0,267.161443506003,60.6481711487664,6.43927238929723e-10,1,0.98659781071924,0,0.000217778916695055,-0.000441105178736745,0,0,0
145.17,9499.87761722031,1.54555651624372,9500,9499.85596564259,1.6841422396601,1.54555651624372,0,0.425100622450287,20.37257393305,11,0,15031.894068871,-15029.4784658579,1.54555651624372,1.5418159808907,1.54207312609793,-0.000257145207235743,0.295831128104371,0.00425482576749282,1.54555651624372,0,267.161443506003,60.6481711487664,6.65076330684743e-10,1,0.986598456720233,0,0.000209912736969686,-0.000514290414471485,0,0,0
145.185,9499.88399372964,1.54557995588158,9500,9499.8615769196,1.68410777301212,1.54557995588158,0,0.43448643427887,20.3721444525815,11,0,15032.0298574201,-15029.5609185646,1.54557995588158,1.5418159808907,1.54210863664482,-0.000292655754125182,0.31314085294118,0.00434928649912918,1.54557995588158,0,267.161443506003,60.6481711487664,6.84536174660384e-10,1,0.986599118945003,0,0.000201736024979082,-0.000585311508250363,0,0,0
145.2,9499.89051102616,1.54560199275309,9500,9499.86738651613,1.68406406179291,1.54560199275309,0,0.442839950202311,20.3717467589819,11,0,15032.1596809993,-15029.6432721459,1.54560199275309,1.5418159808907,1.54214300881469,-0.000327027923989753,0.329546221723952,0.00444006771036977,1.54560199275309,0,267.161443506003,60.6481711487664,7.02293610611927e-10,1,0.986599795791057,0,0.000193270232620169,-0.000654055847979507,0,0,0
145.215,9499.89715362541,1.54562260299376,9500,9499.87337952196,1.68401133589215,1.54562260299376,0,0.450159714663807,20.3713811835944,11,0,15032.2833641812,-15029.7253594597,1.54562260299376,1.5418159808907,1.54217618949669,-0.000360208605993728,0.345027401960835,0.00452703931504884,1.54562260299376,0,267.161443506003,60.6481711487664,7.18338114039905e-10,1,0.986600485650278,0,0.000184537081228342,-0.000720417211987456,0,0,0
145.23,9499.90390602113,1.54564176603674,9500,9499.87954087805,1.68394984016119,1.54564176603674,0,0.456446420598269,20.3710479867026,11,0,15032.4007468365,-15029.807016454,1.54564176603674,1.5418159808907,1.54220812881847,-0.000392147927777087,0.359566753571835,0.0046100810016016,1.54564176603674,0,267.161443506003,60.6481711487664,7.32662235121576e-10,1,0.98660118691228,0,0.000175558502691242,-0.000784295855554173,0,0,0
145.245,9499.91075271744,1.54565946458384,9500,9499.88585540944,1.68387983368892,1.54565946458384,0,0.461702862007978,20.3707473585382,11,0,15032.5116841341,-15029.8880824365,1.54565946458384,1.5418159808907,1.54223878020803,-0.000422799317334022,0.373148829254499,0.00468908232781266,1.54565946458384,0,267.161443506003,60.6481711487664,7.45264379304767e-10,1,0.986601897967758,0,0.000166356604592854,-0.000845598634668043,0,0,0
145.26,9499.91767826037,1.5456756846113,9500,9499.89230785803,1.6838015890577,1.5456756846113,0,0.465933908797987,20.3704794195306,11,0,15032.6160466954,-15029.9684003717,1.5456756846113,1.5418159808907,1.54226810043034,-0.000452119539640305,0.385760372032661,0.00476394279987944,1.5456756846113,0,267.161443506003,60.6481711487664,7.56144709197856e-10,1,0.986602617211757,0,0.000156953616003763,-0.000904239079280611,0,0,0
145.275,9499.924667269,1.54569041534541,9500,9499.89888291492,1.68371539158223,1.54569041534541,0,0.469146463366581,20.3702442212014,11,0,15032.7137206115,-15030.0478171445,1.54569041534541,1.5418159808907,1.54229604962688,-0.00048006873618256,0.397390308948275,0.00483457192708114,1.54569041534541,0,267.161443506003,60.6481711487664,7.65307339740329e-10,1,0.98660334304691,0,0.000147371837313726,-0.000960137472365119,0,0,0
145.29,9499.93170446595,1.54570364922998,9500,9499.90556525259,1.68362153853304,1.54570364922998,0,0.471349411786698,20.3700417472249,11,0,15032.8046074156,-15030.1261838102,1.54570364922998,1.5418159808907,1.54232259134799,-0.000506610457293499,0.408029741025252,0.00490088925387231,1.54570364922998,0,267.161443506003,60.6481711487664,7.72760045324891e-10,1,0.986604073886604,0,0.000137633598838116,-0.001013220914587,0,0,0
145.305,9499.93877470713,1.54571538189525,9500,9499.91233955647,1.6835203383462,1.54571538189525,0,0.47255357744,20.3698719144468,11,0,15032.8886240641,-15030.2033558385,1.54571538189525,1.5418159808907,1.5423476925751,-0.000531711684398584,0.417671929444707,0.00496282437334946,1.54571538189525,0,267.161443506003,60.6481711487664,7.78513966922541e-10,1,0.986604808158067,0,0.000127761214667288,-0.00106342336879717,0,0,0
145.32,9499.94586301079,1.54572561211016,9500,9499.9191905562,1.68341210982187,1.54572561211016,0,0.472771663417149,20.3697345742522,11,0,15032.9657028303,-15030.2791933347,1.54572561211016,1.5418159808907,1.54237132374094,-0.000555342850244944,0.426312277455314,0.00502031691994974,1.54572561211016,0,267.161443506003,60.6481711487664,7.82583465564666e-10,1,0.986605544305388,0,0.000117776933159508,-0.00111068570048989,0,0,0
145.335,9499.95295458575,1.54573434173139,9500,9499.92610305622,1.68329718131346,1.54573434173139,0,0.472018194373812,20.3696295139929,11,0,15033.0357911853,-15030.3535612506,1.54573434173139,1.5418159808907,1.54239345874029,-0.000577477849588837,0.433948308184238,0.00507331653987152,1.54573434173139,0,267.161443506003,60.6481711487664,7.84986707590012e-10,1,0.986606280792444,0,0.000107702895026485,-0.00115495569917767,0,0,0
145.35,9499.96003485866,1.54574157566819,9500,9499.93306196574,1.68317588990991,1.54574157566819,0,0.470309469402769,20.3695564580625,11,0,15033.0988517467,-15030.4263296011,1.54574157566819,1.5418159808907,1.54241407492327,-0.000598094032569163,0.440579638021544,0.00512178284263344,1.54574157566819,0,267.161443506003,60.6481711487664,7.85744200957184e-10,1,0.986607016105741,0,9.75610916336134e-05,-0.00119618806513833,0,0,0
145.365,9499.9670895007,1.54574732179948,9500,9499.9400523281,1.68304858061275,1.54574732179948,0,0.467663484338753,20.3695150699892,11,0,15033.1548620024,-15030.4973736293,1.54574732179948,1.5418159808907,1.54243315310324,-0.000617172212544093,0.446207945806155,0.00516568533386857,1.54574732179948,0,267.161443506003,60.6481711487664,7.84879087802514e-10,1,0.986607748757174,0,8.73733187496395e-05,-0.00123434442508819,0,0,0
145.38,9499.97410445297,1.54575159093029,9500,9499.94705934935,1.68291560550923,1.54575159093029,0,0.464099880637174,20.369504953668,11,0,15033.2038142111,-15030.5665739972,1.54575159093029,1.5418159808907,1.54245067753455,-0.000634696643854404,0.450836938420164,0.0052050033273059,1.54575159093029,0,267.161443506003,60.6481711487664,7.82419632263633e-10,1,0.986608477286673,0,7.71611336622957e-05,-0.00126939328770881,0,0,0
145.395,9499.98106595118,1.5457543967226,9500,9499.95406842601,1.68277732294448,1.5457543967226,0,0.459639878539309,20.3695256551337,11,0,15033.2457151832,-15030.6338169466,1.5457543967226,1.5418159808907,1.54246663589347,-0.000650655002774947,0.454472312030184,0.00523972583745394,1.5457543967226,0,267.161443506003,60.6481711487664,7.78394829784545e-10,1,0.986609200264765,0,6.69458211515206e-05,-0.00130131000554989,0,0,0
145.41,9499.98796054936,1.54575575562627,9500,9499.96106517213,1.68263409669352,1.54575575562627,0,0.454306211268103,20.3695766643186,11,0,15033.280586057,-15030.6989944486,1.54575575562627,1.5418159808907,1.5424810192514,-0.000665038360698533,0.457121709938601,0.00526985145697212,1.54575575562627,0,267.161443506003,60.6481711487664,7.72837041313106e-10,1,0.986609916295033,0,5.67483463080887e-05,-0.00133007672139707,0,0,0
145.425,9499.99477514252,1.5457556867864,9500,9499.96803544533,1.6824862951345,1.5457556867864,0,0.448123044387631,20.3696574173053,11,0,15033.3084619579,-15030.762004322,1.5457556867864,1.5418159808907,1.54249382204925,-0.000677841158554626,0.458794677231328,0.00529538821281076,1.5457556867864,0,267.161443506003,60.6481711487664,7.65781846813578e-10,1,0.986610624016477,0,4.6589324538715e-05,-0.00135568231710925,0,0,0
145.44,9500.00149698819,1.54575421199723,9500,9499.9749653721,1.68233429042519,1.54575421199723,0,0.441115927032568,20.3697672975635,11,0,15033.3293918753,-15030.8227503857,1.54575421199723,1.5418159808907,1.54250504204186,-0.000689061151158077,0.459502612286875,0.00531635340885318,1.54575421199723,0,267.161443506003,60.6481711487664,7.57265996247004e-10,1,0.98661132210574,0,3.64889766408805e-05,-0.00137812230231615,0,0,0
145.455,9500.0081137271,1.54575135558947,9500,9499.98184137206,1.68217845768508,1.54575135558947,0,0.43331170026255,20.3699056386095,11,0,15033.3434382207,-15030.8811425388,1.54575135558947,1.5418159808907,1.54251468026548,-0.000698699374785283,0.459258714633961,0.00533277344834158,1.54575135558947,0,267.161443506003,60.6481711487664,7.47330043762244e-10,1,0.986612009279265,0,2.64670985741233e-05,-0.00139739874957057,0,0,0
145.47,9500.0146134026,1.54574714435632,9500,9499.98865018127,1.68201917418249,1.54574714435632,0,0.424738431839297,20.3700717258155,11,0,15033.3506765636,-15030.9370968668,1.54574714435632,1.5418159808907,1.54252274097924,-0.000706760088537983,0.458077930984646,0.00534468364269993,1.54574714435632,0,267.161443506003,60.6481711487664,7.36016591393497e-10,1,0.98661268429531,0,1.65430256138244e-05,-0.00141352017707597,0,0,0
145.485,9500.02098447908,1.54574160745993,9500,9499.99537887462,1.68185681853021,1.54574160745993,0,0.41542533932932,20.3702647986292,11,0,15033.3511952716,-15030.9905357178,1.54574160745993,1.5418159808907,1.5425292316082,-0.000713250717498948,0.455976897995731,0.00535212800422616,1.54574160745993,0,267.161443506003,60.6481711487664,7.23369118188626e-10,1,0.986613345955857,0,6.73560377872917e-06,-0.0014265014349979,0,0,0
145.5,9500.02721585917,1.54573477633623,9500,9500.00201488708,1.68169176989043,1.54573477633623,0,0.405402713042766,20.3704840528129,11,0,15033.345095137,-15031.0413877681,1.54573477633623,1.5418159808907,1.5425341626809,-0.000718181790198225,0.452973882616238,0.00535515902592658,1.54573477633623,0,267.161443506003,60.6481711487664,7.09434907105653e-10,1,0.986613993108403,0,-2.93685302366065e-06,-0.00143636358039645,0,0,0
145.515,9500.03329689986,1.54572668459451,9500,9500.00854603401,1.68152440719017,1.54572668459451,0,0.394701836607614,20.3707286427826,11,0,15033.3324889748,-15031.0895880709,1.54572668459451,1.5418159808907,1.54253754775982,-0.00072156686912539,0.449088720233037,0.00535383744206594,1.54572668459451,0,267.161443506003,60.6481711487664,6.94261678930768e-10,1,0.98661462464763,0,-1.24565736387972e-05,-0.00144313373825078,0,0,0
145.53,9500.03921742741,1.54571736790225,9500,9500.01496053028,1.68135510834918,1.54571736790225,0,0.383354899544384,20.3709976842494,11,0,15033.3135011492,-15031.1350780794,1.54571736790225,1.5418159808907,1.54253940337688,-0.000723422486185399,0.444342750457904,0.00534823198392848,1.54571736790225,0,267.161443506003,60.6481711487664,6.77900372837648e-10,1,0.986615239516955,0,-2.18063806576296e-05,-0.0014468449723708,0,0,0
145.545,9500.0449677509,1.54570686391868,9500,9500.02124700838,1.68118424952131,1.54570686391868,0,0.371394941501265,20.3712902557976,11,0,15033.2882673159,-15031.1778057064,1.54570686391868,1.5418159808907,1.54253974893302,-0.000723768042327322,0.438758750916771,0.00533841911263254,1.54570686391868,0,267.161443506003,60.6481711487664,6.60401780350839e-10,1,0.986615836709941,0,-3.09696943501248e-05,-0.00144753608465464,0,0,0
145.56,9500.05053867503,1.54569521214173,9500,9500.02739453532,1.68101220435211,1.54569521214173,0,0.358855742645501,20.3716054023136,11,0,15033.2569337651,-15031.21772529,1.54569521214173,1.5418159808907,1.54253860664027,-0.000722625749571826,0.432360868383308,0.00532448275017499,1.54569521214173,0,267.161443506003,60.6481711487664,6.41819911303274e-10,1,0.98661641527162,0,-3.99305716027865e-05,-0.00144525149914365,0,0,0
145.575,9500.05592151117,1.54568245383879,9500,9500.03339262843,1.68083934325093,1.54568245383879,0,0.34577176850069,20.3719421365971,11,0,15033.2196571419,-15031.2547976274,1.54568245383879,1.5418159808907,1.54253600141313,-0.00072002052242981,0.425174549426868,0.00530651399295373,1.54568245383879,0,267.161443506003,60.6481711487664,6.22208920528433e-10,1,0.986616974299646,0,-4.86737293279305e-05,-0.00144004104485962,0,0,0
145.59,9500.06110808769,1.54566863190254,9500,9500.03923127,1.68066603268216,1.54566863190254,0,0.332178067572796,20.3722994425693,11,0,15033.1766038158,-15031.288989926,1.54566863190254,1.5418159808907,1.54253196079215,-0.000715979901455777,0.417226468294906,0.00528461081475616,1.54566863190254,0,267.161443506003,60.6481711487664,6.01625449397593e-10,1,0.986617512945363,0,-5.71845505088486e-05,-0.00143195980291155,0,0,0
145.605,9500.06609075871,1.5456537907657,9500,9500.04490092076,1.68049263447417,1.5456537907657,0,0.318110208925605,20.3726762771983,11,0,15033.1279495221,-15031.3202758,1.5456537907657,1.5418159808907,1.54252651483671,-0.000710533946012504,0.408544454197378,0.00525887776702718,1.5456537907657,0,267.161443506003,60.6481711487664,5.80125113518108e-10,1,0.986618030414717,0,-6.54491294640458e-05,-0.00142106789202501,0,0,0
145.62,9500.07086241184,1.54563797626627,9500,9500.05039253214,1.6803195051492,1.54563797626627,0,0.303604187523103,20.373071573479,11,0,15033.0738787615,-15031.3486352077,1.54563797626627,1.5418159808907,1.5425196960323,-0.000703715141598726,0.399157416569613,0.00522942565876836,1.54563797626627,0,267.161443506003,60.6481711487664,5.57767624848181e-10,1,0.986618525969061,0,-7.34542639726499e-05,-0.00140743028319745,0,0,0
145.635,9500.07541647465,1.54562123554704,9500,9500.05569755734,1.68014699527334,1.54562123554704,0,0.288696354105353,20.3734842426574,11,0,15033.0145843614,-15031.374054411,1.54562123554704,1.5418159808907,1.54251153918252,-0.000695558291819331,0.38909526991426,0.00519637123998067,1.54562123554704,0,267.161443506003,60.6481711487664,5.34610791549637e-10,1,0.986618998925821,0,-8.11874885293662e-05,-0.00139111658363866,0,0,0
145.65,9500.07974691996,1.54560361693302,9500,9500.06080796125,1.67997544882941,1.54560361693302,0,0.273423330910653,20.3739131769199,11,0,15032.9502669231,-15031.3965259022,1.54560361693302,1.5418159808907,1.54250208130461,-0.000686100413911817,0.378388857081503,0.00515983687014245,1.54560361693302,0,267.161443506003,60.6481711487664,5.10714176661974e-10,1,0.986619448659053,0,-8.86370825812222e-05,-0.00137220082782363,0,0,0
145.665,9500.08384826993,1.54558516981446,9500,9500.06571622914,1.67980520261194,1.54558516981446,0,0.257821932767366,20.3743572519458,11,0,15032.881134295,-15031.416048325,1.54558516981446,1.5418159808907,1.54249136152031,-0.0006753806296107,0.36706987243279,0.0051199501829809,1.54558516981446,0,267.161443506003,60.6481711487664,4.86137927379407e-10,1,0.98661987459986,0,-9.57920839677051e-05,-0.0013507612592214,0,0,0
145.68,9500.08771559892,1.54556594453785,9500,9500.07041537416,1.6796365856465,1.54556594453785,0,0.241929093967087,20.3748153292761,11,0,15032.8074010746,-15031.4326263928,1.54556594453785,1.5418159808907,1.54247942093972,-0.000663440049022412,0.355170784028645,0.00507684374519544,1.54556594453785,0,267.161443506003,60.6481711487664,4.60943067789019e-10,1,0.986620276236699,0,-0.000102642298010824,-0.00132688009804482,0,0,0
145.695,9500.09134453533,1.54554599226732,9500,9500.07489894366,1.67946991863359,1.54554599226732,0,0.225779845893525,20.375286257055,10,0,15032.7292984678,-15031.4462922395,1.54554599226732,1.5418159808907,1.54246630255793,-0.000650321667231779,0.342724755539271,0.00503065471109057,1.54554599226732,0,267.161443506003,60.6481711487664,9.86373008213992e-10,1,0.986620653115561,0,-0.000109178309144031,-0.00130064333446356,0,0,0
145.71,9500.09473123302,1.54552536489518,9500,9500.07916102431,1.67930551341741,1.54552536489518,0,0.209415127984849,20.3757688807381,10,0,15032.6470311216,-15031.4570178668,1.54552536489518,1.5418159808907,1.54245205112444,-0.000636070233745567,0.329765568180674,0.00498152447197575,1.54552536489518,0,267.161443506003,60.6481711487664,9.25980005317508e-10,1,0.986621004837009,0,-0.00011539149067552,-0.00127214046749113,0,0,0
145.725,9500.09787245994,1.54550411527706,9500,9500.08319623852,1.67914367267281,1.54550411527706,0,0.192869919305543,20.3762620251965,10,0,15032.5608434912,-15031.4648489538,1.54550411527706,1.5418159808907,1.5424367128481,-0.000620731957406306,0.316327431029448,0.00492959830117177,1.54550411527706,0,267.161443506003,60.6481711487664,8.65561373307044e-10,1,0.986621331065383,0,-0.000121273997115035,-0.00124146391481261,0,0,0
145.74,9500.10076550873,1.54548229618692,9500,9500.08699976476,1.67898468898765,1.54548229618692,0,0.176180722967654,20.3767645254908,10,0,15032.470970685,-15031.4698131719,1.54548229618692,1.5418159808907,1.54242033574382,-0.000604354853122713,0.302445185923234,0.00487502500247,1.54548229618692,0,267.161443506003,60.6481711487664,8.04293916573632e-10,1,0.986621631519514,0,-0.000126818788818817,-0.00120870970624543,0,0,0
145.755,9500.10340821957,1.54545996078548,9500,9500.09056732938,1.67882884465213,1.54545996078548,0,0.159383796681205,20.3772752146945,10,0,15032.3776518902,-15031.471943665,1.54545996078548,1.5418159808907,1.54240296921705,-0.000586988326357618,0.288154047671954,0.00481795654750153,1.54545996078548,0,267.161443506003,60.6481711487664,7.42317086874181e-10,1,0.986621905975096,0,-0.00013201963326126,-0.00117397665271524,0,0,0
145.77,9500.10579897652,1.54543716253536,9500,9500.09389520658,1.67867641125035,1.54543716253536,0,0.142515102968686,20.3777929256702,10,0,15032.2811299554,-15031.4712789157,1.54543716253536,1.5418159808907,1.54238466392463,-0.000568683033935757,0.273489520081316,0.00475854771253397,1.54543716253536,0,267.161443506003,60.6481711487664,6.79766090362813e-10,1,0.986622154264307,0,-0.000136871086847012,-0.00113736606787151,0,0,0
145.785,9500.10793670306,1.54541395509391,9500,9500.09698021736,1.67852764927551,1.54541395509391,0,0.125610243897589,20.3783164933161,10,0,15032.1816508725,-15031.4678625976,1.54541395509391,1.5418159808907,1.54236547165081,-0.000549490760117566,0.258487316925298,0.00469695572345281,1.54541395509391,0,267.161443506003,60.6481711487664,6.16777009801701e-10,1,0.986622376275347,0,-0.00014136851145663,-0.00109898152023513,0,0,0
145.8,9500.10982085672,1.54539039219404,9500,9500.09981972758,1.6783828077681,1.54539039219404,0,0.108704389204807,20.3788447570622,10,0,15032.0794631985,-15031.4617434057,1.54539039219404,1.5418159808907,1.54234544518568,-0.000529464294978466,0.24318328741667,0.00463333989329733,1.54539039219404,0,267.161443506003,60.6481711487664,5.53485487672772e-10,1,0.986622571951877,0,-0.000145508060194643,-0.00105892858995693,0,0,0
145.815,9500.11145142256,1.54536652752244,9500,9500.10241164521,1.67824212397889,1.54536652752244,0,0.0918322031396872,20.3793765634056,10,0,15031.9748174582,-15031.4529748753,1.54536652752244,1.5418159808907,1.54232463820793,-0.000508657317231265,0.227613344670941,0.00456786126620974,1.54536652752244,0,267.161443506003,60.6481711487664,4.90024823932276e-10,1,0.986622741292347,0,-0.000149286677815885,-0.00101731463446253,0,0,0
145.83,9500.11282890561,1.5453424145889,9500,9500.10475441651,1.67810582305779,1.5453424145889,0,0.0750296495830561,20.3799107694046,9,0,15031.8679552304,-15031.4415942103,1.5453424145889,1.5418159808907,1.54230310517219,-0.000487124281496332,0.21181339615287,0.00450068226119259,1.5453424145889,0,267.161443506003,60.6481711487664,9.66164650093749e-10,1,0.986622884349206,0,-0.000152702094205814,-0.000974248562992663,0,0,0
145.845,9500.11395435035,1.5453181066133,9500,9500.10684702129,1.67797411777104,1.5453181066133,0,0.0583260942727475,20.380446241956,9,0,15031.7591513127,-15031.4277093276,1.5453181066133,1.5418159808907,1.54228090118879,-0.000464920298097304,0.195819274701347,0.00443196631879997,1.5453181066133,0,267.161443506003,60.6481711487664,8.24489920339912e-10,1,0.986623001230927,0,-0.000155752816483279,-0.000929840596194609,0,0,0
145.86,9500.11482924176,1.54529365604047,9500,9500.10868897446,1.67784720806199,1.54529365604047,0,0.041756206840514,20.3809818725478,9,0,15031.6486448693,-15031.411362371,1.54529365604047,1.5418159808907,1.5422580820915,-0.000442101200805345,0.179666777702799,0.0043618775513825,1.54529365604047,0,267.161443506003,60.6481711487664,6.81003597943973e-10,1,0.986623092091731,0,-0.000158438133732064,-0.00088420240161069,0,0,0
145.875,9500.11545558487,1.54526911539439,9500,9500.11028030148,1.6777252812726,1.54526911539439,0,0.0253520847495609,20.381516555899,9,0,15031.5366893445,-15031.3926243813,1.54526911539439,1.5418159808907,1.54223470383445,-0.00041872294375711,0.163391313292954,0.00429058039120307,1.54526911539439,0,267.161443506003,60.6481711487664,5.38297211378656e-10,1,0.986623157139846,0,-0.000160758080448353,-0.000837445887514221,0,0,0
145.89,9500.11583586614,1.54524453651627,9500,9500.11162154086,1.6776085116979,1.54524453651627,0,0.00914314627870765,20.3820491994368,8,0,15031.4235466293,-15031.3715900704,1.54524453651627,1.5418159808907,1.54221082270541,-0.000394841814714386,0.147028022778394,0.00421823925500131,1.54524453651627,0,267.161443506003,60.6481711487664,9.01380501382257e-10,1,0.986623196633504,0,-0.000162713437044326,-0.000789683629428772,0,0,0
145.905,9500.11597301333,1.54521997047959,9500,9500.11271373594,1.67749706040912,1.54521997047959,0,-0.00683605003809852,20.3825787553852,8,0,15031.3094445759,-15031.3482909019,1.54521997047959,1.5418159808907,1.54218649520042,-0.000370514309718128,0.130611718951249,0.00414501820833136,1.54521997047959,0,267.161443506003,60.6481711487664,5.7910103047422e-10,1,0.986623210876762,0,-0.000164305721888747,-0.000741028619436257,0,0,0
145.92,9500.11587047258,1.54519546783221,9500,9500.11355841842,1.67739107529337,1.54519546783221,0,-0.0225574538369977,20.3831041432856,7,0,15031.1946403597,-15031.3228246464,1.54519546783221,1.5418159808907,1.54216177773668,-0.000345796845984125,0.114176715838774,0.00407108063348143,1.54519546783221,0,267.161443506003,60.6481711487664,6.97351998508239e-10,1,0.986623200227515,0,-0.000165537166390006,-0.000691593691968251,0,0,0
145.935,9500.11553211077,1.54517107753905,9500,9500.11415761615,1.67729069048984,1.54517107753905,0,-0.0379962443114778,20.3836244068071,7,0,15031.0793981951,-15031.2953144654,1.54517107753905,1.5418159808907,1.54213672702082,-0.000320746130125338,0.0977570537288951,0.00399658890860593,1.54517107753905,0,267.161443506003,60.6481711487664,1.89568801525193e-10,1,0.986623165087353,0,-0.000166410725875865,-0.000641492260250676,0,0,0
145.95,9500.11496216711,1.5451468474329,9500,9500.11451383362,1.67719602651385,1.5451468474329,0,-0.0531230357927084,20.3841385420516,7,0,15030.9639453523,-15031.2658206369,1.5451468474329,1.5418159808907,1.54211139966058,-0.000295418769881817,0.0813862715784254,0.00392170408196179,1.5451468474329,0,267.161443506003,60.6481711487664,7.96974473061286e-10,1,0.986623105896534,0,-0.000166930048813851,-0.000590837539763633,0,0,0
145.965,9500.11416532157,1.54512282489439,9500,9500.11463002484,1.6771071905859,1.54512282489439,0,-0.0679083767347135,20.3846456132306,8,0,15030.8485063595,-15031.234400323,1.54512282489439,1.5418159808907,1.54208585166885,-0.000269870778151438,0.0650971192766053,0.00384658555999555,1.54512282489439,0,267.161443506003,60.6481711487664,6.48659348158163e-10,1,0.986623023141091,0,-0.00016709944261617,-0.000539741556302875,0,0,0
145.98,9500.11314669592,1.54509905611529,9500,9500.11450959118,1.67702427635212,1.54509905611529,0,-0.0823319028081196,20.3851446311027,8,0,15030.7333427319,-15031.2011993118,1.54509905611529,1.5418159808907,1.54206013868381,-0.000244157793113597,0.0489216986831385,0.00377139081081828,1.54509905611529,0,267.161443506003,60.6481711487664,9.37644142260841e-10,1,0.986622917352939,0,-0.000166923864328705,-0.000488315586227195,0,0,0
145.995,9500.11191171738,1.54507558541927,9500,9500.11415637984,1.67694736358543,1.54507558541927,0,-0.0963705109696239,20.3856347357131,9,0,15030.6186881304,-15031.166319975,1.54507558541927,1.5418159808907,1.54203431616235,-0.000218335271650494,0.0328915857272605,0.00369627507187036,1.54507558541927,0,267.161443506003,60.6481711487664,5.40966680027248e-10,1,0.986622789095716,0,-0.000166408923270023,-0.000436670543300988,0,0,0
146.01,9500.11046615971,1.54505245640497,9500,9500.1135746475,1.67687651877492,1.54505245640497,0,-0.109997095103914,20.3861150515873,9,0,15030.5047469939,-15031.1298127149,1.54505245640497,1.5418159808907,1.54200843866176,-0.000192457771064802,0.0170374102644377,0.00362139105639885,1.54505245640497,0,267.161443506003,60.6481711487664,6.66830714506646e-10,1,0.98662263896905,0,-0.000165560826417499,-0.000384915542129605,0,0,0
146.025,9500.10881620329,1.5450297118281,9500,9500.11276904404,1.67681179523316,1.5450297118281,0,-0.123191422359144,20.3865847343261,9,0,15030.3917543973,-15031.0917976284,1.5450297118281,1.5418159808907,1.54198255976425,-0.000166578873552314,0.00138882470961925,0.00354688868451097,1.5450297118281,0,267.161443506003,60.6481711487664,7.87502111624802e-10,1,0.986622467614793,0,-0.000164386354755131,-0.000333157747104629,0,0,0
146.04,9500.10696833195,1.54500739248193,9500,9500.11174461594,1.67675323271274,1.54500739248193,0,-0.135933007452938,20.3870429821801,9,0,15030.2799276085,-15031.0523755714,1.54500739248193,1.5418159808907,1.54195673250752,-0.000140751616819701,-0.0140252283322016,0.00347291482487117,1.54500739248193,0,267.161443506003,60.6481711487664,9.04731437497152e-10,1,0.98662227570632,0,-0.000162892864437936,-0.000281503233639402,0,0,0
146.055,9500.10492933684,1.54498553763584,9500,9500.11050678224,1.67670085772202,1.54498553763584,0,-0.148200624743087,20.3874890325727,10,0,15030.1694672016,-15031.0116264994,1.54498553763584,1.5418159808907,1.54193100903606,-0.000115028145366791,-0.029176715144324,0.00339961303587409,1.54498553763584,0,267.161443506003,60.6481711487664,4.49169228812777e-10,1,0.986622063948915,0,-0.000161088260267173,-0.000230056290733582,0,0,0
146.07,9500.10270632747,1.54496418499132,9500,9500.10906131755,1.67665468367504,1.54496418499132,0,-0.159980127450517,20.3879221518157,10,0,15030.0605991076,-15030.9696959519,1.54496418499132,1.5418159808907,1.54190544049976,-8.94596090648125e-05,-0.0440385591814412,0.00332712331875387,1.54496418499132,0,267.161443506003,60.6481711487664,4.96685696510677e-10,1,0.986621833080929,0,-0.000158980962147837,-0.000178919218129625,0,0,0
146.085,9500.10030662556,1.54494337026404,9500,9500.10741434243,1.67661471086957,1.54494337026404,0,-0.171253281547052,20.3883416596208,10,0,15029.9535107054,-15030.9266676905,1.54494337026404,1.5418159808907,1.54188007714692,-6.40962562203917e-05,-0.0585845714572875,0.00325558188578734,1.54494337026404,0,267.161443506003,60.6481711487664,5.4328631617832e-10,1,0.98662158386275,0,-0.000156579891846365,-0.000128192512440783,0,0,0
146.1,9500.09773782633,1.54492312804143,9500,9500.10557228876,1.67658092710808,1.54492312804143,0,-0.182004606560591,20.3887469004047,10,0,15029.8483948909,-15030.8826466418,1.54492312804143,1.5418159808907,1.54185496778256,-3.898689186288e-05,-0.072789765481483,0.00318512093445648,1.54492312804143,0,267.161443506003,60.6481711487664,5.88070942338115e-10,1,0.986621317083171,0,-0.000153894435469537,-7.79737837257599e-05,0,0,0
146.115,9500.09500775723,1.54490349123421,9500,9500.10354188989,1.67655330771285,1.54490349123421,0,-0.192219912512118,20.3891372572996,10,0,15029.7454376862,-15030.8377381928,1.54490349123421,1.5418159808907,1.54183015993819,-1.41790474910142e-05,-0.0866302356616296,0.00311586843849518,1.54490349123421,0,267.161443506003,60.6481711487664,6.3097606589405e-10,1,0.986621033555102,0,-0.000150934406671244,-2.83580949820283e-05,0,0,0
146.13,9500.09212445855,1.54488449099334,9500,9500.10133016274,1.6765318157559,1.54488449099334,0,-0.201886336416591,20.3895121537178,10,0,15029.6448177824,-15030.7920479405,1.54488449099334,1.5418159808907,1.54180569981712,1.0281073575813e-05,-0.100083183015415,0.00304794795549313,1.54488449099334,0,267.161443506003,60.6481711487664,6.71941542021311e-10,1,0.986620734113556,0,-0.000147710040217186,2.0562147151626e-05,0,0,0
146.145,9500.0890961635,1.54486615668436,9500,9500.09894438942,1.67651640231152,1.54486615668436,0,-0.21099234164198,20.3898710536758,10,0,15029.546706333,-15030.745681482,1.54486615668436,1.5418159808907,1.54178163221256,3.43486781326785e-05,-0.113126940533182,0.00298147843739539,1.54486615668436,0,267.161443506003,60.6481711487664,7.10913370694916e-10,1,0.986620419613587,0,-0.000144231955567786,6.8697356265357e-05,0,0,0
146.16,9500.08593127837,1.54484851582352,9500,9500.09639209857,1.67650700673304,1.54484851582352,0,-0.219527740841239,20.3902134629411,10,0,15029.4512665755,-15030.6987441667,1.54484851582352,1.5418159808907,1.54175800045298,5.7980437718097e-05,-0.125740999046174,0.00291657405738989,1.54484851582352,0,267.161443506003,60.6481711487664,7.47841501584048e-10,1,0.986620090928218,0,-0.000140511131648591,0.000115960875436194,0,0,0
146.175,9500.08263836226,1.54483159405592,9500,9500.09368104626,1.67650355695135,1.54483159405592,0,-0.227483691757431,20.3905389292728,10,0,15029.3586536457,-15030.6513408859,1.54483159405592,1.5418159808907,1.54173484633216,8.11345585349788e-05,-0.137906031798696,0.00285334404814802,1.54483159405592,0,267.161443506003,60.6481711487664,7.8268027312344e-10,1,0.986619748946343,0,-0.00013655887830466,0.000162269117069958,0,0,0
146.19,9500.07922610688,1.54481541515698,9500,9500.09081919667,1.67650596979545,1.54481541515698,0,-0.234852678400362,20.3908470421578,10,0,15029.2690144995,-15030.6035758885,1.54481541515698,1.5418159808907,1.54171221003401,0.000103770856685337,-0.149603918118176,0.00279189255291092,1.54481541515698,0,267.161443506003,60.6481711487664,8.15390461377006e-10,1,0.986619394570632,0,-0.000132386809124529,0.000207541713370674,0,0,0
146.205,9500.07570331671,1.54480000097669,9500,9500.08781470254,1.67651415133322,1.54480000097669,0,-0.241628528859589,20.391137433785,10,0,15029.1824875715,-15030.5555525403,1.54480000097669,1.5418159808907,1.5416901300921,0.00012585079859484,-0.160817765175598,0.00273231848880489,1.54480000097669,0,267.161443506003,60.6481711487664,8.4593810936801e-10,1,0.986619028715461,0,-0.000128006814360093,0.00025170159718968,0,0,0
146.22,9500.07207888878,1.54478537148318,9500,9500.08467588551,1.67652799722886,1.54478537148318,0,-0.247806369017819,20.3914097778772,10,0,15029.0992028949,-15030.5073731806,1.54478537148318,1.5418159808907,1.54166864330563,0.000147337585069796,-0.171531926059145,0.00267471542234284,1.54478537148318,0,267.161443506003,60.6481711487664,8.74291892974085e-10,1,0.986618652304822,0,-0.000123431026050946,0.000294675170139591,0,0,0
146.235,9500.06836179324,1.54477154472398,9500,9500.08141121634,1.6765473931185,1.54477154472398,0,-0.253382630314166,20.3916637903022,10,0,15029.0192818385,-15030.459138904,1.54477154472398,1.5418159808907,1.54164778470437,0.000168196186331793,-0.181732015861766,0.00261917146061992,1.54477154472398,0,267.161443506003,60.6481711487664,9.00427804009964e-10,1,0.986618266270299,0,-0.000118671800012349,0.000336392372663585,0,0,0
146.25,9500.06456105379,1.54475853682052,9500,9500.07802929523,1.67657221499865,1.54475853682052,0,-0.258355035230884,20.3918992289669,10,0,15028.9428370021,-15030.4109493728,1.54475853682052,1.5418159808907,1.54162758750109,0.000188393389606523,-0.191404923083578,0.00256576915061436,1.54475853682052,0,267.161443506003,60.6481711487664,9.2432534539259e-10,1,0.986617871549038,0,-0.00011374167329059,0.000376786779213045,0,0,0
146.265,9500.06068572826,1.54474636199881,9500,9500.0745388321,1.67660232962854,1.54474636199881,0,-0.262722560473454,20.3921158929374,10,0,15028.8699722774,-15030.3629026684,1.54474636199881,1.5418159808907,1.54160808303546,0.000207897855238226,-0.200538817921942,0.0025145853976336,1.54474636199881,0,267.161443506003,60.6481711487664,9.45969726404147e-10,1,0.986617469081728,0,-0.000108653346682752,0.000415795710476452,0,0,0
146.28,9500.05674488985,1.54473503254804,9500,9500.07094862708,1.67663759494543,1.54473503254804,0,-0.266485446338254,20.3923136231121,10,0,15028.800782579,-15030.3150950759,1.54473503254804,1.5418159808907,1.54158930075784,0.000226680132859647,-0.209123157788937,0.00246569139162636,1.54473503254804,0,267.161443506003,60.6481711487664,9.65350838397338e-10,1,0.986617059810657,0,-0.000103419654991166,0.000453360265719294,0,0,0
146.295,9500.05274760816,1.54472455885876,9500,9500.06726755103,1.67667786048912,1.54472455885876,0,-0.269645155357328,20.3924923011854,10,0,15028.7353539422,-15030.2676209469,1.54472455885876,1.5418159808907,1.54157126818011,0.000244712710590678,-0.217148688335859,0.00241915254688033,1.54472455885876,0,267.161443506003,60.6481711487664,9.82462962222524e-10,1,0.986616644677735,0,-9.80535288221951e-05,0.000489425421181355,0,0,0
146.31,9500.04870293082,1.54471494941231,9500,9500.06350452634,1.67672296783865,1.54471494941231,0,-0.272204362411338,20.392651849663,10,0,15028.6737633988,-15030.2205725189,1.54471494941231,1.5418159808907,1.54155401085934,0.000261970031353531,-0.224607442909902,0.00237502845891035,1.54471494941231,0,267.161443506003,60.6481711487664,9.97305061036428e-10,1,0.986616224622596,0,-9.25679774510524e-05,0.000523940062707062,0,0,0
146.325,9500.04461986539,1.54470621078131,9500,9500.05966850784,1.67677275105672,1.54470621078131,0,-0.274168913778091,20.3927922296061,11,0,15028.6160896485,-15030.1740617187,1.54470621078131,1.5418159808907,1.54153755237992,0.000278428510777529,-0.231492738268375,0.00233337286905737,1.54470621078131,0,267.161443506003,60.6481711487664,4.45628011817399e-10,1,0.986615800580706,0,-8.69760601345249e-05,0.000556857021555057,0,0,0
146.34,9500.04050733168,1.54469834766473,9500,9500.05576846404,1.67682703714316,1.54469834766473,0,-0.275539879870157,20.3929134474471,11,0,15028.5623701598,-15030.1281321031,1.54469834766473,1.5418159808907,1.54152191432468,0.000294066566018047,-0.237799168129353,0.00229423364199684,1.54469834766473,0,267.161443506003,60.6481711487664,4.50592623197166e-10,1,0.986615373478424,0,-8.12908519802757e-05,0.000588133132036095,0,0,0
146.355,9500.03637423348,1.54469136326747,9500,9500.05181335082,1.67688564669171,1.54469136326747,0,-0.276325161163057,20.393015535532,11,0,15028.5126673416,-15030.0828909814,1.54469136326747,1.5418159808907,1.54150711608161,0.000308864809082543,-0.243522708073407,0.00225765275860571,1.54469136326747,0,267.161443506003,60.6481711487664,4.54160241136632e-10,1,0.986614944240441,0,-7.55254079276568e-05,0.000617729618165086,0,0,0
146.37,9500.03222935607,1.54468525839953,9500,9500.04781211058,1.67694839392218,1.54468525839953,0,-0.276532147889997,20.3930985783477,11,0,15028.4670213299,-15030.0384204906,1.54468525839953,1.5418159808907,1.5414931752988,0.000322805591897124,-0.248660423047257,0.00222366632503827,1.54468525839953,0,267.161443506003,60.6481711487664,4.56743992295049e-10,1,0.986614513779142,0,-6.96927669663339e-05,0.000645611183794248,0,0,0
146.385,9500.02808137385,1.54468003206062,9500,9500.04377364496,1.67701508738151,1.54468003206062,0,-0.27616929808893,20.3931626980432,11,0,15028.4254633486,-15029.9947999232,1.54468003206062,1.5418159808907,1.54148010759569,0.00033587329500917,-0.253210627656079,0.00219230457990342,1.54468003206062,0,267.161443506003,60.6481711487664,4.58352358399665e-10,1,0.986614082995397,0,-6.3805906853176e-05,0.000671746590018341,0,0,0
146.4,9500.02393883438,1.54467568149827,9500,9500.03970679675,1.6770855304359,1.54467568149827,0,-0.275246086596503,20.3932080529937,11,0,15028.3880159158,-15029.9521056439,1.54467568149827,1.5418159808907,1.54146792654782,0.00034805434287799,-0.2571728777648,0.00216359192181949,1.54467568149827,0,267.161443506003,60.6481711487664,4.58997772517876e-10,1,0.986613652776903,0,-5.78777173734224e-05,0.000696108685755981,0,0,0
146.415,9500.01981014308,1.54467220225693,9500,9500.0356203322,1.67715952176247,1.54467220225693,0,-0.27377295932193,20.3932348365682,11,0,15028.3546930114,-15029.9104109971,1.54467220225693,1.5418159808907,1.54145664368208,0.00035933720861725,-0.260547955802695,0.00213754694900145,1.54467220225693,0,267.161443506003,60.6481711487664,4.58692667765153e-10,1,0.986613223996593,0,-5.19209788509833e-05,0.000718674417234499,0,0,0
146.43,9500.01570354869,1.54466958819872,9500,9500.03152292406,1.67723685583828,1.54466958819872,0,-0.271761306851433,20.3932432765143,11,0,15028.3255001133,-15029.8697861932,1.54466958819872,1.5418159808907,1.54144626849094,0.000369712399753697,-0.263337850117998,0.0021141825085185,1.54466958819872,0,267.161443506003,60.6481711487664,4.57452989670477e-10,1,0.986612797511132,0,-4.59483309671604e-05,0.000739424799507393,0,0,0
146.445,9500.01162712909,1.54466783155098,9500,9500.02742313519,1.67731732342634,1.54466783155098,0,-0.269223420991804,20.3932336337713,11,0,15028.3004343606,-15029.8302982247,1.54466783155098,1.5418159808907,1.54143680844035,0.000379172450348575,-0.265545729725454,0.00209350575958328,1.54466783155098,0,267.161443506003,60.6481711487664,4.55295122948162e-10,1,0.986612374159437,0,-3.99722614361497e-05,0.00075834490069715,0,0,0
146.46,9500.00758877777,1.54466692291861,9500,9500.02332940276,1.67740071205924,1.54466692291861,0,-0.266172474819142,20.3932062020465,11,0,15028.2794845545,-15029.7920107539,1.54466692291861,1.5418159808907,1.54142826899771,0.000387711892985809,-0.267175916136522,0.00207551824193701,1.54466692291861,0,267.161443506003,60.6481711487664,4.5223735500975e-10,1,0.986611954761279,0,-3.40050619789256e-05,0.000775423785971618,0,0,0
146.475,9500.00359619065,1.54466685131989,9500,9500.01925002304,1.67748680651969,1.54466685131989,0,-0.262622487187752,20.3931613068914,11,0,15028.2626312735,-15029.7549840261,1.54466685131989,1.5418159808907,1.54142065365813,0.000395327232571852,-0.268233852729749,0.0020602159640465,1.54466685131989,0,267.161443506003,60.6481711487664,4.48299144272107e-10,1,0.986611540115907,0,-2.80588309364838e-05,0.000790654465143703,0,0,0
146.49,9499.99965685334,1.5446676042322,9500,9500.0151931367,1.67757538931924,1.5446676042322,0,-0.258588282435052,20.39309930457,11,0,15028.2498470308,-15029.7192747985,1.5446676042322,1.5418159808907,1.54141396396501,0.000402016925690862,-0.268726073251577,0.00204758949012508,1.5446676042322,0,267.161443506003,60.6481711487664,4.4350155923977e-10,1,0.98661113100073,0,-2.21454316793324e-05,0.000804033851381725,0,0,0
146.505,9499.9957780291,1.5446691676169,9500,9500.01116671466,1.67766624117507,1.5446691676169,0,-0.254083521216147,20.393020583474,10,0,15028.2410857855,-15029.6849146606,1.5446691676169,1.5418159808907,1.54140819955053,0.000407781340167279,-0.268660169720393,0.00203762404586938,1.5446691676169,0,267.161443506003,60.6481711487664,9.92269448200796e-10,1,0.986610728170066,0,-1.62764803222082e-05,0.000815562680334558,0,0,0
146.52,9499.99196677629,1.54467152598009,9500,9500.00717854444,1.67775914148323,1.54467152598009,0,-0.24912847399487,20.3929255546264,10,0,15028.2363256909,-15029.6519969565,1.54467152598009,1.5418159808907,1.54140335816086,0.000412622729834222,-0.268044759222058,0.00203029962972439,1.54467152598009,0,267.161443506003,60.6481711487664,9.76744766090871e-10,1,0.986610332356952,0,-1.04633290374245e-05,0.000825245459668444,0,0,0
146.535,9499.98822984918,1.54467466204538,9500,9500.00323622458,1.67785386859798,1.54467466204538,0,-0.243738405330467,20.3928146701834,10,0,15028.2355033354,-15029.6205450189,1.54467466204538,1.5418159808907,1.54139943587918,0.000416545011512337,-0.266889339515265,0.00202559113165755,1.54467466204538,0,267.161443506003,60.6481711487664,9.60365190312902e-10,1,0.986609944262845,0,-4.71705016558133e-06,0.000833090023024674,0,0,0
146.55,9499.9845737731,1.54467855774781,9500,9499.99934713481,1.67795020073081,1.54467855774781,0,-0.23793085290009,20.3926883945007,10,0,15028.2385613935,-15029.5906011829,1.54467855774781,1.5418159808907,1.54139642669168,0.000419554199015515,-0.265204533978998,0.00202346845908303,1.54467855774781,0,267.161443506003,60.6481711487664,9.42265500588673e-10,1,0.986609564565425,0,9.51598799092679e-07,0.00083910839803103,0,0,0
146.565,9499.9810048103,1.54468319370745,9500,9499.99551843346,1.67804791618149,1.54468319370745,0,-0.23172396511716,20.3925472171684,10,0,15028.2454353049,-15029.5622040194,1.54468319370745,1.5418159808907,1.54139432282159,0.000421658069105657,-0.263001881520908,0.00202389667854263,1.54468319370745,0,267.161443506003,60.6481711487664,9.22508764318748e-10,1,0.986609193915052,0,6.53218805091171e-06,0.000843316138211314,0,0,0
146.58,9499.97752895083,1.54468854928161,9500,9499.9917570466,1.67814679377813,1.54468854928161,0,-0.225136460223695,20.3923916517783,10,0,15028.2560534889,-15029.535388316,1.54468854928161,1.5418159808907,1.54139311477682,0.000422866113872322,-0.260293793155853,0.00202683616316554,1.54468854928161,0,267.161443506003,60.6481711487664,9.0116053780556e-10,1,0.986608832933813,0,1.20146215765171e-05,0.000845732227744644,0,0,0
146.595,9499.97415190392,1.54469460261871,9500,9499.98806965773,1.67824661331457,1.54469460261871,0,-0.21818758386739,20.3922222346638,10,0,15028.27033756,-15029.5101850524,1.54469460261871,1.5418159808907,1.54139279139813,0.000423189492571252,-0.257093511966074,0.00203224274287497,1.54469460261871,0,267.161443506003,60.6481711487664,8.78286817395893e-10,1,0.986608482214635,0,1.73891653856284e-05,0.000846378985142504,0,0,0
146.61,9499.97087909016,1.5447013307146,9500,9499.98446269786,1.6783471559837,1.5447013307146,0,-0.210897065712342,20.3920395235953,10,0,15028.2882025579,-15029.4866213834,1.5447013307146,1.5418159808907,1.5413933399124,0.000422640978301247,-0.253415075024396,0.0020400678672985,1.5447013307146,0,267.161443506003,60.6481711487664,8.53958283637757e-10,1,0.986608142320467,0,2.26464418480177e-05,0.000845281956602495,0,0,0
146.625,9499.96771563418,1.54470870951333,9500,9499.98094233613,1.67844820480496,1.54470870951333,0,-0.203285047756828,20.3918440955259,10,0,15028.3095573883,-15029.4647206725,1.54470870951333,1.5418159808907,1.54139474596245,0.000421234928249525,-0.249273276041523,0.00205025876613011,1.54470870951333,0,267.161443506003,60.6481711487664,8.28246057168356e-10,1,0.986607813783519,0,2.77774654902085e-05,0.000842469856499051,0,0,0
146.64,9499.96466635846,1.54471671396027,9500,9499.97751447098,1.67854954504506,1.54471671396027,0,-0.195372044588847,20.3916365453752,10,0,15028.3343050451,-15029.4445024881,1.54471671396027,1.5418159808907,1.54139699366871,0.000418987221985301,-0.244683628282186,0.0020627586256007,1.54471671396027,0,267.161443506003,60.6481711487664,8.01224186665417e-10,1,0.986607497104628,0,3.27736398491041e-05,0.000837974443970602,0,0,0
146.655,9499.96173577779,1.54472531810095,9500,9499.97418472202,1.67865096462783,1.54472531810095,0,-0.187178874475006,20.3914174838369,10,0,15028.3623430488,-15029.4259826506,1.54472531810095,1.5418159808907,1.54140006566734,0.000415915223360486,-0.239662325491109,0.0020775067635328,1.54472531810095,0,267.161443506003,60.6481711487664,7.72967892651741e-10,1,0.986607192752668,0,3.76267789485851e-05,0.000831830446720971,0,0,0
146.67,9499.95892809468,1.54473449514022,9500,9499.97095842251,1.67875225453342,1.54473449514022,0,-0.178726617058606,20.3911875360513,10,0,15028.3935637042,-15029.4091732497,1.54473449514022,1.5418159808907,1.54140394317297,0.00041203771773124,-0.234226201751872,0.00209443881405966,1.54473449514022,0,267.161443506003,60.6481711487664,7.43553860185496e-10,1,0.986606901164088,0,4.23291094908684e-05,0.000824075435462479,0,0,0
146.685,9499.95624719542,1.54474421753901,9500,9499.96784061268,1.67885320918377,1.54474421753901,0,-0.170036547549665,20.3909473394761,10,0,15028.4278545352,-15029.3940827046,1.54474421753901,1.5418159808907,1.54140860602321,0.000407374867491983,-0.228392688985712,0.00211348691333055,1.54474421753901,0,267.161443506003,60.6481711487664,7.13060092494133e-10,1,0.986606622742494,0,4.68732898597501e-05,0.000814749734983966,0,0,0
146.7,9499.95369664721,1.54475445706944,9500,9499.96483603368,1.67895362681468,1.54475445706944,0,-0.161130098281477,20.3906975426661,10,0,15028.4650985305,-15029.3807157925,1.54475445706944,1.5418159808907,1.54141403274821,0.000401948142487729,-0.222179773148824,0.00213457989376744,1.54475445706944,0,267.161443506003,60.6481711487664,6.81565325547651e-10,1,0.986606357858352,0,5.12524144822279e-05,0.000803896284975458,0,0,0
146.715,9499.95127969573,1.54476518487474,9500,9499.96194912243,1.67905330983232,1.54476518487474,0,-0.15202881810229,20.3904388039544,10,0,15028.5051744135,-15029.3690736865,1.54476518487474,1.5418159808907,1.54142020063882,0.00039578025187903,-0.215605948450364,0.00215764348028444,1.54476518487474,0,267.161443506003,60.6481711487664,6.49149906132023e-10,1,0.98660610684874,0,5.5460015008002e-05,0.00079156050375806,0,0,0
146.73,9499.94899926346,1.54477637156341,9500,9499.95918400714,1.67915206515468,1.54477637156341,0,-0.142754309793836,20.3901717894051,10,0,15028.5479570753,-15029.3591540337,1.54477637156341,1.5418159808907,1.54142708579786,0.000388895092836128,-0.208690170699577,0.00218260048703805,1.54477637156341,0,267.161443506003,60.6481711487664,6.15893303845835e-10,1,0.986605870017167,0,5.94900817387778e-05,0.000777790185672256,0,0,0
146.745,9499.94685794881,1.54478798725456,9500,9499.9565445035,1.67924970453878,1.54478798725456,0,-0.133328200396886,20.3898971718273,10,0,15028.5933177815,-15029.3509509936,1.54478798725456,1.5418159808907,1.54143466322068,0.000381317670021364,-0.201451810779421,0.00220937102382049,1.54478798725456,0,267.161443506003,60.6481711487664,5.81878355236508e-10,1,0.986605647633489,0,6.33370531288868e-05,0.000762635340042728,0,0,0
146.76,9499.94485802581,1.54480000163131,9500,9499.95403411178,1.67934604489106,1.54480000163131,0,-0.12377210633215,20.3896156296207,10,0,15028.6411244206,-15029.3444552873,1.54480000163131,1.5418159808907,1.54144290686926,0.000373074021439823,-0.193910606957953,0.00223787269772849,1.54480000163131,0,267.161443506003,60.6481711487664,5.47184385246321e-10,1,0.986605439933871,0,6.69958313903596e-05,0.000746148042879646,0,0,0
146.775,9499.94300144421,1.54481238403774,9500,9499.9516560144,1.67944090856273,1.54481238403774,0,-0.114107570575055,20.3893278446904,10,0,15028.691241959,-15029.3396542968,1.54481238403774,1.5418159808907,1.5414517897281,0.000364191162593563,-0.186086617743085,0.00226802082185416,1.54481238403774,0,267.161443506003,60.6481711487664,5.11894378367891e-10,1,0.986605247120804,0,7.04617820632691e-05,0.000728382325187127,0,0,0
146.79,9499.94128983065,1.54482510351443,9500,9499.94941307435,1.67953412363058,1.54482510351443,0,-0.104356041217022,20.3890345016945,10,0,15028.7435326091,-15029.3365321105,1.54482510351443,1.5418159808907,1.54146128389072,0.000354696999975479,-0.178000175723793,0.00229972862378263,1.54482510351443,0,267.161443506003,60.6481711487664,4.76088685477272e-10,1,0.98660506936322,0,7.37307342393301e-05,0.000709393999950958,0,0,0
146.805,9499.93972449004,1.54483812889516,9500,9499.94730783421,1.67962552416084,1.54483812889516,0,-0.0945407545303659,20.3887362846588,9,0,15028.797866885,-15029.3350912795,1.54483812889516,1.5418159808907,1.54147136061556,0.000344620275137153,-0.169671840999349,0.00233290745419033,1.54483812889516,0,267.161443506003,60.6481711487664,9.96348544188222e-10,1,0.986604906796637,0,7.67989842795913e-05,0.000689240550274306,0,0,0
146.82,9499.93830637872,1.54485142883994,9500,9499.94534251577,1.67971495045807,1.54485142883994,0,-0.0846787524093504,20.3884338814024,9,0,15028.8540803892,-15029.335264244,1.54485142883994,1.5418159808907,1.54148199041463,0.000333990476063306,-0.161122355870292,0.00236746699711614,1.54485142883994,0,267.161443506003,60.6481711487664,9.15515573976577e-10,1,0.986604759520378,0,7.9663295007748e-05,0.000667980952126612,0,0,0
146.835,9499.93703619743,1.54486497230182,9500,9499.9435190129,1.67980224948859,1.54486497230182,0,-0.0747928052251327,20.3881279661619,9,0,15028.912042538,-15029.3370498095,1.54486497230182,1.5418159808907,1.54149314292507,0.000322837965626155,-0.15237271070479,0.00240331547986963,1.54486497230182,0,267.161443506003,60.6481711487664,8.31814965084039e-10,1,0.986604627607216,0,8.23209131457503e-05,0.00064567593125231,0,0,0
146.85,9499.93591430535,1.544878727639,9500,9499.94183891024,1.67988727465048,1.544878727639,0,-0.0649036635548952,20.3878192234499,9,0,15028.9716071358,-15029.3404196923,1.544878727639,1.5418159808907,1.54150478746194,0.00031119342875674,-0.143443812672445,0.00244035989078522,1.544878727639,0,267.161443506003,60.6481711487664,7.47670756066844e-10,1,0.986604511094453,0,8.47695280130623e-05,0.000622386857513479,0,0,0
146.865,9499.9349407504,1.54489266327097,9500,9499.94030347482,1.67996988621829,1.54489266327097,0,-0.0550317550332288,20.3875083328232,9,0,15029.0326269698,-15029.3453427561,1.54489266327097,1.5418159808907,1.54151689278976,0.00029908810094037,-0.134356627725617,0.00247850617839109,1.54489266327097,0,267.161443506003,60.6481711487664,6.63266486349334e-10,1,0.986604409987064,0,8.70072932706023e-05,0.00059817620188074,0,0,0
146.88,9499.93411527407,1.54490674778274,9500,9499.93891365776,1.68004995153955,1.54490674778274,0,-0.0451971245811455,20.3871959666953,9,0,15029.0949543324,-15029.3517851952,1.54490674778274,1.5418159808907,1.54152942717486,0.000286553715838522,-0.125132143374715,0.00251765946036287,1.54490674778274,0,267.161443506003,60.6481711487664,5.78781598184814e-10,1,0.986604324258205,0,8.90328297180609e-05,0.000573107431677045,0,0,0
146.895,9499.9334373172,1.54492094999518,9500,9499.93767009664,1.680127345209,1.54492094999518,0,-0.0354193940195094,20.3868827888893,9,0,15029.1584413739,-15029.3597106573,1.54492094999518,1.5418159808907,1.54154235845532,0.000273622435375653,-0.115791327519489,0.00255772423373599,1.54492094999518,0,267.161443506003,60.6481711487664,4.94391143780006e-10,1,0.986604253849804,0,9.08452037409191e-05,0.000547244870751307,0,0,0
146.91,9499.93290602629,1.54493523900791,9500,9499.93657311894,1.68020194921938,1.54493523900791,0,-0.0257158960372318,20.3865694590767,8,0,15029.2229304032,-15029.369059941,1.54493523900791,1.5418159808907,1.5415556541198,0.000260326770898045,-0.106355083779564,0.00259860457541941,1.54493523900791,0,267.161443506003,60.6481711487664,9.31047512474902e-10,1,0.98660419867322,0,9.24439442120395e-05,0.00052065354179609,0,0,0
146.925,9499.93252028785,1.54494958425763,9500,9499.93562274604,1.68027365308986,1.54494958425763,0,-0.0161094216277946,20.3862566103404,8,0,15029.2882960533,-15029.3798371856,1.54494958425763,1.5418159808907,1.54156928138239,0.000246699508307691,-0.0968442052520053,0.00264020435031482,1.54494958425763,0,267.161443506003,60.6481711487664,7.36998397489149e-10,1,0.986604158612814,0,9.38290194483216e-05,0.000493399016615381,0,0,0
146.94,9499.93227864653,1.54496395519193,9500,9499.93481870522,1.68034235379245,1.54496395519193,0,-0.00661614956266624,20.3859448882656,8,0,15029.354377665,-15029.3919736644,1.54496395519193,1.5418159808907,1.54158320744461,0.000232773446084522,-0.0872792228865053,0.00268242740906657,1.54496395519193,0,267.161443506003,60.6481711487664,5.49625586801216e-10,1,0.986604133517443,0,9.50008266391578e-05,0.000465546892169044,0,0,0
146.955,9499.93217940429,1.5449783222733,9500,9499.93416041726,1.68040795628668,1.5449783222733,0,0.00274488575018675,20.3856349225265,7,0,15029.4210389908,-15029.4054412899,1.5449783222733,1.5418159808907,1.54159739908992,0.000218581800776718,-0.0776806459017652,0.00272517778105419,1.5449783222733,0,267.161443506003,60.6481711487664,8.17843813653245e-10,1,0.986604123210758,0,9.59602144601224e-05,0.000437163601553436,0,0,0
146.97,9499.93222057757,1.54499265635632,9500,9499.93364701299,1.68047037332965,1.54499265635632,0,0.0119628592285712,20.3853273690854,6,0,15029.4881035015,-15029.4201250433,1.54499265635632,1.5418159808907,1.54161182309667,0.000204157794031268,-0.0680687227627992,0.00276835987756124,1.54499265635632,0,267.161443506003,60.6481711487664,9.64387251417163e-10,1,0.986604127486761,0,9.67084481817704e-05,0.000408315588062536,0,0,0
146.985,9499.93240002046,1.5450069290269,9500,9499.93327733442,1.68052952566425,1.5450069290269,0,0.0210123601824745,20.3850226620691,6,0,15029.5554741918,-15029.4360723124,1.5450069290269,1.5418159808907,1.54162644616222,0.000189534728481933,-0.0584634819067186,0.00281187867924304,1.5450069290269,0,267.161443506003,60.6481711487664,7.56281826434298e-10,1,0.986604146122588,0,9.72472145017722e-05,0.000379069456963865,0,0,0
147,9499.93271520586,1.54502111131025,9500,9499.93304996754,1.6805853414037,1.54502111131025,0,0.0298825901887068,20.3847214057635,7,0,15029.622974909,-15029.4531683039,1.54502111131025,1.5418159808907,1.5416412356438,0.000174745246892316,-0.0488842972063585,0.00285563992576884,1.54502111131025,0,267.161443506003,60.6481711487664,4.12333100941254e-10,1,0.986604178855792,0,9.75785779844252e-05,0.000349490493784632,0,0,0
147.015,9499.93316344472,1.54503517589746,9500,9499.93296320987,1.68063775704694,1.54503517589746,0,0.0385575334695818,20.3844243068949,7,0,15029.6904762355,-15029.4713746071,1.54503517589746,1.5418159808907,1.54165615853025,0.000159822360449091,-0.0393505108960326,0.00289955028586183,1.54503517589746,0,267.161443506003,60.6481711487664,8.13955650441476e-10,1,0.986604225407103,0,9.77050180961392e-05,0.000319644720898182,0,0,0
147.03,9499.93374180772,1.54504909574565,9500,9499.93301510323,1.68068671686274,1.54504909574565,0,0.047019376222904,20.3841318185045,8,0,15029.7578532693,-15029.4906675446,1.54504909574565,1.5418159808907,1.54167118223523,0.000144798655472123,-0.0298809572831044,0.00294351754400509,1.54504909574565,0,267.161443506003,60.6481711487664,5.30318166894963e-10,1,0.986604285472303,0,9.76293890571078e-05,0.000289597310944245,0,0,0
147.045,9499.93444709836,1.54506284438937,9500,9499.93320343778,1.68073217297952,1.54506284438937,0,0.0552580887639554,20.383844505384,8,0,15029.8249474581,-15029.5109455555,1.54506284438937,1.5418159808907,1.5416862745259,0.000129706364795812,-0.0204940159006053,0.00298745076908079,1.54506284438937,0,267.161443506003,60.6481711487664,6.94734681662822e-10,1,0.986604358719421,0,9.73549125067308e-05,0.000259412729591624,0,0,0
147.06,9499.93527596969,1.54507639664012,9500,9499.93352574797,1.68077408567659,1.54507639664012,0,0.0632587228204508,20.3835628535249,8,0,15029.8916361944,-15029.5321709741,1.54507639664012,1.5418159808907,1.54170140325584,0.000114577634855006,-0.0112077715984494,0.00303126047970882,1.54507639664012,0,267.161443506003,60.6481711487664,8.59021578939901e-10,1,0.986604444800864,0,9.68851778810897e-05,0.000229155269710013,0,0,0
147.075,9499.93622485053,1.54508972758509,9500,9499.9339793398,1.68081242288297,1.54508972758509,0,0.0710103962524143,20.3832873562557,9,0,15029.9577775626,-15029.5542637206,1.54508972758509,1.5418159808907,1.54171653694838,9.94439423169791e-05,-0.00203967734125296,0.00307485880975531,1.54508972758509,0,267.161443506003,60.6481711487664,4.50223567601644e-10,1,0.986604543345752,0,9.62241166679867e-05,0.000198887884633958,0,0,0
147.09,9499.93729000648,1.5451028131516,9500,9499.93456129198,1.68084716032116,1.5451028131516,0,0.078497289881236,20.3830184888817,9,0,15030.0232637363,-15029.5772058596,1.5451028131516,1.5418159808907,1.54173164459137,8.4336299323251e-05,0.00699332203302216,0.0031181596622559,1.5451028131516,0,267.161443506003,60.6481711487664,5.20966933658897e-10,1,0.986604653966252,0,9.5375980563972e-05,0.000168672598646502,0,0,0
147.105,9499.93846746583,1.54511562976245,9500,9499.93526847245,1.68087828125568,1.54511562976245,0,0.0857094196423692,20.3827567108984,9,0,15030.087959141,-15029.6009185497,1.54511562976245,1.5418159808907,1.54174669588157,6.92850091223995e-05,0.0158749224525007,0.00316107885350969,1.54511562976245,0,267.161443506003,60.6481711487664,5.87803938416401e-10,1,0.986604776249888,0,9.43453374342429e-05,0.000138570018244799,0,0,0
147.12,9499.93975310712,1.54512815528918,9500,9499.93609753157,1.68090577682608,1.54512815528918,0,0.092636216482073,20.3825024498488,9,0,15030.1517434268,-15029.6253414987,1.54512815528918,1.5418159808907,1.54176166081913,5.43200715648062e-05,0.0245892172653699,0.0032035342553551,1.54512815528918,0,267.161443506003,60.6481711487664,6.52414408202788e-10,1,0.986604909768631,0,9.31370661132469e-05,0.000108640143129612,0,0,0
147.135,9499.94114265037,1.5451403685834,9500,9499.93704491967,1.68092964576353,1.5451403685834,0,0.0992678846377739,20.3822561103519,9,0,15030.2145001774,-15029.6504139539,1.5451403685834,1.5418159808907,1.5417765100119,3.9470878799408e-05,0.0331208686915049,0.00324544593510606,1.5451403685834,0,267.161443506003,60.6481711487664,7.14701891592378e-10,1,0.986605054077987,0,9.1756340933502e-05,7.89417575988161e-05,0,0,0
147.15,9499.94263166864,1.54515224947404,9500,9499.9381068978,1.68094989426779,1.54515224947404,0,0.1055953913573,20.382018074301,9,0,15030.2761169291,-15029.6760747797,1.54515224947404,1.5418159808907,1.54179121474329,2.47661474066518e-05,0.0414551405447787,0.00328673628852614,1.54515224947404,0,267.161443506003,60.6481711487664,7.74574475320044e-10,1,0.986605208718203,0,9.02086074852093e-05,4.95322948133037e-05,0,0,0
147.165,9499.94421559951,1.54516377877326,9500,9499.93927954872,1.68096653587057,1.54516377877326,0,0.111610460776513,20.3817887008709,9,0,15030.336485248,-15029.7022625695,1.54516377877326,1.5418159808907,1.54180574703036,1.0233860332276e-05,0.0495779269629204,0.00332733016189448,1.54516377877326,0,267.161443506003,60.6481711487664,8.31946833220148e-10,1,0.986605373215454,0,8.84995768450914e-05,2.0467720664552e-05,0,0,0
147.18,9499.94588975642,1.54517493828742,9500,9499.94055878798,1.68097959128757,1.54517493828742,0,0.117305570563985,20.3815683264163,9,0,15030.3955008269,-15029.7289157617,1.54517493828742,1.5418159808907,1.54182007967807,-4.09878737706038e-06,0.0574757765259053,0.00336715497147477,1.54517493828742,0,267.161443506003,60.6481711487664,8.86740079869469e-10,1,0.986605547083023,0,8.66351975603585e-05,-8.19757475412075e-06,0,0,0
147.195,9499.94764933998,1.54518571083453,9500,9499.94194037509,1.68098908826032,1.54518571083453,0,0.12267395309522,20.3813572642304,9,0,15030.4530636139,-15029.7559727616,1.54518571083453,1.5418159808907,1.54183418632397,-1.82054332737991e-05,0.065135912192807,0.00340614081037693,1.54518571083453,0,267.161443506003,60.6481711487664,9.38881477868055e-10,1,0.986605729822474,0,8.46216502510266e-05,-3.64108665475982e-05,0,0,0
147.21,9499.94948944928,1.54519608023797,9500,9499.9434199247,1.68099506138908,1.54519608023797,0,0.127709581025651,20.3811558048116,9,0,15030.5090778288,-15029.7833720397,1.54519608023797,1.5418159808907,1.54184804149356,-3.20606028592074e-05,0.072546247123695,0.0034442205529899,1.54519608023797,0,267.161443506003,60.6481711487664,9.88304876869475e-10,1,0.98660592092483,0,8.24653259599017e-05,-6.41212057184148e-05,0,0,0
147.225,9499.95140509299,1.54520603138197,9500,9499.94499291787,1.68099755195598,1.54520603138197,0,0.132405166774548,20.3809642124039,10,0,15030.5634632845,-15029.8110748212,1.54520603138197,1.5418159808907,1.5418616206199,-4.56397292016852e-05,0.0796953977796367,0.00348132994967185,1.54520603138197,0,267.161443506003,60.6481711487664,4.56696321107654e-10,1,0.986606119871723,0,8.01728093633436e-05,-9.12794584033705e-05,0,0,0
147.24,9499.95339117049,1.54521555021802,9500,9499.9466547132,1.68099660774115,1.54521555021802,0,0.136760205798719,20.3807827341764,10,0,15030.6161117383,-15029.8389757315,1.54521555021802,1.5418159808907,1.54187490008398,-5.89191932831579e-05,0.0865726933470938,0.00351740771388536,1.54521555021802,0,267.161443506003,60.6481711487664,4.75081990688916e-10,1,0.986606326133432,0,7.77508624283385e-05,-0.000117838386566316,0,0,0
147.255,9499.95544257358,1.54522462417952,9500,9499.94840055032,1.68099228302823,1.54522462417952,0,0.140769249808019,20.3806115782911,10,0,15030.666953934,-15029.8670364751,1.54522462417952,1.5418159808907,1.54188785704727,-7.18761565754455e-05,0.093168068190735,0.00355239560197811,1.54522462417952,0,267.161443506003,60.6481711487664,4.93111691774134e-10,1,0.986606539179453,0,7.52064229598837e-05,-0.000143752313150891,0,0,0
147.27,9499.95755411233,1.54523324124213,9500,9499.95022557867,1.68098463796009,1.54523324124213,0,0.144429213620482,20.3804509426402,10,0,15030.7159122699,-15029.8951969831,1.54523324124213,1.5418159808907,1.54190046996114,-8.44890704392309e-05,0.0994723539794089,0.00358623849231006,1.54523324124213,0,267.161443506003,60.6481711487664,5.09856532679608e-10,1,0.98660675847079,0,7.25465592221752e-05,-0.000168978140878462,0,0,0
147.285,9499.95972055053,1.54524139052551,9500,9499.95212485977,1.68097373855101,1.54524139052551,0,0.14773779092342,20.3803009999902,10,0,15030.7629142991,-15029.9233979155,1.54524139052551,1.5418159808907,1.54191271829527,-9.67374045730551e-05,0.105477113365061,0.00361888444396004,1.54524139052551,0,267.161443506003,60.6481711487664,5.253031980579e-10,1,0.986606983463645,0,6.97784665391055e-05,-0.00019347480914611,0,0,0
147.3,9499.96193661739,1.54524906229835,9500,9499.95409337798,1.6809596564785,1.54524906229835,0,0.150693448237901,20.3801618980155,10,0,15030.8078927944,-15029.9515807607,1.54524906229835,1.5418159808907,1.54192458256382,-0.000108601673127096,0.111174637516725,0.00365028475390263,1.54524906229835,0,267.161443506003,60.6481711487664,5.39437787555231e-10,1,0.986607213610626,0,6.6909454855546e-05,-0.000217203346254191,0,0,0
147.315,9499.96419701912,1.54525624801647,9500,9499.95612605151,1.6809424688609,1.54525624801647,0,0.153295439166836,20.3800337586125,10,0,15030.8507859747,-15029.9796879805,1.54525624801647,1.5418159808907,1.5419360443321,-0.000120063441406026,0.116557947713933,0.00368039400858763,1.54525624801647,0,267.161443506003,60.6481711487664,5.52252108881159e-10,1,0.98660744836195,0,6.39469274226201e-05,-0.000240126882812053,0,0,0
147.33,9499.9664964507,1.54526294030068,9500,9499.95821774366,1.68092225802336,1.54526294030068,0,0.155543779225749,20.379916678517,10,0,15030.8915374491,-15030.0076630974,1.54526294030068,1.5418159808907,1.54194708624867,-0.00013110535797356,0.121620798545802,0.00370917012592781,1.54526294030068,0,267.161443506003,60.6481711487664,5.63739140882459e-10,1,0.986607687166674,0,6.08983739092128e-05,-0.00026221071594712,0,0,0
147.345,9499.96882960739,1.54526913295097,9500,9499.96036327407,1.68089911125097,1.54526913295097,0,0.157439245169978,20.3798107291308,10,0,15030.9300963329,-15030.035450815,1.54526913295097,1.5418159808907,1.54195769205765,-0.000141711166957048,0.12635768300442,0.00373657439418695,1.54526913295097,0,267.161443506003,60.6481711487664,5.73895375121446e-10,1,0.986607929473879,0,5.77713400897739e-05,-0.000283422333914096,0,0,0
147.36,9499.97119119607,1.54527482090167,9500,9499.96255743018,1.68087312053295,1.54527482090167,0,0.158983335148894,20.3797159576208,10,0,15030.9664170824,-15030.062997078,1.54527482090167,1.5418159808907,1.54196784663382,-0.0001518657431272,0.130763836692986,0.00376257149722735,1.54527482090167,0,267.161443506003,60.6481711487664,5.82719791377011e-10,1,0.986608174733853,0,5.45734236803153e-05,-0.000303731486254399,0,0,0
147.375,9499.9735759461,1.54528000021536,9500,9499.96479497853,1.68084438229799,1.54528000021536,0,0.160178255549808,20.379632387176,10,0,15031.000459514,-15030.090249167,1.54528000021536,1.5418159808907,1.54197753599731,-0.000161555106611644,0.134835241290878,0.00378712953788349,1.54528000021536,0,267.161443506003,60.6481711487664,5.90215174757049e-10,1,0.986608422399222,0,5.13122512828534e-05,-0.000323110213223288,0,0,0
147.39,9499.97597861993,1.54528466805357,9500,9499.96707067604,1.68081299714452,1.54528466805357,0,0.161026892292197,20.3795600177617,10,0,15031.03218871,-15030.117155767,1.54528466805357,1.5418159808907,1.54198674733474,-0.000170766444044901,0.138568625267291,0.00381022005096078,1.54528466805357,0,267.161443506003,60.6481711487664,5.96387237548117e-10,1,0.986608671926047,0,4.79954619205802e-05,-0.000341532888089802,0,0,0
147.405,9499.97839402331,1.54528882265788,9500,9499.96937928105,1.6807790695669,1.54528882265788,0,0.161532789340928,20.3794988266452,10,0,15031.0615749722,-15030.1436670432,1.54528882265788,1.5418159808907,1.54199546901152,-0.00017948812082258,0.141961461861905,0.00383181800882504,1.54528882265788,0,267.161443506003,60.6481711487664,6.01241692167351e-10,1,0.986608922774884,0,4.46306967785137e-05,-0.000358976241645159,0,0,0
147.42,9499.98081701515,1.54529246334401,9500,9499.97171556419,1.68074270767872,1.54529246334401,0,0.161700136290129,20.3794487686373,10,0,15031.0885938364,-15030.1697347262,1.54529246334401,1.5418159808907,1.54200369057523,-0.000187709684531745,0.145011964427493,0.00385190182237537,1.54529246334401,0,267.161443506003,60.6481711487664,6.04790983231786e-10,1,0.986609174411811,0,4.12255782724635e-05,-0.00037541936906349,0,0,0
147.435,9499.9832425172,1.54529559046488,9500,9499.97407431898,1.68070402293468,1.54529559046488,0,0.161533735452125,20.3794097770005,10,0,15031.1132259388,-15030.1953121651,1.54529559046488,1.5418159808907,1.5420114027699,-0.000195421879207069,0.147719078886427,0.00387045333259798,1.54529559046488,0,267.161443506003,60.6481711487664,6.0704711635131e-10,1,0.986609426309432,0,3.77876912707187e-05,-0.000390843758414139,0,0,0
147.45,9499.98566552323,1.54529820541226,9500,9499.97645037215,1.68066312985043,1.54529820541226,0,0.161038994935461,20.37938176352,10,0,15031.1354570631,-15030.2203544138,1.54529820541226,1.5418159808907,1.54201859752675,-0.000202616636055808,0.150082474368704,0.0038874577936698,1.54529820541226,0,267.161443506003,60.6481711487664,6.08024585094874e-10,1,0.986609677947833,0,3.43245768843481e-05,-0.000405233272111616,0,0,0
147.465,9499.98808110815,1.54530031059702,9500,9499.97883859374,1.68062014572219,1.54530031059702,0,0.160221907571532,20.3793646190336,10,0,15031.1552780845,-15030.2448182954,1.54530031059702,1.5418159808907,1.54202526796417,-0.000209287073473563,0.152102531628993,0.00390290385326776,1.54530031059702,0,267.161443506003,60.6481711487664,6.07741834444568e-10,1,0.986609928815523,0,3.08437107801041e-05,-0.000418574146947126,0,0,0
147.48,9499.99048443677,1.54530190942792,9500,9499.98123390688,1.68057519034538,1.54530190942792,0,0.159089029231533,20.3793582139909,10,0,15031.1726849078,-15030.2686624626,1.54530190942792,1.5418159808907,1.54203140838365,-0.000215427492950004,0.153780330163182,0.00391678352311881,1.54530190942792,0,267.161443506003,60.6481711487664,6.06218626457676e-10,1,0.986610178410349,0,2.73524931473368e-05,-0.000430854985900009,0,0,0
147.495,9499.9928707722,1.54530300630204,9500,9499.98363129733,1.68052838573264,1.54530300630204,0,0.157647465203684,20.3793623987562,10,0,15031.1876784573,-15030.291847466,1.54530300630204,1.5418159808907,1.54203701425755,-0.000221033366847756,0.155117634258433,0.00392909214503511,1.54530300630204,0,267.161443506003,60.6481711487664,6.03476625630066e-10,1,0.986610426240369,0,2.38582319758152e-05,-0.000442066733695512,0,0,0
147.51,9499.99523548418,1.54530360658161,9500,9499.98602582274,1.68047985583182,1.54530360658161,0,0.155904847796847,20.3793770042026,10,0,15031.2002646037,-15030.3143358072,1.54530360658161,1.5418159808907,1.54204208221995,-0.000226101329256823,0.156116878024899,0.00393982834942422,1.54530360658161,0,267.161443506003,60.6481711487664,5.99539837908403e-10,1,0.986610671824711,0,2.0368134096227e-05,-0.000452202658513645,0,0,0
147.525,9499.9975740569,1.54530371656196,9500,9499.98841262162,1.6804297262438,1.54530371656196,0,0.153869308353292,20.3794018424924,10,0,15031.2104540456,-15030.3360919802,1.54530371656196,1.5418159808907,1.54204661005995,-0.000230629169254204,0.15678114979529,0.00394899400976753,1.54530371656196,0,267.161443506003,60.6481711487664,5.94435342399538e-10,1,0.98661091469439,0,1.68892801473142e-05,-0.000461258338508408,0,0,0
147.54,9499.99988209652,1.54530334345418,9500,9499.99078692209,1.68037812394056,1.54530334345418,0,0.151549459609385,20.3794367075362,10,0,15031.2182622616,-15030.3570825233,1.54530334345418,1.5418159808907,1.54205059670187,-0.000234615811173233,0.157114175871186,0.00395659418583382,1.54530334345418,0,267.161443506003,60.6481711487664,5.88190364355657e-10,1,0.986611154393092,0,1.34286277393425e-05,-0.000469231622346467,0,0,0
147.555,9500.00215533842,1.54530249534999,9500,9499.99314405024,1.68032517698494,1.54530249534999,0,0.148954366110317,20.3794813758324,10,0,15031.2237093738,-15030.3772760506,1.54530249534999,1.5418159808907,1.54205404219521,-0.00023806130451387,0.157120303170456,0.00396263706831652,1.54530249534999,0,267.161443506003,60.6481711487664,5.80835933871658e-10,1,0.986611390477917,0,9.9929911847596e-06,-0.00047612260902774,0,0,0
147.57,9500.00438965391,1.54530118120096,9500,9499.99547943821,1.68027101425173,1.54530118120096,0,0.14609352509607,20.3795356069909,10,0,15031.226820081,-15030.3966432943,1.54530118120096,1.5418159808907,1.54205694769274,-0.000240966802044662,0.156804481206641,0.00396713391434966,1.54530118120096,0,267.161443506003,60.6481711487664,5.724035198309e-10,1,0.986611622520087,0,6.58902554206975e-06,-0.000481933604089324,0,0,0
147.585,9500.00658105679,1.54529941076806,9500,9499.99778863199,1.68021576515132,1.54529941076806,0,0.142976827908025,20.3795991448929,10,0,15031.2276234498,-15030.4151571144,1.54529941076806,1.5418159808907,1.54205931543994,-0.000243334549239194,0.156172243092049,0.00397009897584359,1.54529941076806,0,267.161443506003,60.6481711487664,5.62927078765625e-10,1,0.986611850105619,0,3.22322526646879e-06,-0.000486669098478387,0,0,0
147.6,9500.00872570921,1.54529719460681,9500,9500.00006729878,1.6801595593559,1.54529719460681,0,0.139614544933739,20.3796717180785,10,0,15031.2261528677,-15030.4327925383,1.54529719460681,1.5418159808907,1.54206114874625,-0.000245167855549511,0.155229685887827,0.00397154942721351,1.54529719460681,0,267.161443506003,60.6481711487664,5.52441884045182e-10,1,0.986612072835937,0,-9.80922709725718e-08,-0.000490335711099021,0,0,0
147.615,9500.01081992738,1.54529454402822,9500,9500.00231123407,1.68010252652992,1.54529454402822,0,0.136017295516199,20.3797530406507,10,0,15031.2224458871,-15030.4495267746,1.54529454402822,1.5418159808907,1.54206245196478,-0.000246471074084154,0.153983449560248,0.00397150528569157,1.54529454402822,0,267.161443506003,60.6481711487664,5.40985111251635e-10,1,0.986612290328467,0,-3.36880032447695e-06,-0.000492942148168307,0,0,0
147.63,9500.01286018681,1.54529147105097,9500,9500.0045163683,1.68004479606422,1.54529147105097,0,0.132196012269328,20.3798428133639,10,0,15031.2165440223,-15030.4653392138,1.54529147105097,1.5418159808907,1.54206323047333,-0.000247249582635112,0.152440695414841,0.00396998932554555,1.54529147105097,0,267.161443506003,60.6481711487664,5.28594081985408e-10,1,0.986612502217177,0,-6.58296736322228e-06,-0.000494499165270224,0,0,0
147.645,9500.014843127,1.54528798838196,9500,9500.00667877317,1.67998649681463,1.54528798838196,0,0.128161924224966,20.3799407240956,10,0,15031.2084926781,-15030.4802114525,1.54528798838196,1.5418159808907,1.54206349064018,-0.000247509749485397,0.150609083828784,0.0039670269902321,1.54528798838196,0,267.161443506003,60.6481711487664,5.15309337165697e-10,1,0.986612708153064,0,-9.73486591449024e-06,-0.000495019498970795,0,0,0
147.66,9500.01676555586,1.54528410937716,9500,9500.00879466752,1.67992775684653,1.54528410937716,0,0.123926527717159,20.3800464487383,10,0,15031.1983409863,-15030.4941272949,1.54528410937716,1.5418159808907,1.54206323979775,-0.00024725890705346,0.148496750632083,0.00396264630057058,1.54528410937716,0,267.161443506003,60.6481711487664,5.01172002751818e-10,1,0.98661290780462,0,-1.28189823414004e-05,-0.000494517814106921,0,0,0
147.675,9500.01862445378,1.54527984799039,9500,9500.01086042287,1.67986870318425,1.54527984799039,0,0.119501549508398,20.3801596523467,10,0,15031.1861415825,-15030.5070727397,1.54527984799039,1.5418159808907,1.54206248622011,-0.000246505329413615,0.146112283402065,0.00395687775851695,1.54527984799039,0,267.161443506003,60.6481711487664,4.86222911653201e-10,1,0.986613100858245,0,-1.58300284676116e-05,-0.000493010658827231,0,0,0
147.69,9500.02041697702,1.54527521875331,9500,9500.01287256853,1.67980946156652,1.54527521875331,0,0.114898930949852,20.3802799896063,10,0,15031.1719505274,-15030.519035991,1.54527521875331,1.5418159808907,1.54206123908224,-0.000245258191546416,0.143464697046605,0.00394975424570653,1.54527521875331,0,267.161443506003,60.6481711487664,4.70505530684047e-10,1,0.986613287018608,0,-1.87629442929271e-05,-0.000490516383092832,0,0,0
147.705,9500.02214046098,1.54527023673064,9500,9500.01482779629,1.67975015620901,1.54527023673064,0,0.110130795917956,20.380407105833,10,0,15031.1558271105,-15030.5300074443,1.54527023673064,1.5418159808907,1.54205950843111,-0.000243527540417343,0.140563408457874,0.00394131092077471,1.54527023673064,0,267.161443506003,60.6481711487664,4.54064204386499e-10,1,0.986613466008979,0,-2.1612906465629e-05,-0.000487055080834686,0,0,0
147.72,9500.02379242292,1.54526491747828,9500,9500.01672296476,1.67969090957285,1.54526491747828,0,0.105211356081152,20.3805406395498,9,0,15031.1378231351,-15030.5399581452,1.54526491747828,1.5418159808907,1.54205730515334,-0.000241324262640674,0.137418211246924,0.00393158511286518,1.54526491747828,0,267.161443506003,60.6481711487664,9.90004873111958e-10,1,0.986613637571516,0,-2.4375334536586e-05,-0.000482648525281348,0,0,0
147.735,9500.02537059326,1.54525927701068,9500,9500.01855510321,1.67963184214048,1.54525927701068,0,0.100149047810547,20.3806802168793,9,0,15031.1180254364,-15030.5489269888,1.54525927701068,1.5418159808907,1.54205464093687,-0.000238660046169459,0.134039249924287,0.00392061621232371,1.54525927701068,0,267.161443506003,60.6481711487664,9.51836511360358e-10,1,0.986613801470513,0,-2.70458983888666e-05,-0.000477320092338918,0,0,0
147.75,9500.02687282898,1.54525333138196,9500,9500.02032142265,1.6795730720081,1.54525333138196,0,0.0949581686782601,20.3808254696727,9,0,15031.0964891658,-15030.5568878805,1.54525333138196,1.5418159808907,1.54205152842409,-0.000235547533394387,0.130437104619738,0.00390844555804872,1.54525333138196,0,267.161443506003,60.6481711487664,9.10187799804005e-10,1,0.986613957483412,0,-2.96205329748389e-05,-0.000471095066788774,0,0,0
147.765,9500.02829720151,1.54524709758535,9500,9500.02201930149,1.67951471511241,1.54524709758535,0,0.0896514274121188,20.3809760103659,9,0,15031.0732856438,-15030.5638399227,1.54524709758535,1.5418159808907,1.54204798070247,-0.000231999811776573,0.126622483914355,0.00389511631821005,1.54524709758535,0,267.161443506003,60.6481711487664,8.67301951172609e-10,1,0.986614105409922,0,-3.20954131411977e-05,-0.000463999623553146,0,0,0
147.78,9500.02964197292,1.54524059292604,9500,9500.02364629776,1.67945688479535,1.54524059292604,0,0.0842415593711615,20.3811314469041,9,0,15031.0484884512,-15030.5697843271,1.54524059292604,1.5418159808907,1.54204401156417,-0.000228030673476765,0.122606376254853,0.00388067338229651,1.54524059292604,0,267.161443506003,60.6481711487664,8.23290334924687e-10,1,0.986614245069552,0,-3.44669816294552e-05,-0.000456061346953529,0,0,0
147.795,9500.03090559631,1.54523383495175,9500,9500.02520015192,1.67939969159695,1.54523383495175,0,0.0787412846061847,20.381291384239,9,0,15031.0221730928,-15030.5747243161,1.54523383495175,1.5418159808907,1.54203963548045,-0.000223654589757594,0.118400030134278,0.00386516324056325,1.54523383495175,0,267.161443506003,60.6481711487664,7.78260953844831e-10,1,0.986614376301652,0,-3.67319406671118e-05,-0.000447309179515187,0,0,0
147.81,9500.03208671558,1.54522684142529,9500,9500.02667878915,1.67934324306199,1.54522684142529,0,0.0731632898255579,20.3814554249154,9,0,15030.9944168656,-15030.5786650936,1.54522684142529,1.5418159808907,1.54203486755703,-0.000218886666332629,0.114014929375636,0.00384863386726305,1.54522684142529,0,267.161443506003,60.6481711487664,7.32322541806339e-10,1,0.986614498965385,0,-3.88872668033446e-05,-0.000437773332665259,0,0,0
147.825,9500.03318416493,1.54521963025973,9500,9500.02808032089,1.67928764356129,1.54521963025973,0,0.0675201875083963,20.3816231704598,9,0,15030.9652985567,-15030.5816137756,1.54521963025973,1.5418159808907,1.54202972350478,-0.000213742614084689,0.109462764413916,0.00383113459720155,1.54521963025973,0,267.161443506003,60.6481711487664,6.8558397842554e-10,1,0.986614612939677,0,-4.09302073369755e-05,-0.000427485228169378,0,0,0
147.84,9500.03419696774,1.54521221952157,9500,9500.02940304587,1.6792329941255,1.54521221952157,0,0.0618245185158614,20.3817942212957,9,0,15030.9348984513,-15030.5835793827,1.54521221952157,1.5418159808907,1.54202421957721,-0.000208238686512319,0.104755401990616,0.00381271600389991,1.54521221952157,0,267.161443506003,60.6481711487664,6.38152971987957e-10,1,0.986614718123106,0,-4.28582789444576e-05,-0.000416477373024637,0,0,0
147.855,9500.03512433552,1.54520462736837,9500,9500.03064545065,1.67917939229223,1.54520462736837,0,0.0560887131955229,20.3819681780737,9,0,15030.9032980391,-15030.5845727684,1.54520462736837,1.5418159808907,1.54201837254105,-0.000202391650352407,0.0999048533436988,0.0037934297783749,1.54520462736837,0,267.161443506003,60.6481711487664,5.90137815659102e-10,1,0.98661481443378,0,-4.46692761597589e-05,-0.000404783300704814,0,0,0
147.87,9500.03596566622,1.54519687206691,9500,9500.03180620965,1.67912693196308,1.54519687206691,0,0.050325104270529,20.3821446412592,9,0,15030.8705800908,-15030.5846066215,1.54519687206691,1.5418159808907,1.54201219960464,-0.00019621871394615,0.0949232434789883,0.00377332860410301,1.54519687206691,0,267.161443506003,60.6481711487664,5.41644753295732e-10,1,0.986614901809176,0,-4.63612662853219e-05,-0.0003924374278923,0,0,0
147.885,9500.03672054278,1.54518897193306,9500,9500.03288418481,1.67907570327225,1.54518897193306,0,0.0445458895460675,20.3823232124086,9,0,15030.836828372,-15030.5836953924,1.54518897193306,1.5418159808907,1.54200571838666,-0.000189737495958076,0.0898227804790754,0.00375246603427462,1.54518897193306,0,267.161443506003,60.6481711487664,4.92780174699457e-10,1,0.986614980205981,0,-4.79325884781279e-05,-0.000379474991916151,0,0,0
147.9,9500.03738873113,1.54518094530918,9500,9500.03387842493,1.6790257924624,1.54518094530918,0,0.0387631191481552,20.3825034946304,9,0,15030.8021275295,-15030.5818552522,1.54518094530918,1.5418159808907,1.54199894686619,-0.000182965975488392,0.0846157275506585,0.00373089636945946,1.54518094530918,0,267.161443506003,60.6481711487664,4.4364944489766e-10,1,0.986615049599884,0,-4.93818570661553e-05,-0.000365931950976783,0,0,0
147.915,9500.03797017791,1.54517281053718,9500,9500.03478816466,1.67897728177016,1.54517281053718,0,0.0329869160735221,20.3826850892662,8,0,15030.7665724857,-15030.5791235979,1.54517281053718,1.5418159808907,1.54199190333435,-0.000175922443650389,0.0793143759170254,0.00370867453377969,1.54517281053718,0,267.161443506003,60.6481711487664,8.94546997910937e-10,1,0.986615109985346,0,-5.0707953306528e-05,-0.000351844887300778,0,0,0
147.93,9500.03846498165,1.54516458591819,9500,9500.03561282317,1.67893024932026,1.54516458591819,0,0.0272327565218118,20.3828676121574,8,0,15030.7302287898,-15030.5754780343,1.54516458591819,1.5418159808907,1.54198460635435,-0.000168625463651706,0.0739310191734526,0.00368585595479175,1.54516458591819,0,267.161443506003,60.6481711487664,7.78470654807837e-10,1,0.986615161372598,0,-5.19100323459476e-05,-0.000337250927303412,0,0,0
147.945,9500.038873473,1.54515629000628,9500,9500.03635199569,1.67888476920226,1.54515629000628,0,0.0215103233663595,20.3830506642853,8,0,15030.6931952023,-15030.5709622975,1.54515629000628,1.5418159808907,1.54197707455302,-0.000161093662324641,0.0684778278434562,0.00366249644023607,1.54515629000628,0,267.161443506003,60.6481711487664,6.67261147879038e-10,1,0.98661520379598,0,-5.29875020054416e-05,-0.000322187324649281,0,0,0
147.96,9500.03919612785,1.54514794068679,9500,9500.03700546806,1.67884091096933,1.54514794068679,0,0.0158307380111606,20.3832338668157,8,0,15030.6555571416,-15030.5655986074,1.54514794068679,1.5418159808907,1.54196932702482,-0.000153346134120547,0.0629670909522365,0.00363865206433363,1.54514794068679,0,267.161443506003,60.6481711487664,5.56365042977046e-10,1,0.986615237304915,0,-5.39400509851351e-05,-0.000306692268241093,0,0,0
147.975,9500.03943358892,1.54513955573874,9500,9500.03757320493,1.67879873979391,1.54513955573874,0,0.0102048966288909,20.3834168451244,8,0,15030.6174002568,-15030.5594106947,1.54513955573874,1.5418159808907,1.54196138298737,-0.000145402096674907,0.0574110164511038,0.00361437904139031,1.54513955573874,0,267.161443506003,60.6481711487664,4.4601721412479e-10,1,0.986615261966151,0,-5.47676267932395e-05,-0.000290804193349814,0,0,0
147.99,9500.03958666237,1.54513115277987,9500,9500.03805534669,1.67875831641244,1.54513115277987,0,0.0046448624570745,20.383599221824,7,0,15030.5788021037,-15030.5524075645,1.54513115277987,1.5418159808907,1.54195326175078,-0.000137280860082578,0.0518217033356778,0.00358973360933336,1.54513115277987,0,267.161443506003,60.6481711487664,7.58312601301281e-10,1,0.986615277863411,0,-5.54704334483347e-05,-0.000274561720165156,0,0,0
148.005,9500.03965633531,1.54512274924969,9500,9500.03845220629,1.67871969707468,1.54512274924969,0,-0.000842303843249181,20.3837806495001,7,0,15030.5398667611,-15030.5446531724,1.54512274924969,1.5418159808907,1.54194498266834,-0.000129001777644522,0.0462111186439701,0.00356477191428161,1.54512274924969,0,267.161443506003,60.6481711487664,5.20415139082388e-10,1,0.986615285099211,0,-5.60489268432995e-05,-0.000258003555289044,0,0,0
148.02,9500.03964370075,1.54511436211557,9500,9500.03876427138,1.67868293335878,1.54511436211557,0,-0.00624632558381879,20.3839607206138,6,0,15030.5006745113,-15030.5361694023,1.54511436211557,1.5418159808907,1.54193656522686,-0.000120584336166685,0.0405911588876741,0.00353954989720212,1.54511436211557,0,267.161443506003,60.6481711487664,6.41705683222317e-10,1,0.986615283787064,0,-5.65038164834775e-05,-0.000241168672333369,0,0,0
148.035,9500.03955000587,1.54510600855619,9500,9500.03899218649,1.67864807249315,1.54510600855619,0,-0.0115529815212317,20.3841391781472,6,0,15030.4612904767,-15030.5269405633,1.54510600855619,1.5418159808907,1.54192802864784,-0.000112047757143685,0.0349734026438448,0.00351412317978456,1.54510600855619,0,267.161443506003,60.6481711487664,3.90959829955276e-10,1,0.986615274056494,0,-5.68360441444149e-05,-0.00022409551428737,0,0,0
148.05,9500.03937671114,1.54509770568457,9500,9500.03913675236,1.67861515725682,1.54509770568457,0,-0.0167552689838456,20.3843156213953,6,0,15030.4218139363,-15030.5170261409,1.54509770568457,1.5418159808907,1.54191939197372,-0.000103411083023364,0.0293691704204566,0.00348854695991957,1.54509770568457,0,267.161443506003,60.6481711487664,7.65452951560667e-10,1,0.986615256059177,0,-5.7046774641023e-05,-0.000206822166046727,0,0,0
148.065,9500.03912538211,1.54508946954626,9500,9500.03919894067,1.67858422548628,1.54508946954626,0,-0.0218458173863177,20.3844897649728,7,0,15030.3823361834,-15030.506475544,1.54508946954626,1.5418159808907,1.54191067451858,-9.46936278818367e-05,0.0237898000879166,0.00346287591133111,1.54508946954626,0,267.161443506003,60.6481711487664,4.37914591598499e-10,1,0.9866152299577,0,-5.71374247242407e-05,-0.000189387255763673,0,0,0
148.08,9500.03879769485,1.5450813158559,9500,9500.03917987705,1.67855531038119,1.5450813158559,0,-0.0268137885031022,20.3846612057557,7,0,15030.3429227772,-15030.4952927429,1.5450813158559,1.5418159808907,1.5419018954432,-8.59145525007321e-05,0.0182463910544582,0.0034371640702052,1.5450813158559,0,267.161443506003,60.6481711487664,6.73583272180936e-10,1,0.98661519592613,0,-5.71096373889191e-05,-0.000171829105001464,0,0,0
148.095,9500.03839548802,1.54507326027219,9500,9500.03908082976,1.67852844067423,1.54507326027219,0,-0.0316512982971347,20.3848296720478,7,0,15030.3036588832,-15030.4835181012,1.54507326027219,1.5418159808907,1.54189307356664,-7.70926759441348e-05,0.0127496913491624,0.00341146473338019,1.54507326027219,0,267.161443506003,60.6481711487664,8.99468906454806e-10,1,0.98661515415542,0,-5.69652568611634e-05,-0.00015418535188827,0,0,0
148.11,9500.03792071855,1.54506531782762,9500,9500.03890321488,1.67850364039298,1.54506531782762,0,-0.0363481686332951,20.3849948736456,8,0,15030.2646108393,-15030.4711601188,1.54506531782762,1.5418159808907,1.54188422760613,-6.82467154367039e-05,0.0073102514730794,0.00338583036779266,1.54506531782762,0,267.161443506003,60.6481711487664,4.92767917446082e-10,1,0.986615104848803,0,-5.67063523708722e-05,-0.000136493430873408,0,0,0
148.125,9500.03737549602,1.54505750305316,9500,9500.03864858867,1.6784809289437,1.54505750305316,0,-0.0409009978243757,20.3851565025208,8,0,15030.2258768758,-15030.4582976954,1.54505750305316,1.5418159808907,1.54187537606408,-5.93951733816045e-05,0.00193835508303471,0.00336031250922577,1.54505750305316,0,267.161443506003,60.6481711487664,5.82371282842064e-10,1,0.986615048225367,0,-5.63351880811247e-05,-0.000118790346763209,0,0,0
148.14,9500.03676198105,1.54504982954604,9500,9500.0383186508,1.67846032092387,1.54504982954604,0,-0.0453011283765504,20.3853143015169,8,0,15030.1875197176,-15030.4449443593,1.54504982954604,1.5418159808907,1.54186653740032,-5.05565096231564e-05,-0.00335587418238457,0.00333496167458927,1.54504982954604,0,267.161443506003,60.6481711487664,6.73613919200583e-10,1,0.986614984509502,0,-5.58542460231681e-05,-0.000101113019246313,0,0,0
148.155,9500.03608246412,1.54504231095519,9500,9500.03791522037,1.67844182662262,1.54504231095519,0,-0.0495418200063909,20.3854680038547,8,0,15030.1496125854,-15030.4311350288,1.54504231095519,1.5418159808907,1.54185772949039,-4.17485996946354e-05,-0.00856279036355892,0.00330982726387884,1.54504231095519,0,267.161443506003,60.6481711487664,7.62084809761643e-10,1,0.986614913939083,0,-5.52661743342675e-05,-8.34971993892708e-05,0,0,0
148.17,9500.03533933682,1.54503496042291,9500,9500.03744023868,1.67842545186257,1.54503496042291,0,-0.0536167444143513,20.385617354821,8,0,15030.1122267229,-15030.4169049869,1.54503496042291,1.5418159808907,1.5418489698673,-3.29889766070846e-05,-0.0136730797109027,0.00328495748542842,1.54503496042291,0,267.161443506003,60.6481711487664,8.47657370068504e-10,1,0.986614836762483,0,-5.45738053774336e-05,-6.59779532141691e-05,0,0,0
148.185,9500.03453508566,1.54502779055641,9500,9500.0368957637,1.67841119804697,1.54502779055641,0,-0.057520004387213,20.3857621123042,8,0,15030.0754312681,-15030.4022898603,1.54502779055641,1.5418159808907,1.54184027569434,-2.42948036466295e-05,-0.0186777677793669,0.00326039927300857,1.54502779055641,0,267.161443506003,60.6481711487664,9.301993072258e-10,1,0.986614753237938,0,-5.37801376652158e-05,-4.8589607293259e-05,0,0,0
148.2,9500.03367228559,1.54502081337568,9500,9500.03628396448,1.67839906221525,1.54502081337568,0,-0.0612481283568217,20.3859020469963,9,0,15030.0393037199,-15030.3873474206,1.54502081337568,1.5418159808907,1.54183166375374,-1.56828630393235e-05,-0.0235682274482692,0.00323619821105923,1.54502081337568,0,267.161443506003,60.6481711487664,4.4573222246812e-10,1,0.986614663632867,0,-5.28883360702004e-05,-3.13657260786471e-05,0,0,0
148.215,9500.03275356367,1.54501404031548,9500,9500.03560711525,1.67838903710872,1.54501404031548,0,-0.0647923206284477,20.3860369450735,9,0,15030.0038876791,-15030.3720712868,1.54501404031548,1.5418159808907,1.54182315040822,-7.1695175245523e-06,-0.028336188627432,0.00321239845982764,1.54501404031548,0,267.161443506003,60.6481711487664,4.81418368657981e-10,1,0.986614568220097,0,-5.19017122035947e-05,-1.43390350491046e-05,0,0,0
148.23,9500.03178167886,1.54500748254776,9500,9500.03486758169,1.67838111144115,1.54500748254776,0,-0.068149661142322,20.3861665978239,9,0,15029.9692565718,-15030.356518292,1.54500748254776,1.5418159808907,1.54181475140683,1.22948386516164e-06,-0.0329738622322101,0.00318904268933602,1.54500748254776,0,267.161443506003,60.6481711487664,5.13667893304905e-10,1,0.98661446728616,0,-5.08237173022508e-05,2.45896773032328e-06,0,0,0
148.245,9500.03075943394,1.5450011501125,9500,9500.0340678314,1.67837526956359,1.5450011501125,0,-0.0713161969072396,20.3862908219808,9,0,15029.9354688744,-15030.3407244495,1.5450011501125,1.5418159808907,1.54180648228807,9.49860262666746e-06,-0.0374736789576876,0.00316617201655001,1.5450011501125,0,267.161443506003,60.6481711487664,5.44370422007544e-10,1,0.986614361122133,0,-4.9657946939341e-05,1.89972052533349e-05,0,0,0
148.26,9500.02968969099,1.54499505240883,9500,9500.03321041884,1.67837149177062,1.54499505240883,0,-0.0742884393173241,20.3864094487421,9,0,15029.9025803031,-15030.3247256518,1.54499505240883,1.5418159808907,1.54179835810184,1.7622788853755e-05,-0.0418284628998797,0.0031438259404273,1.54499505240883,0,267.161443506003,60.6481711487664,5.73489367934265e-10,1,0.986614250025255,0,-4.84081280522908e-05,3.524557770751e-05,0,0,0
148.275,9500.0285753644,1.544989198229,9500,9500.03229797821,1.67836975441658,1.544989198229,0,-0.0770633384176914,20.3865223229586,9,0,15029.870643959,-15030.3085576687,1.544989198229,1.5418159808907,1.54179039336295,2.55875277486162e-05,-0.0460314498733488,0.00312204228280377,1.544989198229,0,267.161443506003,60.6481711487664,6.00990046354806e-10,1,0.986614134298197,0,-4.7078098496911e-05,5.11750554972323e-05,0,0,0
148.29,9500.02741941432,1.54498359576809,9500,9500.03133321631,1.67837003003605,1.54498359576809,0,-0.079638271299506,20.3866293028482,9,0,15029.8397103428,-15030.2922560966,1.54498359576809,1.5418159808907,1.54178260202124,3.33788694553139e-05,-0.0500763010063808,0.00310085713848016,1.54498359576809,0,267.161443506003,60.6481711487664,6.26843040627777e-10,1,0.98661401424838,0,-4.56718030592551e-05,6.67577389106278e-05,0,0,0
148.305,9500.02622484025,1.54497825262769,9500,9500.0303189056,1.67837228746621,1.54497825262769,0,-0.0820110331850825,20.3867302598433,9,0,15029.8098273496,-15030.2758563022,1.54497825262769,1.5418159808907,1.54177499743575,4.09834549441879e-05,-0.0539571113707709,0.0030803048271035,1.54497825262769,0,267.161443506003,60.6481711487664,6.51019226429551e-10,1,0.986613890187315,0,-4.41932859678307e-05,8.19669098883757e-05,0,0,0
148.32,9500.02499467476,1.54497317579638,9500,9500.02925787739,1.67837649197078,1.54497317579638,0,-0.084179844942757,20.3868250789376,9,0,15029.7810401487,-15030.2593933455,1.54497317579638,1.5418159808907,1.54176759236206,4.83885286344243e-05,-0.0576684145567934,0.00306041784841797,1.54497317579638,0,267.161443506003,60.6481711487664,6.7349665007179e-10,1,0.986613762429945,0,-4.26466728722374e-05,9.67770572688487e-05,0,0,0
148.335,9500.02373197708,1.54496837165534,9500,9500.02815301514,1.6783826053654,1.54496837165534,0,-0.0861433433677537,20.3869136584927,9,0,15029.7533911856,-15030.2429019257,1.54496837165534,1.5418159808907,1.54176039893119,5.55819595080553e-05,-0.0612051840902767,0.00304122684562547,1.54496837165534,0,267.161443506003,60.6481711487664,6.94255260041388e-10,1,0.986613631293985,0,-4.10361698868211e-05,0.000111163919016111,0,0,0
148.35,9500.02243982693,1.54496384593528,9500,9500.02700724786,1.67839058614629,1.54496384593528,0,-0.087900603659055,20.38699591109,9,0,15029.7269199531,-15030.2264162813,1.54496384593528,1.5418159808907,1.541753428653,6.25522377013521e-05,-0.0645628335705605,0.0030227605691764,1.54496384593528,0,267.161443506003,60.6481711487664,7.13277785103656e-10,1,0.986613497099272,0,-3.9366043935285e-05,0.000125104475402704,0,0,0
148.365,9500.02112131787,1.54495960372705,9500,9500.02582354363,1.67840038962121,1.54495960372705,0,-0.0894511264943327,20.3870717632283,9,0,15029.7016630149,-15030.2099701387,1.54495960372705,1.5418159808907,1.54174669239722,6.92884934727633e-05,-0.067737215222149,0.00300504584940552,1.54495960372705,0,267.161443506003,60.6481711487664,7.30551636840005e-10,1,0.986613360167087,0,-3.76406221231917e-05,0.000138576986945527,0,0,0
148.38,9500.01977955098,1.54495564946087,9500,9500.02460490305,1.67841196804594,1.54495564946087,0,-0.0907948454417569,20.3871411556958,9,0,15029.6776538829,-15030.1935966332,1.54495564946087,1.5418159808907,1.54174020039034,7.57805003595013e-05,-0.0707246191154484,0.00298810756945008,1.54495564946087,0,267.161443506003,60.6481711487664,7.46068177943361e-10,1,0.986613220819487,0,-3.58642813311771e-05,0.000151561000719003,0,0,0
148.395,9500.01841762829,1.5449519868951,9500,9500.02335435274,1.67842527076462,1.5449519868951,0,-0.0919321289349724,20.3872040437362,9,0,15029.6549229354,-15030.1773282373,1.5449519868951,1.5418159808907,1.54173396220992,8.20186807737322e-05,-0.073521771996574,0.00297196864285105,1.5449519868951,0,267.161443506003,60.6481711487664,7.59821697818575e-10,1,0.986613079378632,0,-3.40414311974513e-05,0.000164037361547464,0,0,0
148.41,9500.01703864636,1.54494861912584,9500,9500.02207493889,1.67844024435501,1.54494861912584,0,-0.0928637677307511,20.387260396767,9,0,15029.6334974373,-15030.16119671,1.54494861912584,1.5418159808907,1.54172798677253,8.79941181661792e-05,-0.0761258363760031,0.0029566499988122,1.54494861912584,0,267.161443506003,60.6481711487664,7.71810290696574e-10,1,0.986612936166108,0,-3.21765123689755e-05,0.000175988236332358,0,0,0
148.425,9500.01564568985,1.54494554858977,9500,9500.02076972073,1.67845683277893,1.54494554858977,0,-0.0935909675243963,20.3873101982451,9,0,15029.6134015262,-15030.1452330409,1.54494554858977,1.5418159808907,1.54172228232528,9.36985654138578e-05,-0.0785344100334081,0.00294217056824616,1.54494554858977,0,267.161443506003,60.6481711487664,7.82036294709897e-10,1,0.986612791502271,0,-3.02739854420864e-05,0.000187397130827716,0,0,0
148.44,9500.01424182533,1.54494277706214,9500,9500.01944176408,1.67847497753625,1.54494277706214,0,-0.0941153445782753,20.3873534456381,9,0,15029.5946561777,-15030.1294673908,1.54494277706214,1.5418159808907,1.54171685644237,9.91244483248277e-05,-0.0807455248273033,0.00292854727479722,1.54494277706214,0,267.161443506003,60.6481711487664,7.90504682105364e-10,1,0.986612645705597,0,-2.83383184171981e-05,0.000198248896649655,0,0,0
148.455,9500.01283009516,1.54494030567706,9500,9500.01809413495,1.67849461782255,1.54494030567706,0,-0.0944389072035885,20.3873901499162,9,0,15029.577279274,-15030.1139290545,1.54494030567706,1.5418159808907,1.54171171601327,0.000104264877428095,-0.0827576450973971,0.00291579503150948,1.54494030567706,0,267.161443506003,60.6481711487664,7.9722540083694e-10,1,0.986612499092044,0,-2.63739809964747e-05,0.00020852975485619,0,0,0
148.47,9500.01141351156,1.54493813492301,9500,9500.01672989324,1.67851569068971,1.54493813492301,0,-0.094564053400935,20.3874203355812,9,0,15029.5612855582,-15030.0986464027,1.54493813492301,1.5418159808907,1.54170686724457,0.000109113646127978,-0.0845696653742101,0.00290392674006107,1.54493813492301,0,267.161443506003,60.6481711487664,8.02210593997995e-10,1,0.986612351974444,0,-2.43854339221361e-05,0.000218227292255957,0,0,0
148.485,9500.00999505076,1.54493626467832,9500,9500.01535208647,1.67853813120832,1.54493626467832,0,-0.0944935423403961,20.3874440398355,9,0,15029.5466867777,-15030.0836468626,1.54493626467832,1.5418159808907,1.54170231564428,0.000113665246412875,-0.0861809068249439,0.00289295329479611,1.54493626467832,0,267.161443506003,60.6481711487664,8.05477234111345e-10,1,0.986612204661889,0,-2.23771187581878e-05,0.00022733049282575,0,0,0
148.5,9500.00857764762,1.54493469420247,9500,9500.0139637437,1.67856187263255,1.54493469420247,0,-0.0942304955977047,20.3874613127061,9,0,15029.5334916189,-15030.0689568593,1.54493469420247,1.5418159808907,1.54169806603049,0.000117914860206403,-0.0875911132784437,0.00288288359135492,1.54493469420247,0,267.161443506003,60.6481711487664,8.07043757166293e-10,1,0.986612057459178,0,-2.03534504938929e-05,0.000235829720412806,0,0,0
148.515,9500.00716419019,1.5449334221531,9500,9500.01256786958,1.67858684656466,1.5449334221531,0,-0.0937783808252224,20.3874722166165,9,0,15029.521705766,-15030.0546017827,1.5449334221531,1.5418159808907,1.54169412252881,0.000121858361885163,-0.0888004451788031,0.00287372453863267,1.5449334221531,0,267.161443506003,60.6481711487664,8.0693328230022e-10,1,0.986611910666242,0,-1.83188122711009e-05,0.000243716723770326,0,0,0
148.53,9500.00575751447,1.54493244660064,9500,9500.01116743852,1.67861298312087,1.54493244660064,0,-0.0931409979670526,20.3874768260116,9,0,15029.511331946,-15030.0406059538,1.54493244660064,1.5418159808907,1.54169048857228,0.000125492318413745,-0.0898094731596955,0.00286548107311068,1.54493244660064,0,267.161443506003,60.6481711487664,8.05171270266373e-10,1,0.986611764577614,0,-1.62775344842991e-05,0.000250984636827489,0,0,0
148.545,9500.00436039951,1.54493176504504,9500,9500.00976538908,1.67864021109741,1.54493176504504,0,-0.0923224638396301,20.3874752269393,9,0,15029.5023699877,-15030.0269925956,1.54493176504504,1.5418159808907,1.54168716690482,0.000128813985874832,-0.0906191705722554,0.00285815618259274,1.54493176504504,0,267.161443506003,60.6481711487664,8.0178625520247e-10,1,0.986611619481906,0,-1.42339049833407e-05,0.000257627971749663,0,0,0
148.56,9500.00297556255,1.54493137441495,9500,9500.00836461847,1.67866845813652,1.54493137441495,0,-0.0913272082778813,20.3874675170143,9,0,15029.4948167976,-15030.0137837879,1.54493137441495,1.5418159808907,1.54168415959125,0.000131821299450774,-0.0912309051443373,0.00285175092535024,1.54493137441495,0,267.161443506003,60.6481711487664,7.96809991007845e-10,1,0.986611475661315,0,-1.21921435611849e-05,0.000263642598901548,0,0,0
148.575,9500.00160565442,1.54493127109816,9500,9500.00696797726,1.6786976508917,1.54493127109816,0,-0.0901599504621359,20.3874538047076,9,0,15029.4886664824,-15030.0010004547,1.54493127109816,1.5418159808907,1.54168146801734,0.000134512873359194,-0.0916464297486985,0.00284626446074771,1.54493127109816,0,267.161443506003,60.6481711487664,7.9027657328234e-10,1,0.986611333391141,0,-1.01564065742021e-05,0.000269025746718388,0,0,0
148.59,9500.00025325517,1.54493145094338,9500,9500.00557826427,1.67872771519321,1.54493145094338,0,-0.0888256937702178,20.3874342092589,9,0,15029.4839103395,-15029.9886623254,1.54493145094338,1.5418159808907,1.54167909290325,0.000136887987447265,-0.0918678729600415,0.00284169407778931,1.54493145094338,0,267.161443506003,60.6481711487664,7.822237564854e-10,1,0.98661119293933,0,-8.13077490002811e-06,0.00027377597489453,0,0,0
148.605,9499.99892086976,1.54493190928938,9500,9500.0041982216,1.67875857621193,1.54493190928938,0,-0.0873297030898178,20.3874088599995,9,0,15029.4805369755,-15029.9767879251,1.54493190928938,1.5418159808907,1.5416770343059,0.000138946584799404,-0.0918977286160793,0.0028380352290843,1.54493190928938,0,267.161443506003,60.6481711487664,7.72689441600767e-10,1,0.986611054566033,0,-6.11924135607289e-06,0.000277893169598808,0,0,0
148.62,9499.99761092421,1.54493264097003,9500,9500.0028305299,1.6787901586228,1.54493264097003,0,-0.0856774980349034,20.387377896199,9,0,15029.4785323136,-15029.9653945426,1.54493264097003,1.5418159808907,1.54167529163627,0.000140689254427562,-0.0917388451662345,0.00283528157047407,1.54493264097003,0,267.161443506003,60.6481711487664,7.61717237393806e-10,1,0.986610918523201,0,-4.12571778052317e-06,0.000281378508855123,0,0,0
148.635,9499.99632576174,1.5449336403309,9500,9500.00147780384,1.67882238676599,1.5449336403309,0,-0.083874838911281,20.3873414666628,9,0,15029.4778796548,-15029.9544982121,1.5449336403309,1.5418159808907,1.54167386366933,0.000142117221362703,-0.0913944141307022,0.00283342499747283,1.5449336403309,0,267.161443506003,60.6481711487664,7.4934972840583e-10,1,0.986610785054186,0,-2.15401110126301e-06,0.000284234442725406,0,0,0
148.65,9499.99506763916,1.54493490126125,9500,9500.00014258773,1.67885518480719,1.54493490126125,0,-0.0819277026318374,20.3872997290033,9,0,15029.4785598131,-15029.9441137118,1.54493490126125,1.5418159808907,1.54167274855166,0.000143232339039567,-0.0908679585104365,0.00283245569247727,1.54493490126125,0,267.161443506003,60.6481711487664,7.35635060651331e-10,1,0.986610654393366,0,-2.07832248966255e-07,0.000286464678079135,0,0,0
148.665,9499.99383872362,1.5449364172096,9500,9499.99882735137,1.67888847689589,1.5449364172096,0,-0.0798422699119035,20.3872528492673,9,0,15029.4805511737,-15029.9342545492,1.5449364172096,1.5418159808907,1.54167194381523,0.000144037075466397,-0.0901633207565592,0.00283236216796523,1.5449364172096,0,267.161443506003,60.6481711487664,7.20620941344242e-10,1,0.986610526765809,0,1.70922026709874e-06,0.000288074150932793,0,0,0
148.68,9499.99264108957,1.54493818119253,9500,9499.99753448613,1.67892218732107,1.54493818119253,0,-0.0776249167660262,20.3872010017094,9,0,15029.4838297221,-15029.9249329417,1.54493818119253,1.5418159808907,1.54167144639832,0.000144534492374282,-0.089284650047933,0.00283313131708543,1.54493818119253,0,267.161443506003,60.6481711487664,7.04357419530876e-10,1,0.986610402386953,0,3.59366164870423e-06,0.000289068984748564,0,0,0
148.695,9499.99147671582,1.54494018582804,9500,9499.99626630124,1.67895624066386,1.54494018582804,0,-0.0752821902906182,20.3871443680427,9,0,15029.4883691878,-15029.9161598229,1.54494018582804,1.5418159808907,1.54167125265444,0.000144728236255443,-0.0882363889762863,0.00283474846482734,1.54494018582804,0,267.161443506003,60.6481711487664,6.8689761784558e-10,1,0.986610281462307,0,5.44212414088641e-06,0.000289456472510885,0,0,0
148.71,9499.99034748296,1.54494242335478,9500,9499.99502502031,1.67899056194801,1.54494242335478,0,-0.0728207939561408,20.3870831369933,9,0,15029.4941411235,-15029.9079448382,1.54494242335478,1.5418159808907,1.541671358369,0.000144622521694338,-0.0870232601991213,0.00283719742069074,1.54494242335478,0,267.161443506003,60.6481711487664,6.68294659193901e-10,1,0.986610164187176,0,7.25136708457086e-06,0.000289245043388675,0,0,0
148.725,9499.98925517105,1.54494488564466,9500,9499.99381277804,1.67902507678691,1.54494488564466,0,-0.0702475775863115,20.3870175040032,9,0,15029.5011149528,-15029.9002963353,1.54494488564466,1.5418159808907,1.54167175878165,0.000144222109043524,-0.0856502526115237,0.0028404605358788,1.54494488564466,0,267.161443506003,60.6481711487664,6.48604008337896e-10,1,0.986610050746425,0,9.01828248900394e-06,0.000288444218087047,0,0,0
148.74,9499.98820145739,1.54494756424765,9500,9499.99263161722,1.67905971152707,1.54494756424765,0,-0.0675695059362272,20.3869476702411,9,0,15029.5092581731,-15029.8932213891,1.54494756424765,1.5418159808907,1.54167244859372,0.000143532296976057,-0.0841226070359991,0.00284451876299885,1.54494756424765,0,267.161443506003,60.6481711487664,6.27883179203103e-10,1,0.98660994131425,0,1.07398900042188e-05,0.000287064593952113,0,0,0
148.755,9499.9871879148,1.54495045038576,9500,9499.99148348592,1.67909439338818,1.54495045038576,0,-0.0647936615786906,20.3868738427109,9,0,15029.518536318,-15029.8867257797,1.54495045038576,1.5418159808907,1.54167342199992,0.000142558890781297,-0.082445801805185,0.00284935171350075,1.54495045038576,0,267.161443506003,60.6481711487664,6.06190417738215e-10,1,0.986609836053993,0,1.24133505663426e-05,0.000285117781562594,0,0,0
148.77,9499.98621600988,1.54495353499233,9500,9499.99037023497,1.6791290505985,1.54495353499233,0,-0.0619272177368436,20.3867962333863,9,0,15029.5289131334,-15029.8808140151,1.54495353499233,1.5418159808907,1.54167467270051,0.000141308190189759,-0.080625537590538,0.0028549377212556,1.54495353499233,0,267.161443506003,60.6481711487664,5.83583677468064e-10,1,0.986609735117967,0,1.40359705718129e-05,0.000282616380379519,0,0,0
148.785,9499.98528710161,1.54495680873764,9500,9499.98929361561,1.67916361252671,1.54495680873764,0,-0.0589774204039959,20.3867150586454,9,0,15029.5403506933,-15029.8754893442,1.54495680873764,1.5418159808907,1.54167619392123,0.000139786969462596,-0.0786677224485029,0.00286125390801292,1.54495680873764,0,267.161443506003,60.6481711487664,5.60123839170702e-10,1,0.986609638647307,0,1.56051924942169e-05,0.000279573938925193,0,0,0
148.8,9499.98440244031,1.54496026203614,9500,9499.98825527743,1.67919800980962,1.54496026203614,0,-0.0559515829085311,20.3866305391003,9,0,15029.5528094271,-15029.8707537545,1.54496026203614,1.5418159808907,1.5416779784403,0.000138002450401631,-0.0765784567141692,0.00286827624463532,1.54496026203614,0,267.161443506003,60.6481711487664,5.35872369286524e-10,1,0.986609546771863,0,1.71186152266856e-05,0.000276004900803262,0,0,0
148.815,9499.98356316656,1.54496388508871,9500,9499.98725676653,1.67923217447466,1.54496388508871,0,-0.0528570575636374,20.3865428986785,9,0,15029.5662483138,-15029.8666080044,1.54496388508871,1.5418159808907,1.54168001860244,0.000135962288261293,-0.0743640173469692,0.00287597962148732,1.54496388508871,0,267.161443506003,60.6481711487664,5.108902954645e-10,1,0.986609459610089,0,1.85739867279988e-05,0.000271924576522586,0,0,0
148.83,9499.9827703107,1.544967667897,9500,9499.98629952393,1.67926604005826,1.544967667897,0,-0.0497012259539646,20.3864523643064,9,0,15029.5806249462,-15029.8630516324,1.544967667897,1.5418159808907,1.5416823063453,0.000133674545394369,-0.0720308425202224,0.00288433791551492,1.544967667897,0,267.161443506003,60.6481711487664,4.85240109093003e-10,1,0.986609377268989,0,1.99692035676158e-05,0.000267349090788738,0,0,0
148.845,9499.98202479231,1.54497160027953,9500,9499.9853848842,1.67929954171898,1.54497160027953,0,-0.0464914881459163,20.3863591655585,9,0,15029.5958956044,-15029.8600829689,1.54497160027953,1.5418159808907,1.54168483322484,0.000131147665857423,-0.0695855159177582,0.00289332405712035,1.54497160027953,0,267.161443506003,60.6481711487664,4.58984740843928e-10,1,0.986609299844067,0,2.13023243955668e-05,0.000262295331714846,0,0,0
148.86,9499.98132741999,1.54497567191324,9500,9499.98451407439,1.67933261634561,1.54497567191324,0,-0.0432333107915396,20.3862635369409,8,0,15029.6120050154,-15029.8576778054,1.54497567191324,1.5418159808907,1.54168759043098,0.000128390459720684,-0.0670347509097055,0.00290291010309836,1.54497567191324,0,267.161443506003,60.6481711487664,9.7984036048861e-10,1,0.986609227419296,0,2.2571557231732e-05,0.000256780919441368,0,0,0
148.875,9499.98067892032,1.54497987233512,9500,9499.98368821307,1.67936520266035,1.54497987233512,0,-0.0399380787518819,20.3861657053484,8,0,15029.6289289034,-15029.8558765598,1.54497987233512,1.5418159808907,1.54169056882041,0.000125412070282716,-0.0643853750097131,0.00291306730385263,1.54497987233512,0,267.161443506003,60.6481711487664,9.13394151516647e-10,1,0.986609160070137,0,2.37752764313814e-05,0.000250824140565431,0,0,0
148.89,9499.98007984914,1.54498419062217,9500,9499.98290831724,1.6793972411263,1.54498419062217,0,-0.0366112862111291,20.3860659153651,8,0,15029.6466074315,-15029.8546506158,1.54498419062217,1.5418159808907,1.54169375911408,0.00012222177661525,-0.0616442036075518,0.00292376617824676,1.54498419062217,0,267.161443506003,60.6481711487664,8.50946449708933e-10,1,0.986609097854314,0,2.49119973441125e-05,0.0002444435532305,0,0,0
148.905,9499.97953067985,1.54498861631842,9500,9499.98217528437,1.67942867447885,1.54498861631842,0,-0.0332601150247683,20.3859643972647,8,0,15029.6649937872,-15029.8539939715,1.54498861631842,1.5418159808907,1.54169715146536,0.000118829425334477,-0.0588183070544382,0.00293497657705161,1.54498861631842,0,267.161443506003,60.6481711487664,7.87693919964032e-10,1,0.986609040820992,0,2.59804120816831e-05,0.000237658850668954,0,0,0
148.92,9499.97903177812,1.54499313889438,9500,9499.98148990205,1.67945944757116,1.54499313889438,0,-0.0298916906824115,20.3858613816517,8,0,15029.684040333,-15029.8538994795,1.54499313889438,1.5418159808907,1.5417007357701,0.000115245120597018,-0.055914812420792,0.00294666776248836,1.54499313889438,0,267.161443506003,60.6481711487664,7.23792573893016e-10,1,0.986608989008149,0,2.69793744525071e-05,0.000230490241194037,0,0,0
148.935,9499.97858340276,1.54499774773116,9500,9499.98085284851,1.67948950744228,1.54499774773116,0,-0.0265131001468572,20.3857570998081,8,0,15029.7036985721,-15029.8543589144,1.54499774773116,1.5418159808907,1.54170450171096,0.000111479179732976,-0.0529408826882205,0.00295880848099199,1.54499774773116,0,267.161443506003,60.6481711487664,6.59378958924433e-10,1,0.986608942442661,0,2.7907894274426e-05,0.000222958359465952,0,0,0
148.95,9499.97818570626,1.5450024321424,9500,9499.98026469328,1.67951880338296,1.5450024321424,0,-0.0231313782371139,20.3856517832268,8,0,15029.7239192528,-15029.8553629994,1.5450024321424,1.5418159808907,1.54170843878155,0.000107542109142766,-0.049903699363967,0.00297136703341548,1.5450024321424,0,267.161443506003,60.6481711487664,5.94591671654162e-10,1,0.986608901140365,0,2.87651444828008e-05,0.000215084218285533,0,0,0
148.965,9499.97783873559,1.54500718139244,9500,9499.97972589781,1.67954728700137,1.54500718139244,0,-0.0197534965503487,20.385545663231,8,0,15029.7446524564,-15029.8569014315,1.54500718139244,1.5418159808907,1.54171253631404,0.000103444576656342,-0.0468104492360923,0.00298431134843274,1.54500718139244,0,267.161443506003,60.6481711487664,5.29566528264345e-10,1,0.98660886510614,0,2.9550448755078e-05,0.000206889153312684,0,0,0
148.98,9499.97754243314,1.54501198475058,9500,9499.97923681613,1.67957491228744,1.54501198475058,0,-0.0163863291774237,20.3854389698188,8,0,15029.7658478559,-15029.8589629454,1.54501198475058,1.5418159808907,1.54171678348594,9.91974047575006e-05,-0.0436683134682736,0.00299760905037253,1.54501198475058,0,267.161443506003,60.6481711487664,4.64440954973981e-10,1,0.986608834334002,0,3.02632956312721e-05,0.000198394809515001,0,0,0
148.995,9499.9772966382,1.54501683151075,9500,9499.9787976956,1.67960163567453,1.54501683151075,0,-0.0130383675033507,20.3853319352994,7,0,15029.7874643815,-15029.861554723,1.54501683151075,1.5418159808907,1.54172116934737,9.48115433241359e-05,-0.0404844578997481,0.0030112275334066,1.54501683151075,0,267.161443506003,60.6481711487664,9.0242712037271e-10,1,0.986608808807262,0,3.09033212055887e-05,0.000189623086648272,0,0,0
149.01,9499.97710106269,1.54502171102739,9500,9499.97840867781,1.67962741609608,1.54502171102739,0,-0.00971249716273711,20.3852247772909,7,0,15029.8094305165,-15029.864621645,1.54502171102739,1.5418159808907,1.54172568283632,9.02980543728837e-05,-0.0372660228353318,0.00302513402794912,1.54502171102739,0,267.161443506003,60.6481711487664,7.65037661547225e-10,1,0.986608788496001,0,3.1470320134952e-05,0.000180596108745767,0,0,0
149.025,9499.97695537523,1.54502661309192,9500,9499.97806979301,1.67965221520715,1.54502661309192,0,-0.00641699507177003,20.3851177152002,7,0,15029.8317082254,-15029.8681727091,1.54502661309192,1.5418159808907,1.54173031262609,8.56682646079854e-05,-0.0340202113113348,0.00303929567200985,1.54502661309192,0,267.161443506003,60.6481711487664,6.17132185646026e-10,1,0.986608773365804,0,3.19642496806605e-05,0.000171336529215971,0,0,0
149.04,9499.97685912031,1.54503152708505,9500,9499.97778097771,1.67967599701988,1.54503152708505,0,-0.00315832071802245,20.3850109719754,7,0,15029.8542461399,-15029.8721932525,1.54503152708505,1.5418159808907,1.5417350475857,8.09333049944794e-05,-0.0307540150272298,0.00305367958436614,1.54503152708505,0,267.161443506003,60.6481711487664,4.70106377418421e-10,1,0.986608763369363,0,3.23852024415316e-05,0.000161866609988959,0,0,0
149.055,9499.9768117455,1.54503644256647,9500,9499.97754206684,1.67969872817424,1.54503644256647,0,5.8931766462678e-05,20.3849047948652,6,0,15029.876985148,-15029.8766502691,1.54503644256647,1.5418159808907,1.54173987651554,7.61043751547064e-05,-0.0274743774822512,0.00306825292546483,1.54503644256647,0,267.161443506003,60.6481711487664,7.46711785670724e-10,1,0.986608758449309,0,3.27334185694639e-05,0.000152208750309413,0,0,0
149.07,9499.97681262947,1.54504134932365,9500,9499.97735279493,1.67972037798297,1.54504134932365,0,0.0032247668853169,20.3847993364208,6,0,15029.8998948202,-15029.8815701282,1.54504134932365,1.5418159808907,1.54174478815613,7.11927345664609e-05,-0.0241881865042698,0.00308298296382109,1.54504134932365,0,267.161443506003,60.6481711487664,4.01701908492083e-10,1,0.986608758541113,0,3.30092853908504e-05,0.000142385469132922,0,0,0
149.085,9499.97686100097,1.54504623707012,9500,9499.9772128043,1.67974091830009,1.54504623707012,0,0.00633559795430463,20.3846948392317,6,0,15029.9229120043,-15029.8869100589,1.54504623707012,1.5418159808907,1.54174977137211,6.6209518587268e-05,-0.0209021664734954,0.00309783714224697,1.54504623707012,0,267.161443506003,60.6481711487664,1.99908520438449e-10,1,0.986608763564678,0,3.32133218876596e-05,0.000132419037174536,0,0,0
149.1,9499.97695603494,1.54505109636093,9500,9499.97712163007,1.67976032396954,1.54505109636093,0,0.0093880086849381,20.3845916276492,5,0,15029.9459827123,-15029.8926354858,1.54505109636093,1.5418159808907,1.54175481472413,6.11661665685936e-05,-0.0176231348356016,0.00311278313709642,1.54505109636093,0,267.161443506003,60.6481711487664,8.80893260059211e-10,1,0.986608773434317,0,3.33462102841686e-05,0.000122332333137187,0,0,0
149.115,9499.97709685507,1.54505591791705,9500,9499.97707871402,1.67977857255441,1.54505591791705,0,0.0123708667017071,20.38448949807,6,0,15029.9690801362,-15029.8987828601,1.54505591791705,1.5418159808907,1.54175990684338,5.60740473165566e-05,-0.0143577776269844,0.0031277889317243,1.54505591791705,0,267.161443506003,60.6481711487664,6.43309969891933e-10,1,0.986608788059024,0,3.34087608000466e-05,0.000112148094633113,0,0,0
149.13,9499.97728241807,1.545060692236,9500,9499.9770834155,1.67979564412981,1.545060692236,0,0.0152849471920114,20.3843890354087,6,0,15029.9921352741,-15029.905278775,1.545060692236,1.5418159808907,1.54176503665509,5.09442356106948e-05,-0.0111125175451313,0.00314282287408432,1.545060692236,0,267.161443506003,60.6481711487664,8.44927296051269e-10,1,0.986608807330448,0,3.34019087124826e-05,0.00010188847122139,0,0,0
149.145,9499.97751169228,1.54506541089981,9500,9499.97713498951,1.67981152190118,1.54506541089981,0,0.0181257553678663,20.3842902560977,7,0,15030.0150997266,-15029.9121003721,1.54506541089981,1.5418159808907,1.54177019275265,4.57881380515612e-05,-0.00789389542740331,0.00315785373300493,1.54506541089981,0,267.161443506003,60.6481711487664,4.99378141854253e-10,1,0.986608831141447,0,3.33267383914038e-05,9.15762761031225e-05,0,0,0
149.16,9499.97778357861,1.54507006510639,9500,9499.97723261674,1.67982619151923,1.54507006510639,0,0.0208851344624333,20.3841933811237,7,0,15030.0379482218,-15029.9192687304,1.54507006510639,1.5418159808907,1.54177536416549,4.0616725204945e-05,-0.00470810077258294,0.00317285076528107,1.54507006510639,0,267.161443506003,60.6481711487664,6.37769622279764e-10,1,0.986608859377878,0,3.31844461436415e-05,8.12334504098899e-05,0,0,0
149.175,9499.97809685563,1.54507464583477,9500,9499.9773754054,1.6798396410905,1.54507464583477,0,0.0235597871942014,20.3840985671803,7,0,15030.0606250788,-15029.9267469053,1.54507464583477,1.5418159808907,1.54178054030168,3.54405890126142e-05,-0.00156102330335516,0.0031877837660457,1.54507464583477,0,267.161443506003,60.6481711487664,7.64050180886787e-10,1,0.986608891912888,0,3.29763297335361e-05,7.08811780252283e-05,0,0,0
149.19,9499.97845025244,1.545079144777,9500,9499.97756237824,1.67985186155975,1.545079144777,0,0.0261455074721069,20.3840059780535,7,0,15030.0830861975,-15029.9345146978,1.545079144777,1.5418159808907,1.54178571050476,3.02703859400566e-05,0.00154149030033665,0.0032026231144258,1.545079144777,0,267.161443506003,60.6481711487664,8.86781719423816e-10,1,0.986608928614492,0,3.27038141507696e-05,6.05407718801132e-05,0,0,0
149.205,9499.97884243505,1.54508355395282,9500,9499.97779248194,1.67986284653725,1.54508355395282,0,0.0286363502191259,20.3839157635728,8,0,15030.1052995353,-15029.942573848,1.54508355395282,1.5418159808907,1.54179086427503,2.51166156655103e-05,0.00459376435293915,0.00321733983079364,1.54508355395282,0,267.161443506003,60.6481711487664,4.43109961873733e-10,1,0.98660896934415,0,3.23684353054077e-05,5.02332313310205e-05,0,0,0
149.22,9499.9792719803,1.54508786568687,9500,9499.97806459041,1.67987259227032,1.54508786568687,0,0.0310324162951448,20.3838280844313,8,0,15030.1272031188,-15029.9508618093,1.54508786568687,1.5418159808907,1.54179599130595,1.99895847443621e-05,0.00759030601739233,0.00323190562668107,1.54508786568687,0,267.161443506003,60.6481711487664,4.89213312317334e-10,1,0.986609013954059,0,3.19718338368524e-05,3.99791694887242e-05,0,0,0
149.235,9499.97973746654,1.54509207303457,9500,9499.97837750059,1.67988109780599,1.54509207303457,0,0.0333287278256548,20.3837430672268,8,0,15030.1487681757,-15029.9593780959,1.54509207303457,1.5418159808907,1.54180108129472,1.48995959816656e-05,0.010525702091177,0.00324629295190766,1.54509207303457,0,267.161443506003,60.6481711487664,5.37753512338859e-10,1,0.986609062296578,0,3.15157620471851e-05,2.97991919633311e-05,0,0,0
149.25,9499.98023739746,1.54509616885367,9500,9499.97872995277,1.67988836453211,1.54509616885367,0,0.0355220285034013,20.3836608480566,8,0,15030.1699551466,-15029.9681016525,1.54509616885367,1.5418159808907,1.54180612443162,9.85645907425337e-06,0.0133949013901108,0.00326047504482889,1.54509616885367,0,267.161443506003,60.6481711487664,5.84446462258326e-10,1,0.986609114216307,0,3.10020581317794e-05,1.97129181485067e-05,0,0,0
149.265,9499.98077022789,1.54510014634178,9500,9499.97912062591,1.67989439633849,1.54510014634178,0,0.0376093193836037,20.3835815551383,8,0,15030.1907258861,-15029.977011375,1.54510014634178,1.5418159808907,1.54181111115065,4.86974004476615e-06,0.0161930657863092,0.00327442597098819,1.54510014634178,0,267.161443506003,60.6481711487664,6.29237280062299e-10,1,0.986609169552775,0,3.04326438504976e-05,9.73948008953229e-06,0,0,0
149.28,9499.98133436768,1.5451039990494,9500,9499.97954814088,1.67989919958064,1.5451039990494,0,0.039587869938267,20.3835053085793,8,0,15030.2110437106,-15029.9860860961,1.5451039990494,1.5418159808907,1.54181603214171,-5.12510101025043e-08,0.0189155708269046,0.00328812066072092,1.5451039990494,0,267.161443506003,60.6481711487664,6.72060546881127e-10,1,0.98660922814084,0,2.98095334634318e-05,-1.02502020205009e-07,0,0,0
149.295,9499.98192818573,1.54510772090785,9500,9499.98001106388,1.67990278303732,1.54510772090785,0,0.0414552324982369,20.3834322198255,8,0,15030.2308735453,-15029.9953046498,1.54510772090785,1.5418159808907,1.54182087835751,-4.89746681120451e-06,0.0215580084154674,0.00330153495077946,1.54510772090785,0,267.161443506003,60.6481711487664,7.12857722612013e-10,1,0.986609289811105,0,2.91348141938652e-05,-9.79493362240902e-06,0,0,0
149.31,9499.98255001422,1.5451113062483,9500,9499.98050790997,1.67990515786098,1.5451113062483,0,0.043209250345915,20.3833623913012,8,0,15030.2501820288,-15030.0046459304,1.5451113062483,1.5418159808907,1.54182564102048,-9.66012977987596e-06,0.024116191582693,0.0033146456171667,1.5451113062483,0,267.161443506003,60.6481711487664,7.51573340820715e-10,1,0.986609354390361,0,2.84106509893522e-05,-1.93202595597519e-05,0,0,0
149.325,9499.98319815297,1.54511474979046,9500,9499.98103714681,1.67990633752141,1.54511474979046,0,0.0448480467315847,20.383295916702,8,0,15030.2689374798,-15030.0140889213,1.54511474979046,1.5418159808907,1.54183031164587,-1.43307551732086e-05,0.0265861605354982,0.00332743041011191,1.54511474979046,0,267.161443506003,60.6481711487664,7.88160423670812e-10,1,0.986609421702038,0,2.76392755109711e-05,-2.86615103464172e-05,0,0,0
149.34,9499.98387087367,1.54511804664451,9500,9499.98159719857,1.67990633774213,1.54511804664451,0,0.046370022291061,20.3832328810039,8,0,15030.2871099231,-15030.0236127357,1.54511804664451,1.5418159808907,1.54183488205584,-1.89011651394733e-05,0.028964189996809,0.00333986808409185,1.54511804664451,0,267.161443506003,60.6481711487664,8.22574481575981e-10,1,0.986609491566644,0,2.68229868831682e-05,-3.78023302789465e-05,0,0,0
149.355,9499.98456642401,1.54512119230932,9500,9499.9821864499,1.67990517643209,1.54512119230932,0,0.0477738502561837,20.3831733605493,8,0,15030.3046710991,-15030.0331966535,1.54512119230932,1.5418159808907,1.54183934439548,-2.33635047837133e-05,0.0312467959411012,0.00335193842818927,1.54512119230932,0,267.161443506003,60.6481711487664,8.54778635423433e-10,1,0.986609563802194,0,2.59641389532828e-05,-4.67270095674266e-05,0,0,0
149.37,9499.98528303176,1.54512418267374,9500,9499.98280324994,1.67990287361319,1.54512418267374,0,0.0490584733467325,20.3831174230669,8,0,15030.3215944856,-15030.0428201605,1.54512418267374,1.5418159808907,1.54184369114453,-2.77102538353002e-05,0.0334307415374683,0.00336362229071825,1.54512418267374,0,267.161443506003,60.6481711487664,8.84740689564925e-10,1,0.986609638224637,0,2.50651363353782e-05,-5.54205076706005e-05,0,0,0
149.385,9499.98601890886,1.54512701399095,9500,9499.98344591639,1.67989945134409,1.54512701399095,0,0.050223083850432,20.3830651282716,8,0,15030.3378551955,-15030.0524629598,1.54512701399095,1.5418159808907,1.54184791514161,-3.19342509103038e-05,0.0355130421536218,0.00337490160206917,1.54512701399095,0,267.161443506003,60.6481711487664,9.12434009895908e-10,1,0.986609714648276,0,2.41284317625823e-05,-6.38685018206075e-05,0,0,0
149.4,9499.98677225512,1.54512968290072,9500,9499.98411273955,1.67989493364135,1.54512968290072,0,0.0512671343871834,20.3830165274269,8,0,15030.3534300961,-15030.0621050293,1.54512968290072,1.5418159808907,1.54185200958387,-3.60286931697651e-05,0.0374909690920669,0.00338575939636233,1.54512968290072,0,267.161443506003,60.6481711487664,9.37836938437741e-10,1,0.986609792886153,0,2.31565158048674e-05,-7.20573863395302e-05,0,0,0
149.415,9499.98754126213,1.54513218641063,9500,9499.98480198625,1.6798893463992,1.54513218641063,0,0.0521903224630197,20.3829716637976,8,0,15030.3682977377,-15030.0717266383,1.54513218641063,1.5418159808907,1.54185596804497,-3.99871542708929e-05,0.0393620514805305,0.00339617982847452,1.54513218641063,0,267.161443506003,60.6481711487664,9.60931183473175e-10,1,0.986609872750459,0,2.21519172280971e-05,-7.99743085417859e-05,0,0,0
149.43,9499.98832411697,1.54513452190909,9500,9499.98551190384,1.67988271730693,1.54513452190909,0,0.052992595416523,20.3829305724102,8,0,15030.3824384292,-15030.0813083951,1.54513452190909,1.5418159808907,1.54185978447712,-4.38035864180897e-05,0.0411240774491629,0.00340614819122717,1.54513452190909,0,267.161443506003,60.6481711487664,9.8170650270503e-10,1,0.986609954052914,0,2.11171889967776e-05,-8.76071728361794e-05,0,0,0
149.445,9499.9891190059,1.54513668716304,9500,9499.98624072403,1.67987507576504,1.54513668716304,0,0.0536761012455168,20.38289328202,9,0,15030.3958236018,-15030.0908095254,1.54513668716304,1.5418159808907,1.54186345321766,-4.74723269645594e-05,0.0427750940012121,0.00341565092627572,1.54513668716304,0,267.161443506003,60.6481711487664,4.41402190037722e-10,1,0.986610036605156,0,2.00549068398725e-05,-9.49446539291188e-05,0,0,0
149.46,9499.98992414742,1.54513868030984,9500,9499.98698666675,1.67986645279925,1.54513868030984,0,0.0542373659511953,20.3828598082564,9,0,15030.4084582861,-15030.1002548007,1.54513868030984,1.5418159808907,1.5418669689983,-5.0988107607175e-05,0.0443134065099438,0.00342467563435366,1.54513868030984,0,267.161443506003,60.6481711487664,4.5059849338549e-10,1,0.986610120222168,0,1.89676675539374e-05,-0.00010197621521435,0,0,0
149.475,9499.99073770791,1.54514049949849,9500,9499.98774795159,1.67985688077994,1.54514049949849,0,0.0546787600280739,20.382830171347,9,0,15030.4203158416,-15030.1096041106,1.54514049949849,1.5418159808907,1.54187032712918,-5.43462384818838e-05,0.045737689619352,0.00343321108475293,1.54514049949849,0,267.161443506003,60.6481711487664,4.56715601528502e-10,1,0.986610204713522,0,1.78580650169735e-05,-0.000108692476963768,0,0,0
149.49,9499.99155788931,1.5451421437959,9500,9499.98852278431,1.67984639376276,1.5451421437959,0,0.0550013035763183,20.382804370422,9,0,15030.4313844581,-15030.1188398484,1.5451421437959,1.5418159808907,1.5418735230451,-5.75421544053434e-05,0.0470467079230062,0.00344124721401057,1.5451421437959,0,267.161443506003,60.6481711487664,4.617986006601e-10,1,0.986610289892482,0,1.67287127856852e-05,-0.000115084308810687,0,0,0
149.505,9499.99238290886,1.54514361264008,9500,9499.98930936971,1.67983502717427,1.54514361264008,0,0.0552062398296887,20.3827823968116,9,0,15030.4416541369,-15030.1279449507,1.54514361264008,1.5418159808907,1.54187655258339,-6.05716926884714e-05,0.0482394846127184,0.00344877513476413,1.54514361264008,0,267.161443506003,60.6481711487664,4.65855980289471e-10,1,0.986610375573904,0,1.55822295662134e-05,-0.000121143385376943,0,0,0
149.52,9499.99321100246,1.54514490578921,9500,9499.9901059158,1.67982281770555,1.54514490578921,0,0.0552950016967328,20.3827642351831,9,0,15030.4511164496,-15030.1369028472,1.54514490578921,1.5418159808907,1.54187941201047,-6.34311197771353e-05,0.0493153065083444,0.00345578713806892,1.54514490578921,0,267.161443506003,60.6481711487664,4.68895644552639e-10,1,0.986610461574577,0,1.44212270574151e-05,-0.000126862239554271,0,0,0
149.535,9499.99404042749,1.54514602334105,9500,9499.99091063782,1.67980980320822,1.54514602334105,0,0.0552692220068111,20.3827498631558,9,0,15030.4597646426,-15030.1456975057,1.54514602334105,1.5418159808907,1.54188209801064,-6.61171199460853e-05,0.0502737247293009,0.00346227669024476,1.54514602334105,0,267.161443506003,60.6481711487664,4.70928717279463e-10,1,0.986610547713523,0,1.32483064887445e-05,-0.000132234239892171,0,0,0
149.55,9499.99486946582,1.54514696569133,9500,9499.99172176193,1.67979602259506,1.54514696569133,0,0.0551307039004974,20.3827392522313,9,0,15030.4675934542,-15030.1543134186,1.54514696569133,1.5418159808907,1.54188460770446,-6.86268137639612e-05,0.0511145507647707,0.00346823842816469,1.54514696569133,0,267.161443506003,60.6481711487664,4.71966615000815e-10,1,0.98661063381231,0,1.20660507467729e-05,-0.000137253627527922,0,0,0
149.565,9499.99569642637,1.54514773356444,9500,9499.99253752874,1.67978151574254,1.54514773356444,0,0.0548814381892263,20.3827323671632,9,0,15030.4745992685,-15030.1627356573,1.54514773356444,1.5418159808907,1.54188693862932,-7.09577386275306e-05,0.0518378507576049,0.00347366815100074,1.54514773356444,0,267.161443506003,60.6481711487664,4.7202236408058e-10,1,0.986610719695312,0,1.08770289717341e-05,-0.000141915477255061,0,0,0
149.58,9499.99651964795,1.54514832800803,9500,9499.99335619655,1.67976632339708,1.54514832800803,0,0.0545235975154759,20.382729166106,9,0,15030.4807801021,-15030.1709498926,1.54514832800803,1.5418159808907,1.54188908873905,-7.31078483524605e-05,0.0524439372972718,0.00347856281403802,1.54514832800803,0,267.161443506003,60.6481711487664,4.71111186100779e-10,1,0.986610805190007,0,9.68377517662766e-06,-0.000146215696704921,0,0,0
149.595,9499.99733750191,1.54514875039499,9500,9499.99417604452,1.67975048708171,1.54514875039499,0,0.0540595351791301,20.3827296006041,9,0,15030.486135625,-15030.1789424222,1.54514875039499,1.5418159808907,1.54189105639498,-7.5075504286426e-05,0.0529333614187615,0.0034829205128675,1.54514875039499,0,267.161443506003,60.6481711487664,4.69250058804172e-10,1,0.986610890127254,0,8.48880006376618e-06,-0.000150151008572852,0,0,0
149.61,9499.99814839494,1.54514900242979,9500,9499.99499537572,1.67973404900326,1.54514900242979,0,0.0534917865068189,20.3827336154871,9,0,15030.4906672,-15030.1867002019,1.54514900242979,1.5418159808907,1.5418928403576,-7.68594669016132e-05,0.0533069046545959,0.0034867404728962,1.54514900242979,0,267.161443506003,60.6481711487664,4.66455959899222e-10,1,0.986610974341582,0,7.29457582804294e-06,-0.000153718933803226,0,0,0
149.625,9499.99895077173,1.54514908614759,9500,9499.99581252007,1.67971705195935,1.54514908614759,0,0.0528230661433458,20.3827411489209,9,0,15030.4943778913,-15030.1942108703,1.54514908614759,1.5418159808907,1.54189443977826,-7.84588875637482e-05,0.053565571664674,0.00349002303201882,1.54514908614759,0,267.161443506003,60.6481711487664,4.62749818468921e-10,1,0.986611057671467,0,6.10353819086029e-06,-0.000156917775127496,0,0,0
149.64,9499.99974311773,1.54514900391014,9500,9499.99662583722,1.67969953924471,1.54514900391014,0,0.052056262910147,20.3827521325267,9,0,15030.4972724563,-15030.2014627693,1.54514900391014,1.5418159808907,1.54189585419308,-7.98733023803511e-05,0.053710583584376,0.00349276962420471,1.54514900391014,0,267.161443506003,60.6481711487664,4.58151246406043e-10,1,0.986611139959615,0,4.91807765401475e-06,-0.000159746604760702,0,0,0
149.655,9500.00052396167,1.54514875839086,9500,9499.99743371943,1.67968155455668,1.54514875839086,0,0.0511944275761842,20.3827664917325,9,0,15030.4993572854,-15030.2084449533,1.54514875839086,1.5418159808907,1.54189708352019,-8.1102629494012e-05,0.0537433720393436,0.00349498275914901,1.54514875839086,0,267.161443506003,60.6481711487664,4.52684538703189e-10,1,0.986611221053231,0,3.74053502083527e-06,-0.000162205258988024,0,0,0
149.67,9500.00129187808,1.54514835257308,9500,9499.99823459433,1.67966314190004,1.54514835257308,0,0.0502407699913034,20.3827841458386,9,0,15030.5006404062,-15030.2151472102,1.54514835257308,1.5418159808907,1.54189812804946,-8.2147158765089e-05,0.0536655737062921,0.00349666599990839,1.54514835257308,0,267.161443506003,60.6481711487664,4.46373112194279e-10,1,0.986611300804274,0,2.57320456387156e-06,-0.000164294317530178,0,0,0
149.685,9500.00204548963,1.54514778972331,9500,9499.99902692763,1.67964434549219,1.54514778972331,0,0.0491966886487341,20.3828050061642,8,0,15030.5011419615,-15030.221581736,1.54514778972331,1.5418159808907,1.54189898844537,-8.30075546727205e-05,0.053479024548002,0.00349782394196213,1.54514778972331,0,267.161443506003,60.6481711487664,9.95530028453945e-10,1,0.986611379069703,0,1.41832230671213e-06,-0.000166015109345441,0,0,0
149.7,9500.00278343996,1.54514707340034,9500,9499.99980922571,1.67962520966827,1.54514707340034,0,0.0480696447916851,20.3828289853744,8,0,15030.5008515342,-15030.2276957151,1.54514707340034,1.5418159808907,1.54189966572938,-8.36848386787103e-05,0.0531857543042167,0.00349846218700015,1.54514707340034,0,267.161443506003,60.6481711487664,9.72877023990482e-10,1,0.986611455708654,0,2.78067401771054e-07,-0.000167369677357421,0,0,0
149.715,9500.00350448464,1.54514620777543,9500,9500.00058003051,1.67960577898026,1.54514620777543,0,0.0468614568759203,20.3828559768731,8,0,15030.499794283,-15030.2335039732,1.54514620777543,1.5418159808907,1.54190016110699,-8.41802162969696e-05,0.0527878683335435,0.00349858731733095,1.54514620777543,0,267.161443506003,60.6481711487664,9.53302624520339e-10,1,0.986611530591888,0,-8.45438701935208e-07,-0.000168360432593939,0,0,0
149.73,9500.00420740649,1.54514519673135,9500,9500.00133793935,1.67958609766781,1.54514519673135,0,0.045575733816469,20.3828858830628,8,0,15030.49798326,-15030.2389990545,1.54514519673135,1.5418159808907,1.54190047640533,-8.44955146290793e-05,0.0522878227042134,0.00349820686991508,1.54514519673135,0,267.161443506003,60.6481711487664,9.3206426124718e-10,1,0.986611603592998,0,-1.9501480719164e-06,-0.000168991029258159,0,0,0
149.745,9500.0048910425,1.54514404438751,9500,9500.00208159763,1.67956620980173,1.54514404438751,0,0.0442161822008391,20.3829186018834,8,0,15030.4954328822,-15030.2441743136,1.54514404438751,1.5418159808907,1.54190061379393,-8.46329032340165e-05,0.0516882391607018,0.00349732930328271,1.54514404438751,0,267.161443506003,60.6481711487664,9.09244329869114e-10,1,0.9866116745912,0,-3.03408842383668e-06,-0.000169265806468033,0,0,0
149.76,9500.00555428523,1.54514275514179,9500,9500.00280970039,1.67954615920785,1.54514275514179,0,0.042786638025292,20.3829540259367,8,0,15030.4921590953,-15030.2490238981,1.54514275514179,1.5418159808907,1.5419005757469,-8.45948561982723e-05,0.050991891759449,0.00349596396349199,1.54514275514179,0,267.161443506003,60.6481711487664,8.84910298334366e-10,1,0.986611743471483,0,-4.09535660716998e-06,-0.000169189712396545,0,0,0
149.775,9500.0061960848,1.54514133364471,9500,9500.00352099385,1.67952598939088,1.54514133364471,0,0.0412910486982923,20.3829920430648,8,0,15030.4881792632,-15030.253542741,1.54514133364471,1.5418159808907,1.5419003650402,-8.43841495010711e-05,0.0502016957901502,0.00349412105301876,1.54514133364471,0,267.161443506003,60.6481711487664,8.59133878484962e-10,1,0.986611810124812,0,-5.13212481001446e-06,-0.000168768299002142,0,0,0
149.79,9500.00681545053,1.5451397847923,9500,9500.00421427711,1.67950574345401,1.5451397847923,0,0.0397334666477438,20.3830325365221,8,0,15030.4835121401,-15030.2577265684,1.5451397847923,1.5418159808907,1.54189998473832,-8.40038476250804e-05,0.0493207008912037,0.00349181159685426,1.5451397847923,0,267.161443506003,60.6481711487664,8.31987806389678e-10,1,0.986611874448301,0,-6.14264315679236e-06,-0.000168007695250161,0,0,0
149.805,9500.00741145253,1.54513811370388,9500,9500.00488840372,1.67948546401747,1.54513811370388,0,0.0381180337041389,20.383075385471,8,0,15030.4781777744,-15030.2615718928,1.54513811370388,1.5418159808907,1.54189943818782,-8.34572971273317e-05,0.0483520856343685,0.0034890474074337,1.54513811370388,0,267.161443506003,60.6481711487664,8.03547159477704e-10,1,0.986611936345377,0,-7.12524123791525e-06,-0.000166914594254663,0,0,0
149.82,9500.00798322303,1.5451363256867,9500,9500.00554228335,1.67946519313624,1.5451363256867,0,0.0364489570650149,20.3831204657574,8,0,15030.4721973488,-15030.2650759895,1.5451363256867,1.5418159808907,1.54189872901713,-8.27481264349395e-05,0.0472991530658757,0.00348584104887664,1.5451363256867,0,267.161443506003,60.6481711487664,7.73890527323533e-10,1,0.986611995725921,0,-8.07832891180915e-06,-0.000165496252869879,0,0,0
149.835,9500.00852995739,1.54513442623323,9500,9500.00617488338,1.67944497221831,1.54513442623323,0,0.0347305065730638,20.3831676499814,8,0,15030.4655931716,-15030.2682369034,1.54513442623323,1.5418159808907,1.54189786111987,-8.18802291682186e-05,0.0461653261877096,0.00348220580086632,1.54513442623323,0,267.161443506003,60.6481711487664,7.43096499292078e-10,1,0.986612052506366,0,-9.00040079643283e-06,-0.000163760458336437,0,0,0
149.85,9500.00905091499,1.54513242096421,9500,9500.00678523025,1.67942484194574,1.54513242096421,0,0.0329669771805711,20.3832168087299,8,0,15030.4583884145,-15030.2710534002,1.54513242096421,1.5418159808907,1.54189683866419,-8.08577734963123e-05,0.0449541421315673,0.00347815562050793,1.54513242096421,0,267.161443506003,60.6481711487664,7.11246591505862e-10,1,0.986612106609796,0,-9.8900373994848e-06,-0.000161715546992625,0,0,0
149.865,9500.00954541965,1.54513031562535,9500,9500.00737241077,1.67940484219779,1.54513031562535,0,0.0311626864452301,20.3832678106542,8,0,15030.4506070995,-15030.2735249672,1.54513031562535,1.5418159808907,1.54189566607521,-7.96851845150659e-05,0.0436692458511537,0.00347370510367816,1.54513031562535,0,267.161443506003,60.6481711487664,6.78423051628015e-10,1,0.986612157965987,0,-1.07459076310601e-05,-0.000159370369030132,0,0,0
149.88,9500.01001285994,1.54512811607539,9500,9500.00793557319,1.67938501197875,1.54512811607539,0,0.0293219666835034,20.3833205227283,8,0,15030.4422740447,-15030.2756518041,1.54512811607539,1.5418159808907,1.54189434802097,-7.83671302775346e-05,0.0423143818567445,0.00346886944524418,1.54512811607539,0,267.161443506003,60.6481711487664,6.44708127129694e-10,1,0.986612206511441,0,-1.15667692892618e-05,-0.000156734260555069,0,0,0
149.895,9500.01045268944,1.54512582825606,9500,9500.00847392802,1.6793653893501,1.54512582825606,0,0.0274491449985165,20.383374810899,8,0,15030.4334147232,-15030.2774347951,1.54512582825606,1.5418159808907,1.54189288940755,-7.69085168510486e-05,0.0408933848542482,0.00346366439906401,1.54512582825606,0,267.161443506003,60.6481711487664,6.10184504343353e-10,1,0.986612252189409,0,-1.23514729803986e-05,-0.000153817033702097,0,0,0
149.91,9500.01086442662,1.54512345820353,9500,9500.00898674877,1.67934601136593,1.54512345820353,0,0.0255485511805447,20.3834305398374,8,0,15030.4240553184,-15030.2788755196,1.54512345820353,1.5418159808907,1.54189129535239,-7.53144616931767e-05,0.0394101701748656,0.00345810623622284,1.54512345820353,0,267.161443506003,60.6481711487664,5.74936332908575e-10,1,0.986612294949883,0,-1.30989604456566e-05,-0.000150628923386353,0,0,0
149.925,9500.01124765489,1.54512101200403,9500,9500.00947337246,1.67932691401305,1.54512101200403,0,0.0236244887551605,20.3834875738941,8,0,15030.4142225162,-15030.2799762085,1.54512101200403,1.5418159808907,1.54188957118604,-7.35902953452605e-05,0.0378687232637731,0.00345221170402229,1.54512101200403,0,267.161443506003,60.6481711487664,5.39046737866689e-10,1,0.986612334749597,0,-1.38082615372959e-05,-0.000147180590690521,0,0,0
149.94,9500.01160202222,1.54511849581706,9500,9500.00993319993,1.67930813215381,1.54511849581706,0,0.021681250333743,20.3835457765945,8,0,15030.4039436108,-15030.2807397632,1.54511849581706,1.5418159808907,1.54188772242068,-7.17415299842372e-05,0.0362730897503442,0.00344599798633051,1.54511849581706,0,267.161443506003,60.6481711487664,5.02597819673942e-10,1,0.986612371551994,0,-1.44785069136066e-05,-0.000143483059968474,0,0,0
149.955,9500.01192724097,1.54511591584553,9500,9500.01036569609,1.6792896994736,1.54511591584553,0,0.0197230986227808,20.3836050112798,8,0,15030.3932463661,-15030.2811697246,1.54511591584553,1.5418159808907,1.54188575474239,-6.97738516926005e-05,0.0346273647910223,0.00343948265821938,1.54511591584553,0,267.161443506003,60.6481711487664,4.65674020216288e-10,1,0.986612405327199,0,-1.51089128592741e-05,-0.000139547703385201,0,0,0
149.97,9500.01222308745,1.54511327833531,9500,9500.01077038996,1.67927164843063,1.54511327833531,0,0.0177561388281765,20.3836651395567,7,0,15030.3821487177,-15030.2812493354,1.54511327833531,1.5418159808907,1.54188367399211,-6.76931014114146e-05,0.0329356834015203,0.00343268364743271,1.54511327833531,0,267.161443506003,60.6481711487664,9.69198293921134e-10,1,0.986612436051983,0,-1.569879665686e-05,-0.000135386202822829,0,0,0
149.985,9500.01248942953,1.54511058955651,9500,9500.01114687468,1.67925401020899,1.54511058955651,0,0.0157806395114665,20.3837260280807,7,0,15030.370700804,-15030.2810272078,1.54511058955651,1.5418159808907,1.54188148615226,-6.55052615623486e-05,0.0312022109425592,0.00342561918893712,1.54511058955651,0,267.161443506003,60.6481711487664,8.94342846036052e-10,1,0.986612463712622,0,-1.62475622738079e-05,-0.000131010523124697,0,0,0
150,9500.01272613913,1.5451078554312,9500,9500.01149481455,1.67923681448969,1.5451078554312,0,0.0138025471583873,20.3837875466759,7,0,15030.3589187024,-15030.2804856282,1.5451078554312,1.5418159808907,1.5418791975134,-6.32166227052533e-05,0.0294312414769309,0.00341830778591391,1.5451078554312,0,267.161443506003,60.6481711487664,8.07735404259531e-10,1,0.986612488295814,0,-1.67547197338358e-05,-0.000126433245410507,0,0,0
